{"scene_id": "0324_840503", "object_label": "door", "preset": "right", "distance": 2.4960000026226834, "init_camera": {"intrinsics": [[320.0, 0.0, 320.0], [0.0, 320.0, 240.0], [0.0, 0.0, 1.0]], "extrinsics": [[0.0, 0.2305185914393863, -0.9730679210624514, 0.7465011955384042], [1.0, -0.0, 0.0, -4.2469155], [-0.0, -0.9730679210624514, -0.2305185914393863, 1.6], [0.0, 0.0, 0.0, 1.0]]}, "target_region": {"type": "circle", "params": {"center": [-0.7393655455137894, -4.2469155], "radius": 2.4960000026226834, "object_center": [-0.7393655455137894, -4.2469155, 1.248], "sample_distance": 2.4960000026226834, "min_distance": 2.4960000026226834, "requested_distance": 1.0}, "sample_point": [-1.7232747870510607, -1.9530239119972044, 1.5], "sample_forward": [0.39220057946524906, -0.9143786561446549, -0.10045087682154759], "height": 1.5}, "sample_target": [-1.7232747870510607, -1.9530239119972044, 1.5], "camera_params": {"forward": [0.39220057946524906, -0.9143786561446549, -0.10045087682154759]}, "task_type": "absolute_positioning", "task_description": "Move to any position 2.5m from door", "target_object": {"label": "door", "id": "75", "bbox_min": [-0.910600635395502, -4.6439156091036295, -1.311341748078121e-09], "bbox_max": [-0.5681304556320768, -3.849915390896371, 2.4960000013113417], "center": [-0.7393655455137893, -4.2469155, 1.248]}}
{"scene_id": "0324_840503", "object_label": "door", "preset": "front", "distance": 2.4960000026226834, "init_camera": {"intrinsics": [[320.0, 0.0, 320.0], [0.0, 320.0, 240.0], [0.0, 0.0, 1.0]], "extrinsics": [[0.0, 0.2305185914393863, -0.9730679210624514, 0.7465011955384042], [1.0, -0.0, 0.0, -4.2469155], [-0.0, -0.9730679210624514, -0.2305185914393863, 1.6], [0.0, 0.0, 0.0, 1.0]]}, "target_region": {"type": "circle", "params": {"center": [-0.7393655455137894, -4.2469155], "radius": 2.4960000026226834, "object_center": [-0.7393655455137894, -4.2469155, 1.248], "sample_distance": 2.4960000026226834, "min_distance": 2.4960000026226834, "requested_distance": 1.2}, "sample_point": [1.3517966994524762, -5.609654095006425, 1.5], "sample_forward": [-0.8335677820753067, 0.543207487091108, -0.10045087682154759], "height": 1.5}, "sample_target": [1.3517966994524762, -5.609654095006425, 1.5], "camera_params": {"forward": [-0.8335677820753067, 0.543207487091108, -0.10045087682154759]}, "task_type": "absolute_positioning", "task_description": "Move to any position 2.5m from door", "target_object": {"label": "door", "id": "75", "bbox_min": [-0.910600635395502, -4.6439156091036295, -1.311341748078121e-09], "bbox_max": [-0.5681304556320768, -3.849915390896371, 2.4960000013113417], "center": [-0.7393655455137893, -4.2469155, 1.248]}}
{"scene_id": "0324_840503", "object_label": "door", "preset": "occupancy_20", "distance": 7.87956189859394, "init_camera": {"intrinsics": [[320.0, 0.0, 320.0], [0.0, 320.0, 240.0], [0.0, 0.0, 1.0]], "extrinsics": [[0.0, 0.2305185914393863, -0.9730679210624514, 0.7465011955384042], [1.0, -0.0, 0.0, -4.2469155], [-0.0, -0.9730679210624514, -0.2305185914393863, 1.6], [0.0, 0.0, 0.0, 1.0]]}, "target_region": {"type": "circle", "params": {"center": [-0.7393655455137894, -4.2469155], "radius": 7.87956189859394, "object_center": [-0.7393655455137894, -4.2469155, 1.248], "object_height": 2.4960000026226834, "occupancy_ratio": 0.2, "fov_vertical": 90.0, "sample_distance": 7.87956189859394, "min_distance": 2.4960000026226834}, "sample_point": [1.308565604877331, 3.3618605984951477, 1.5], "sample_forward": [-0.25977137466235195, -0.9651409551667033, -0.03196513046955239], "height": 1.5}, "sample_target": [1.308565604877331, 3.3618605984951477, 1.5], "camera_params": {"forward": [-0.25977137466235195, -0.9651409551667033, -0.03196513046955239]}, "task_type": "screen_occupancy", "task_description": "Position where door occupies 20% of vertical FOV", "target_object": {"label": "door", "id": "75", "bbox_min": [-0.910600635395502, -4.6439156091036295, -1.311341748078121e-09], "bbox_max": [-0.5681304556320768, -3.849915390896371, 2.4960000013113417], "center": [-0.7393655455137893, -4.2469155, 1.248]}}
{"scene_id": "0324_840503", "object_label": "door", "preset": "occupancy_30", "distance": 5.198294118534972, "init_camera": {"intrinsics": [[320.0, 0.0, 320.0], [0.0, 320.0, 240.0], [0.0, 0.0, 1.0]], "extrinsics": [[0.0, 0.2305185914393863, -0.9730679210624514, 0.7465011955384042], [1.0, -0.0, 0.0, -4.2469155], [-0.0, -0.9730679210624514, -0.2305185914393863, 1.6], [0.0, 0.0, 0.0, 1.0]]}, "target_region": {"type": "circle", "params": {"center": [-0.7393655455137894, -4.2469155], "radius": 5.198294118534972, "object_center": [-0.7393655455137894, -4.2469155, 1.248], "object_height": 2.4960000026226834, "occupancy_ratio": 0.3, "fov_vertical": 90.0, "sample_distance": 5.198294118534972, "min_distance": 2.4960000026226834}, "sample_point": [-1.0807705904436196, -9.43398638230841, 1.5], "sample_forward": [0.06559932571467966, 0.9966705453448014, -0.048420579383930726], "height": 1.5}, "sample_target": [-1.0807705904436196, -9.43398638230841, 1.5], "camera_params": {"forward": [0.06559932571467966, 0.9966705453448014, -0.048420579383930726]}, "task_type": "screen_occupancy", "task_description": "Position where door occupies 30% of vertical FOV", "target_object": {"label": "door", "id": "75", "bbox_min": [-0.910600635395502, -4.6439156091036295, -1.311341748078121e-09], "bbox_max": [-0.5681304556320768, -3.849915390896371, 2.4960000013113417], "center": [-0.7393655455137893, -4.2469155, 1.248]}}
{"scene_id": "0324_840503", "object_label": "door", "preset": "occupancy_50", "distance": 3.0129385290074815, "init_camera": {"intrinsics": [[320.0, 0.0, 320.0], [0.0, 320.0, 240.0], [0.0, 0.0, 1.0]], "extrinsics": [[0.0, 0.2305185914393863, -0.9730679210624514, 0.7465011955384042], [1.0, -0.0, 0.0, -4.2469155], [-0.0, -0.9730679210624514, -0.2305185914393863, 1.6], [0.0, 0.0, 0.0, 1.0]]}, "target_region": {"type": "circle", "params": {"center": [-0.7393655455137894, -4.2469155], "radius": 3.0129385290074815, "object_center": [-0.7393655455137894, -4.2469155, 1.248], "object_height": 2.4960000026226834, "occupancy_ratio": 0.5, "fov_vertical": 90.0, "sample_distance": 3.0129385290074815, "min_distance": 2.4960000026226834}, "sample_point": [-1.543052349468811, -7.150686513824322, 1.5], "sample_forward": [0.2658170263490192, 0.9604136490667774, -0.0833482524663945], "height": 1.5}, "sample_target": [-1.543052349468811, -7.150686513824322, 1.5], "camera_params": {"forward": [0.2658170263490192, 0.9604136490667774, -0.0833482524663945]}, "task_type": "screen_occupancy", "task_description": "Position where door occupies 50% of vertical FOV", "target_object": {"label": "door", "id": "75", "bbox_min": [-0.910600635395502, -4.6439156091036295, -1.311341748078121e-09], "bbox_max": [-0.5681304556320768, -3.849915390896371, 2.4960000013113417], "center": [-0.7393655455137893, -4.2469155, 1.248]}}
{"scene_id": "0324_840503", "object_label": "door", "preset": "occupancy_20", "distance": 7.87956189859394, "init_camera": {"intrinsics": [[320.0, 0.0, 320.0], [0.0, 320.0, 240.0], [0.0, 0.0, 1.0]], "extrinsics": [[0.0, 0.1862045173768011, -0.9825110064057667, 1.1179678808014526], [1.0, -0.0, 0.0, -4.2469155], [-0.0, -0.9825110064057667, -0.1862045173768011, 1.6], [0.0, 0.0, 0.0, 1.0]]}, "target_region": {"type": "circle", "params": {"center": [-0.7393655455137894, -4.2469155], "radius": 7.87956189859394, "object_center": [-0.7393655455137894, -4.2469155, 1.248], "object_height": 2.4960000026226834, "occupancy_ratio": 0.2, "fov_vertical": 90.0, "sample_distance": 7.87956189859394, "min_distance": 2.4960000026226834}, "sample_point": [4.8835388634531665, -9.76691927911042, 1.5], "sample_forward": [-0.7132415597240084, 0.7001890515543128, -0.03196513046955239], "height": 1.5}, "sample_target": [4.8835388634531665, -9.76691927911042, 1.5], "camera_params": {"forward": [-0.7132415597240084, 0.7001890515543128, -0.03196513046955239]}, "task_type": "screen_occupancy", "task_description": "Position where door occupies 20% of vertical FOV", "target_object": {"label": "door", "id": "75", "bbox_min": [-0.910600635395502, -4.6439156091036295, -1.311341748078121e-09], "bbox_max": [-0.5681304556320768, -3.849915390896371, 2.4960000013113417], "center": [-0.7393655455137893, -4.2469155, 1.248]}}
{"scene_id": "0324_840503", "object_label": "door", "preset": "occupancy_30", "distance": 5.198294118534972, "init_camera": {"intrinsics": [[320.0, 0.0, 320.0], [0.0, 320.0, 240.0], [0.0, 0.0, 1.0]], "extrinsics": [[0.0, 0.1862045173768011, -0.9825110064057667, 1.1179678808014526], [1.0, -0.0, 0.0, -4.2469155], [-0.0, -0.9825110064057667, -0.1862045173768011, 1.6], [0.0, 0.0, 0.0, 1.0]]}, "target_region": {"type": "circle", "params": {"center": [-0.7393655455137894, -4.2469155], "radius": 5.198294118534972, "object_center": [-0.7393655455137894, -4.2469155, 1.248], "object_height": 2.4960000026226834, "occupancy_ratio": 0.3, "fov_vertical": 90.0, "sample_distance": 5.198294118534972, "min_distance": 2.4960000026226834}, "sample_point": [-1.5976483196627416, -9.373865121597081, 1.5], "sample_forward": [0.1649148777759509, 0.9851185363093456, -0.04842057938393073], "height": 1.5}, "sample_target": [-1.5976483196627416, -9.373865121597081, 1.5], "camera_params": {"forward": [0.1649148777759509, 0.9851185363093456, -0.04842057938393073]}, "task_type": "screen_occupancy", "task_description": "Position where door occupies 30% of vertical FOV", "target_object": {"label": "door", "id": "75", "bbox_min": [-0.910600635395502, -4.6439156091036295, -1.311341748078121e-09], "bbox_max": [-0.5681304556320768, -3.849915390896371, 2.4960000013113417], "center": [-0.7393655455137893, -4.2469155, 1.248]}}
{"scene_id": "0324_840503", "object_label": "door", "preset": "occupancy_50", "distance": 3.0129385290074815, "init_camera": {"intrinsics": [[320.0, 0.0, 320.0], [0.0, 320.0, 240.0], [0.0, 0.0, 1.0]], "extrinsics": [[0.0, 0.1862045173768011, -0.9825110064057667, 1.1179678808014526], [1.0, -0.0, 0.0, -4.2469155], [-0.0, -0.9825110064057667, -0.1862045173768011, 1.6], [0.0, 0.0, 0.0, 1.0]]}, "target_region": {"type": "circle", "params": {"center": [-0.7393655455137894, -4.2469155], "radius": 3.0129385290074815, "object_center": [-0.7393655455137894, -4.2469155, 1.248], "object_height": 2.4960000026226834, "occupancy_ratio": 0.5, "fov_vertical": 90.0, "sample_distance": 3.0129385290074815, "min_distance": 2.4960000026226834}, "sample_point": [0.017526367425844125, -1.3305970654485968, 1.5], "sample_forward": [-0.25033975495819394, -0.9645636712515507, -0.08334825246639452], "height": 1.5}, "sample_target": [0.017526367425844125, -1.3305970654485968, 1.5], "camera_params": {"forward": [-0.25033975495819394, -0.9645636712515507, -0.08334825246639452]}, "task_type": "screen_occupancy", "task_description": "Position where door occupies 50% of vertical FOV", "target_object": {"label": "door", "id": "75", "bbox_min": [-0.910600635395502, -4.6439156091036295, -1.311341748078121e-09], "bbox_max": [-0.5681304556320768, -3.849915390896371, 2.4960000013113417], "center": [-0.7393655455137893, -4.2469155, 1.248]}}
{"scene_id": "0324_840503", "object_label": "door", "preset": "occupancy_20", "distance": 7.87956189859394, "init_camera": {"intrinsics": [[320.0, 0.0, 320.0], [0.0, 320.0, 240.0], [0.0, 0.0, 1.0]], "extrinsics": [[0.0, 0.14425895371079556, -0.9895399710341499, 1.6751679086960254], [1.0, -0.0, 0.0, -4.2469155], [-0.0, -0.9895399710341501, -0.14425895371079553, 1.6], [0.0, 0.0, 0.0, 1.0]]}, "target_region": {"type": "circle", "params": {"center": [-0.7393655455137894, -4.2469155], "radius": 7.87956189859394, "object_center": [-0.7393655455137894, -4.2469155, 1.248], "object_height": 2.4960000026226834, "occupancy_ratio": 0.2, "fov_vertical": 90.0, "sample_distance": 7.87956189859394, "min_distance": 2.4960000026226834}, "sample_point": [3.758786732289909, 2.2225606611325794, 1.5], "sample_forward": [-0.5705715255234505, -0.8206255934931027, -0.0319651304695524], "height": 1.5}, "sample_target": [3.758786732289909, 2.2225606611325794, 1.5], "camera_params": {"forward": [-0.5705715255234505, -0.8206255934931027, -0.0319651304695524]}, "task_type": "screen_occupancy", "task_description": "Position where door occupies 20% of vertical FOV", "target_object": {"label": "door", "id": "75", "bbox_min": [-0.910600635395502, -4.6439156091036295, -1.311341748078121e-09], "bbox_max": [-0.5681304556320768, -3.849915390896371, 2.4960000013113417], "center": [-0.7393655455137893, -4.2469155, 1.248]}}
{"scene_id": "0324_840503", "object_label": "door", "preset": "occupancy_30", "distance": 5.198294118534972, "init_camera": {"intrinsics": [[320.0, 0.0, 320.0], [0.0, 320.0, 240.0], [0.0, 0.0, 1.0]], "extrinsics": [[0.0, 0.14425895371079556, -0.9895399710341499, 1.6751679086960254], [1.0, -0.0, 0.0, -4.2469155], [-0.0, -0.9895399710341501, -0.14425895371079553, 1.6], [0.0, 0.0, 0.0, 1.0]]}, "target_region": {"type": "circle", "params": {"center": [-0.7393655455137894, -4.2469155], "radius": 5.198294118534972, "object_center": [-0.7393655455137894, -4.2469155, 1.248], "object_height": 2.4960000026226834, "occupancy_ratio": 0.3, "fov_vertical": 90.0, "sample_distance": 5.198294118534972, "min_distance": 2.4960000026226834}, "sample_point": [2.277348864025281, -0.013513096013979542, 1.5], "sample_forward": [-0.5796470616894218, -0.8134277665330488, -0.04842057938393073], "height": 1.5}, "sample_target": [2.277348864025281, -0.013513096013979542, 1.5], "camera_params": {"forward": [-0.5796470616894218, -0.8134277665330488, -0.04842057938393073]}, "task_type": "screen_occupancy", "task_description": "Position where door occupies 30% of vertical FOV", "target_object": {"label": "door", "id": "75", "bbox_min": [-0.910600635395502, -4.6439156091036295, -1.311341748078121e-09], "bbox_max": [-0.5681304556320768, -3.849915390896371, 2.4960000013113417], "center": [-0.7393655455137893, -4.2469155, 1.248]}}
{"scene_id": "0324_840503", "object_label": "wardrobe", "preset": "occupancy_20", "distance": 7.576501820093899, "init_camera": {"intrinsics": [[320.0, 0.0, 320.0], [0.0, 320.0, 240.0], [0.0, 0.0, 1.0]], "extrinsics": [[-0.9396926207859083, -0.04787044025462608, 0.33865350934301447, 0.06852596921260068], [-0.34202014332566866, 0.13152295365893674, -0.9304428699389974, -4.33834377826003], [0.0, -0.9901566207477772, -0.1399638038542199, 1.6], [0.0, 0.0, 0.0, 1.0]]}, "target_region": {"type": "circle", "params": {"center": [0.79439973089403, -6.332665547854344], "radius": 7.576501820093899, "object_center": [0.79439973089403, -6.332665547854344, 1.3000000000000003], "object_height": 2.400000000786805, "occupancy_ratio": 0.2, "fov_vertical": 90.0, "sample_distance": 7.576501820093899, "min_distance": 2.8700002955495085}, "sample_point": [8.297201093222608, -7.386872143985582, 1.5], "sample_forward": [-0.9899276530518905, 0.13909314816461163, -0.026388214354768794], "height": 1.5}, "sample_target": [8.297201093222608, -7.386872143985582, 1.5], "camera_params": {"forward": [-0.9899276530518905, 0.13909314816461163, -0.026388214354768794]}, "task_type": "screen_occupancy", "task_description": "Position where wardrobe occupies 20% of vertical FOV", "target_object": {"label": "wardrobe", "id": "80", "bbox_min": [-0.640600416880724, -6.576915749445061, 0.09999999960659761], "bbox_max": [2.2293998786687843, -6.088415346263626, 2.5000000003934026], "center": [0.7943997308940302, -6.332665547854344, 1.3]}}
{"scene_id": "0324_840503", "object_label": "wardrobe", "preset": "occupancy_30", "distance": 4.99835972574714, "init_camera": {"intrinsics": [[320.0, 0.0, 320.0], [0.0, 320.0, 240.0], [0.0, 0.0, 1.0]], "extrinsics": [[-0.9396926207859083, -0.04787044025462608, 0.33865350934301447, 0.06852596921260068], [-0.34202014332566866, 0.13152295365893674, -0.9304428699389974, -4.33834377826003], [0.0, -0.9901566207477772, -0.1399638038542199, 1.6], [0.0, 0.0, 0.0, 1.0]]}, "target_region": {"type": "circle", "params": {"center": [0.79439973089403, -6.332665547854344], "radius": 4.99835972574714, "object_center": [0.79439973089403, -6.332665547854344, 1.3000000000000003], "object_height": 2.400000000786805, "occupancy_ratio": 0.3, "fov_vertical": 90.0, "sample_distance": 4.99835972574714, "min_distance": 2.8700002955495085}, "sample_point": [-4.155317442859928, -7.028294650046129, 1.5], "sample_forward": [0.989476513033558, 0.1390601996516431, -0.039981133398097536], "height": 1.5}, "sample_target": [-4.155317442859928, -7.028294650046129, 1.5], "camera_params": {"forward": [0.989476513033558, 0.1390601996516431, -0.039981133398097536]}, "task_type": "screen_occupancy", "task_description": "Position where wardrobe occupies 30% of vertical FOV", "target_object": {"label": "wardrobe", "id": "80", "bbox_min": [-0.640600416880724, -6.576915749445061, 0.09999999960659761], "bbox_max": [2.2293998786687843, -6.088415346263626, 2.5000000003934026], "center": [0.7943997308940302, -6.332665547854344, 1.3]}}
{"scene_id": "0324_840503", "object_label": "wardrobe", "preset": "occupancy_50", "distance": 2.897056275797472, "init_camera": {"intrinsics": [[320.0, 0.0, 320.0], [0.0, 320.0, 240.0], [0.0, 0.0, 1.0]], "extrinsics": [[-0.9396926207859083, -0.04787044025462608, 0.33865350934301447, 0.06852596921260068], [-0.34202014332566866, 0.13152295365893674, -0.9304428699389974, -4.33834377826003], [0.0, -0.9901566207477772, -0.1399638038542199, 1.6], [0.0, 0.0, 0.0, 1.0]]}, "target_region": {"type": "circle", "params": {"center": [0.79439973089403, -6.332665547854344], "radius": 2.897056275797472, "object_center": [0.79439973089403, -6.332665547854344, 1.3000000000000003], "object_height": 2.400000000786805, "occupancy_ratio": 0.5, "fov_vertical": 90.0, "sample_distance": 2.897056275797472, "min_distance": 2.8700002955495085}, "sample_point": [-0.8991445788539425, -8.683163949482768, 1.5], "sample_forward": [0.5831861290933198, 0.8094137581140176, -0.06887167058299251], "height": 1.5}, "sample_target": [-0.8991445788539425, -8.683163949482768, 1.5], "camera_params": {"forward": [0.5831861290933198, 0.8094137581140176, -0.06887167058299251]}, "task_type": "screen_occupancy", "task_description": "Position where wardrobe occupies 50% of vertical FOV", "target_object": {"label": "wardrobe", "id": "80", "bbox_min": [-0.640600416880724, -6.576915749445061, 0.09999999960659761], "bbox_max": [2.2293998786687843, -6.088415346263626, 2.5000000003934026], "center": [0.7943997308940302, -6.332665547854344, 1.3]}}
{"scene_id": "0324_840503", "object_label": "wardrobe", "preset": "occupancy_30", "distance": 4.99835972574714, "init_camera": {"intrinsics": [[320.0, 0.0, 320.0], [0.0, 320.0, 240.0], [0.0, 0.0, 1.0]], "extrinsics": [[-0.8660254037844386, 0.06998190192710999, -0.49507831037388866, 1.8555561800775782], [0.5000000000000001, 0.12121220974805678, -0.8575007872929289, -4.4946886630890575], [0.0, -0.9901566207477772, -0.13996380385421991, 1.6], [0.0, 0.0, 0.0, 1.0]]}, "target_region": {"type": "circle", "params": {"center": [0.79439973089403, -6.332665547854344], "radius": 4.99835972574714, "object_center": [0.79439973089403, -6.332665547854344, 1.3000000000000003], "object_height": 2.400000000786805, "occupancy_ratio": 0.3, "fov_vertical": 90.0, "sample_distance": 4.99835972574714, "min_distance": 2.8700002955495085}, "sample_point": [4.012965742243934, -10.156856021478035, 1.5], "sample_forward": [-0.643409585251817, 0.764477347328414, -0.039981133398097536], "height": 1.5}, "sample_target": [4.012965742243934, -10.156856021478035, 1.5], "camera_params": {"forward": [-0.643409585251817, 0.764477347328414, -0.039981133398097536]}, "task_type": "screen_occupancy", "task_description": "Position where wardrobe occupies 30% of vertical FOV", "target_object": {"label": "wardrobe", "id": "80", "bbox_min": [-0.640600416880724, -6.576915749445061, 0.09999999960659761], "bbox_max": [2.2293998786687843, -6.088415346263626, 2.5000000003934026], "center": [0.7943997308940302, -6.332665547854344, 1.3]}}
{"scene_id": "0324_840503", "object_label": "wardrobe", "preset": "occupancy_50", "distance": 2.897056275797472, "init_camera": {"intrinsics": [[320.0, 0.0, 320.0], [0.0, 320.0, 240.0], [0.0, 0.0, 1.0]], "extrinsics": [[-0.8660254037844386, 0.06998190192710999, -0.49507831037388866, 1.8555561800775782], [0.5000000000000001, 0.12121220974805678, -0.8575007872929289, -4.4946886630890575], [0.0, -0.9901566207477772, -0.13996380385421991, 1.6], [0.0, 0.0, 0.0, 1.0]]}, "target_region": {"type": "circle", "params": {"center": [0.79439973089403, -6.332665547854344], "radius": 2.897056275797472, "object_center": [0.79439973089403, -6.332665547854344, 1.3000000000000003], "object_height": 2.400000000786805, "occupancy_ratio": 0.5, "fov_vertical": 90.0, "sample_distance": 2.897056275797472, "min_distance": 2.8700002955495085}, "sample_point": [2.49295468733076, -8.679545631092884, 1.5], "sample_forward": [-0.5849115871340992, 0.8081677599529551, -0.06887167058299251], "height": 1.5}, "sample_target": [2.49295468733076, -8.679545631092884, 1.5], "camera_params": {"forward": [-0.5849115871340992, 0.8081677599529551, -0.06887167058299251]}, "task_type": "screen_occupancy", "task_description": "Position where wardrobe occupies 50% of vertical FOV", "target_object": {"label": "wardrobe", "id": "80", "bbox_min": [-0.640600416880724, -6.576915749445061, 0.09999999960659761], "bbox_max": [2.2293998786687843, -6.088415346263626, 2.5000000003934026], "center": [0.7943997308940302, -6.332665547854344, 1.3]}}
{"scene_id": "0324_840503", "object_label": "wardrobe", "preset": "occupancy_20", "distance": 7.576501820093899, "init_camera": {"intrinsics": [[320.0, 0.0, 320.0], [0.0, 320.0, 240.0], [0.0, 0.0, 1.0]], "extrinsics": [[-1.0, 7.32177794200996e-18, -5.179701255102473e-17, 0.7943997308940303], [5.231193880409249e-17, 0.13996380385421997, -0.9901566207477771, -4.210352649487248], [0.0, -0.9901566207477772, -0.13996380385421994, 1.6], [0.0, 0.0, 0.0, 1.0]]}, "target_region": {"type": "circle", "params": {"center": [0.79439973089403, -6.332665547854344], "radius": 7.576501820093899, "object_center": [0.79439973089403, -6.332665547854344, 1.3000000000000003], "object_height": 2.400000000786805, "occupancy_ratio": 0.2, "fov_vertical": 90.0, "sample_distance": 7.576501820093899, "min_distance": 2.8700002955495085}, "sample_point": [-1.3210582131565154, 0.9425126298152318, 1.5], "sample_forward": [0.2791157884305218, -0.9598948061074062, -0.026388214354768798], "height": 1.5}, "sample_target": [-1.3210582131565154, 0.9425126298152318, 1.5], "camera_params": {"forward": [0.2791157884305218, -0.9598948061074062, -0.026388214354768798]}, "task_type": "screen_occupancy", "task_description": "Position where wardrobe occupies 20% of vertical FOV", "target_object": {"label": "wardrobe", "id": "80", "bbox_min": [-0.640600416880724, -6.576915749445061, 0.09999999960659761], "bbox_max": [2.2293998786687843, -6.088415346263626, 2.5000000003934026], "center": [0.7943997308940302, -6.332665547854344, 1.3]}}
{"scene_id": "0324_840503", "object_label": "wardrobe", "preset": "occupancy_30", "distance": 4.99835972574714, "init_camera": {"intrinsics": [[320.0, 0.0, 320.0], [0.0, 320.0, 240.0], [0.0, 0.0, 1.0]], "extrinsics": [[-1.0, 7.32177794200996e-18, -5.179701255102473e-17, 0.7943997308940303], [5.231193880409249e-17, 0.13996380385421997, -0.9901566207477771, -4.210352649487248], [0.0, -0.9901566207477772, -0.13996380385421994, 1.6], [0.0, 0.0, 0.0, 1.0]]}, "target_region": {"type": "circle", "params": {"center": [0.79439973089403, -6.332665547854344], "radius": 4.99835972574714, "object_center": [0.79439973089403, -6.332665547854344, 1.3000000000000003], "object_height": 2.400000000786805, "occupancy_ratio": 0.3, "fov_vertical": 90.0, "sample_distance": 4.99835972574714, "min_distance": 2.8700002955495085}, "sample_point": [0.02669124881290097, -1.3936146638775728, 1.5], "sample_forward": [0.15346927616468314, -0.9873442612613352, -0.03998113339809753], "height": 1.5}, "sample_target": [0.02669124881290097, -1.3936146638775728, 1.5], "camera_params": {"forward": [0.15346927616468314, -0.9873442612613352, -0.03998113339809753]}, "task_type": "screen_occupancy", "task_description": "Position where wardrobe occupies 30% of vertical FOV", "target_object": {"label": "wardrobe", "id": "80", "bbox_min": [-0.640600416880724, -6.576915749445061, 0.09999999960659761], "bbox_max": [2.2293998786687843, -6.088415346263626, 2.5000000003934026], "center": [0.7943997308940302, -6.332665547854344, 1.3]}}
{"scene_id": "0324_840503", "object_label": "wardrobe", "preset": "occupancy_50", "distance": 2.897056275797472, "init_camera": {"intrinsics": [[320.0, 0.0, 320.0], [0.0, 320.0, 240.0], [0.0, 0.0, 1.0]], "extrinsics": [[-1.0, 7.32177794200996e-18, -5.179701255102473e-17, 0.7943997308940303], [5.231193880409249e-17, 0.13996380385421997, -0.9901566207477771, -4.210352649487248], [0.0, -0.9901566207477772, -0.13996380385421994, 1.6], [0.0, 0.0, 0.0, 1.0]]}, "target_region": {"type": "circle", "params": {"center": [0.79439973089403, -6.332665547854344], "radius": 2.897056275797472, "object_center": [0.79439973089403, -6.332665547854344, 1.3000000000000003], "object_height": 2.400000000786805, "occupancy_ratio": 0.5, "fov_vertical": 90.0, "sample_distance": 2.897056275797472, "min_distance": 2.8700002955495085}, "sample_point": [2.262957131691246, -8.829918884162305, 1.5], "sample_forward": [-0.5057100076996084, 0.8599500457024057, -0.0688716705829925], "height": 1.5}, "sample_target": [2.262957131691246, -8.829918884162305, 1.5], "camera_params": {"forward": [-0.5057100076996084, 0.8599500457024057, -0.0688716705829925]}, "task_type": "screen_occupancy", "task_description": "Position where wardrobe occupies 50% of vertical FOV", "target_object": {"label": "wardrobe", "id": "80", "bbox_min": [-0.640600416880724, -6.576915749445061, 0.09999999960659761], "bbox_max": [2.2293998786687843, -6.088415346263626, 2.5000000003934026], "center": [0.7943997308940302, -6.332665547854344, 1.3]}}
{"scene_id": "0324_840503", "object_label": "wardrobe", "preset": "occupancy_20", "distance": 7.576501820093899, "init_camera": {"intrinsics": [[320.0, 0.0, 320.0], [0.0, 320.0, 240.0], [0.0, 0.0, 1.0]], "extrinsics": [[-0.984807753012208, 0.024304459478616987, -0.17193889279769745, 1.1629354981344977], [0.17364817766693044, 0.13783743917671573, -0.9751139168087793, -4.242595351224617], [0.0, -0.9901566207477772, -0.1399638038542199, 1.6], [0.0, 0.0, 0.0, 1.0]]}, "target_region": {"type": "circle", "params": {"center": [0.79439973089403, -6.332665547854344], "radius": 7.576501820093899, "object_center": [0.79439973089403, -6.332665547854344, 1.3000000000000003], "object_height": 2.400000000786805, "occupancy_ratio": 0.2, "fov_vertical": 90.0, "sample_distance": 7.576501820093899, "min_distance": 2.8700002955495085}, "sample_point": [-6.499104770939481, -4.281282621236188, 1.5], "sample_forward": [0.9623128009592707, -0.2706616619565646, -0.026388214354768798], "height": 1.5}, "sample_target": [-6.499104770939481, -4.281282621236188, 1.5], "camera_params": {"forward": [0.9623128009592707, -0.2706616619565646, -0.026388214354768798]}, "task_type": "screen_occupancy", "task_description": "Position where wardrobe occupies 20% of vertical FOV", "target_object": {"label": "wardrobe", "id": "80", "bbox_min": [-0.640600416880724, -6.576915749445061, 0.09999999960659761], "bbox_max": [2.2293998786687843, -6.088415346263626, 2.5000000003934026], "center": [0.7943997308940302, -6.332665547854344, 1.3]}}
{"scene_id": "0324_840503", "object_label": "wardrobe", "preset": "occupancy_30", "distance": 4.99835972574714, "init_camera": {"intrinsics": [[320.0, 0.0, 320.0], [0.0, 320.0, 240.0], [0.0, 0.0, 1.0]], "extrinsics": [[-0.984807753012208, 0.024304459478616987, -0.17193889279769745, 1.1629354981344977], [0.17364817766693044, 0.13783743917671573, -0.9751139168087793, -4.242595351224617], [0.0, -0.9901566207477772, -0.1399638038542199, 1.6], [0.0, 0.0, 0.0, 1.0]]}, "target_region": {"type": "circle", "params": {"center": [0.79439973089403, -6.332665547854344], "radius": 4.99835972574714, "object_center": [0.79439973089403, -6.332665547854344, 1.3000000000000003], "object_height": 2.400000000786805, "occupancy_ratio": 0.3, "fov_vertical": 90.0, "sample_distance": 4.99835972574714, "min_distance": 2.8700002955495085}, "sample_point": [0.6691246445722697, -1.3358759684625818, 1.5], "sample_forward": [0.02504319968844245, -0.9988865536794298, -0.039981133398097536], "height": 1.5}, "sample_target": [0.6691246445722697, -1.3358759684625818, 1.5], "camera_params": {"forward": [0.02504319968844245, -0.9988865536794298, -0.039981133398097536]}, "task_type": "screen_occupancy", "task_description": "Position where wardrobe occupies 30% of vertical FOV", "target_object": {"label": "wardrobe", "id": "80", "bbox_min": [-0.640600416880724, -6.576915749445061, 0.09999999960659761], "bbox_max": [2.2293998786687843, -6.088415346263626, 2.5000000003934026], "center": [0.7943997308940302, -6.332665547854344, 1.3]}}
{"scene_id": "0324_840503", "object_label": "wardrobe", "preset": "occupancy_50", "distance": 2.897056275797472, "init_camera": {"intrinsics": [[320.0, 0.0, 320.0], [0.0, 320.0, 240.0], [0.0, 0.0, 1.0]], "extrinsics": [[-0.984807753012208, 0.024304459478616987, -0.17193889279769745, 1.1629354981344977], [0.17364817766693044, 0.13783743917671573, -0.9751139168087793, -4.242595351224617], [0.0, -0.9901566207477772, -0.1399638038542199, 1.6], [0.0, 0.0, 0.0, 1.0]]}, "target_region": {"type": "circle", "params": {"center": [0.79439973089403, -6.332665547854344], "radius": 2.897056275797472, "object_center": [0.79439973089403, -6.332665547854344, 1.3000000000000003], "object_height": 2.400000000786805, "occupancy_ratio": 0.5, "fov_vertical": 90.0, "sample_distance": 2.897056275797472, "min_distance": 2.8700002955495085}, "sample_point": [2.4433352908721058, -8.714670288441, 1.5], "sample_forward": [-0.5678247334969624, 0.820263229104055, -0.06887167058299251], "height": 1.5}, "sample_target": [2.4433352908721058, -8.714670288441, 1.5], "camera_params": {"forward": [-0.5678247334969624, 0.820263229104055, -0.06887167058299251]}, "task_type": "screen_occupancy", "task_description": "Position where wardrobe occupies 50% of vertical FOV", "target_object": {"label": "wardrobe", "id": "80", "bbox_min": [-0.640600416880724, -6.576915749445061, 0.09999999960659761], "bbox_max": [2.2293998786687843, -6.088415346263626, 2.5000000003934026], "center": [0.7943997308940302, -6.332665547854344, 1.3]}}
{"scene_id": "0324_840503", "object_label": "wardrobe", "preset": "occupancy_20", "distance": 7.576501820093899, "init_camera": {"intrinsics": [[320.0, 0.0, 320.0], [0.0, 320.0, 240.0], [0.0, 0.0, 1.0]], "extrinsics": [[-0.984807753012208, -0.024304459478616966, 0.1719388927976973, 0.4258639636535629], [-0.1736481776669303, 0.13783743917671573, -0.9751139168087793, -4.242595351224617], [0.0, -0.9901566207477772, -0.1399638038542199, 1.6], [0.0, 0.0, 0.0, 1.0]]}, "target_region": {"type": "circle", "params": {"center": [0.79439973089403, -6.332665547854344], "radius": 7.576501820093899, "object_center": [0.79439973089403, -6.332665547854344, 1.3000000000000003], "object_height": 2.400000000786805, "occupancy_ratio": 0.2, "fov_vertical": 90.0, "sample_distance": 7.576501820093899, "min_distance": 2.8700002955495085}, "sample_point": [-0.9312377822904503, 1.0447022078547787, 1.5], "sample_forward": [0.22768246298271147, -0.9733778085580609, -0.026388214354768798], "height": 1.5}, "sample_target": [-0.9312377822904503, 1.0447022078547787, 1.5], "camera_params": {"forward": [0.22768246298271147, -0.9733778085580609, -0.026388214354768798]}, "task_type": "screen_occupancy", "task_description": "Position where wardrobe occupies 20% of vertical FOV", "target_object": {"label": "wardrobe", "id": "80", "bbox_min": [-0.640600416880724, -6.576915749445061, 0.09999999960659761], "bbox_max": [2.2293998786687843, -6.088415346263626, 2.5000000003934026], "center": [0.7943997308940302, -6.332665547854344, 1.3]}}
{"scene_id": "0324_840503", "object_label": "wardrobe", "preset": "occupancy_50", "distance": 2.897056275797472, "init_camera": {"intrinsics": [[320.0, 0.0, 320.0], [0.0, 320.0, 240.0], [0.0, 0.0, 1.0]], "extrinsics": [[-0.984807753012208, -0.024304459478616966, 0.1719388927976973, 0.4258639636535629], [-0.1736481776669303, 0.13783743917671573, -0.9751139168087793, -4.242595351224617], [0.0, -0.9901566207477772, -0.1399638038542199, 1.6], [0.0, 0.0, 0.0, 1.0]]}, "target_region": {"type": "circle", "params": {"center": [0.79439973089403, -6.332665547854344], "radius": 2.897056275797472, "object_center": [0.79439973089403, -6.332665547854344, 1.3000000000000003], "object_height": 2.400000000786805, "occupancy_ratio": 0.5, "fov_vertical": 90.0, "sample_distance": 2.897056275797472, "min_distance": 2.8700002955495085}, "sample_point": [-1.436192237512265, -8.181285177637292, 1.5], "sample_forward": [0.7681229762657371, 0.6365876108783249, -0.06887167058299251], "height": 1.5}, "sample_target": [-1.436192237512265, -8.181285177637292, 1.5], "camera_params": {"forward": [0.7681229762657371, 0.6365876108783249, -0.06887167058299251]}, "task_type": "screen_occupancy", "task_description": "Position where wardrobe occupies 50% of vertical FOV", "target_object": {"label": "wardrobe", "id": "80", "bbox_min": [-0.640600416880724, -6.576915749445061, 0.09999999960659761], "bbox_max": [2.2293998786687843, -6.088415346263626, 2.5000000003934026], "center": [0.7943997308940302, -6.332665547854344, 1.3]}}
{"scene_id": "0324_840503", "object_label": "wardrobe", "preset": "occupancy_20", "distance": 3.8263828345849156, "init_camera": {"intrinsics": [[320.0, 0.0, 320.0], [0.0, 320.0, 240.0], [0.0, 0.0, 1.0]], "extrinsics": [[-0.1736481776669301, 0.5177900097308038, -0.8376991203385189, -1.4256978959973035], [0.9848077530122081, 0.0913003490568392, -0.14770895663142788, -5.241421365155555], [0.0, -0.8506219795450113, -0.525777755249237, 1.3120790074462891], [0.0, 0.0, 0.0, 1.0]]}, "target_region": {"type": "circle", "params": {"center": [-2.5506003196701257, -5.4397720131134175], "radius": 3.8263828345849156, "object_center": [-2.5506003196701257, -5.4397720131134175, 0.6060395037231445], "object_height": 1.212079007446289, "occupancy_ratio": 0.2, "fov_vertical": 90.0, "sample_distance": 3.8263828345849156, "min_distance": 1.212079007446289}, "sample_point": [0.12502507382949624, -8.175139328569623, 1.5], "sample_forward": [-0.6809205540844826, 0.6961242902650326, -0.22750422309989246], "height": 1.5}, "sample_target": [0.12502507382949624, -8.175139328569623, 1.5], "camera_params": {"forward": [-0.6809205540844826, 0.6961242902650326, -0.22750422309989246]}, "task_type": "screen_occupancy", "task_description": "Position where wardrobe occupies 20% of vertical FOV", "target_object": {"label": "wardrobe", "id": "84", "bbox_min": [-2.8506003393402515, -5.889772026226834, 0.0], "bbox_max": [-2.2506003, -4.989772000000001, 1.212079007446289], "center": [-2.5506003196701257, -5.4397720131134175, 0.6060395037231445]}}
{"scene_id": "0324_840503", "object_label": "wardrobe", "preset": "occupancy_30", "distance": 2.5243362055237246, "init_camera": {"intrinsics": [[320.0, 0.0, 320.0], [0.0, 320.0, 240.0], [0.0, 0.0, 1.0]], "extrinsics": [[-0.1736481776669301, 0.5177900097308038, -0.8376991203385189, -1.4256978959973035], [0.9848077530122081, 0.0913003490568392, -0.14770895663142788, -5.241421365155555], [0.0, -0.8506219795450113, -0.525777755249237, 1.3120790074462891], [0.0, 0.0, 0.0, 1.0]]}, "target_region": {"type": "circle", "params": {"center": [-2.5506003196701257, -5.4397720131134175], "radius": 2.5243362055237246, "object_center": [-2.5506003196701257, -5.4397720131134175, 0.6060395037231445], "object_height": 1.212079007446289, "occupancy_ratio": 0.3, "fov_vertical": 90.0, "sample_distance": 2.5243362055237246, "min_distance": 1.212079007446289}, "sample_point": [-3.9556791438412007, -3.34262471824261, 1.5], "sample_forward": [0.524683666754689, -0.7831154476665294, -0.33382217641568657], "height": 1.5}, "sample_target": [-3.9556791438412007, -3.34262471824261, 1.5], "camera_params": {"forward": [0.524683666754689, -0.7831154476665294, -0.33382217641568657]}, "task_type": "screen_occupancy", "task_description": "Position where wardrobe occupies 30% of vertical FOV", "target_object": {"label": "wardrobe", "id": "84", "bbox_min": [-2.8506003393402515, -5.889772026226834, 0.0], "bbox_max": [-2.2506003, -4.989772000000001, 1.212079007446289], "center": [-2.5506003196701257, -5.4397720131134175, 0.6060395037231445]}}
{"scene_id": "0324_840503", "object_label": "wardrobe", "preset": "occupancy_50", "distance": 1.4631087892222754, "init_camera": {"intrinsics": [[320.0, 0.0, 320.0], [0.0, 320.0, 240.0], [0.0, 0.0, 1.0]], "extrinsics": [[-0.1736481776669301, 0.5177900097308038, -0.8376991203385189, -1.4256978959973035], [0.9848077530122081, 0.0913003490568392, -0.14770895663142788, -5.241421365155555], [0.0, -0.8506219795450113, -0.525777755249237, 1.3120790074462891], [0.0, 0.0, 0.0, 1.0]]}, "target_region": {"type": "circle", "params": {"center": [-2.5506003196701257, -5.4397720131134175], "radius": 1.4631087892222754, "object_center": [-2.5506003196701257, -5.4397720131134175, 0.6060395037231445], "object_height": 1.212079007446289, "occupancy_ratio": 0.5, "fov_vertical": 90.0, "sample_distance": 1.4631087892222754, "min_distance": 1.212079007446289}, "sample_point": [-3.7507465534192725, -4.602911005109573, 1.5], "sample_forward": [0.699957032573459, -0.4880794784556571, -0.5213814105445376], "height": 1.5}, "sample_target": [-3.7507465534192725, -4.602911005109573, 1.5], "camera_params": {"forward": [0.699957032573459, -0.4880794784556571, -0.5213814105445376]}, "task_type": "screen_occupancy", "task_description": "Position where wardrobe occupies 50% of vertical FOV", "target_object": {"label": "wardrobe", "id": "84", "bbox_min": [-2.8506003393402515, -5.889772026226834, 0.0], "bbox_max": [-2.2506003, -4.989772000000001, 1.212079007446289], "center": [-2.5506003196701257, -5.4397720131134175, 0.6060395037231445]}}
{"scene_id": "0324_840503", "object_label": "wardrobe", "preset": "occupancy_20", "distance": 3.8263828345849156, "init_camera": {"intrinsics": [[320.0, 0.0, 320.0], [0.0, 320.0, 240.0], [0.0, 0.0, 1.0]], "extrinsics": [[0.9848077530122081, 0.10616899546028548, -0.13741118589838155, -2.3919198013038354], [0.17364817766693003, -0.6021142937609933, 0.7792975603976022, -6.339693952051675], [-0.0, -0.7913194814053639, -0.6114028772817036, 1.3120790074462891], [0.0, 0.0, 0.0, 1.0]]}, "target_region": {"type": "circle", "params": {"center": [-2.5506003196701257, -5.4397720131134175], "radius": 3.8263828345849156, "object_center": [-2.5506003196701257, -5.4397720131134175, 0.6060395037231445], "object_height": 1.212079007446289, "occupancy_ratio": 0.2, "fov_vertical": 90.0, "sample_distance": 3.8263828345849156, "min_distance": 1.212079007446289}, "sample_point": [-4.590624765660603, -8.676978502753418, 1.5], "sample_forward": [0.5191663150919794, 0.8238374631840494, -0.22750422309989252], "height": 1.5}, "sample_target": [-4.590624765660603, -8.676978502753418, 1.5], "camera_params": {"forward": [0.5191663150919794, 0.8238374631840494, -0.22750422309989252]}, "task_type": "screen_occupancy", "task_description": "Position where wardrobe occupies 20% of vertical FOV", "target_object": {"label": "wardrobe", "id": "84", "bbox_min": [-2.8506003393402515, -5.889772026226834, 0.0], "bbox_max": [-2.2506003, -4.989772000000001, 1.212079007446289], "center": [-2.5506003196701257, -5.4397720131134175, 0.6060395037231445]}}
