[
  {
    "scene_id": "0267_840790",
    "object_label": "smoke lampblack machine",
    "preset": "back",
    "distance": 1.5,
    "init_camera": {
      "intrinsics": [
        [
          320.0,
          0.0,
          320.0
        ],
        [
          0.0,
          320.0,
          240.0
        ],
        [
          0.0,
          0.0,
          1.0
        ]
      ],
      "extrinsics": [
        [
          0.4999999999999998,
          0.2945599139530614,
          0.8143920782350264,
          2.3931469769724485
        ],
        [
          -0.8660254037844388,
          0.1700642456132729,
          0.47018948559489093,
          2.4771191
        ],
        [
          0.0,
          -0.9403789711897823,
          0.340128491226546,
          1.6
        ],
        [
          0.0,
          0.0,
          0.0,
          1.0
        ]
      ]
    },
    "target_region": {
      "type": "circle",
      "params": {
        "center": [
          3.0859673,
          2.8771191
        ],
        "radius": 1.5,
        "object_center": [
          3.0859673,
          2.8771191,
          1.8893544000000004
        ],
        "sample_distance": 1.5,
        "min_distance": 0.8970000218556944,
        "requested_distance": 1.5
      },
      "sample_point": [
        1.9709661608049438,
        1.8737385841468535,
        1.5
      ],
      "sample_forward": [
        0.7194908223903281,
        0.6474639775191476,
        0.2512436154635053
      ],
      "height": 1.5
    },
    "sample_target": [
      1.9709661608049438,
      1.8737385841468535,
      1.5
    ],
    "camera_params": {
      "forward": [
        0.7194908223903281,
        0.6474639775191476,
        0.2512436154635053
      ]
    },
    "task_type": "absolute_positioning",
    "task_description": "Move to any position 1.5m from smoke lampblack machine",
    "target_object": {
      "label": "smoke lampblack machine",
      "id": "81",
      "bbox_min": [
        2.8359672799454416,
        2.4286190890721526,
        1.5647568963378906
      ],
      "bbox_max": [
        3.335967320054558,
        3.325619110927847,
        2.21395190366211
      ],
      "center": [
        3.0859673,
        2.8771191,
        1.8893544000000002
      ]
    }
  },
  {
    "scene_id": "0267_840790",
    "object_label": "smoke lampblack machine",
    "preset": "occupancy_20",
    "distance": 2.0494279804063824,
    "init_camera": {
      "intrinsics": [
        [
          320.0,
          0.0,
          320.0
        ],
        [
          0.0,
          320.0,
          240.0
        ],
        [
          0.0,
          0.0,
          1.0
        ]
      ],
      "extrinsics": [
        [
          0.4999999999999998,
          0.2945599139530614,
          0.8143920782350264,
          2.3931469769724485
        ],
        [
          -0.8660254037844388,
          0.1700642456132729,
          0.47018948559489093,
          2.4771191
        ],
        [
          0.0,
          -0.9403789711897823,
          0.340128491226546,
          1.6
        ],
        [
          0.0,
          0.0,
          0.0,
          1.0
        ]
      ]
    },
    "target_region": {
      "type": "circle",
      "params": {
        "center": [
          3.0859673,
          2.8771191
        ],
        "radius": 2.0494279804063824,
        "object_center": [
          3.0859673,
          2.8771191,
          1.8893544000000004
        ],
        "object_height": 0.6491950073242192,
        "occupancy_ratio": 0.2,
        "fov_vertical": 90.0,
        "sample_distance": 2.0494279804063824,
        "min_distance": 0.8970000218556944
      },
      "sample_point": [
        1.810502815007474,
        4.481284114702457,
        1.5
      ],
      "sample_forward": [
        0.6114153062346775,
        -0.7689834215344742,
        0.18664356594077516
      ],
      "height": 1.5
    },
    "sample_target": [
      1.810502815007474,
      4.481284114702457,
      1.5
    ],
    "camera_params": {
      "forward": [
        0.6114153062346775,
        -0.7689834215344742,
        0.18664356594077516
      ]
    },
    "task_type": "screen_occupancy",
    "task_description": "Position where smoke lampblack machine occupies 20% of vertical FOV",
    "target_object": {
      "label": "smoke lampblack machine",
      "id": "81",
      "bbox_min": [
        2.8359672799454416,
        2.4286190890721526,
        1.5647568963378906
      ],
      "bbox_max": [
        3.335967320054558,
        3.325619110927847,
        2.21395190366211
      ],
      "center": [
        3.0859673,
        2.8771191,
        1.8893544000000002
      ]
    }
  },
  {
    "scene_id": "0267_840790",
    "object_label": "smoke lampblack machine",
    "preset": "occupancy_30",
    "distance": 1.3520459073757085,
    "init_camera": {
      "intrinsics": [
        [
          320.0,
          0.0,
          320.0
        ],
        [
          0.0,
          320.0,
          240.0
        ],
        [
          0.0,
          0.0,
          1.0
        ]
      ],
      "extrinsics": [
        [
          0.4999999999999998,
          0.2945599139530614,
          0.8143920782350264,
          2.3931469769724485
        ],
        [
          -0.8660254037844388,
          0.1700642456132729,
          0.47018948559489093,
          2.4771191
        ],
        [
          0.0,
          -0.9403789711897823,
          0.340128491226546,
          1.6
        ],
        [
          0.0,
          0.0,
          0.0,
          1.0
        ]
      ]
    },
    "target_region": {
      "type": "circle",
      "params": {
        "center": [
          3.0859673,
          2.8771191
        ],
        "radius": 1.3520459073757085,
        "object_center": [
          3.0859673,
          2.8771191,
          1.8893544000000004
        ],
        "object_height": 0.6491950073242192,
        "occupancy_ratio": 0.3,
        "fov_vertical": 90.0,
        "sample_distance": 1.3520459073757085,
        "min_distance": 0.8970000218556944
      },
      "sample_point": [
        2.851530405630927,
        1.5455533005706261,
        1.5
      ],
      "sample_forward": [
        0.1666228261437742,
        0.9463922361470474,
        0.2767283309826678
      ],
      "height": 1.5
    },
    "sample_target": [
      2.851530405630927,
      1.5455533005706261,
      1.5
    ],
    "camera_params": {
      "forward": [
        0.1666228261437742,
        0.9463922361470474,
        0.2767283309826678
      ]
    },
    "task_type": "screen_occupancy",
    "task_description": "Position where smoke lampblack machine occupies 30% of vertical FOV",
    "target_object": {
      "label": "smoke lampblack machine",
      "id": "81",
      "bbox_min": [
        2.8359672799454416,
        2.4286190890721526,
        1.5647568963378906
      ],
      "bbox_max": [
        3.335967320054558,
        3.325619110927847,
        2.21395190366211
      ],
      "center": [
        3.0859673,
        2.8771191,
        1.8893544000000002
      ]
    }
  },
  {
    "scene_id": "0267_840790",
    "object_label": "smoke lampblack machine",
    "preset": "occupancy_50",
    "distance": 0.8970000218556944,
    "init_camera": {
      "intrinsics": [
        [
          320.0,
          0.0,
          320.0
        ],
        [
          0.0,
          320.0,
          240.0
        ],
        [
          0.0,
          0.0,
          1.0
        ]
      ],
      "extrinsics": [
        [
          0.4999999999999998,
          0.2945599139530614,
          0.8143920782350264,
          2.3931469769724485
        ],
        [
          -0.8660254037844388,
          0.1700642456132729,
          0.47018948559489093,
          2.4771191
        ],
        [
          0.0,
          -0.9403789711897823,
          0.340128491226546,
          1.6
        ],
        [
          0.0,
          0.0,
          0.0,
          1.0
        ]
      ]
    },
    "target_region": {
      "type": "circle",
      "params": {
        "center": [
          3.0859673,
          2.8771191
        ],
        "radius": 0.8970000218556944,
        "object_center": [
          3.0859673,
          2.8771191,
          1.8893544000000004
        ],
        "object_height": 0.6491950073242192,
        "occupancy_ratio": 0.5,
        "fov_vertical": 90.0,
        "sample_distance": 0.8970000218556944,
        "min_distance": 0.8970000218556944
      },
      "sample_point": [
        3.7204026178203966,
        3.5112333379029574,
        1.5
      ],
      "sample_forward": [
        -0.6488012001083285,
        -0.6484728497944137,
        0.3981707746903386
      ],
      "height": 1.5
    },
    "sample_target": [
      3.7204026178203966,
      3.5112333379029574,
      1.5
    ],
    "camera_params": {
      "forward": [
        -0.6488012001083285,
        -0.6484728497944137,
        0.3981707746903386
      ]
    },
    "task_type": "screen_occupancy",
    "task_description": "Position where smoke lampblack machine occupies 50% of vertical FOV",
    "target_object": {
      "label": "smoke lampblack machine",
      "id": "81",
      "bbox_min": [
        2.8359672799454416,
        2.4286190890721526,
        1.5647568963378906
      ],
      "bbox_max": [
        3.335967320054558,
        3.325619110927847,
        2.21395190366211
      ],
      "center": [
        3.0859673,
        2.8771191,
        1.8893544000000002
      ]
    }
  },
  {
    "scene_id": "0267_840790",
    "object_label": "smoke lampblack machine",
    "preset": "occupancy_70",
    "distance": 0.8970000218556944,
    "init_camera": {
      "intrinsics": [
        [
          320.0,
          0.0,
          320.0
        ],
        [
          0.0,
          320.0,
          240.0
        ],
        [
          0.0,
          0.0,
          1.0
        ]
      ],
      "extrinsics": [
        [
          0.4999999999999998,
          0.2945599139530614,
          0.8143920782350264,
          2.3931469769724485
        ],
        [
          -0.8660254037844388,
          0.1700642456132729,
          0.47018948559489093,
          2.4771191
        ],
        [
          0.0,
          -0.9403789711897823,
          0.340128491226546,
          1.6
        ],
        [
          0.0,
          0.0,
          0.0,
          1.0
        ]
      ]
    },
    "target_region": {
      "type": "circle",
      "params": {
        "center": [
          3.0859673,
          2.8771191
        ],
        "radius": 0.8970000218556944,
        "object_center": [
          3.0859673,
          2.8771191,
          1.8893544000000004
        ],
        "object_height": 0.6491950073242192,
        "occupancy_ratio": 0.7,
        "fov_vertical": 90.0,
        "sample_distance": 0.8970000218556944,
        "min_distance": 0.8970000218556944
      },
      "sample_point": [
        3.3151928466804224,
        3.74433573265771,
        1.5
      ],
      "sample_forward": [
        -0.23441603202778757,
        -0.886853515588027,
        0.3981707746903386
      ],
      "height": 1.5
    },
    "sample_target": [
      3.3151928466804224,
      3.74433573265771,
      1.5
    ],
    "camera_params": {
      "forward": [
        -0.23441603202778757,
        -0.886853515588027,
        0.3981707746903386
      ]
    },
    "task_type": "screen_occupancy",
    "task_description": "Position where smoke lampblack machine occupies 70% of vertical FOV",
    "target_object": {
      "label": "smoke lampblack machine",
      "id": "81",
      "bbox_min": [
        2.8359672799454416,
        2.4286190890721526,
        1.5647568963378906
      ],
      "bbox_max": [
        3.335967320054558,
        3.325619110927847,
        2.21395190366211
      ],
      "center": [
        3.0859673,
        2.8771191,
        1.8893544000000002
      ]
    }
  },
  {
    "scene_id": "0267_840790",
    "object_label": "smoke lampblack machine",
    "preset": "right",
    "distance": 1.5,
    "init_camera": {
      "intrinsics": [
        [
          320.0,
          0.0,
          320.0
        ],
        [
          0.0,
          320.0,
          240.0
        ],
        [
          0.0,
          0.0,
          1.0
        ]
      ],
      "extrinsics": [
        [
          0.6427876096865394,
          0.21292385336216413,
          0.7358583569566041,
          2.3199228568810217
        ],
        [
          -0.766044443118978,
          0.1786643268250372,
          0.6174584759210058,
          2.2343314903134606
        ],
        [
          0.0,
          -0.9605948630872247,
          0.27795235025168624,
          1.6
        ],
        [
          0.0,
          0.0,
          0.0,
          1.0
        ]
      ]
    },
    "target_region": {
      "type": "circle",
      "params": {
        "center": [
          3.0859673,
          2.8771191
        ],
        "radius": 1.5,
        "object_center": [
          3.0859673,
          2.8771191,
          1.8893544000000004
        ],
        "sample_distance": 1.5,
        "min_distance": 0.8970000218556944,
        "requested_distance": 1.5
      },
      "sample_point": [
        2.748255124413627,
        4.338608233199668,
        1.5
      ],
      "sample_forward": [
        0.21791978716656718,
        -0.9430734923907598,
        0.2512436154635054
      ],
      "height": 1.5
    },
    "sample_target": [
      2.748255124413627,
      4.338608233199668,
      1.5
    ],
    "camera_params": {
      "forward": [
        0.21791978716656718,
        -0.9430734923907598,
        0.2512436154635054
      ]
    },
    "task_type": "absolute_positioning",
    "task_description": "Move to any position 1.5m from smoke lampblack machine",
    "target_object": {
      "label": "smoke lampblack machine",
      "id": "81",
      "bbox_min": [
        2.8359672799454416,
        2.4286190890721526,
        1.5647568963378906
      ],
      "bbox_max": [
        3.335967320054558,
        3.325619110927847,
        2.21395190366211
      ],
      "center": [
        3.0859673,
        2.8771191,
        1.8893544000000002
      ]
    }
  },
  {
    "scene_id": "0267_840790",
    "object_label": "smoke lampblack machine",
    "preset": "occupancy_20",
    "distance": 2.0494279804063824,
    "init_camera": {
      "intrinsics": [
        [
          320.0,
          0.0,
          320.0
        ],
        [
          0.0,
          320.0,
          240.0
        ],
        [
          0.0,
          0.0,
          1.0
        ]
      ],
      "extrinsics": [
        [
          0.6427876096865394,
          0.21292385336216413,
          0.7358583569566041,
          2.3199228568810217
        ],
        [
          -0.766044443118978,
          0.1786643268250372,
          0.6174584759210058,
          2.2343314903134606
        ],
        [
          0.0,
          -0.9605948630872247,
          0.27795235025168624,
          1.6
        ],
        [
          0.0,
          0.0,
          0.0,
          1.0
        ]
      ]
    },
    "target_region": {
      "type": "circle",
      "params": {
        "center": [
          3.0859673,
          2.8771191
        ],
        "radius": 2.0494279804063824,
        "object_center": [
          3.0859673,
          2.8771191,
          1.8893544000000004
        ],
        "object_height": 0.6491950073242192,
        "occupancy_ratio": 0.2,
        "fov_vertical": 90.0,
        "sample_distance": 2.0494279804063824,
        "min_distance": 0.8970000218556944
      },
      "sample_point": [
        1.0626385418352986,
        2.551088758994335,
        1.5
      ],
      "sample_forward": [
        0.9699165965361631,
        0.15628811553223534,
        0.18664356594077522
      ],
      "height": 1.5
    },
    "sample_target": [
      1.0626385418352986,
      2.551088758994335,
      1.5
    ],
    "camera_params": {
      "forward": [
        0.9699165965361631,
        0.15628811553223534,
        0.18664356594077522
      ]
    },
    "task_type": "screen_occupancy",
    "task_description": "Position where smoke lampblack machine occupies 20% of vertical FOV",
    "target_object": {
      "label": "smoke lampblack machine",
      "id": "81",
      "bbox_min": [
        2.8359672799454416,
        2.4286190890721526,
        1.5647568963378906
      ],
      "bbox_max": [
        3.335967320054558,
        3.325619110927847,
        2.21395190366211
      ],
      "center": [
        3.0859673,
        2.8771191,
        1.8893544000000002
      ]
    }
  },
  {
    "scene_id": "0267_840790",
    "object_label": "smoke lampblack machine",
    "preset": "occupancy_30",
    "distance": 1.3520459073757085,
    "init_camera": {
      "intrinsics": [
        [
          320.0,
          0.0,
          320.0
        ],
        [
          0.0,
          320.0,
          240.0
        ],
        [
          0.0,
          0.0,
          1.0
        ]
      ],
      "extrinsics": [
        [
          0.6427876096865394,
          0.21292385336216413,
          0.7358583569566041,
          2.3199228568810217
        ],
        [
          -0.766044443118978,
          0.1786643268250372,
          0.6174584759210058,
          2.2343314903134606
        ],
        [
          0.0,
          -0.9605948630872247,
          0.27795235025168624,
          1.6
        ],
        [
          0.0,
          0.0,
          0.0,
          1.0
        ]
      ]
    },
    "target_region": {
      "type": "circle",
      "params": {
        "center": [
          3.0859673,
          2.8771191
        ],
        "radius": 1.3520459073757085,
        "object_center": [
          3.0859673,
          2.8771191,
          1.8893544000000004
        ],
        "object_height": 0.6491950073242192,
        "occupancy_ratio": 0.3,
        "fov_vertical": 90.0,
        "sample_distance": 1.3520459073757085,
        "min_distance": 0.8970000218556944
      },
      "sample_point": [
        2.246008958452951,
        3.9365992178488125,
        1.5
      ],
      "sample_forward": [
        0.5969889384871064,
        -0.7530110478310295,
        0.2767283309826678
      ],
      "height": 1.5
    },
    "sample_target": [
      2.246008958452951,
      3.9365992178488125,
      1.5
    ],
    "camera_params": {
      "forward": [
        0.5969889384871064,
        -0.7530110478310295,
        0.2767283309826678
      ]
    },
    "task_type": "screen_occupancy",
    "task_description": "Position where smoke lampblack machine occupies 30% of vertical FOV",
    "target_object": {
      "label": "smoke lampblack machine",
      "id": "81",
      "bbox_min": [
        2.8359672799454416,
        2.4286190890721526,
        1.5647568963378906
      ],
      "bbox_max": [
        3.335967320054558,
        3.325619110927847,
        2.21395190366211
      ],
      "center": [
        3.0859673,
        2.8771191,
        1.8893544000000002
      ]
    }
  },
  {
    "scene_id": "0267_840790",
    "object_label": "smoke lampblack machine",
    "preset": "occupancy_50",
    "distance": 0.8970000218556944,
    "init_camera": {
      "intrinsics": [
        [
          320.0,
          0.0,
          320.0
        ],
        [
          0.0,
          320.0,
          240.0
        ],
        [
          0.0,
          0.0,
          1.0
        ]
      ],
      "extrinsics": [
        [
          0.6427876096865394,
          0.21292385336216413,
          0.7358583569566041,
          2.3199228568810217
        ],
        [
          -0.766044443118978,
          0.1786643268250372,
          0.6174584759210058,
          2.2343314903134606
        ],
        [
          0.0,
          -0.9605948630872247,
          0.27795235025168624,
          1.6
        ],
        [
          0.0,
          0.0,
          0.0,
          1.0
        ]
      ]
    },
    "target_region": {
      "type": "circle",
      "params": {
        "center": [
          3.0859673,
          2.8771191
        ],
        "radius": 0.8970000218556944,
        "object_center": [
          3.0859673,
          2.8771191,
          1.8893544000000004
        ],
        "object_height": 0.6491950073242192,
        "occupancy_ratio": 0.5,
        "fov_vertical": 90.0,
        "sample_distance": 0.8970000218556944,
        "min_distance": 0.8970000218556944
      },
      "sample_point": [
        3.937650650466141,
        3.158623113733169,
        1.5
      ],
      "sample_forward": [
        -0.8709685043907716,
        -0.28787827035363056,
        0.39817077469033874
      ],
      "height": 1.5
    },
    "sample_target": [
      3.937650650466141,
      3.158623113733169,
      1.5
    ],
    "camera_params": {
      "forward": [
        -0.8709685043907716,
        -0.28787827035363056,
        0.39817077469033874
      ]
    },
    "task_type": "screen_occupancy",
    "task_description": "Position where smoke lampblack machine occupies 50% of vertical FOV",
    "target_object": {
      "label": "smoke lampblack machine",
      "id": "81",
      "bbox_min": [
        2.8359672799454416,
        2.4286190890721526,
        1.5647568963378906
      ],
      "bbox_max": [
        3.335967320054558,
        3.325619110927847,
        2.21395190366211
      ],
      "center": [
        3.0859673,
        2.8771191,
        1.8893544000000002
      ]
    }
  },
  {
    "scene_id": "0267_840790",
    "object_label": "smoke lampblack machine",
    "preset": "occupancy_70",
    "distance": 0.8970000218556944,
    "init_camera": {
      "intrinsics": [
        [
          320.0,
          0.0,
          320.0
        ],
        [
          0.0,
          320.0,
          240.0
        ],
        [
          0.0,
          0.0,
          1.0
        ]
      ],
      "extrinsics": [
        [
          0.6427876096865394,
          0.21292385336216413,
          0.7358583569566041,
          2.3199228568810217
        ],
        [
          -0.766044443118978,
          0.1786643268250372,
          0.6174584759210058,
          2.2343314903134606
        ],
        [
          0.0,
          -0.9605948630872247,
          0.27795235025168624,
          1.6
        ],
        [
          0.0,
          0.0,
          0.0,
          1.0
        ]
      ]
    },
    "target_region": {
      "type": "circle",
      "params": {
        "center": [
          3.0859673,
          2.8771191
        ],
        "radius": 0.8970000218556944,
        "object_center": [
          3.0859673,
          2.8771191,
          1.8893544000000004
        ],
        "object_height": 0.6491950073242192,
        "occupancy_ratio": 0.7,
        "fov_vertical": 90.0,
        "sample_distance": 0.8970000218556944,
        "min_distance": 0.8970000218556944
      },
      "sample_point": [
        3.8891834882607395,
        2.4778036931785197,
        1.5
      ],
      "sample_forward": [
        -0.8214038724709397,
        0.408357334294659,
        0.3981707746903388
      ],
      "height": 1.5
    },
    "sample_target": [
      3.8891834882607395,
      2.4778036931785197,
      1.5
    ],
    "camera_params": {
      "forward": [
        -0.8214038724709397,
        0.408357334294659,
        0.3981707746903388
      ]
    },
    "task_type": "screen_occupancy",
    "task_description": "Position where smoke lampblack machine occupies 70% of vertical FOV",
    "target_object": {
      "label": "smoke lampblack machine",
      "id": "81",
      "bbox_min": [
        2.8359672799454416,
        2.4286190890721526,
        1.5647568963378906
      ],
      "bbox_max": [
        3.335967320054558,
        3.325619110927847,
        2.21395190366211
      ],
      "center": [
        3.0859673,
        2.8771191,
        1.8893544000000002
      ]
    }
  },
  {
    "scene_id": "0267_840790",
    "object_label": "smoke lampblack machine",
    "preset": "left",
    "distance": 1.5,
    "init_camera": {
      "intrinsics": [
        [
          320.0,
          0.0,
          320.0
        ],
        [
          0.0,
          320.0,
          240.0
        ],
        [
          0.0,
          0.0,
          1.0
        ]
      ],
      "extrinsics": [
        [
          -0.6427876096865394,
          0.2605535406505377,
          0.7203720853058742,
          2.4731317455048174
        ],
        [
          -0.7660444431189779,
          -0.21863037986180067,
          -0.6044639510905673,
          3.391349187749231
        ],
        [
          0.0,
          -0.9403789711897823,
          0.34012849122654615,
          1.6
        ],
        [
          0.0,
          0.0,
          0.0,
          1.0
        ]
      ]
    },
    "target_region": {
      "type": "circle",
      "params": {
        "center": [
          3.0859673,
          2.8771191
        ],
        "radius": 1.5,
        "object_center": [
          3.0859673,
          2.8771191,
          1.8893544000000004
        ],
        "sample_distance": 1.5,
        "min_distance": 0.8970000218556944,
        "requested_distance": 1.5
      },
      "sample_point": [
        3.4873002202391663,
        1.4318053322899211,
        1.5
      ],
      "sample_forward": [
        -0.25897314602175964,
        0.9326358106615993,
        0.25124361546350527
      ],
      "height": 1.5
    },
    "sample_target": [
      3.4873002202391663,
      1.4318053322899211,
      1.5
    ],
    "camera_params": {
      "forward": [
        -0.25897314602175964,
        0.9326358106615993,
        0.25124361546350527
      ]
    },
    "task_type": "absolute_positioning",
    "task_description": "Move to any position 1.5m from smoke lampblack machine",
    "target_object": {
      "label": "smoke lampblack machine",
      "id": "81",
      "bbox_min": [
        2.8359672799454416,
        2.4286190890721526,
        1.5647568963378906
      ],
      "bbox_max": [
        3.335967320054558,
        3.325619110927847,
        2.21395190366211
      ],
      "center": [
        3.0859673,
        2.8771191,
        1.8893544000000002
      ]
    }
  },
  {
    "scene_id": "0267_840790",
    "object_label": "smoke lampblack machine",
    "preset": "occupancy_20",
    "distance": 2.0494279804063824,
    "init_camera": {
      "intrinsics": [
        [
          320.0,
          0.0,
          320.0
        ],
        [
          0.0,
          320.0,
          240.0
        ],
        [
          0.0,
          0.0,
          1.0
        ]
      ],
      "extrinsics": [
        [
          -0.6427876096865394,
          0.2605535406505377,
          0.7203720853058742,
          2.4731317455048174
        ],
        [
          -0.7660444431189779,
          -0.21863037986180067,
          -0.6044639510905673,
          3.391349187749231
        ],
        [
          0.0,
          -0.9403789711897823,
          0.34012849122654615,
          1.6
        ],
        [
          0.0,
          0.0,
          0.0,
          1.0
        ]
      ]
    },
    "target_region": {
      "type": "circle",
      "params": {
        "center": [
          3.0859673,
          2.8771191
        ],
        "radius": 2.0494279804063824,
        "object_center": [
          3.0859673,
          2.8771191,
          1.8893544000000004
        ],
        "object_height": 0.6491950073242192,
        "occupancy_ratio": 0.2,
        "fov_vertical": 90.0,
        "sample_distance": 2.0494279804063824,
        "min_distance": 0.8970000218556944
      },
      "sample_point": [
        5.0985857988524295,
        3.263799620519945,
        1.5
      ],
      "sample_forward": [
        -0.9647824539909837,
        -0.1853617969378992,
        0.18664356594077525
      ],
      "height": 1.5
    },
    "sample_target": [
      5.0985857988524295,
      3.263799620519945,
      1.5
    ],
    "camera_params": {
      "forward": [
        -0.9647824539909837,
        -0.1853617969378992,
        0.18664356594077525
      ]
    },
    "task_type": "screen_occupancy",
    "task_description": "Position where smoke lampblack machine occupies 20% of vertical FOV",
    "target_object": {
      "label": "smoke lampblack machine",
      "id": "81",
      "bbox_min": [
        2.8359672799454416,
        2.4286190890721526,
        1.5647568963378906
      ],
      "bbox_max": [
        3.335967320054558,
        3.325619110927847,
        2.21395190366211
      ],
      "center": [
        3.0859673,
        2.8771191,
        1.8893544000000002
      ]
    }
  },
  {
    "scene_id": "0267_840790",
    "object_label": "smoke lampblack machine",
    "preset": "occupancy_30",
    "distance": 1.3520459073757085,
    "init_camera": {
      "intrinsics": [
        [
          320.0,
          0.0,
          320.0
        ],
        [
          0.0,
          320.0,
          240.0
        ],
        [
          0.0,
          0.0,
          1.0
        ]
      ],
      "extrinsics": [
        [
          -0.6427876096865394,
          0.2605535406505377,
          0.7203720853058742,
          2.4731317455048174
        ],
        [
          -0.7660444431189779,
          -0.21863037986180067,
          -0.6044639510905673,
          3.391349187749231
        ],
        [
          0.0,
          -0.9403789711897823,
          0.34012849122654615,
          1.6
        ],
        [
          0.0,
          0.0,
          0.0,
          1.0
        ]
      ]
    },
    "target_region": {
      "type": "circle",
      "params": {
        "center": [
          3.0859673,
          2.8771191
        ],
        "radius": 1.3520459073757085,
        "object_center": [
          3.0859673,
          2.8771191,
          1.8893544000000004
        ],
        "object_height": 0.6491950073242192,
        "occupancy_ratio": 0.3,
        "fov_vertical": 90.0,
        "sample_distance": 1.3520459073757085,
        "min_distance": 0.8970000218556944
      },
      "sample_point": [
        3.5850440209827497,
        4.133682095724652,
        1.5
      ],
      "sample_forward": [
        -0.3547119745657393,
        -0.8930850160713826,
        0.2767283309826677
      ],
      "height": 1.5
    },
    "sample_target": [
      3.5850440209827497,
      4.133682095724652,
      1.5
    ],
    "camera_params": {
      "forward": [
        -0.3547119745657393,
        -0.8930850160713826,
        0.2767283309826677
      ]
    },
    "task_type": "screen_occupancy",
    "task_description": "Position where smoke lampblack machine occupies 30% of vertical FOV",
    "target_object": {
      "label": "smoke lampblack machine",
      "id": "81",
      "bbox_min": [
        2.8359672799454416,
        2.4286190890721526,
        1.5647568963378906
      ],
      "bbox_max": [
        3.335967320054558,
        3.325619110927847,
        2.21395190366211
      ],
      "center": [
        3.0859673,
        2.8771191,
        1.8893544000000002
      ]
    }
  },
  {
    "scene_id": "0267_840790",
    "object_label": "smoke lampblack machine",
    "preset": "front",
    "distance": 1.5,
    "init_camera": {
      "intrinsics": [
        [
          320.0,
          0.0,
          320.0
        ],
        [
          0.0,
          320.0,
          240.0
        ],
        [
          0.0,
          0.0,
          1.0
        ]
      ],
      "extrinsics": [
        [
          0.766044443118978,
          0.1786643268250372,
          0.6174584759210058,
          2.4431796903134604
        ],
        [
          -0.6427876096865394,
          0.21292385336216413,
          0.7358583569566041,
          2.111074656881022
        ],
        [
          0.0,
          -0.9605948630872247,
          0.27795235025168624,
          1.6
        ],
        [
          0.0,
          0.0,
          0.0,
          1.0
        ]
      ]
    },
    "target_region": {
      "type": "circle",
      "params": {
        "center": [
          3.0859673,
          2.8771191
        ],
        "radius": 1.5,
        "object_center": [
          3.0859673,
          2.8771191,
          1.8893544000000004
        ],
        "sample_distance": 1.5,
        "min_distance": 0.8970000218556944,
        "requested_distance": 1.5
      },
      "sample_point": [
        4.320459921732904,
        2.02504635258519,
        1.5
      ],
      "sample_forward": [
        -0.7965965956650183,
        0.5498277088904574,
        0.25124361546350527
      ],
      "height": 1.5
    },
    "sample_target": [
      4.320459921732904,
      2.02504635258519,
      1.5
    ],
    "camera_params": {
      "forward": [
        -0.7965965956650183,
        0.5498277088904574,
        0.25124361546350527
      ]
    },
    "task_type": "absolute_positioning",
    "task_description": "Move to any position 1.5m from smoke lampblack machine",
    "target_object": {
      "label": "smoke lampblack machine",
      "id": "81",
      "bbox_min": [
        2.8359672799454416,
        2.4286190890721526,
        1.5647568963378906
      ],
      "bbox_max": [
        3.335967320054558,
        3.325619110927847,
        2.21395190366211
      ],
      "center": [
        3.0859673,
        2.8771191,
        1.8893544000000002
      ]
    }
  },
  {
    "scene_id": "0267_840790",
    "object_label": "smoke lampblack machine",
    "preset": "occupancy_20",
    "distance": 2.0494279804063824,
    "init_camera": {
      "intrinsics": [
        [
          320.0,
          0.0,
          320.0
        ],
        [
          0.0,
          320.0,
          240.0
        ],
        [
          0.0,
          0.0,
          1.0
        ]
      ],
      "extrinsics": [
        [
          0.766044443118978,
          0.1786643268250372,
          0.6174584759210058,
          2.4431796903134604
        ],
        [
          -0.6427876096865394,
          0.21292385336216413,
          0.7358583569566041,
          2.111074656881022
        ],
        [
          0.0,
          -0.9605948630872247,
          0.27795235025168624,
          1.6
        ],
        [
          0.0,
          0.0,
          0.0,
          1.0
        ]
      ]
    },
    "target_region": {
      "type": "circle",
      "params": {
        "center": [
          3.0859673,
          2.8771191
        ],
        "radius": 2.0494279804063824,
        "object_center": [
          3.0859673,
          2.8771191,
          1.8893544000000004
        ],
        "object_height": 0.6491950073242192,
        "occupancy_ratio": 0.2,
        "fov_vertical": 90.0,
        "sample_distance": 2.0494279804063824,
        "min_distance": 0.8970000218556944
      },
      "sample_point": [
        2.7441165171285906,
        0.8564031157204703,
        1.5
      ],
      "sample_forward": [
        0.16387190984554295,
        0.9686641195256929,
        0.18664356594077522
      ],
      "height": 1.5
    },
    "sample_target": [
      2.7441165171285906,
      0.8564031157204703,
      1.5
    ],
    "camera_params": {
      "forward": [
        0.16387190984554295,
        0.9686641195256929,
        0.18664356594077522
      ]
    },
    "task_type": "screen_occupancy",
    "task_description": "Position where smoke lampblack machine occupies 20% of vertical FOV",
    "target_object": {
      "label": "smoke lampblack machine",
      "id": "81",
      "bbox_min": [
        2.8359672799454416,
        2.4286190890721526,
        1.5647568963378906
      ],
      "bbox_max": [
        3.335967320054558,
        3.325619110927847,
        2.21395190366211
      ],
      "center": [
        3.0859673,
        2.8771191,
        1.8893544000000002
      ]
    }
  },
  {
    "scene_id": "0267_840790",
    "object_label": "smoke lampblack machine",
    "preset": "occupancy_30",
    "distance": 1.3520459073757085,
    "init_camera": {
      "intrinsics": [
        [
          320.0,
          0.0,
          320.0
        ],
        [
          0.0,
          320.0,
          240.0
        ],
        [
          0.0,
          0.0,
          1.0
        ]
      ],
      "extrinsics": [
        [
          0.766044443118978,
          0.1786643268250372,
          0.6174584759210058,
          2.4431796903134604
        ],
        [
          -0.6427876096865394,
          0.21292385336216413,
          0.7358583569566041,
          2.111074656881022
        ],
        [
          0.0,
          -0.9605948630872247,
          0.27795235025168624,
          1.6
        ],
        [
          0.0,
          0.0,
          0.0,
          1.0
        ]
      ]
    },
    "target_region": {
      "type": "circle",
      "params": {
        "center": [
          3.0859673,
          2.8771191
        ],
        "radius": 1.3520459073757085,
        "object_center": [
          3.0859673,
          2.8771191,
          1.8893544000000004
        ],
        "object_height": 0.6491950073242192,
        "occupancy_ratio": 0.3,
        "fov_vertical": 90.0,
        "sample_distance": 1.3520459073757085,
        "min_distance": 0.8970000218556944
      },
      "sample_point": [
        4.25873321528335,
        2.204327718068713,
        1.5
      ],
      "sample_forward": [
        -0.8335273837144814,
        0.4781773012488554,
        0.27672833098266775
      ],
      "height": 1.5
    },
    "sample_target": [
      4.25873321528335,
      2.204327718068713,
      1.5
    ],
    "camera_params": {
      "forward": [
        -0.8335273837144814,
        0.4781773012488554,
        0.27672833098266775
      ]
    },
    "task_type": "screen_occupancy",
    "task_description": "Position where smoke lampblack machine occupies 30% of vertical FOV",
    "target_object": {
      "label": "smoke lampblack machine",
      "id": "81",
      "bbox_min": [
        2.8359672799454416,
        2.4286190890721526,
        1.5647568963378906
      ],
      "bbox_max": [
        3.335967320054558,
        3.325619110927847,
        2.21395190366211
      ],
      "center": [
        3.0859673,
        2.8771191,
        1.8893544000000002
      ]
    }
  },
  {
    "scene_id": "0267_840790",
    "object_label": "smoke lampblack machine",
    "preset": "occupancy_50",
    "distance": 0.8970000218556944,
    "init_camera": {
      "intrinsics": [
        [
          320.0,
          0.0,
          320.0
        ],
        [
          0.0,
          320.0,
          240.0
        ],
        [
          0.0,
          0.0,
          1.0
        ]
      ],
      "extrinsics": [
        [
          0.766044443118978,
          0.1786643268250372,
          0.6174584759210058,
          2.4431796903134604
        ],
        [
          -0.6427876096865394,
          0.21292385336216413,
          0.7358583569566041,
          2.111074656881022
        ],
        [
          0.0,
          -0.9605948630872247,
          0.27795235025168624,
          1.6
        ],
        [
          0.0,
          0.0,
          0.0,
          1.0
        ]
      ]
    },
    "target_region": {
      "type": "circle",
      "params": {
        "center": [
          3.0859673,
          2.8771191
        ],
        "radius": 0.8970000218556944,
        "object_center": [
          3.0859673,
          2.8771191,
          1.8893544000000004
        ],
        "object_height": 0.6491950073242192,
        "occupancy_ratio": 0.5,
        "fov_vertical": 90.0,
        "sample_distance": 0.8970000218556944,
        "min_distance": 0.8970000218556944
      },
      "sample_point": [
        3.9746864078118778,
        2.998722498880034,
        1.5
      ],
      "sample_forward": [
        -0.908842883603117,
        -0.12435693429184679,
        0.39817077469033857
      ],
      "height": 1.5
    },
    "sample_target": [
      3.9746864078118778,
      2.998722498880034,
      1.5
    ],
    "camera_params": {
      "forward": [
        -0.908842883603117,
        -0.12435693429184679,
        0.39817077469033857
      ]
    },
