{"scene_id": "0267_840790", "object_label": "wall cabinet+basin cabinet", "preset": "equidistant", "distance": 9.080165607266135, "init_camera": {"intrinsics": [[320.0, 0.0, 320.0], [0.0, 320.0, 240.0], [0.0, 0.0, 1.0]], "extrinsics": [[-0.6427876096865396, -0.16488987286832762, 0.7480878415393019, 1.5986719533764644], [-0.7660444431189778, 0.1383590315086824, -0.6277202319238361, -3.172879747791705], [0.0, -0.9765593214062556, -0.2152484419793876, 1.6], [0.0, 0.0, 0.0, 1.0]]}, "target_region": {"type": "line", "params": {"start": [3.1101325804015167, 5.542758957679531], "end": [3.1484519516922895, -14.45720433293138], "midpoint": [3.129292266046903, -4.457222687625924], "direction": [0.0019159685645386176, -0.9999981645305455], "object_a_center": [3.197324883576154, -4.457092339030124, 1.8632931920006501], "object_b_center": [3.0612596485176526, -4.457353036221725, 0.455891429724], "sample_distance": 9.080165607266135, "min_distance": 1.278218359329252, "min_offset_from_midpoint": 1.2764065653574987}, "sample_point": [3.1119093729579586, 4.615400686735759, 1.5], "sample_forward": [0.0019146213663114268, -0.9992950236860729, -0.03749386431503744], "height": 1.5}, "sample_target": [3.1119093729579586, 4.615400686735759, 1.5], "camera_params": {"forward": [0.0019146213663114268, -0.9992950236860729, -0.03749386431503744]}, "task_type": "equidistance", "task_description": "Move to any position equidistant from wall cabinet and basin cabinet", "target_object": {"objects": [{"label": "wall cabinet", "id": "178", "bbox_min": [3.0581676835186706, -5.095717212239277, 1.3743507761293], "bbox_max": [3.3364820836336375, -3.818467465820971, 2.352235607872], "center": [3.197324883576154, -4.457092339030124, 1.8632931920006501]}, {"label": "basin cabinet", "id": "180", "bbox_min": [2.7894259787048132, -5.09646221588635, -7.871999969211174e-09], "bbox_max": [3.3330933183304916, -3.8182438565570984, 0.9117828673199999], "center": [3.0612596485176526, -4.457353036221725, 0.455891429724]}], "primary": {"label": "wall cabinet", "id": "178", "bbox_min": [3.0581676835186706, -5.095717212239277, 1.3743507761293], "bbox_max": [3.3364820836336375, -3.818467465820971, 2.352235607872], "center": [3.197324883576154, -4.457092339030124, 1.8632931920006501]}}}
{"scene_id": "0267_840790", "object_label": "wardrobe+bed", "preset": "left_of", "distance": 6.259217528085843, "init_camera": {"intrinsics": [[320.0, 0.0, 320.0], [0.0, 320.0, 240.0], [0.0, 0.0, 1.0]], "extrinsics": [[1.0, -7.852724240575242e-17, 2.1037198636315898e-16, -2.2816270003989323], [-2.2455044076160915e-16, -0.3497086985864337, 0.9368584877840318, -3.1991946651844057], [0.0, -0.9368584877840318, -0.3497086985864337, 1.6], [0.0, 0.0, 0.0, 1.0]]}, "target_region": {"type": "half_plane", "params": {"boundary_point": [-2.281627000398932, -1.2215133551685249], "boundary_direction": [-0.01908696952511262, -0.9998178272037098], "normal": [0.9998178272037098, -0.01908696952511262], "object_a_center": [-2.2649720007978633, -0.34908751033705, 1.2], "object_b_center": [-2.2982820000000004, -2.0939392, 0.52355], "relation": "left", "sample_distance": 6.259217528085843, "min_distance": 2.4}, "sample_point": [3.8094418638893415, 0.21955713387599962, 1.5], "sample_forward": [-0.9681161013264258, -0.22904412586268927, -0.10143965082904303], "height": 1.5}, "sample_target": [3.8094418638893415, 0.21955713387599962, 1.5], "camera_params": {"forward": [-0.9681161013264258, -0.22904412586268927, -0.10143965082904303]}, "task_type": "projective_relations", "task_description": "Position where wardrobe appears to the left of bed", "target_object": {"objects": [{"label": "wardrobe", "id": "149", "bbox_min": [-3.368545051265868, -0.6509609520147001, 0.0], "bbox_max": [-1.1613989503298587, -0.04721406865939999, 2.4], "center": [-2.2649720007978633, -0.34908751033705004, 1.2]}, {"label": "bed", "id": "162", "bbox_min": [-3.368037044223061, -2.993939262508806, 1.2207031204525265e-08], "bbox_max": [-1.2285269557769396, -1.193939137491194, 1.0470999877929688], "center": [-2.2982820000000004, -2.0939392, 0.52355]}], "primary": {"label": "wardrobe", "id": "149", "bbox_min": [-3.368545051265868, -0.6509609520147001, 0.0], "bbox_max": [-1.1613989503298587, -0.04721406865939999, 2.4], "center": [-2.2649720007978633, -0.34908751033705004, 1.2]}}}
{"scene_id": "0267_840790", "object_label": "wall cabinet+basin cabinet", "preset": "equal_size", "distance": 1.2374920547540704, "init_camera": {"intrinsics": [[320.0, 0.0, 320.0], [0.0, 320.0, 240.0], [0.0, 0.0, 1.0]], "extrinsics": [[0.17364817766693003, -0.27126983363903273, 0.9467095582861756, 1.6156556935559876], [-0.9848077530122081, -0.04783219072285813, 0.16693043802044558, -4.724117654343156], [0.0, -0.9613140792103815, -0.27545460807889266, 1.6], [0.0, 0.0, 0.0, 1.0]]}, "target_region": {"type": "curve", "params": {"curve_type": "apollonius_circle", "center": [2.155672432821646, -4.459088116044134], "radius": 0.9712417852595336, "points": [[3.12691421808118, -4.459088116044134, 1.5], [3.079378261590864, -4.158957898751875, 1.5], [2.941423542743672, -3.8882065182583667, 1.5], [2.726554030607413, -3.673337006122108, 1.5], [2.455802650113905, -3.535382287274916, 1.5], [2.155672432821646, -3.4878463307846, 1.5], [1.855542215529387, -3.535382287274916, 1.5], [1.5847908350358793, -3.673337006122108, 1.5], [1.36992132289962, -3.8882065182583667, 1.5], [1.2319666040524284, -4.158957898751875, 1.5], [1.1844306475621125, -4.459088116044134, 1.5], [1.2319666040524282, -4.759218333336393, 1.5], [1.36992132289962, -5.0299697138299, 1.5], [1.584790835035879, -5.244839225966159, 1.5], [1.8555422155293868, -5.3827939448133515, 1.5], [2.155672432821646, -5.430329901303668, 1.5], [2.455802650113905, -5.3827939448133515, 1.5], [2.7265540306074127, -5.24483922596616, 1.5], [2.941423542743672, -5.029969713829901, 1.5], [3.079378261590864, -4.759218333336393, 1.5]], "size_ratio": 1.0724974753850043, "object_a_center": [3.197324883576154, -4.457092339030124, 1.8632931920006501], "object_b_center": [3.0612596485176526, -4.457353036221725, 0.455891429724], "object_a_size": 0.9778848317427002, "object_b_size": 0.9117828751919999, "sample_distance": 1.2374920547540704}, "sample_point": [2.455802650113905, -3.535382287274916, 1.5], "sample_forward": [0.5653281733458044, -0.773794186752014, -0.28573871451080135], "height": 1.5}, "sample_target": [2.455802650113905, -3.535382287274916, 1.5], "camera_params": {"forward": [0.5653281733458044, -0.773794186752014, -0.28573871451080135]}, "task_type": "size_distance_invariance", "task_description": "Position where wall cabinet and basin cabinet appear same size", "target_object": {"objects": [{"label": "wall cabinet", "id": "178", "bbox_min": [3.0581676835186706, -5.095717212239277, 1.3743507761293], "bbox_max": [3.3364820836336375, -3.818467465820971, 2.352235607872], "center": [3.197324883576154, -4.457092339030124, 1.8632931920006501]}, {"label": "basin cabinet", "id": "180", "bbox_min": [2.7894259787048132, -5.09646221588635, -7.871999969211174e-09], "bbox_max": [3.3330933183304916, -3.8182438565570984, 0.9117828673199999], "center": [3.0612596485176526, -4.457353036221725, 0.455891429724]}], "primary": {"label": "wall cabinet", "id": "178", "bbox_min": [3.0581676835186706, -5.095717212239277, 1.3743507761293], "bbox_max": [3.3364820836336375, -3.818467465820971, 2.352235607872], "center": [3.197324883576154, -4.457092339030124, 1.8632931920006501]}}}
{"scene_id": "0267_840790", "object_label": "sofa+table", "preset": "left", "distance": 3.234147708359564, "init_camera": {"intrinsics": [[320.0, 0.0, 320.0], [0.0, 320.0, 240.0], [0.0, 0.0, 1.0]], "extrinsics": [[-0.1736481776669305, 0.22301794236875513, -0.9592232835865487, 0.6123437428578475], [0.9848077530122081, 0.03932408042169707, -0.16913694542007593, 2.0109116040669104], [0.0, -0.9740208488942086, -0.2264583536092353, 0.8500960041503907], [0.0, 0.0, 0.0, 1.0]]}, "target_region": {"type": "annulus", "params": {"center": [-1.5292151024660674, 1.6332969988614376], "min_radius": 2.385846310593787, "max_radius": 5.964615776484468, "object_a_center": [-2.9029238, 2.0505295, 0.37504800000000005], "object_b_center": [-0.15550640493213502, 1.2160644977228752, 0.3139636114779999], "fov_horizontal": 110.0, "sample_distance": 3.234147708359564}, "sample_point": [-2.2908032825915656, -1.509901188237262, 1.5], "sample_forward": [0.2217550222064035, 0.9152190146442937, -0.33645039063696397], "height": 1.5}, "sample_target": [-2.2908032825915656, -1.509901188237262, 1.5], "camera_params": {"forward": [0.2217550222064035, 0.9152190146442937, -0.33645039063696397]}, "task_type": "fov_inclusion", "task_description": "Position where both sofa and table are visible", "target_object": {"objects": [{"label": "sofa", "id": "84", "bbox_min": [-3.3680368590454646, 0.8505294486648648, -4.150390623181011e-09], "bbox_max": [-2.4378107409545358, 3.2505295513351355, 0.7500960041503907], "center": [-2.9029238, 2.0505295, 0.37504800000000005]}, {"label": "table", "id": "114", "bbox_min": [-0.8558517995440301, 0.5157190303202399, 7.144987998799479e-07], "bbox_max": [0.5448389896797601, 1.9164099651255102, 0.6279265084572], "center": [-0.15550640493213502, 1.2160644977228752, 0.31396361147799995]}], "primary": {"label": "sofa", "id": "84", "bbox_min": [-3.3680368590454646, 0.8505294486648648, -4.150390623181011e-09], "bbox_max": [-2.4378107409545358, 3.2505295513351355, 0.7500960041503907], "center": [-2.9029238, 2.0505295, 0.37504800000000005]}}}
{"scene_id": "0267_840790", "object_label": "plant+flowers", "preset": "right", "distance": 1.8152596896479047, "init_camera": {"intrinsics": [[320.0, 0.0, 320.0], [0.0, 320.0, 240.0], [0.0, 0.0, 1.0]], "extrinsics": [[0.0, 0.2779743041703039, -0.960588510352396, -0.1462849974477347], [1.0, -0.0, 0.0, 0.47588747], [-0.0, -0.9605885103523961, -0.27797430417030383, 1.3513221934082031], [0.0, 0.0, 0.0, 1.0]]}, "target_region": {"type": "annulus", "params": {"center": [-2.11044495, 0.4758874699999999], "min_radius": 1.0776173615568403, "max_radius": 2.694043403892101, "object_a_center": [-2.7214714000000004, 0.6046983999999999, 0.61793524], "object_b_center": [-1.4994185, 0.34707654, 0.9479352000000001], "fov_horizontal": 110.0, "sample_distance": 1.8152596896479047}, "sample_point": [-1.1747978968603063, 2.031436354738636, 1.5], "sample_forward": [-0.47938742322040057, -0.7969998612680786, -0.36739477350224775], "height": 1.5}, "sample_target": [-1.1747978968603063, 2.031436354738636, 1.5], "camera_params": {"forward": [-0.47938742322040057, -0.7969998612680786, -0.36739477350224775]}, "task_type": "fov_inclusion", "task_description": "Position where both plant and flowers are visible", "target_object": {"objects": [{"label": "plant", "id": "95", "bbox_min": [-3.3024613463860497, 0.02370845361395021, 0.014999962449707027], "bbox_max": [-2.1404814536139503, 1.1856883463860497, 1.220870517550293], "center": [-2.7214714, 0.6046984, 0.61793524]}, {"label": "flowers", "id": "253", "bbox_min": [-1.7786991190522878, 0.0862079915563248, 0.6445482065917969], "bbox_max": [-1.2201378809477121, 0.6079450884436752, 1.251322193408203], "center": [-1.4994185, 0.34707654, 0.9479352]}], "primary": {"label": "plant", "id": "95", "bbox_min": [-3.3024613463860497, 0.02370845361395021, 0.014999962449707027], "bbox_max": [-2.1404814536139503, 1.1856883463860497, 1.220870517550293], "center": [-2.7214714, 0.6046984, 0.61793524]}}}
{"scene_id": "0267_840790", "object_label": "wall cabinet+basin cabinet", "preset": "right_of", "distance": 5.269513335908362, "init_camera": {"intrinsics": [[320.0, 0.0, 320.0], [0.0, 320.0, 240.0], [0.0, 0.0, 1.0]], "extrinsics": [[-0.17364817766693033, -0.3320748837314596, 0.9271313725614573, 1.9183830080541708], [-0.984807753012208, 0.058553761617482825, -0.16347827564385672, -4.243706714252138], [0.0, -0.941433868413061, -0.33719767407978873, 1.6], [0.0, 0.0, 0.0, 1.0]]}, "target_region": {"type": "half_plane", "params": {"boundary_point": [3.129292266046903, -4.457222687625924], "boundary_direction": [-0.9999981645305455, -0.0019159685645386176], "normal": [-0.0019159685645386176, 0.9999981645305455], "object_a_center": [3.197324883576154, -4.457092339030124, 1.8632931920006501], "object_b_center": [3.0612596485176526, -4.457353036221725, 0.455891429724], "relation": "right", "sample_distance": 5.269513335908362, "min_distance": 1.278218359329252}, "sample_point": [1.258359288551465, 0.46897062882402346, 1.5], "sample_forward": [0.35431001855921646, -0.9329033516284388, -0.06446508565877455], "height": 1.5}, "sample_target": [1.258359288551465, 0.46897062882402346, 1.5], "camera_params": {"forward": [0.35431001855921646, -0.9329033516284388, -0.06446508565877455]}, "task_type": "projective_relations", "task_description": "Position where wall cabinet appears to the right of basin cabinet", "target_object": {"objects": [{"label": "wall cabinet", "id": "178", "bbox_min": [3.0581676835186706, -5.095717212239277, 1.3743507761293], "bbox_max": [3.3364820836336375, -3.818467465820971, 2.352235607872], "center": [3.197324883576154, -4.457092339030124, 1.8632931920006501]}, {"label": "basin cabinet", "id": "180", "bbox_min": [2.7894259787048132, -5.09646221588635, -7.871999969211174e-09], "bbox_max": [3.3330933183304916, -3.8182438565570984, 0.9117828673199999], "center": [3.0612596485176526, -4.457353036221725, 0.455891429724]}], "primary": {"label": "wall cabinet", "id": "178", "bbox_min": [3.0581676835186706, -5.095717212239277, 1.3743507761293], "bbox_max": [3.3364820836336375, -3.818467465820971, 2.352235607872], "center": [3.197324883576154, -4.457092339030124, 1.8632931920006501]}}}
{"scene_id": "0267_840790", "object_label": "wall cabinet+basin cabinet", "preset": "left_of", "distance": 4.442847168886894, "init_camera": {"intrinsics": [[320.0, 0.0, 320.0], [0.0, 320.0, 240.0], [0.0, 0.0, 1.0]], "extrinsics": [[0.17364817766693003, -0.27126983363903273, 0.9467095582861756, 1.6156556935559876], [-0.9848077530122081, -0.04783219072285813, 0.16693043802044558, -4.724117654343156], [0.0, -0.9613140792103815, -0.27545460807889266, 1.6], [0.0, 0.0, 0.0, 1.0]]}, "target_region": {"type": "half_plane", "params": {"boundary_point": [3.129292266046903, -4.457222687625924], "boundary_direction": [-0.9999981645305455, -0.0019159685645386176], "normal": [0.0019159685645386176, -0.9999981645305455], "object_a_center": [3.197324883576154, -4.457092339030124, 1.8632931920006501], "object_b_center": [3.0612596485176526, -4.457353036221725, 0.455891429724], "relation": "left", "sample_distance": 4.442847168886894, "min_distance": 1.278218359329252}, "sample_point": [1.9914535134455469, -8.751895427098034, 1.5], "sample_forward": [0.2553573181529534, 0.9638238375946913, -0.07639535424339289], "height": 1.5}, "sample_target": [1.9914535134455469, -8.751895427098034, 1.5], "camera_params": {"forward": [0.2553573181529534, 0.9638238375946913, -0.07639535424339289]}, "task_type": "projective_relations", "task_description": "Position where wall cabinet appears to the left of basin cabinet", "target_object": {"objects": [{"label": "wall cabinet", "id": "178", "bbox_min": [3.0581676835186706, -5.095717212239277, 1.3743507761293], "bbox_max": [3.3364820836336375, -3.818467465820971, 2.352235607872], "center": [3.197324883576154, -4.457092339030124, 1.8632931920006501]}, {"label": "basin cabinet", "id": "180", "bbox_min": [2.7894259787048132, -5.09646221588635, -7.871999969211174e-09], "bbox_max": [3.3330933183304916, -3.8182438565570984, 0.9117828673199999], "center": [3.0612596485176526, -4.457353036221725, 0.455891429724]}], "primary": {"label": "wall cabinet", "id": "178", "bbox_min": [3.0581676835186706, -5.095717212239277, 1.3743507761293], "bbox_max": [3.3364820836336375, -3.818467465820971, 2.352235607872], "center": [3.197324883576154, -4.457092339030124, 1.8632931920006501]}}}
{"scene_id": "0267_840790", "object_label": "bed+dresser", "preset": "back", "distance": 3.2922256314588907, "init_camera": {"intrinsics": [[320.0, 0.0, 320.0], [0.0, 320.0, 240.0], [0.0, 0.0, 1.0]], "extrinsics": [[-0.8660254037844386, 0.17339395712738626, -0.468971785539073, -0.3730475145079075], [0.5000000000000001, 0.30032714347005257, -0.8122829598699695, -0.844148751197261], [0.0, -0.9379435710781459, -0.34678791425477246, 1.1470999877929688], [0.0, 0.0, 0.0, 1.0]]}, "target_region": {"type": "annulus", "params": {"center": [-1.3169740100000003, -2.4790774], "min_radius": 1.9450421949067314, "max_radius": 4.862605487266828, "object_a_center": [-2.2982820000000004, -2.0939392, 0.52355], "object_b_center": [-0.33566602, -2.8642156, 0.37465000000000004], "fov_horizontal": 110.0, "sample_distance": 3.2922256314588907}, "sample_point": [-4.1068536356851215, -0.7311296654776152, 1.5], "sample_forward": [0.8072837230322967, -0.5057887594145115, -0.3040899889457782], "height": 1.5}, "sample_target": [-4.1068536356851215, -0.7311296654776152, 1.5], "camera_params": {"forward": [0.8072837230322967, -0.5057887594145115, -0.3040899889457782]}, "task_type": "fov_inclusion", "task_description": "Position where both bed and dresser are visible", "target_object": {"objects": [{"label": "bed", "id": "162", "bbox_min": [-3.368037044223061, -2.993939262508806, 1.2207031204525265e-08], "bbox_max": [-1.2285269557769396, -1.193939137491194, 1.0470999877929688], "center": [-2.2982820000000004, -2.0939392, 0.52355]}, {"label": "dresser", "id": "173", "bbox_min": [-0.5939541709675127, -3.576183682109132, 0.0], "bbox_max": [-0.07737786903248725, -2.152247517890868, 0.7493000000000001], "center": [-0.33566601999999995, -2.8642156, 0.37465000000000004]}], "primary": {"label": "bed", "id": "162", "bbox_min": [-3.368037044223061, -2.993939262508806, 1.2207031204525265e-08], "bbox_max": [-1.2285269557769396, -1.193939137491194, 1.0470999877929688], "center": [-2.2982820000000004, -2.0939392, 0.52355]}}}
{"scene_id": "0267_840790", "object_label": "wall cabinet+basin cabinet", "preset": "left_of", "distance": 4.397626105241392, "init_camera": {"intrinsics": [[320.0, 0.0, 320.0], [0.0, 320.0, 240.0], [0.0, 0.0, 1.0]], "extrinsics": [[-0.17364817766693033, -0.3320748837314596, 0.9271313725614573, 1.9183830080541708], [-0.984807753012208, 0.058553761617482825, -0.16347827564385672, -4.243706714252138], [0.0, -0.941433868413061, -0.33719767407978873, 1.6], [0.0, 0.0, 0.0, 1.0]]}, "target_region": {"type": "half_plane", "params": {"boundary_point": [3.129292266046903, -4.457222687625924], "boundary_direction": [-0.9999981645305455, -0.0019159685645386176], "normal": [0.0019159685645386176, -0.9999981645305455], "object_a_center": [3.197324883576154, -4.457092339030124, 1.8632931920006501], "object_b_center": [3.0612596485176526, -4.457353036221725, 0.455891429724], "relation": "left", "sample_distance": 4.397626105241392, "min_distance": 1.278218359329252}, "sample_point": [0.6044996416209405, -8.057852849853758, 1.5], "sample_forward": [0.5724139064327896, 0.8163247772672672, -0.077176277066857], "height": 1.5}, "sample_target": [0.6044996416209405, -8.057852849853758, 1.5], "camera_params": {"forward": [0.5724139064327896, 0.8163247772672672, -0.077176277066857]}, "task_type": "projective_relations", "task_description": "Position where wall cabinet appears to the left of basin cabinet", "target_object": {"objects": [{"label": "wall cabinet", "id": "178", "bbox_min": [3.0581676835186706, -5.095717212239277, 1.3743507761293], "bbox_max": [3.3364820836336375, -3.818467465820971, 2.352235607872], "center": [3.197324883576154, -4.457092339030124, 1.8632931920006501]}, {"label": "basin cabinet", "id": "180", "bbox_min": [2.7894259787048132, -5.09646221588635, -7.871999969211174e-09], "bbox_max": [3.3330933183304916, -3.8182438565570984, 0.9117828673199999], "center": [3.0612596485176526, -4.457353036221725, 0.455891429724]}], "primary": {"label": "wall cabinet", "id": "178", "bbox_min": [3.0581676835186706, -5.095717212239277, 1.3743507761293], "bbox_max": [3.3364820836336375, -3.818467465820971, 2.352235607872], "center": [3.197324883576154, -4.457092339030124, 1.8632931920006501]}}}
{"scene_id": "0267_840790", "object_label": "wall cabinet+basin cabinet", "preset": "left_of", "distance": 2.2795233986537973, "init_camera": {"intrinsics": [[320.0, 0.0, 320.0], [0.0, 320.0, 240.0], [0.0, 0.0, 1.0]], "extrinsics": [[-0.6427876096865396, -0.16488987286832762, 0.7480878415393019, 1.5986719533764644], [-0.7660444431189778, 0.1383590315086824, -0.6277202319238361, -3.172879747791705], [0.0, -0.9765593214062556, -0.2152484419793876, 1.6], [0.0, 0.0, 0.0, 1.0]]}, "target_region": {"type": "half_plane", "params": {"boundary_point": [3.129292266046903, -4.457222687625924], "boundary_direction": [-0.9999981645305455, -0.0019159685645386176], "normal": [0.0019159685645386176, -0.9999981645305455], "object_a_center": [3.197324883576154, -4.457092339030124, 1.8632931920006501], "object_b_center": [3.0612596485176526, -4.457353036221725, 0.455891429724], "relation": "left", "sample_distance": 2.2795233986537973, "min_distance": 1.278218359329252}, "sample_point": [3.349465748787508, -6.726088166782419, 1.5], "sample_forward": [-0.09552822640473546, 0.9844087147865175, -0.14769509203870845], "height": 1.5}, "sample_target": [3.349465748787508, -6.726088166782419, 1.5], "camera_params": {"forward": [-0.09552822640473546, 0.9844087147865175, -0.14769509203870845]}, "task_type": "projective_relations", "task_description": "Position where wall cabinet appears to the left of basin cabinet", "target_object": {"objects": [{"label": "wall cabinet", "id": "178", "bbox_min": [3.0581676835186706, -5.095717212239277, 1.3743507761293], "bbox_max": [3.3364820836336375, -3.818467465820971, 2.352235607872], "center": [3.197324883576154, -4.457092339030124, 1.8632931920006501]}, {"label": "basin cabinet", "id": "180", "bbox_min": [2.7894259787048132, -5.09646221588635, -7.871999969211174e-09], "bbox_max": [3.3330933183304916, -3.8182438565570984, 0.9117828673199999], "center": [3.0612596485176526, -4.457353036221725, 0.455891429724]}], "primary": {"label": "wall cabinet", "id": "178", "bbox_min": [3.0581676835186706, -5.095717212239277, 1.3743507761293], "bbox_max": [3.3364820836336375, -3.818467465820971, 2.352235607872], "center": [3.197324883576154, -4.457092339030124, 1.8632931920006501]}}}
{"scene_id": "0267_840790", "object_label": "flowers", "preset": "closer", "distance": 0.7999999999999994, "init_camera": {"intrinsics": [[320.0, 0.0, 320.0], [0.0, 320.0, 240.0], [0.0, 0.0, 1.0]], "extrinsics": [[0.0, 0.21204258735596204, -0.9772604264715671, -1.7929336000000002], [1.0, -0.0, 0.0, -3.1946662999999997], [-0.0, -0.9772604264715671, -0.21204258735596204, 0.9142987037841797], [0.0, 0.0, 0.0, 1.0]]}, "target_region": {"type": "point", "params": {"delta": 0.5, "start_position": [-1.7929336000000002, -3.1946662999999997, 0.9142987037841797], "sample_distance": 0.7999999999999994, "min_distance": 0.5561522063247968, "min_distance_enforced": false}, "sample_point": [-2.2929336000000005, -3.1946663, 0.9142987037841797], "sample_forward": [-0.9430951539268015, -5.23522977150971e-16, -0.33252297761174715], "height": 0.9142987037841797}, "sample_target": [-2.2929336000000005, -3.1946663, 0.9142987037841797], "camera_params": {"forward": [-0.9430951539268015, -5.23522977150971e-16, -0.33252297761174715]}, "task_type": "delta_control", "task_description": "Move 0.5m toward flowers", "target_object": {"label": "flowers", "id": "165", "bbox_min": [-3.3710097031623985, -3.4727424031623984, 0.4501596962158203], "bbox_max": [-2.8148574968376017, -2.9165901968376016, 0.8142987037841797], "center": [-3.0929336000000003, -3.1946662999999997, 0.6322292]}}
{"scene_id": "0267_840790", "object_label": "sofa+table", "preset": "equidistant", "distance": 3.055553710689325, "init_camera": {"intrinsics": [[320.0, 0.0, 320.0], [0.0, 320.0, 240.0], [0.0, 0.0, 1.0]], "extrinsics": [[-0.49999999999999994, 0.15836361595274018, -0.8514229061649522, 0.8248539507032226], [0.8660254037844386, 0.09143127630015704, -0.49156924406854857, 2.9924194003996947], [0.0, -0.9831384881370973, -0.18286255260031412, 0.8500960041503907], [0.0, 0.0, 0.0, 1.0]]}, "target_region": {"type": "line", "params": {"start": [-4.435394580262985, -7.935094759570699], "end": [1.37696437533085, 11.201688757293574], "midpoint": [-1.5292151024660674, 1.6332969988614376], "direction": [0.29061794777969174, 0.9568391758432137], "object_a_center": [-2.9029238, 2.0505295, 0.37504800000000005], "object_b_center": [-0.15550640493213502, 1.2160644977228752, 0.3139636114779999], "sample_distance": 3.055553710689325, "min_distance": 2.400000102670271, "min_offset_from_midpoint": 1.9232373610999232}, "sample_point": [-0.8167722759783951, 3.9789649527506588, 1.5], "sample_forward": [-0.26287971865721543, -0.8655130051931463, -0.42635840716494816], "height": 1.5}, "sample_target": [-0.8167722759783951, 3.9789649527506588, 1.5], "camera_params": {"forward": [-0.26287971865721543, -0.8655130051931463, -0.42635840716494816]}, "task_type": "equidistance", "task_description": "Move to any position equidistant from sofa and table", "target_object": {"objects": [{"label": "sofa", "id": "84", "bbox_min": [-3.3680368590454646, 0.8505294486648648, -4.150390623181011e-09], "bbox_max": [-2.4378107409545358, 3.2505295513351355, 0.7500960041503907], "center": [-2.9029238, 2.0505295, 0.37504800000000005]}, {"label": "table", "id": "114", "bbox_min": [-0.8558517995440301, 0.5157190303202399, 7.144987998799479e-07], "bbox_max": [0.5448389896797601, 1.9164099651255102, 0.6279265084572], "center": [-0.15550640493213502, 1.2160644977228752, 0.31396361147799995]}], "primary": {"label": "sofa", "id": "84", "bbox_min": [-3.3680368590454646, 0.8505294486648648, -4.150390623181011e-09], "bbox_max": [-2.4378107409545358, 3.2505295513351355, 0.7500960041503907], "center": [-2.9029238, 2.0505295, 0.37504800000000005]}}}
{"scene_id": "0267_840790", "object_label": "wardrobe+bed", "preset": "right_of", "distance": 4.796911462558393, "init_camera": {"intrinsics": [[320.0, 0.0, 320.0], [0.0, 320.0, 240.0], [0.0, 0.0, 1.0]], "extrinsics": [[1.0, -7.852724240575242e-17, 2.1037198636315898e-16, -2.2816270003989323], [-2.2455044076160915e-16, -0.3497086985864337, 0.9368584877840318, -3.1991946651844057], [0.0, -0.9368584877840318, -0.3497086985864337, 1.6], [0.0, 0.0, 0.0, 1.0]]}, "target_region": {"type": "half_plane", "params": {"boundary_point": [-2.281627000398932, -1.2215133551685249], "boundary_direction": [-0.01908696952511262, -0.9998178272037098], "normal": [-0.9998178272037098, 0.01908696952511262], "object_a_center": [-2.2649720007978633, -0.34908751033705, 1.2], "object_b_center": [-2.2982820000000004, -2.0939392, 0.52355], "relation": "right", "sample_distance": 4.796911462558393, "min_distance": 2.4}, "sample_point": [-6.42450660175249, -3.6395514417818617, 1.5], "sample_forward": [0.8561113979733678, 0.49967900732790954, -0.1318869360318934], "height": 1.5}, "sample_target": [-6.42450660175249, -3.6395514417818617, 1.5], "camera_params": {"forward": [0.8561113979733678, 0.49967900732790954, -0.1318869360318934]}, "task_type": "projective_relations", "task_description": "Position where wardrobe appears to the right of bed", "target_object": {"objects": [{"label": "wardrobe", "id": "149", "bbox_min": [-3.368545051265868, -0.6509609520147001, 0.0], "bbox_max": [-1.1613989503298587, -0.04721406865939999, 2.4], "center": [-2.2649720007978633, -0.34908751033705004, 1.2]}, {"label": "bed", "id": "162", "bbox_min": [-3.368037044223061, -2.993939262508806, 1.2207031204525265e-08], "bbox_max": [-1.2285269557769396, -1.193939137491194, 1.0470999877929688], "center": [-2.2982820000000004, -2.0939392, 0.52355]}], "primary": {"label": "wardrobe", "id": "149", "bbox_min": [-3.368545051265868, -0.6509609520147001, 0.0], "bbox_max": [-1.1613989503298587, -0.04721406865939999, 2.4], "center": [-2.2649720007978633, -0.34908751033705004, 1.2]}}}
{"scene_id": "0267_840790", "object_label": "wardrobe+bed", "preset": "back", "distance": 3.4093815898364923, "init_camera": {"intrinsics": [[320.0, 0.0, 320.0], [0.0, 320.0, 240.0], [0.0, 0.0, 1.0]], "extrinsics": [[0.9848077530122081, 0.06187504654571495, -0.16225032579939938, 2.5829386277973945], [0.17364817766692986, -0.3509108265627138, 0.9201673229331866, -3.176209497252275], [-0.0, -0.9343623870940219, -0.35632419169060264, 1.6], [0.0, 0.0, 0.0, 1.0]]}, "target_region": {"type": "annulus", "params": {"center": [2.2360188, -1.208729385], "min_radius": 2.0398311015025214, "max_radius": 5.099577753756304, "object_a_center": [2.2305488, -0.31641507, 1.2], "object_b_center": [2.2414888000000004, -2.1010437, 0.476232], "fov_horizontal": 110.0, "sample_distance": 3.4093815898364923}, "sample_point": [-0.724963842143103, -2.898837256718032, 1.5], "sample_forward": [0.8525633924818611, 0.48663713196552544, -0.19057797247370417], "height": 1.5}, "sample_target": [-0.724963842143103, -2.898837256718032, 1.5], "camera_params": {"forward": [0.8525633924818611, 0.48663713196552544, -0.19057797247370417]}, "task_type": "fov_inclusion", "task_description": "Position where both wardrobe and bed are visible", "target_object": {"objects": [{"label": "wardrobe", "id": "129", "bbox_min": [1.1246088465731177, -0.5914151125440178, 0.0], "bbox_max": [3.3364887534268823, -0.041415027455982224, 2.4], "center": [2.2305488, -0.31641507, 1.2]}, {"label": "bed", "id": "130", "bbox_min": [1.1464887584741803, -3.051043776008157, 5.3710937777395886e-09], "bbox_max": [3.3364888415258203, -1.1510436239918433, 0.9524639946289062], "center": [2.2414888000000004, -2.1010437, 0.476232]}], "primary": {"label": "wardrobe", "id": "129", "bbox_min": [1.1246088465731177, -0.5914151125440178, 0.0], "bbox_max": [3.3364887534268823, -0.041415027455982224, 2.4], "center": [2.2305488, -0.31641507, 1.2]}}}
{"scene_id": "0267_840790", "object_label": "plant+toy_animals", "preset": "equal_size", "distance": 2.302158182037337, "init_camera": {"intrinsics": [[320.0, 0.0, 320.0], [0.0, 320.0, 240.0], [0.0, 0.0, 1.0]], "extrinsics": [[-0.9396926207859083, 0.15019487888402022, -0.30727719862938985, -2.4008101925810204], [0.3420201433256687, 0.41265703825156735, -0.8442371647475214, 2.3519254936203695], [0.0, -0.898418425422397, -0.43914044776306027, 1.320870517550293], [0.0, 0.0, 0.0, 1.0]]}, "target_region": {"type": "curve", "params": {"curve_type": "apollonius_circle", "center": [-3.1489569501871406, 1.96604023529443], "radius": 0.8031492696497522, "points": [[-2.3458076805373884, 1.96604023529443, 1.5], [-2.3851166037290503, 2.2142270086360307, 1.5], [-2.4991955420206637, 2.438119531384025, 1.5], [-2.6768776540975456, 2.6158016434609066, 1.5], [-2.90077017684554, 2.72988058175252, 1.5], [-3.1489569501871406, 2.7691895049441824, 1.5], [-3.397143723528741, 2.7298805817525205, 1.5], [-3.6210362462767356, 2.6158016434609066, 1.5], [-3.798718358353617, 2.438119531384025, 1.5], [-3.912797296645231, 2.2142270086360307, 1.5], [-3.952106219836893, 1.96604023529443, 1.5], [-3.912797296645231, 1.7178534619528298, 1.5], [-3.7987183583536175, 1.493960939204835, 1.5], [-3.621036246276736, 1.3162788271279533, 1.5], [-3.397143723528741, 1.2021998888363399, 1.5], [-3.1489569501871406, 1.1628909656446778, 1.5], [-2.90077017684554, 1.2021998888363397, 1.5], [-2.6768776540975456, 1.3162788271279533, 1.5], [-2.499195542020664, 1.4939609392048347, 1.5], [-2.3851166037290503, 1.7178534619528292, 1.5]], "size_ratio": 1.7766101414039719, "object_a_center": [-2.7214714000000004, 0.6046983999999999, 0.61793524], "object_b_center": [-3.0135199999999998, 1.5347368000000001, 0.6898930699999999], "object_a_size": 1.205870555100586, "object_b_size": 0.6787479858398437, "sample_distance": 2.302158182037337}, "sample_point": [-3.798718358353617, 2.438119531384025, 1.5], "sample_forward": [0.5009498707422355, -0.7361298229815462, -0.45515064618266216], "height": 1.5}, "sample_target": [-3.798718358353617, 2.438119531384025, 1.5], "camera_params": {"forward": [0.5009498707422355, -0.7361298229815462, -0.45515064618266216]}, "task_type": "size_distance_invariance", "task_description": "Position where plant and toy_animals appear same size", "target_object": {"objects": [{"label": "plant", "id": "95", "bbox_min": [-3.3024613463860497, 0.02370845361395021, 0.014999962449707027], "bbox_max": [-2.1404814536139503, 1.1856883463860497, 1.220870517550293], "center": [-2.7214714, 0.6046984, 0.61793524]}, {"label": "toy_animals", "id": "96", "bbox_min": [-3.252246239921906, 1.2907574274342164, 0.3505190770800781], "bbox_max": [-2.774793760078094, 1.7787161725657834, 1.0292670629199219], "center": [-3.0135199999999998, 1.5347368, 0.68989307]}], "primary": {"label": "plant", "id": "95", "bbox_min": [-3.3024613463860497, 0.02370845361395021, 0.014999962449707027], "bbox_max": [-2.1404814536139503, 1.1856883463860497, 1.220870517550293], "center": [-2.7214714, 0.6046984, 0.61793524]}}}
{"scene_id": "0267_840790", "object_label": "wall cabinet+basin cabinet", "preset": "back", "distance": 0.815082127062845, "init_camera": {"intrinsics": [[320.0, 0.0, 320.0], [0.0, 320.0, 240.0], [0.0, 0.0, 1.0]], "extrinsics": [[-0.6427876096865396, -0.16488987286832762, 0.7480878415393019, 1.5986719533764644], [-0.7660444431189778, 0.1383590315086824, -0.6277202319238361, -3.172879747791705], [0.0, -0.9765593214062556, -0.2152484419793876, 1.6], [0.0, 0.0, 0.0, 1.0]]}, "target_region": {"type": "annulus", "params": {"center": [3.129292266046903, -4.457222687625924], "min_radius": 0.7068997688381615, "max_radius": 1.7672494220954038, "object_a_center": [3.197324883576154, -4.457092339030124, 1.8632931920006501], "object_b_center": [3.0612596485176526, -4.457353036221725, 0.455891429724], "fov_horizontal": 110.0, "sample_distance": 0.815082127062845}, "sample_point": [2.328361997241564, -4.305995777425725, 1.5], "sample_forward": [0.9067376304199185, -0.17120482962291592, -0.38537744601138735], "height": 1.5}, "sample_target": [2.328361997241564, -4.305995777425725, 1.5], "camera_params": {"forward": [0.9067376304199185, -0.17120482962291592, -0.38537744601138735]}, "task_type": "fov_inclusion", "task_description": "Position where both wall cabinet and basin cabinet are visible", "target_object": {"objects": [{"label": "wall cabinet", "id": "178", "bbox_min": [3.0581676835186706, -5.095717212239277, 1.3743507761293], "bbox_max": [3.3364820836336375, -3.818467465820971, 2.352235607872], "center": [3.197324883576154, -4.457092339030124, 1.8632931920006501]}, {"label": "basin cabinet", "id": "180", "bbox_min": [2.7894259787048132, -5.09646221588635, -7.871999969211174e-09], "bbox_max": [3.3330933183304916, -3.8182438565570984, 0.9117828673199999], "center": [3.0612596485176526, -4.457353036221725, 0.455891429724]}], "primary": {"label": "wall cabinet", "id": "178", "bbox_min": [3.0581676835186706, -5.095717212239277, 1.3743507761293], "bbox_max": [3.3364820836336375, -3.818467465820971, 2.352235607872], "center": [3.197324883576154, -4.457092339030124, 1.8632931920006501]}}}
{"scene_id": "0267_840790", "object_label": "wall cabinet", "preset": "closer", "distance": 1.3365722560117932, "init_camera": {"intrinsics": [[320.0, 0.0, 320.0], [0.0, 320.0, 240.0], [0.0, 0.0, 1.0]], "extrinsics": [[-0.766044443118978, 0.09121818905843986, 0.6362822904587504, 2.0167989931177184], [-0.6427876096865395, -0.10870960452033353, -0.7582917055582883, -3.050196367925805], [0.0, -0.9898795198759957, 0.14191031016127262, 1.6], [0.0, 0.0, 0.0, 1.0]]}, "target_region": {"type": "point", "params": {"delta": 0.5, "start_position": [2.0167989931177184, -3.050196367925805, 1.6], "sample_distance": 1.3365722560117932, "min_distance": 1.2772497464183061, "min_distance_enforced": true}, "sample_point": [2.3381927979609882, -3.433218589485294, 1.6], "sample_forward": [0.630667362017819, -0.751600094416649, 0.19327694264544168], "height": 1.6}, "sample_target": [2.3381927979609882, -3.433218589485294, 1.6], "camera_params": {"forward": [0.630667362017819, -0.751600094416649, 0.19327694264544168]}, "task_type": "delta_control", "task_description": "Move 0.5m toward wall cabinet", "target_object": {"label": "wall cabinet", "id": "178", "bbox_min": [3.0581676835186706, -5.095717212239277, 1.3743507761293], "bbox_max": [3.3364820836336375, -3.818467465820971, 2.352235607872], "center": [3.197324883576154, -4.457092339030124, 1.8632931920006501]}}
{"scene_id": "0267_840790", "object_label": "sofa+teatable", "preset": "right_of", "distance": 2.6829695838966785, "init_camera": {"intrinsics": [[320.0, 0.0, 320.0], [0.0, 320.0, 240.0], [0.0, 0.0, 1.0]], "extrinsics": [[0.9396926207859085, 0.1305087273074073, -0.3161411876632202, -1.9062066789889023], [0.3420201433256682, -0.35856978131886297, 0.8685907744642652, 0.8744758454759074], [-0.0, -0.9243349955625091, -0.38158199116108243, 0.8500960041503907], [0.0, 0.0, 0.0, 1.0]]}, "target_region": {"type": "half_plane", "params": {"boundary_point": [-2.3826546, 2.18350575], "boundary_direction": [0.9688544916697395, 0.24763072097656022], "normal": [0.24763072097656022, -0.9688544916697395], "object_a_center": [-2.9029238, 2.0505295, 0.37504800000000005], "object_b_center": [-1.8623854, 2.316482, 0.17500000000000002], "relation": "right", "sample_distance": 2.6829695838966785, "min_distance": 2.400000102670271}, "sample_point": [-1.0638205631432982, -0.15294509933173212, 1.5], "sample_forward": [-0.44715508907372914, 0.7921814712481818, -0.4153322079089598], "height": 1.5}, "sample_target": [-1.0638205631432982, -0.15294509933173212, 1.5], "camera_params": {"forward": [-0.44715508907372914, 0.7921814712481818, -0.4153322079089598]}, "task_type": "projective_relations", "task_description": "Position where sofa appears to the right of teatable", "target_object": {"objects": [{"label": "sofa", "id": "84", "bbox_min": [-3.3680368590454646, 0.8505294486648648, -4.150390623181011e-09], "bbox_max": [-2.4378107409545358, 3.2505295513351355, 0.7500960041503907], "center": [-2.9029238, 2.0505295, 0.37504800000000005]}, {"label": "teatable", "id": "85", "bbox_min": [-2.162385423111574, 1.766481955987244, 8.500000006961272e-09], "bbox_max": [-1.5623853768884255, 2.866482044012756, 0.3499999915], "center": [-1.8623853999999995, 2.316482, 0.175]}], "primary": {"label": "sofa", "id": "84", "bbox_min": [-3.3680368590454646, 0.8505294486648648, -4.150390623181011e-09], "bbox_max": [-2.4378107409545358, 3.2505295513351355, 0.7500960041503907], "center": [-2.9029238, 2.0505295, 0.37504800000000005]}}}
