{"scene_id": "0284_840761", "object_label": "wardrobe", "preset": "front", "distance": 2.52400000157361, "init_camera": {"intrinsics": [[320.0, 0.0, 320.0], [0.0, 320.0, 240.0], [0.0, 0.0, 1.0]], "extrinsics": [[0.9848077530122081, -0.03369720036916461, 0.17034725795951688, -1.2702073380759427], [-0.17364817766693036, -0.19110631982565843, 0.9660873070875362, -1.114145269495321], [0.0, -0.98099076102172, -0.19405444285052195, 1.6], [0.0, 0.0, 0.0, 1.0]]}, "target_region": {"type": "circle", "params": {"center": [-0.9735000198688658, 0.56856555], "radius": 2.52400000157361, "object_center": [-0.9735000198688658, 0.56856555, 1.261999999213195], "sample_distance": 2.52400000157361, "min_distance": 2.52400000157361, "requested_distance": 0.8}, "sample_point": [1.105622657975612, -0.8624567763165365, 1.5], "sample_forward": [-0.8201032486959086, 0.5644621509228492, -0.09387833431610897], "height": 1.5}, "sample_target": [1.105622657975612, -0.8624567763165365, 1.5], "camera_params": {"forward": [-0.8201032486959086, 0.5644621509228492, -0.09387833431610897]}, "task_type": "absolute_positioning", "task_description": "Move to any position 2.5m from wardrobe", "target_object": {"label": "wardrobe", "id": "60", "bbox_min": [-1.1655001, -0.25441540000000007, -1.573610006744275e-09], "bbox_max": [-0.7814999397377317, 1.3915465, 2.524], "center": [-0.9735000198688659, 0.56856555, 1.261999999213195]}}
{"scene_id": "0284_840761", "object_label": "wardrobe", "preset": "left", "distance": 2.52400000157361, "init_camera": {"intrinsics": [[320.0, 0.0, 320.0], [0.0, 320.0, 240.0], [0.0, 0.0, 1.0]], "extrinsics": [[0.9848077530122081, -0.03369720036916461, 0.17034725795951688, -1.2702073380759427], [-0.17364817766693036, -0.19110631982565843, 0.9660873070875362, -1.114145269495321], [0.0, -0.98099076102172, -0.19405444285052195, 1.6], [0.0, 0.0, 0.0, 1.0]]}, "target_region": {"type": "circle", "params": {"center": [-0.9735000198688658, 0.56856555], "radius": 2.52400000157361, "object_center": [-0.9735000198688658, 0.56856555, 1.261999999213195], "sample_distance": 2.52400000157361, "min_distance": 2.52400000157361, "requested_distance": 1.0}, "sample_point": [-1.2165278154023247, -1.9437070264816467, 1.5], "sample_forward": [0.09586153177215417, 0.9909578321363273, -0.093878334316109], "height": 1.5}, "sample_target": [-1.2165278154023247, -1.9437070264816467, 1.5], "camera_params": {"forward": [0.09586153177215417, 0.9909578321363273, -0.093878334316109]}, "task_type": "absolute_positioning", "task_description": "Move to any position 2.5m from wardrobe", "target_object": {"label": "wardrobe", "id": "60", "bbox_min": [-1.1655001, -0.25441540000000007, -1.573610006744275e-09], "bbox_max": [-0.7814999397377317, 1.3915465, 2.524], "center": [-0.9735000198688659, 0.56856555, 1.261999999213195]}}
{"scene_id": "0284_840761", "object_label": "wardrobe", "preset": "front", "distance": 2.52400000157361, "init_camera": {"intrinsics": [[320.0, 0.0, 320.0], [0.0, 320.0, 240.0], [0.0, 0.0, 1.0]], "extrinsics": [[0.9848077530122081, -0.03369720036916461, 0.17034725795951688, -1.2702073380759427], [-0.17364817766693036, -0.19110631982565843, 0.9660873070875362, -1.114145269495321], [0.0, -0.98099076102172, -0.19405444285052195, 1.6], [0.0, 0.0, 0.0, 1.0]]}, "target_region": {"type": "circle", "params": {"center": [-0.9735000198688658, 0.56856555], "radius": 2.52400000157361, "object_center": [-0.9735000198688658, 0.56856555, 1.261999999213195], "sample_distance": 2.52400000157361, "min_distance": 2.52400000157361, "requested_distance": 1.2}, "sample_point": [1.497749618195117, 0.05524183701547636, 1.5], "sample_forward": [-0.9747764661082977, 0.20247888647326082, -0.093878334316109], "height": 1.5}, "sample_target": [1.497749618195117, 0.05524183701547636, 1.5], "camera_params": {"forward": [-0.9747764661082977, 0.20247888647326082, -0.093878334316109]}, "task_type": "absolute_positioning", "task_description": "Move to any position 2.5m from wardrobe", "target_object": {"label": "wardrobe", "id": "60", "bbox_min": [-1.1655001, -0.25441540000000007, -1.573610006744275e-09], "bbox_max": [-0.7814999397377317, 1.3915465, 2.524], "center": [-0.9735000198688659, 0.56856555, 1.261999999213195]}}
{"scene_id": "0284_840761", "object_label": "wardrobe", "preset": "front", "distance": 2.52400000157361, "init_camera": {"intrinsics": [[320.0, 0.0, 320.0], [0.0, 320.0, 240.0], [0.0, 0.0, 1.0]], "extrinsics": [[0.9848077530122081, -0.03369720036916461, 0.17034725795951688, -1.2702073380759427], [-0.17364817766693036, -0.19110631982565843, 0.9660873070875362, -1.114145269495321], [0.0, -0.98099076102172, -0.19405444285052195, 1.6], [0.0, 0.0, 0.0, 1.0]]}, "target_region": {"type": "circle", "params": {"center": [-0.9735000198688658, 0.56856555], "radius": 2.52400000157361, "object_center": [-0.9735000198688658, 0.56856555, 1.261999999213195], "sample_distance": 2.52400000157361, "min_distance": 2.52400000157361, "requested_distance": 1.5}, "sample_point": [1.407708852048673, -0.26834562583933974, 1.5], "sample_forward": [-0.939260175694726, 0.3301169197419989, -0.093878334316109], "height": 1.5}, "sample_target": [1.407708852048673, -0.26834562583933974, 1.5], "camera_params": {"forward": [-0.939260175694726, 0.3301169197419989, -0.093878334316109]}, "task_type": "absolute_positioning", "task_description": "Move to any position 2.5m from wardrobe", "target_object": {"label": "wardrobe", "id": "60", "bbox_min": [-1.1655001, -0.25441540000000007, -1.573610006744275e-09], "bbox_max": [-0.7814999397377317, 1.3915465, 2.524], "center": [-0.9735000198688659, 0.56856555, 1.261999999213195]}}
{"scene_id": "0284_840761", "object_label": "wardrobe", "preset": "occupancy_30", "distance": 5.256608313131386, "init_camera": {"intrinsics": [[320.0, 0.0, 320.0], [0.0, 320.0, 240.0], [0.0, 0.0, 1.0]], "extrinsics": [[0.9848077530122081, -0.03369720036916461, 0.17034725795951688, -1.2702073380759427], [-0.17364817766693036, -0.19110631982565843, 0.9660873070875362, -1.114145269495321], [0.0, -0.98099076102172, -0.19405444285052195, 1.6], [0.0, 0.0, 0.0, 1.0]]}, "target_region": {"type": "circle", "params": {"center": [-0.9735000198688658, 0.56856555], "radius": 5.256608313131386, "object_center": [-0.9735000198688658, 0.56856555, 1.261999999213195], "object_height": 2.52400000157361, "occupancy_ratio": 0.3, "fov_vertical": 90.0, "sample_distance": 5.256608313131386, "min_distance": 2.52400000157361}, "sample_point": [-2.375615052996567, -4.497597139014172, 1.5], "sample_forward": [0.26646080981104686, 0.962783923468766, -0.045230007129454936], "height": 1.5}, "sample_target": [-2.375615052996567, -4.497597139014172, 1.5], "camera_params": {"forward": [0.26646080981104686, 0.962783923468766, -0.045230007129454936]}, "task_type": "screen_occupancy", "task_description": "Position where wardrobe occupies 30% of vertical FOV", "target_object": {"label": "wardrobe", "id": "60", "bbox_min": [-1.1655001, -0.25441540000000007, -1.573610006744275e-09], "bbox_max": [-0.7814999397377317, 1.3915465, 2.524], "center": [-0.9735000198688659, 0.56856555, 1.261999999213195]}}
{"scene_id": "0284_840761", "object_label": "wardrobe", "preset": "occupancy_50", "distance": 3.0467375176143614, "init_camera": {"intrinsics": [[320.0, 0.0, 320.0], [0.0, 320.0, 240.0], [0.0, 0.0, 1.0]], "extrinsics": [[0.9848077530122081, -0.03369720036916461, 0.17034725795951688, -1.2702073380759427], [-0.17364817766693036, -0.19110631982565843, 0.9660873070875362, -1.114145269495321], [0.0, -0.98099076102172, -0.19405444285052195, 1.6], [0.0, 0.0, 0.0, 1.0]]}, "target_region": {"type": "circle", "params": {"center": [-0.9735000198688658, 0.56856555], "radius": 3.0467375176143614, "object_center": [-0.9735000198688658, 0.56856555, 1.261999999213195], "object_height": 2.52400000157361, "occupancy_ratio": 0.5, "fov_vertical": 90.0, "sample_distance": 3.0467375176143614, "min_distance": 2.52400000157361}, "sample_point": [-3.1004620528791076, -1.6128656341935008, 1.5], "sample_forward": [0.6959910513105474, 0.7138146143115175, -0.07787909148762973], "height": 1.5}, "sample_target": [-3.1004620528791076, -1.6128656341935008, 1.5], "camera_params": {"forward": [0.6959910513105474, 0.7138146143115175, -0.07787909148762973]}, "task_type": "screen_occupancy", "task_description": "Position where wardrobe occupies 50% of vertical FOV", "target_object": {"label": "wardrobe", "id": "60", "bbox_min": [-1.1655001, -0.25441540000000007, -1.573610006744275e-09], "bbox_max": [-0.7814999397377317, 1.3915465, 2.524], "center": [-0.9735000198688659, 0.56856555, 1.261999999213195]}}
{"scene_id": "0284_840761", "object_label": "wardrobe", "preset": "back", "distance": 2.52400000157361, "init_camera": {"intrinsics": [[320.0, 0.0, 320.0], [0.0, 320.0, 240.0], [0.0, 0.0, 1.0]], "extrinsics": [[0.8660254037844386, 0.097027221425261, -0.4904953805108601, -0.11916534675705615], [0.5000000000000001, -0.16805607722578755, 0.8495629199226388, -0.9111855104974025], [-0.0, -0.9809907610217201, -0.19405444285052192, 1.6], [0.0, 0.0, 0.0, 1.0]]}, "target_region": {"type": "circle", "params": {"center": [-0.9735000198688658, 0.56856555], "radius": 2.52400000157361, "object_center": [-0.9735000198688658, 0.56856555, 1.261999999213195], "sample_distance": 2.52400000157361, "min_distance": 2.52400000157361, "requested_distance": 0.8}, "sample_point": [-3.4755166464604916, 0.900964118292111, 1.5], "sample_forward": [0.9869124057106058, -0.1311135454502604, -0.09387833431610897], "height": 1.5}, "sample_target": [-3.4755166464604916, 0.900964118292111, 1.5], "camera_params": {"forward": [0.9869124057106058, -0.1311135454502604, -0.09387833431610897]}, "task_type": "absolute_positioning", "task_description": "Move to any position 2.5m from wardrobe", "target_object": {"label": "wardrobe", "id": "60", "bbox_min": [-1.1655001, -0.25441540000000007, -1.573610006744275e-09], "bbox_max": [-0.7814999397377317, 1.3915465, 2.524], "center": [-0.9735000198688659, 0.56856555, 1.261999999213195]}}
{"scene_id": "0284_840761", "object_label": "wardrobe", "preset": "left", "distance": 2.52400000157361, "init_camera": {"intrinsics": [[320.0, 0.0, 320.0], [0.0, 320.0, 240.0], [0.0, 0.0, 1.0]], "extrinsics": [[0.8660254037844386, 0.097027221425261, -0.4904953805108601, -0.11916534675705615], [0.5000000000000001, -0.16805607722578755, 0.8495629199226388, -0.9111855104974025], [-0.0, -0.9809907610217201, -0.19405444285052192, 1.6], [0.0, 0.0, 0.0, 1.0]]}, "target_region": {"type": "circle", "params": {"center": [-0.9735000198688658, 0.56856555], "radius": 2.52400000157361, "object_center": [-0.9735000198688658, 0.56856555, 1.261999999213195], "sample_distance": 2.52400000157361, "min_distance": 2.52400000157361, "requested_distance": 1.0}, "sample_point": [0.020098825851804225, -1.7516364545086887, 1.5], "sample_forward": [-0.3919218668331888, 0.9151962131936632, -0.09387833431610897], "height": 1.5}, "sample_target": [0.020098825851804225, -1.7516364545086887, 1.5], "camera_params": {"forward": [-0.3919218668331888, 0.9151962131936632, -0.09387833431610897]}, "task_type": "absolute_positioning", "task_description": "Move to any position 2.5m from wardrobe", "target_object": {"label": "wardrobe", "id": "60", "bbox_min": [-1.1655001, -0.25441540000000007, -1.573610006744275e-09], "bbox_max": [-0.7814999397377317, 1.3915465, 2.524], "center": [-0.9735000198688659, 0.56856555, 1.261999999213195]}}
{"scene_id": "0284_840761", "object_label": "wardrobe", "preset": "right", "distance": 2.52400000157361, "init_camera": {"intrinsics": [[320.0, 0.0, 320.0], [0.0, 320.0, 240.0], [0.0, 0.0, 1.0]], "extrinsics": [[0.8660254037844386, 0.097027221425261, -0.4904953805108601, -0.11916534675705615], [0.5000000000000001, -0.16805607722578755, 0.8495629199226388, -0.9111855104974025], [-0.0, -0.9809907610217201, -0.19405444285052192, 1.6], [0.0, 0.0, 0.0, 1.0]]}, "target_region": {"type": "circle", "params": {"center": [-0.9735000198688658, 0.56856555], "radius": 2.52400000157361, "object_center": [-0.9735000198688658, 0.56856555, 1.261999999213195], "sample_distance": 2.52400000157361, "min_distance": 2.52400000157361, "requested_distance": 1.2}, "sample_point": [-0.11881844047089385, 2.943454053863155, 1.5], "sample_forward": [-0.3371263982323113, -0.9367671268575462, -0.09387833431610895], "height": 1.5}, "sample_target": [-0.11881844047089385, 2.943454053863155, 1.5], "camera_params": {"forward": [-0.3371263982323113, -0.9367671268575462, -0.09387833431610895]}, "task_type": "absolute_positioning", "task_description": "Move to any position 2.5m from wardrobe", "target_object": {"label": "wardrobe", "id": "60", "bbox_min": [-1.1655001, -0.25441540000000007, -1.573610006744275e-09], "bbox_max": [-0.7814999397377317, 1.3915465, 2.524], "center": [-0.9735000198688659, 0.56856555, 1.261999999213195]}}
{"scene_id": "0284_840761", "object_label": "wardrobe", "preset": "occupancy_30", "distance": 5.256608313131386, "init_camera": {"intrinsics": [[320.0, 0.0, 320.0], [0.0, 320.0, 240.0], [0.0, 0.0, 1.0]], "extrinsics": [[0.8660254037844386, 0.097027221425261, -0.4904953805108601, -0.11916534675705615], [0.5000000000000001, -0.16805607722578755, 0.8495629199226388, -0.9111855104974025], [-0.0, -0.9809907610217201, -0.19405444285052192, 1.6], [0.0, 0.0, 0.0, 1.0]]}, "target_region": {"type": "circle", "params": {"center": [-0.9735000198688658, 0.56856555], "radius": 5.256608313131386, "object_center": [-0.9735000198688658, 0.56856555, 1.261999999213195], "object_height": 2.52400000157361, "occupancy_ratio": 0.3, "fov_vertical": 90.0, "sample_distance": 5.256608313131386, "min_distance": 2.52400000157361}, "sample_point": [-0.49689538233515007, -4.666391849746759, 1.5], "sample_forward": [-0.09057492051393463, 0.9948620156730097, -0.045230007129454936], "height": 1.5}, "sample_target": [-0.49689538233515007, -4.666391849746759, 1.5], "camera_params": {"forward": [-0.09057492051393463, 0.9948620156730097, -0.045230007129454936]}, "task_type": "screen_occupancy", "task_description": "Position where wardrobe occupies 30% of vertical FOV", "target_object": {"label": "wardrobe", "id": "60", "bbox_min": [-1.1655001, -0.25441540000000007, -1.573610006744275e-09], "bbox_max": [-0.7814999397377317, 1.3915465, 2.524], "center": [-0.9735000198688659, 0.56856555, 1.261999999213195]}}
{"scene_id": "0284_840761", "object_label": "wardrobe", "preset": "occupancy_50", "distance": 3.0467375176143614, "init_camera": {"intrinsics": [[320.0, 0.0, 320.0], [0.0, 320.0, 240.0], [0.0, 0.0, 1.0]], "extrinsics": [[0.8660254037844386, 0.097027221425261, -0.4904953805108601, -0.11916534675705615], [0.5000000000000001, -0.16805607722578755, 0.8495629199226388, -0.9111855104974025], [-0.0, -0.9809907610217201, -0.19405444285052192, 1.6], [0.0, 0.0, 0.0, 1.0]]}, "target_region": {"type": "circle", "params": {"center": [-0.9735000198688658, 0.56856555], "radius": 3.0467375176143614, "object_center": [-0.9735000198688658, 0.56856555, 1.261999999213195], "object_height": 2.52400000157361, "occupancy_ratio": 0.5, "fov_vertical": 90.0, "sample_distance": 3.0467375176143614, "min_distance": 2.52400000157361}, "sample_point": [-2.101961506280503, -2.261484657138481, 1.5], "sample_forward": [0.3692586346637982, 0.92605772381385, -0.07787909148762973], "height": 1.5}, "sample_target": [-2.101961506280503, -2.261484657138481, 1.5], "camera_params": {"forward": [0.3692586346637982, 0.92605772381385, -0.07787909148762973]}, "task_type": "screen_occupancy", "task_description": "Position where wardrobe occupies 50% of vertical FOV", "target_object": {"label": "wardrobe", "id": "60", "bbox_min": [-1.1655001, -0.25441540000000007, -1.573610006744275e-09], "bbox_max": [-0.7814999397377317, 1.3915465, 2.524], "center": [-0.9735000198688659, 0.56856555, 1.261999999213195]}}
{"scene_id": "0284_840761", "object_label": "wardrobe", "preset": "left", "distance": 2.52400000157361, "init_camera": {"intrinsics": [[320.0, 0.0, 320.0], [0.0, 320.0, 240.0], [0.0, 0.0, 1.0]], "extrinsics": [[0.6427876096865396, 0.14865432760819158, -0.7514825212317459, 0.3354166379334742], [0.7660444431189778, -0.1247357914689402, 0.6305687064017309, -0.5297459348037425], [-0.0, -0.9809907610217201, -0.19405444285052195, 1.6], [0.0, 0.0, 0.0, 1.0]]}, "target_region": {"type": "circle", "params": {"center": [-0.9735000198688658, 0.56856555], "radius": 2.52400000157361, "object_center": [-0.9735000198688658, 0.56856555, 1.261999999213195], "sample_distance": 2.52400000157361, "min_distance": 2.52400000157361, "requested_distance": 0.8}, "sample_point": [-2.4623541125104342, -1.4695437450987778, 1.5], "sample_forward": [0.5872737050203459, 0.8039256518719307, -0.09387833431610897], "height": 1.5}, "sample_target": [-2.4623541125104342, -1.4695437450987778, 1.5], "camera_params": {"forward": [0.5872737050203459, 0.8039256518719307, -0.09387833431610897]}, "task_type": "absolute_positioning", "task_description": "Move to any position 2.5m from wardrobe", "target_object": {"label": "wardrobe", "id": "60", "bbox_min": [-1.1655001, -0.25441540000000007, -1.573610006744275e-09], "bbox_max": [-0.7814999397377317, 1.3915465, 2.524], "center": [-0.9735000198688659, 0.56856555, 1.261999999213195]}}
{"scene_id": "0284_840761", "object_label": "wardrobe", "preset": "front", "distance": 2.52400000157361, "init_camera": {"intrinsics": [[320.0, 0.0, 320.0], [0.0, 320.0, 240.0], [0.0, 0.0, 1.0]], "extrinsics": [[0.6427876096865396, 0.14865432760819158, -0.7514825212317459, 0.3354166379334742], [0.7660444431189778, -0.1247357914689402, 0.6305687064017309, -0.5297459348037425], [-0.0, -0.9809907610217201, -0.19405444285052195, 1.6], [0.0, 0.0, 0.0, 1.0]]}, "target_region": {"type": "circle", "params": {"center": [-0.9735000198688658, 0.56856555], "radius": 2.52400000157361, "object_center": [-0.9735000198688658, 0.56856555, 1.261999999213195], "sample_distance": 2.52400000157361, "min_distance": 2.52400000157361, "requested_distance": 1.5}, "sample_point": [1.2346136911863832, 1.791189714244025, 1.5], "sample_forward": [-0.8709833465930026, -0.4822601666151646, -0.09387833431610897], "height": 1.5}, "sample_target": [1.2346136911863832, 1.791189714244025, 1.5], "camera_params": {"forward": [-0.8709833465930026, -0.4822601666151646, -0.09387833431610897]}, "task_type": "absolute_positioning", "task_description": "Move to any position 2.5m from wardrobe", "target_object": {"label": "wardrobe", "id": "60", "bbox_min": [-1.1655001, -0.25441540000000007, -1.573610006744275e-09], "bbox_max": [-0.7814999397377317, 1.3915465, 2.524], "center": [-0.9735000198688659, 0.56856555, 1.261999999213195]}}
{"scene_id": "0284_840761", "object_label": "wardrobe", "preset": "occupancy_30", "distance": 5.256608313131386, "init_camera": {"intrinsics": [[320.0, 0.0, 320.0], [0.0, 320.0, 240.0], [0.0, 0.0, 1.0]], "extrinsics": [[0.6427876096865396, 0.14865432760819158, -0.7514825212317459, 0.3354166379334742], [0.7660444431189778, -0.1247357914689402, 0.6305687064017309, -0.5297459348037425], [-0.0, -0.9809907610217201, -0.19405444285052195, 1.6], [0.0, 0.0, 0.0, 1.0]]}, "target_region": {"type": "circle", "params": {"center": [-0.9735000198688658, 0.56856555], "radius": 5.256608313131386, "object_center": [-0.9735000198688658, 0.56856555, 1.261999999213195], "object_height": 2.52400000157361, "occupancy_ratio": 0.3, "fov_vertical": 90.0, "sample_distance": 5.256608313131386, "min_distance": 2.52400000157361}, "sample_point": [3.8733391309025094, 2.60328449969104, 1.5], "sample_forward": [-0.9211032294957223, -0.3866821525072241, -0.045230007129454936], "height": 1.5}, "sample_target": [3.8733391309025094, 2.60328449969104, 1.5], "camera_params": {"forward": [-0.9211032294957223, -0.3866821525072241, -0.045230007129454936]}, "task_type": "screen_occupancy", "task_description": "Position where wardrobe occupies 30% of vertical FOV", "target_object": {"label": "wardrobe", "id": "60", "bbox_min": [-1.1655001, -0.25441540000000007, -1.573610006744275e-09], "bbox_max": [-0.7814999397377317, 1.3915465, 2.524], "center": [-0.9735000198688659, 0.56856555, 1.261999999213195]}}
{"scene_id": "0284_840761", "object_label": "wardrobe", "preset": "occupancy_50", "distance": 3.0467375176143614, "init_camera": {"intrinsics": [[320.0, 0.0, 320.0], [0.0, 320.0, 240.0], [0.0, 0.0, 1.0]], "extrinsics": [[0.6427876096865396, 0.14865432760819158, -0.7514825212317459, 0.3354166379334742], [0.7660444431189778, -0.1247357914689402, 0.6305687064017309, -0.5297459348037425], [-0.0, -0.9809907610217201, -0.19405444285052195, 1.6], [0.0, 0.0, 0.0, 1.0]]}, "target_region": {"type": "circle", "params": {"center": [-0.9735000198688658, 0.56856555], "radius": 3.0467375176143614, "object_center": [-0.9735000198688658, 0.56856555, 1.261999999213195], "object_height": 2.52400000157361, "occupancy_ratio": 0.5, "fov_vertical": 90.0, "sample_distance": 3.0467375176143614, "min_distance": 2.52400000157361}, "sample_point": [-3.5728120343767302, -1.0208326230434912, 1.5], "sample_forward": [0.8505548635022364, 0.5200877534433527, -0.07787909148762973], "height": 1.5}, "sample_target": [-3.5728120343767302, -1.0208326230434912, 1.5], "camera_params": {"forward": [0.8505548635022364, 0.5200877534433527, -0.07787909148762973]}, "task_type": "screen_occupancy", "task_description": "Position where wardrobe occupies 50% of vertical FOV", "target_object": {"label": "wardrobe", "id": "60", "bbox_min": [-1.1655001, -0.25441540000000007, -1.573610006744275e-09], "bbox_max": [-0.7814999397377317, 1.3915465, 2.524], "center": [-0.9735000198688659, 0.56856555, 1.261999999213195]}}
{"scene_id": "0284_840761", "object_label": "wardrobe", "preset": "right", "distance": 2.52400000157361, "init_camera": {"intrinsics": [[320.0, 0.0, 320.0], [0.0, 320.0, 240.0], [0.0, 0.0, 1.0]], "extrinsics": [[0.5000000000000004, 0.1680560772257875, -0.8495629199226387, 0.5062510406285361], [0.8660254037844384, -0.09702722142526106, 0.4904953805108605, -0.28576912311181035], [-0.0, -0.9809907610217201, -0.19405444285052195, 1.6], [0.0, 0.0, 0.0, 1.0]]}, "target_region": {"type": "circle", "params": {"center": [-0.9735000198688658, 0.56856555], "radius": 2.52400000157361, "object_center": [-0.9735000198688658, 0.56856555, 1.261999999213195], "sample_distance": 2.52400000157361, "min_distance": 2.52400000157361, "requested_distance": 0.8}, "sample_point": [0.5485630542474796, 2.5819954609616618, 1.5], "sample_forward": [-0.6003728808811866, -0.7941909482287351, -0.09387833431610897], "height": 1.5}, "sample_target": [0.5485630542474796, 2.5819954609616618, 1.5], "camera_params": {"forward": [-0.6003728808811866, -0.7941909482287351, -0.09387833431610897]}, "task_type": "absolute_positioning", "task_description": "Move to any position 2.5m from wardrobe", "target_object": {"label": "wardrobe", "id": "60", "bbox_min": [-1.1655001, -0.25441540000000007, -1.573610006744275e-09], "bbox_max": [-0.7814999397377317, 1.3915465, 2.524], "center": [-0.9735000198688659, 0.56856555, 1.261999999213195]}}
{"scene_id": "0284_840761", "object_label": "wardrobe", "preset": "right", "distance": 2.52400000157361, "init_camera": {"intrinsics": [[320.0, 0.0, 320.0], [0.0, 320.0, 240.0], [0.0, 0.0, 1.0]], "extrinsics": [[0.5000000000000004, 0.1680560772257875, -0.8495629199226387, 0.5062510406285361], [0.8660254037844384, -0.09702722142526106, 0.4904953805108605, -0.28576912311181035], [-0.0, -0.9809907610217201, -0.19405444285052195, 1.6], [0.0, 0.0, 0.0, 1.0]]}, "target_region": {"type": "circle", "params": {"center": [-0.9735000198688658, 0.56856555], "radius": 2.52400000157361, "object_center": [-0.9735000198688658, 0.56856555, 1.261999999213195], "sample_distance": 2.52400000157361, "min_distance": 2.52400000157361, "requested_distance": 1.0}, "sample_point": [0.25555015789803914, 2.773108964967082, 1.5], "sample_forward": [-0.48479488696737644, -0.8695750547918918, -0.09387833431610897], "height": 1.5}, "sample_target": [0.25555015789803914, 2.773108964967082, 1.5], "camera_params": {"forward": [-0.48479488696737644, -0.8695750547918918, -0.09387833431610897]}, "task_type": "absolute_positioning", "task_description": "Move to any position 2.5m from wardrobe", "target_object": {"label": "wardrobe", "id": "60", "bbox_min": [-1.1655001, -0.25441540000000007, -1.573610006744275e-09], "bbox_max": [-0.7814999397377317, 1.3915465, 2.524], "center": [-0.9735000198688659, 0.56856555, 1.261999999213195]}}
{"scene_id": "0284_840761", "object_label": "wardrobe", "preset": "front", "distance": 2.52400000157361, "init_camera": {"intrinsics": [[320.0, 0.0, 320.0], [0.0, 320.0, 240.0], [0.0, 0.0, 1.0]], "extrinsics": [[0.5000000000000004, 0.1680560772257875, -0.8495629199226387, 0.5062510406285361], [0.8660254037844384, -0.09702722142526106, 0.4904953805108605, -0.28576912311181035], [-0.0, -0.9809907610217201, -0.19405444285052195, 1.6], [0.0, 0.0, 0.0, 1.0]]}, "target_region": {"type": "circle", "params": {"center": [-0.9735000198688658, 0.56856555], "radius": 2.52400000157361, "object_center": [-0.9735000198688658, 0.56856555, 1.261999999213195], "sample_distance": 2.52400000157361, "min_distance": 2.52400000157361, "requested_distance": 1.2}, "sample_point": [0.8950475853949232, 2.2653583643431485, 1.5], "sample_forward": [-0.7370425890445799, -0.6692944645524087, -0.093878334316109], "height": 1.5}, "sample_target": [0.8950475853949232, 2.2653583643431485, 1.5], "camera_params": {"forward": [-0.7370425890445799, -0.6692944645524087, -0.093878334316109]}, "task_type": "absolute_positioning", "task_description": "Move to any position 2.5m from wardrobe", "target_object": {"label": "wardrobe", "id": "60", "bbox_min": [-1.1655001, -0.25441540000000007, -1.573610006744275e-09], "bbox_max": [-0.7814999397377317, 1.3915465, 2.524], "center": [-0.9735000198688659, 0.56856555, 1.261999999213195]}}
{"scene_id": "0284_840761", "object_label": "wardrobe", "preset": "left", "distance": 2.52400000157361, "init_camera": {"intrinsics": [[320.0, 0.0, 320.0], [0.0, 320.0, 240.0], [0.0, 0.0, 1.0]], "extrinsics": [[0.5000000000000004, 0.1680560772257875, -0.8495629199226387, 0.5062510406285361], [0.8660254037844384, -0.09702722142526106, 0.4904953805108605, -0.28576912311181035], [-0.0, -0.9809907610217201, -0.19405444285052195, 1.6], [0.0, 0.0, 0.0, 1.0]]}, "target_region": {"type": "circle", "params": {"center": [-0.9735000198688658, 0.56856555], "radius": 2.52400000157361, "object_center": [-0.9735000198688658, 0.56856555, 1.261999999213195], "sample_distance": 2.52400000157361, "min_distance": 2.52400000157361, "requested_distance": 1.5}, "sample_point": [0.3706725054726737, -1.5677341083018341, 1.5], "sample_forward": [-0.5302045264511509, 0.8426565246153047, -0.09387833431610897], "height": 1.5}, "sample_target": [0.3706725054726737, -1.5677341083018341, 1.5], "camera_params": {"forward": [-0.5302045264511509, 0.8426565246153047, -0.09387833431610897]}, "task_type": "absolute_positioning", "task_description": "Move to any position 2.5m from wardrobe", "target_object": {"label": "wardrobe", "id": "60", "bbox_min": [-1.1655001, -0.25441540000000007, -1.573610006744275e-09], "bbox_max": [-0.7814999397377317, 1.3915465, 2.524], "center": [-0.9735000198688659, 0.56856555, 1.261999999213195]}}
{"scene_id": "0284_840761", "object_label": "wardrobe", "preset": "occupancy_30", "distance": 5.256608313131386, "init_camera": {"intrinsics": [[320.0, 0.0, 320.0], [0.0, 320.0, 240.0], [0.0, 0.0, 1.0]], "extrinsics": [[0.5000000000000004, 0.1680560772257875, -0.8495629199226387, 0.5062510406285361], [0.8660254037844384, -0.09702722142526106, 0.4904953805108605, -0.28576912311181035], [-0.0, -0.9809907610217201, -0.19405444285052195, 1.6], [0.0, 0.0, 0.0, 1.0]]}, "target_region": {"type": "circle", "params": {"center": [-0.9735000198688658, 0.56856555], "radius": 5.256608313131386, "object_center": [-0.9735000198688658, 0.56856555, 1.261999999213195], "object_height": 2.52400000157361, "occupancy_ratio": 0.3, "fov_vertical": 90.0, "sample_distance": 5.256608313131386, "min_distance": 2.52400000157361}, "sample_point": [-5.020959853678284, -2.785536394094936, 1.5], "sample_forward": [0.7691875484629489, 0.6374203963983488, -0.04523000712945494], "height": 1.5}, "sample_target": [-5.020959853678284, -2.785536394094936, 1.5], "camera_params": {"forward": [0.7691875484629489, 0.6374203963983488, -0.04523000712945494]}, "task_type": "screen_occupancy", "task_description": "Position where wardrobe occupies 30% of vertical FOV", "target_object": {"label": "wardrobe", "id": "60", "bbox_min": [-1.1655001, -0.25441540000000007, -1.573610006744275e-09], "bbox_max": [-0.7814999397377317, 1.3915465, 2.524], "center": [-0.9735000198688659, 0.56856555, 1.261999999213195]}}
{"scene_id": "0284_840761", "object_label": "wardrobe", "preset": "occupancy_50", "distance": 3.0467375176143614, "init_camera": {"intrinsics": [[320.0, 0.0, 320.0], [0.0, 320.0, 240.0], [0.0, 0.0, 1.0]], "extrinsics": [[0.5000000000000004, 0.1680560772257875, -0.8495629199226387, 0.5062510406285361], [0.8660254037844384, -0.09702722142526106, 0.4904953805108605, -0.28576912311181035], [-0.0, -0.9809907610217201, -0.19405444285052195, 1.6], [0.0, 0.0, 0.0, 1.0]]}, "target_region": {"type": "circle", "params": {"center": [-0.9735000198688658, 0.56856555], "radius": 3.0467375176143614, "object_center": [-0.9735000198688658, 0.56856555, 1.261999999213195], "object_height": 2.52400000157361, "occupancy_ratio": 0.5, "fov_vertical": 90.0, "sample_distance": 3.0467375176143614, "min_distance": 2.52400000157361}, "sample_point": [-3.9406580517063734, -0.12323117978490405, 1.5], "sample_forward": [0.9709225674613523, 0.22637185139349197, -0.07787909148762973], "height": 1.5}, "sample_target": [-3.9406580517063734, -0.12323117978490405, 1.5], "camera_params": {"forward": [0.9709225674613523, 0.22637185139349197, -0.07787909148762973]}, "task_type": "screen_occupancy", "task_description": "Position where wardrobe occupies 50% of vertical FOV", "target_object": {"label": "wardrobe", "id": "60", "bbox_min": [-1.1655001, -0.25441540000000007, -1.573610006744275e-09], "bbox_max": [-0.7814999397377317, 1.3915465, 2.524], "center": [-0.9735000198688659, 0.56856555, 1.261999999213195]}}
{"scene_id": "0284_840761", "object_label": "wardrobe", "preset": "front", "distance": 2.52400000157361, "init_camera": {"intrinsics": [[320.0, 0.0, 320.0], [0.0, 320.0, 240.0], [0.0, 0.0, 1.0]], "extrinsics": [[0.9396926207859082, -0.0663705283567184, 0.3355186006858061, -1.5578993545604458], [-0.34202014332566927, -0.18235152797735618, 0.9218297791912627, -1.0370584260094171], [0.0, -0.9809907610217201, -0.19405444285052192, 1.6], [0.0, 0.0, 0.0, 1.0]]}, "target_region": {"type": "circle", "params": {"center": [-0.9735000198688658, 0.56856555], "radius": 2.52400000157361, "object_center": [-0.9735000198688658, 0.56856555, 1.261999999213195], "sample_distance": 2.52400000157361, "min_distance": 2.52400000157361, "requested_distance": 1.2}, "sample_point": [1.5163832030751205, 0.15497451522573147, 1.5], "sample_forward": [-0.9821264236927078, 0.16313965253918122, -0.093878334316109], "height": 1.5}, "sample_target": [1.5163832030751205, 0.15497451522573147, 1.5], "camera_params": {"forward": [-0.9821264236927078, 0.16313965253918122, -0.093878334316109]}, "task_type": "absolute_positioning", "task_description": "Move to any position 2.5m from wardrobe", "target_object": {"label": "wardrobe", "id": "60", "bbox_min": [-1.1655001, -0.25441540000000007, -1.573610006744275e-09], "bbox_max": [-0.7814999397377317, 1.3915465, 2.524], "center": [-0.9735000198688659, 0.56856555, 1.261999999213195]}}
{"scene_id": "0284_840761", "object_label": "wardrobe", "preset": "occupancy_30", "distance": 5.256608313131386, "init_camera": {"intrinsics": [[320.0, 0.0, 320.0], [0.0, 320.0, 240.0], [0.0, 0.0, 1.0]], "extrinsics": [[0.9396926207859082, -0.0663705283567184, 0.3355186006858061, -1.5578993545604458], [-0.34202014332566927, -0.18235152797735618, 0.9218297791912627, -1.0370584260094171], [0.0, -0.9809907610217201, -0.19405444285052192, 1.6], [0.0, 0.0, 0.0, 1.0]]}, "target_region": {"type": "circle", "params": {"center": [-0.9735000198688658, 0.56856555], "radius": 5.256608313131386, "object_center": [-0.9735000198688658, 0.56856555, 1.261999999213195], "object_height": 2.52400000157361, "occupancy_ratio": 0.3, "fov_vertical": 90.0, "sample_distance": 5.256608313131386, "min_distance": 2.52400000157361}, "sample_point": [-2.8579694181476283, -4.338644048604167, 1.5], "sample_forward": [0.35812842032609593, 0.9325761529279014, -0.045230007129454936], "height": 1.5}, "sample_target": [-2.8579694181476283, -4.338644048604167, 1.5], "camera_params": {"forward": [0.35812842032609593, 0.9325761529279014, -0.045230007129454936]}, "task_type": "screen_occupancy", "task_description": "Position where wardrobe occupies 30% of vertical FOV", "target_object": {"label": "wardrobe", "id": "60", "bbox_min": [-1.1655001, -0.25441540000000007, -1.573610006744275e-09], "bbox_max": [-0.7814999397377317, 1.3915465, 2.524], "center": [-0.9735000198688659, 0.56856555, 1.261999999213195]}}
{"scene_id": "0284_840761", "object_label": "wardrobe", "preset": "occupancy_50", "distance": 3.0467375176143614, "init_camera": {"intrinsics": [[320.0, 0.0, 320.0], [0.0, 320.0, 240.0], [0.0, 0.0, 1.0]], "extrinsics": [[0.9396926207859082, -0.0663705283567184, 0.3355186006858061, -1.5578993545604458], [-0.34202014332566927, -0.18235152797735618, 0.9218297791912627, -1.0370584260094171], [0.0, -0.9809907610217201, -0.19405444285052192, 1.6], [0.0, 0.0, 0.0, 1.0]]}, "target_region": {"type": "circle", "params": {"center": [-0.9735000198688658, 0.56856555], "radius": 3.0467375176143614, "object_center": [-0.9735000198688658, 0.56856555, 1.261999999213195], "object_height": 2.52400000157361, "occupancy_ratio": 0.5, "fov_vertical": 90.0, "sample_distance": 3.0467375176143614, "min_distance": 2.52400000157361}, "sample_point": [-3.463825956941104, -1.1866797970623983, 1.5], "sample_forward": [0.8148921043953985, 0.5743567752739583, -0.07787909148762973], "height": 1.5}, "sample_target": [-3.463825956941104, -1.1866797970623983, 1.5], "camera_params": {"forward": [0.8148921043953985, 0.5743567752739583, -0.07787909148762973]}, "task_type": "screen_occupancy", "task_description": "Position where wardrobe occupies 50% of vertical FOV", "target_object": {"label": "wardrobe", "id": "60", "bbox_min": [-1.1655001, -0.25441540000000007, -1.573610006744275e-09], "bbox_max": [-0.7814999397377317, 1.3915465, 2.524], "center": [-0.9735000198688659, 0.56856555, 1.261999999213195]}}
{"scene_id": "0284_840761", "object_label": "wardrobe", "preset": "left", "distance": 2.5000000019670128, "init_camera": {"intrinsics": [[320.0, 0.0, 320.0], [0.0, 320.0, 240.0], [0.0, 0.0, 1.0]], "extrinsics": [[1.0, 0.0, 0.0, 4.957499945360762], [-0.0, -0.22965637550585755, 0.9732717756051043, -0.35028179997523967], [0.0, -0.9732717756051044, -0.22965637550585752, 1.6], [0.0, 0.0, 0.0, 1.0]]}, "target_region": {"type": "circle", "params": {"center": [4.9574999453607616, 1.133], "radius": 2.5000000019670128, "object_center": [4.9574999453607616, 1.133, 1.2499999994098963], "sample_distance": 2.5000000019670128, "min_distance": 2.5000000019670128, "requested_distance": 0.8}, "sample_point": [4.2816130121540645, -1.2739019222551446, 1.5], "sample_forward": [0.26901305375120316, 0.9579827695640408, -0.09950371917602864], "height": 1.5}, "sample_target": [4.2816130121540645, -1.2739019222551446, 1.5], "camera_params": {"forward": [0.26901305375120316, 0.9579827695640408, -0.09950371917602864]}, "task_type": "absolute_positioning", "task_description": "Move to any position 2.5m from wardrobe", "target_object": {"label": "wardrobe", "id": "63", "bbox_min": [4.614999890721525, 0.891, -1.573610006744275e-09], "bbox_max": [5.3, 1.375, 2.5000000003934026], "center": [4.957499945360762, 1.133, 1.2499999994098963]}}
{"scene_id": "0284_840761", "object_label": "wardrobe", "preset": "back", "distance": 2.5000000019670128, "init_camera": {"intrinsics": [[320.0, 0.0, 320.0], [0.0, 320.0, 240.0], [0.0, 0.0, 1.0]], "extrinsics": [[1.0, 0.0, 0.0, 4.957499945360762], [-0.0, -0.22965637550585755, 0.9732717756051043, -0.35028179997523967], [0.0, -0.9732717756051044, -0.22965637550585752, 1.6], [0.0, 0.0, 0.0, 1.0]]}, "target_region": {"type": "circle", "params": {"center": [4.9574999453607616, 1.133], "radius": 2.5000000019670128, "object_center": [4.9574999453607616, 1.133, 1.2499999994098963], "sample_distance": 2.5000000019670128, "min_distance": 2.5000000019670128, "requested_distance": 1.2}, "sample_point": [2.530164629217033, 1.7313671722583788, 1.5], "sample_forward": [0.9661155642940557, -0.2381590357280542, -0.09950371917602865], "height": 1.5}, "sample_target": [2.530164629217033, 1.7313671722583788, 1.5], "camera_params": {"forward": [0.9661155642940557, -0.2381590357280542, -0.09950371917602865]}, "task_type": "absolute_positioning", "task_description": "Move to any position 2.5m from wardrobe", "target_object": {"label": "wardrobe", "id": "63", "bbox_min": [4.614999890721525, 0.891, -1.573610006744275e-09], "bbox_max": [5.3, 1.375, 2.5000000003934026], "center": [4.957499945360762, 1.133, 1.2499999994098963]}}
{"scene_id": "0284_840761", "object_label": "wardrobe", "preset": "back", "distance": 2.5000000019670128, "init_camera": {"intrinsics": [[320.0, 0.0, 320.0], [0.0, 320.0, 240.0], [0.0, 0.0, 1.0]], "extrinsics": [[1.0, 0.0, 0.0, 4.957499945360762], [-0.0, -0.22965637550585755, 0.9732717756051043, -0.35028179997523967], [0.0, -0.9732717756051044, -0.22965637550585752, 1.6], [0.0, 0.0, 0.0, 1.0]]}, "target_region": {"type": "circle", "params": {"center": [4.9574999453607616, 1.133], "radius": 2.5000000019670128, "object_center": [4.9574999453607616, 1.133, 1.2499999994098963], "sample_distance": 2.5000000019670128, "min_distance": 2.5000000019670128, "requested_distance": 1.5}, "sample_point": [2.9915733539193994, -0.41138746657010006, 1.5], "sample_forward": [0.7824680280549247, 0.6146891856393567, -0.09950371917602864], "height": 1.5}, "sample_target": [2.9915733539193994, -0.41138746657010006, 1.5], "camera_params": {"forward": [0.7824680280549247, 0.6146891856393567, -0.09950371917602864]}, "task_type": "absolute_positioning", "task_description": "Move to any position 2.5m from wardrobe", "target_object": {"label": "wardrobe", "id": "63", "bbox_min": [4.614999890721525, 0.891, -1.573610006744275e-09], "bbox_max": [5.3, 1.375, 2.5000000003934026], "center": [4.957499945360762, 1.133, 1.2499999994098963]}}
