{"scene_id": "0014_841007", "object_label": "cabinet", "preset": "right", "distance": 2.913823101509927, "init_camera": {"intrinsics": [[320.0, 0.0, 320.0], [0.0, 320.0, 240.0], [0.0, 0.0, 1.0]], "extrinsics": [[-0.49999999999999983, 0.19671820273703877, 0.8433871878988378, 2.2249435889073315], [-0.8660254037844388, -0.11357530730472865, -0.48692981996447526, -0.15963127375066388], [0.0, -0.973859639928951, 0.22715061460945737, 1.6], [0.0, 0.0, 0.0, 1.0]]}, "target_region": {"type": "circle", "params": {"center": [3.710103008676711, -1.0170884645440232], "radius": 2.913823101509927, "object_center": [3.710103008676711, -1.0170884645440232, 1.999999999803299], "sample_distance": 2.913823101509927, "min_distance": 2.913823101509927, "requested_distance": 0.8}, "sample_point": [3.632598049790686, 1.89570367500885, 1.5], "sample_forward": [0.026215895904910313, -0.985246061938469, 0.16912399071876627], "height": 1.5}, "sample_target": [3.632598049790686, 1.89570367500885, 1.5], "camera_params": {"forward": [0.026215895904910313, -0.985246061938469, 0.16912399071876627]}, "task_type": "absolute_positioning", "task_description": "Move to any position 2.9m from cabinet", "target_object": {"label": "cabinet", "id": "86", "bbox_min": [3.5073529984701013, -2.4740000152989867, 1.5999999996065977], "bbox_max": [3.912853018883321, 0.43982308621094035, 2.4], "center": [3.710103008676711, -1.0170884645440232, 1.9999999998032987]}}
{"scene_id": "0014_841007", "object_label": "cabinet", "preset": "front", "distance": 2.913823101509927, "init_camera": {"intrinsics": [[320.0, 0.0, 320.0], [0.0, 320.0, 240.0], [0.0, 0.0, 1.0]], "extrinsics": [[-0.49999999999999983, 0.19671820273703877, 0.8433871878988378, 2.2249435889073315], [-0.8660254037844388, -0.11357530730472865, -0.48692981996447526, -0.15963127375066388], [0.0, -0.973859639928951, 0.22715061460945737, 1.6], [0.0, 0.0, 0.0, 1.0]]}, "target_region": {"type": "circle", "params": {"center": [3.710103008676711, -1.0170884645440232], "radius": 2.913823101509927, "object_center": [3.710103008676711, -1.0170884645440232, 1.999999999803299], "sample_distance": 2.913823101509927, "min_distance": 2.913823101509927, "requested_distance": 1.2}, "sample_point": [6.383610808446413, 0.14166997079247934, 1.5], "sample_forward": [-0.9043086169853576, -0.39194770188047867, 0.16912399071876627], "height": 1.5}, "sample_target": [6.383610808446413, 0.14166997079247934, 1.5], "camera_params": {"forward": [-0.9043086169853576, -0.39194770188047867, 0.16912399071876627]}, "task_type": "absolute_positioning", "task_description": "Move to any position 2.9m from cabinet", "target_object": {"label": "cabinet", "id": "86", "bbox_min": [3.5073529984701013, -2.4740000152989867, 1.5999999996065977], "bbox_max": [3.912853018883321, 0.43982308621094035, 2.4], "center": [3.710103008676711, -1.0170884645440232, 1.9999999998032987]}}
{"scene_id": "0014_841007", "object_label": "cabinet", "preset": "right", "distance": 2.913823101509927, "init_camera": {"intrinsics": [[320.0, 0.0, 320.0], [0.0, 320.0, 240.0], [0.0, 0.0, 1.0]], "extrinsics": [[-0.49999999999999983, 0.19671820273703877, 0.8433871878988378, 2.2249435889073315], [-0.8660254037844388, -0.11357530730472865, -0.48692981996447526, -0.15963127375066388], [0.0, -0.973859639928951, 0.22715061460945737, 1.6], [0.0, 0.0, 0.0, 1.0]]}, "target_region": {"type": "circle", "params": {"center": [3.710103008676711, -1.0170884645440232], "radius": 2.913823101509927, "object_center": [3.710103008676711, -1.0170884645440232, 1.999999999803299], "sample_distance": 2.913823101509927, "min_distance": 2.913823101509927, "requested_distance": 1.5}, "sample_point": [2.4591331185187886, 1.6145344949262739, 1.5], "sample_forward": [0.42313804035151253, -0.890141154295677, 0.16912399071876627], "height": 1.5}, "sample_target": [2.4591331185187886, 1.6145344949262739, 1.5], "camera_params": {"forward": [0.42313804035151253, -0.890141154295677, 0.16912399071876627]}, "task_type": "absolute_positioning", "task_description": "Move to any position 2.9m from cabinet", "target_object": {"label": "cabinet", "id": "86", "bbox_min": [3.5073529984701013, -2.4740000152989867, 1.5999999996065977], "bbox_max": [3.912853018883321, 0.43982308621094035, 2.4], "center": [3.710103008676711, -1.0170884645440232, 1.9999999998032987]}}
{"scene_id": "0014_841007", "object_label": "cabinet", "preset": "occupancy_20", "distance": 2.913823101509927, "init_camera": {"intrinsics": [[320.0, 0.0, 320.0], [0.0, 320.0, 240.0], [0.0, 0.0, 1.0]], "extrinsics": [[-0.49999999999999983, 0.19671820273703877, 0.8433871878988378, 2.2249435889073315], [-0.8660254037844388, -0.11357530730472865, -0.48692981996447526, -0.15963127375066388], [0.0, -0.973859639928951, 0.22715061460945737, 1.6], [0.0, 0.0, 0.0, 1.0]]}, "target_region": {"type": "circle", "params": {"center": [3.710103008676711, -1.0170884645440232], "radius": 2.913823101509927, "object_center": [3.710103008676711, -1.0170884645440232, 1.999999999803299], "object_height": 0.8000000003934022, "occupancy_ratio": 0.2, "fov_vertical": 90.0, "sample_distance": 2.913823101509927, "min_distance": 2.913823101509927}, "sample_point": [3.9640533228752357, 1.885647194246043, 1.5], "sample_forward": [-0.08589818119687065, -0.9818444776187459, 0.16912399071876627], "height": 1.5}, "sample_target": [3.9640533228752357, 1.885647194246043, 1.5], "camera_params": {"forward": [-0.08589818119687065, -0.9818444776187459, 0.16912399071876627]}, "task_type": "screen_occupancy", "task_description": "Position where cabinet occupies 20% of vertical FOV", "target_object": {"label": "cabinet", "id": "86", "bbox_min": [3.5073529984701013, -2.4740000152989867, 1.5999999996065977], "bbox_max": [3.912853018883321, 0.43982308621094035, 2.4], "center": [3.710103008676711, -1.0170884645440232, 1.9999999998032987]}}
{"scene_id": "0014_841007", "object_label": "cabinet", "preset": "left", "distance": 2.913823101509927, "init_camera": {"intrinsics": [[320.0, 0.0, 320.0], [0.0, 320.0, 240.0], [0.0, 0.0, 1.0]], "extrinsics": [[-0.766044443118978, 0.1460096006036414, 0.6259849101201242, 2.607777292519514], [-0.6427876096865394, -0.17400746607263537, -0.7460197655454216, 0.29661216789530154], [0.0, -0.9738596399289509, 0.22715061460945737, 1.6], [0.0, 0.0, 0.0, 1.0]]}, "target_region": {"type": "circle", "params": {"center": [3.710103008676711, -1.0170884645440232], "radius": 2.913823101509927, "object_center": [3.710103008676711, -1.0170884645440232, 1.999999999803299], "sample_distance": 2.913823101509927, "min_distance": 2.913823101509927, "requested_distance": 0.8}, "sample_point": [1.6654738305469738, -3.093107874576946, 1.5], "sample_forward": [0.6915916925627386, 0.7022093751450241, 0.1691239907187663], "height": 1.5}, "sample_target": [1.6654738305469738, -3.093107874576946, 1.5], "camera_params": {"forward": [0.6915916925627386, 0.7022093751450241, 0.1691239907187663]}, "task_type": "absolute_positioning", "task_description": "Move to any position 2.9m from cabinet", "target_object": {"label": "cabinet", "id": "86", "bbox_min": [3.5073529984701013, -2.4740000152989867, 1.5999999996065977], "bbox_max": [3.912853018883321, 0.43982308621094035, 2.4], "center": [3.710103008676711, -1.0170884645440232, 1.9999999998032987]}}
{"scene_id": "0014_841007", "object_label": "cabinet", "preset": "right", "distance": 2.913823101509927, "init_camera": {"intrinsics": [[320.0, 0.0, 320.0], [0.0, 320.0, 240.0], [0.0, 0.0, 1.0]], "extrinsics": [[-0.766044443118978, 0.1460096006036414, 0.6259849101201242, 2.607777292519514], [-0.6427876096865394, -0.17400746607263537, -0.7460197655454216, 0.29661216789530154], [0.0, -0.9738596399289509, 0.22715061460945737, 1.6], [0.0, 0.0, 0.0, 1.0]]}, "target_region": {"type": "circle", "params": {"center": [3.710103008676711, -1.0170884645440232], "radius": 2.913823101509927, "object_center": [3.710103008676711, -1.0170884645440232, 1.999999999803299], "sample_distance": 2.913823101509927, "min_distance": 2.913823101509927, "requested_distance": 1.0}, "sample_point": [5.5465904509440325, 1.2451402907518159, 1.5], "sample_forward": [-0.6211881705266754, -0.7651943103297886, 0.1691239907187663], "height": 1.5}, "sample_target": [5.5465904509440325, 1.2451402907518159, 1.5], "camera_params": {"forward": [-0.6211881705266754, -0.7651943103297886, 0.1691239907187663]}, "task_type": "absolute_positioning", "task_description": "Move to any position 2.9m from cabinet", "target_object": {"label": "cabinet", "id": "86", "bbox_min": [3.5073529984701013, -2.4740000152989867, 1.5999999996065977], "bbox_max": [3.912853018883321, 0.43982308621094035, 2.4], "center": [3.710103008676711, -1.0170884645440232, 1.9999999998032987]}}
{"scene_id": "0014_841007", "object_label": "cabinet", "preset": "back", "distance": 2.913823101509927, "init_camera": {"intrinsics": [[320.0, 0.0, 320.0], [0.0, 320.0, 240.0], [0.0, 0.0, 1.0]], "extrinsics": [[-0.766044443118978, 0.1460096006036414, 0.6259849101201242, 2.607777292519514], [-0.6427876096865394, -0.17400746607263537, -0.7460197655454216, 0.29661216789530154], [0.0, -0.9738596399289509, 0.22715061460945737, 1.6], [0.0, 0.0, 0.0, 1.0]]}, "target_region": {"type": "circle", "params": {"center": [3.710103008676711, -1.0170884645440232], "radius": 2.913823101509927, "object_center": [3.710103008676711, -1.0170884645440232, 1.999999999803299], "sample_distance": 2.913823101509927, "min_distance": 2.913823101509927, "requested_distance": 1.2}, "sample_point": [0.9647686565194262, -0.040612985201058716, 1.5], "sample_forward": [0.9286038033536325, -0.3302908599409419, 0.16912399071876627], "height": 1.5}, "sample_target": [0.9647686565194262, -0.040612985201058716, 1.5], "camera_params": {"forward": [0.9286038033536325, -0.3302908599409419, 0.16912399071876627]}, "task_type": "absolute_positioning", "task_description": "Move to any position 2.9m from cabinet", "target_object": {"label": "cabinet", "id": "86", "bbox_min": [3.5073529984701013, -2.4740000152989867, 1.5999999996065977], "bbox_max": [3.912853018883321, 0.43982308621094035, 2.4], "center": [3.710103008676711, -1.0170884645440232, 1.9999999998032987]}}
{"scene_id": "0014_841007", "object_label": "cabinet", "preset": "back", "distance": 2.913823101509927, "init_camera": {"intrinsics": [[320.0, 0.0, 320.0], [0.0, 320.0, 240.0], [0.0, 0.0, 1.0]], "extrinsics": [[-0.766044443118978, 0.1460096006036414, 0.6259849101201242, 2.607777292519514], [-0.6427876096865394, -0.17400746607263537, -0.7460197655454216, 0.29661216789530154], [0.0, -0.9738596399289509, 0.22715061460945737, 1.6], [0.0, 0.0, 0.0, 1.0]]}, "target_region": {"type": "circle", "params": {"center": [3.710103008676711, -1.0170884645440232], "radius": 2.913823101509927, "object_center": [3.710103008676711, -1.0170884645440232, 1.999999999803299], "sample_distance": 2.913823101509927, "min_distance": 2.913823101509927, "requested_distance": 1.5}, "sample_point": [1.0540765266822913, 0.18119714157718714, 1.5], "sample_forward": [0.8983955965326743, -0.40531768761560255, 0.1691239907187663], "height": 1.5}, "sample_target": [1.0540765266822913, 0.18119714157718714, 1.5], "camera_params": {"forward": [0.8983955965326743, -0.40531768761560255, 0.1691239907187663]}, "task_type": "absolute_positioning", "task_description": "Move to any position 2.9m from cabinet", "target_object": {"label": "cabinet", "id": "86", "bbox_min": [3.5073529984701013, -2.4740000152989867, 1.5999999996065977], "bbox_max": [3.912853018883321, 0.43982308621094035, 2.4], "center": [3.710103008676711, -1.0170884645440232, 1.9999999998032987]}}
{"scene_id": "0014_841007", "object_label": "cabinet", "preset": "occupancy_20", "distance": 2.913823101509927, "init_camera": {"intrinsics": [[320.0, 0.0, 320.0], [0.0, 320.0, 240.0], [0.0, 0.0, 1.0]], "extrinsics": [[-0.766044443118978, 0.1460096006036414, 0.6259849101201242, 2.607777292519514], [-0.6427876096865394, -0.17400746607263537, -0.7460197655454216, 0.29661216789530154], [0.0, -0.9738596399289509, 0.22715061460945737, 1.6], [0.0, 0.0, 0.0, 1.0]]}, "target_region": {"type": "circle", "params": {"center": [3.710103008676711, -1.0170884645440232], "radius": 2.913823101509927, "object_center": [3.710103008676711, -1.0170884645440232, 1.999999999803299], "object_height": 0.8000000003934022, "occupancy_ratio": 0.2, "fov_vertical": 90.0, "sample_distance": 2.913823101509927, "min_distance": 2.913823101509927}, "sample_point": [1.0741416738903644, 0.22471381778771393, 1.5], "sample_forward": [0.8916086009896266, -0.42003711550847456, 0.1691239907187663], "height": 1.5}, "sample_target": [1.0741416738903644, 0.22471381778771393, 1.5], "camera_params": {"forward": [0.8916086009896266, -0.42003711550847456, 0.1691239907187663]}, "task_type": "screen_occupancy", "task_description": "Position where cabinet occupies 20% of vertical FOV", "target_object": {"label": "cabinet", "id": "86", "bbox_min": [3.5073529984701013, -2.4740000152989867, 1.5999999996065977], "bbox_max": [3.912853018883321, 0.43982308621094035, 2.4], "center": [3.710103008676711, -1.0170884645440232, 1.9999999998032987]}}
{"scene_id": "0014_841007", "object_label": "cabinet", "preset": "front", "distance": 2.913823101509927, "init_camera": {"intrinsics": [[320.0, 0.0, 320.0], [0.0, 320.0, 240.0], [0.0, 0.0, 1.0]], "extrinsics": [[-0.6427876096865394, 0.17400746607263537, 0.7460197655454216, 2.3964023762373863], [-0.766044443118978, -0.1460096006036414, -0.6259849101201242, 0.08523725161317386], [0.0, -0.9738596399289509, 0.22715061460945737, 1.6], [0.0, 0.0, 0.0, 1.0]]}, "target_region": {"type": "circle", "params": {"center": [3.710103008676711, -1.0170884645440232], "radius": 2.913823101509927, "object_center": [3.710103008676711, -1.0170884645440232, 1.999999999803299], "sample_distance": 2.913823101509927, "min_distance": 2.913823101509927, "requested_distance": 0.8}, "sample_point": [6.168207781181213, 0.5475475935485665, 1.5], "sample_forward": [-0.831448977788707, -0.5292349885423987, 0.16912399071876633], "height": 1.5}, "sample_target": [6.168207781181213, 0.5475475935485665, 1.5], "camera_params": {"forward": [-0.831448977788707, -0.5292349885423987, 0.16912399071876633]}, "task_type": "absolute_positioning", "task_description": "Move to any position 2.9m from cabinet", "target_object": {"label": "cabinet", "id": "86", "bbox_min": [3.5073529984701013, -2.4740000152989867, 1.5999999996065977], "bbox_max": [3.912853018883321, 0.43982308621094035, 2.4], "center": [3.710103008676711, -1.0170884645440232, 1.9999999998032987]}}
{"scene_id": "0014_841007", "object_label": "cabinet", "preset": "right", "distance": 2.913823101509927, "init_camera": {"intrinsics": [[320.0, 0.0, 320.0], [0.0, 320.0, 240.0], [0.0, 0.0, 1.0]], "extrinsics": [[-0.6427876096865394, 0.17400746607263537, 0.7460197655454216, 2.3964023762373863], [-0.766044443118978, -0.1460096006036414, -0.6259849101201242, 0.08523725161317386], [0.0, -0.9738596399289509, 0.22715061460945737, 1.6], [0.0, 0.0, 0.0, 1.0]]}, "target_region": {"type": "circle", "params": {"center": [3.710103008676711, -1.0170884645440232], "radius": 2.913823101509927, "object_center": [3.710103008676711, -1.0170884645440232, 1.999999999803299], "sample_distance": 2.913823101509927, "min_distance": 2.913823101509927, "requested_distance": 1.0}, "sample_point": [5.411614162716329, 1.348334300961479, 1.5], "sample_forward": [-0.575532713473763, -0.800099475993383, 0.1691239907187663], "height": 1.5}, "sample_target": [5.411614162716329, 1.348334300961479, 1.5], "camera_params": {"forward": [-0.575532713473763, -0.800099475993383, 0.1691239907187663]}, "task_type": "absolute_positioning", "task_description": "Move to any position 2.9m from cabinet", "target_object": {"label": "cabinet", "id": "86", "bbox_min": [3.5073529984701013, -2.4740000152989867, 1.5999999996065977], "bbox_max": [3.912853018883321, 0.43982308621094035, 2.4], "center": [3.710103008676711, -1.0170884645440232, 1.9999999998032987]}}
{"scene_id": "0014_841007", "object_label": "cabinet", "preset": "back", "distance": 2.913823101509927, "init_camera": {"intrinsics": [[320.0, 0.0, 320.0], [0.0, 320.0, 240.0], [0.0, 0.0, 1.0]], "extrinsics": [[-0.6427876096865394, 0.17400746607263537, 0.7460197655454216, 2.3964023762373863], [-0.766044443118978, -0.1460096006036414, -0.6259849101201242, 0.08523725161317386], [0.0, -0.9738596399289509, 0.22715061460945737, 1.6], [0.0, 0.0, 0.0, 1.0]]}, "target_region": {"type": "circle", "params": {"center": [3.710103008676711, -1.0170884645440232], "radius": 2.913823101509927, "object_center": [3.710103008676711, -1.0170884645440232, 1.999999999803299], "sample_distance": 2.913823101509927, "min_distance": 2.913823101509927, "requested_distance": 1.2}, "sample_point": [1.1943869453940987, 0.4531284432062468, 1.5], "sample_forward": [0.8509358806100795, -0.4972979015174979, 0.16912399071876627], "height": 1.5}, "sample_target": [1.1943869453940987, 0.4531284432062468, 1.5], "camera_params": {"forward": [0.8509358806100795, -0.4972979015174979, 0.16912399071876627]}, "task_type": "absolute_positioning", "task_description": "Move to any position 2.9m from cabinet", "target_object": {"label": "cabinet", "id": "86", "bbox_min": [3.5073529984701013, -2.4740000152989867, 1.5999999996065977], "bbox_max": [3.912853018883321, 0.43982308621094035, 2.4], "center": [3.710103008676711, -1.0170884645440232, 1.9999999998032987]}}
{"scene_id": "0014_841007", "object_label": "cabinet", "preset": "occupancy_20", "distance": 2.913823101509927, "init_camera": {"intrinsics": [[320.0, 0.0, 320.0], [0.0, 320.0, 240.0], [0.0, 0.0, 1.0]], "extrinsics": [[-0.6427876096865394, 0.17400746607263537, 0.7460197655454216, 2.3964023762373863], [-0.766044443118978, -0.1460096006036414, -0.6259849101201242, 0.08523725161317386], [0.0, -0.9738596399289509, 0.22715061460945737, 1.6], [0.0, 0.0, 0.0, 1.0]]}, "target_region": {"type": "circle", "params": {"center": [3.710103008676711, -1.0170884645440232], "radius": 2.913823101509927, "object_center": [3.710103008676711, -1.0170884645440232, 1.999999999803299], "object_height": 0.8000000003934022, "occupancy_ratio": 0.2, "fov_vertical": 90.0, "sample_distance": 2.913823101509927, "min_distance": 2.913823101509927}, "sample_point": [4.939697290866375, 1.6245895945879776, 1.5], "sample_forward": [-0.4159077841014047, -0.8935422714607395, 0.16912399071876627], "height": 1.5}, "sample_target": [4.939697290866375, 1.6245895945879776, 1.5], "camera_params": {"forward": [-0.4159077841014047, -0.8935422714607395, 0.16912399071876627]}, "task_type": "screen_occupancy", "task_description": "Position where cabinet occupies 20% of vertical FOV", "target_object": {"label": "cabinet", "id": "86", "bbox_min": [3.5073529984701013, -2.4740000152989867, 1.5999999996065977], "bbox_max": [3.912853018883321, 0.43982308621094035, 2.4], "center": [3.710103008676711, -1.0170884645440232, 1.9999999998032987]}}
{"scene_id": "0014_841007", "object_label": "cabinet", "preset": "right", "distance": 2.913823101509927, "init_camera": {"intrinsics": [[320.0, 0.0, 320.0], [0.0, 320.0, 240.0], [0.0, 0.0, 1.0]], "extrinsics": [[-0.34202014332566893, 0.2134517563554909, 0.9151287173224567, 2.098610619020042], [-0.9396926207859083, -0.07769008576524043, -0.3330796136275841, -0.4305532019624828], [0.0, -0.9738596399289509, 0.22715061460945743, 1.6], [0.0, 0.0, 0.0, 1.0]]}, "target_region": {"type": "circle", "params": {"center": [3.710103008676711, -1.0170884645440232], "radius": 2.913823101509927, "object_center": [3.710103008676711, -1.0170884645440232, 1.999999999803299], "sample_distance": 2.913823101509927, "min_distance": 2.913823101509927, "requested_distance": 0.8}, "sample_point": [4.171360478739655, 1.8599945396816218, 1.5], "sample_forward": [-0.15601940823315227, -0.9731675189904027, 0.1691239907187663], "height": 1.5}, "sample_target": [4.171360478739655, 1.8599945396816218, 1.5], "camera_params": {"forward": [-0.15601940823315227, -0.9731675189904027, 0.1691239907187663]}, "task_type": "absolute_positioning", "task_description": "Move to any position 2.9m from cabinet", "target_object": {"label": "cabinet", "id": "86", "bbox_min": [3.5073529984701013, -2.4740000152989867, 1.5999999996065977], "bbox_max": [3.912853018883321, 0.43982308621094035, 2.4], "center": [3.710103008676711, -1.0170884645440232, 1.9999999998032987]}}
{"scene_id": "0014_841007", "object_label": "cabinet", "preset": "back", "distance": 2.913823101509927, "init_camera": {"intrinsics": [[320.0, 0.0, 320.0], [0.0, 320.0, 240.0], [0.0, 0.0, 1.0]], "extrinsics": [[-0.34202014332566893, 0.2134517563554909, 0.9151287173224567, 2.098610619020042], [-0.9396926207859083, -0.07769008576524043, -0.3330796136275841, -0.4305532019624828], [0.0, -0.9738596399289509, 0.22715061460945743, 1.6], [0.0, 0.0, 0.0, 1.0]]}, "target_region": {"type": "circle", "params": {"center": [3.710103008676711, -1.0170884645440232], "radius": 2.913823101509927, "object_center": [3.710103008676711, -1.0170884645440232, 1.999999999803299], "sample_distance": 2.913823101509927, "min_distance": 2.913823101509927, "requested_distance": 1.0}, "sample_point": [0.8848608056105798, -0.30408666867884915, 1.5], "sample_forward": [0.9556324726351942, -0.24117141830760813, 0.16912399071876627], "height": 1.5}, "sample_target": [0.8848608056105798, -0.30408666867884915, 1.5], "camera_params": {"forward": [0.9556324726351942, -0.24117141830760813, 0.16912399071876627]}, "task_type": "absolute_positioning", "task_description": "Move to any position 2.9m from cabinet", "target_object": {"label": "cabinet", "id": "86", "bbox_min": [3.5073529984701013, -2.4740000152989867, 1.5999999996065977], "bbox_max": [3.912853018883321, 0.43982308621094035, 2.4], "center": [3.710103008676711, -1.0170884645440232, 1.9999999998032987]}}
{"scene_id": "0014_841007", "object_label": "cabinet", "preset": "right", "distance": 2.913823101509927, "init_camera": {"intrinsics": [[320.0, 0.0, 320.0], [0.0, 320.0, 240.0], [0.0, 0.0, 1.0]], "extrinsics": [[-0.34202014332566893, 0.2134517563554909, 0.9151287173224567, 2.098610619020042], [-0.9396926207859083, -0.07769008576524043, -0.3330796136275841, -0.4305532019624828], [0.0, -0.9738596399289509, 0.22715061460945743, 1.6], [0.0, 0.0, 0.0, 1.0]]}, "target_region": {"type": "circle", "params": {"center": [3.710103008676711, -1.0170884645440232], "radius": 2.913823101509927, "object_center": [3.710103008676711, -1.0170884645440232, 1.999999999803299], "sample_distance": 2.913823101509927, "min_distance": 2.913823101509927, "requested_distance": 1.2}, "sample_point": [4.9655647222095585, 1.6123945555087966, 1.5], "sample_forward": [-0.4246573905416525, -0.8894173241070319, 0.16912399071876627], "height": 1.5}, "sample_target": [4.9655647222095585, 1.6123945555087966, 1.5], "camera_params": {"forward": [-0.4246573905416525, -0.8894173241070319, 0.16912399071876627]}, "task_type": "absolute_positioning", "task_description": "Move to any position 2.9m from cabinet", "target_object": {"label": "cabinet", "id": "86", "bbox_min": [3.5073529984701013, -2.4740000152989867, 1.5999999996065977], "bbox_max": [3.912853018883321, 0.43982308621094035, 2.4], "center": [3.710103008676711, -1.0170884645440232, 1.9999999998032987]}}
{"scene_id": "0014_841007", "object_label": "cabinet", "preset": "back", "distance": 2.913823101509927, "init_camera": {"intrinsics": [[320.0, 0.0, 320.0], [0.0, 320.0, 240.0], [0.0, 0.0, 1.0]], "extrinsics": [[-0.34202014332566893, 0.2134517563554909, 0.9151287173224567, 2.098610619020042], [-0.9396926207859083, -0.07769008576524043, -0.3330796136275841, -0.4305532019624828], [0.0, -0.9738596399289509, 0.22715061460945743, 1.6], [0.0, 0.0, 0.0, 1.0]]}, "target_region": {"type": "circle", "params": {"center": [3.710103008676711, -1.0170884645440232], "radius": 2.913823101509927, "object_center": [3.710103008676711, -1.0170884645440232, 1.999999999803299], "sample_distance": 2.913823101509927, "min_distance": 2.913823101509927, "requested_distance": 1.5}, "sample_point": [0.7988186327965376, -0.895481106012892, 1.5], "sample_forward": [0.9847360639194929, -0.04113344356728744, 0.1691239907187663], "height": 1.5}, "sample_target": [0.7988186327965376, -0.895481106012892, 1.5], "camera_params": {"forward": [0.9847360639194929, -0.04113344356728744, 0.1691239907187663]}, "task_type": "absolute_positioning", "task_description": "Move to any position 2.9m from cabinet", "target_object": {"label": "cabinet", "id": "86", "bbox_min": [3.5073529984701013, -2.4740000152989867, 1.5999999996065977], "bbox_max": [3.912853018883321, 0.43982308621094035, 2.4], "center": [3.710103008676711, -1.0170884645440232, 1.9999999998032987]}}
{"scene_id": "0014_841007", "object_label": "cabinet", "preset": "occupancy_20", "distance": 2.913823101509927, "init_camera": {"intrinsics": [[320.0, 0.0, 320.0], [0.0, 320.0, 240.0], [0.0, 0.0, 1.0]], "extrinsics": [[-0.34202014332566893, 0.2134517563554909, 0.9151287173224567, 2.098610619020042], [-0.9396926207859083, -0.07769008576524043, -0.3330796136275841, -0.4305532019624828], [0.0, -0.9738596399289509, 0.22715061460945743, 1.6], [0.0, 0.0, 0.0, 1.0]]}, "target_region": {"type": "circle", "params": {"center": [3.710103008676711, -1.0170884645440232], "radius": 2.913823101509927, "object_center": [3.710103008676711, -1.0170884645440232, 1.999999999803299], "object_height": 0.8000000003934022, "occupancy_ratio": 0.2, "fov_vertical": 90.0, "sample_distance": 2.913823101509927, "min_distance": 2.913823101509927}, "sample_point": [2.594664793922063, -3.7089581968969645, 1.5], "sample_forward": [0.37729472470747316, 0.9105195036193738, 0.16912399071876627], "height": 1.5}, "sample_target": [2.594664793922063, -3.7089581968969645, 1.5], "camera_params": {"forward": [0.37729472470747316, 0.9105195036193738, 0.16912399071876627]}, "task_type": "screen_occupancy", "task_description": "Position where cabinet occupies 20% of vertical FOV", "target_object": {"label": "cabinet", "id": "86", "bbox_min": [3.5073529984701013, -2.4740000152989867, 1.5999999996065977], "bbox_max": [3.912853018883321, 0.43982308621094035, 2.4], "center": [3.710103008676711, -1.0170884645440232, 1.9999999998032987]}}
{"scene_id": "0014_841007", "object_label": "cabinet", "preset": "back", "distance": 2.913823101509927, "init_camera": {"intrinsics": [[320.0, 0.0, 320.0], [0.0, 320.0, 240.0], [0.0, 0.0, 1.0]], "extrinsics": [[-1.294785368349324e-16, 0.2271506146094574, 0.9738596399289509, 1.9951886270899921], [-1.0, -2.9411129220788164e-17, -1.2609392126059468e-16, -1.017088464544023], [0.0, -0.9738596399289509, 0.2271506146094574, 1.6], [0.0, 0.0, 0.0, 1.0]]}, "target_region": {"type": "circle", "params": {"center": [3.710103008676711, -1.0170884645440232], "radius": 2.913823101509927, "object_center": [3.710103008676711, -1.0170884645440232, 1.999999999803299], "sample_distance": 2.913823101509927, "min_distance": 2.913823101509927, "requested_distance": 0.8}, "sample_point": [0.8804654771628808, -1.712441976896732, 1.5], "sample_forward": [0.9571191836109683, 0.23520192203133106, 0.16912399071876627], "height": 1.5}, "sample_target": [0.8804654771628808, -1.712441976896732, 1.5], "camera_params": {"forward": [0.9571191836109683, 0.23520192203133106, 0.16912399071876627]}, "task_type": "absolute_positioning", "task_description": "Move to any position 2.9m from cabinet", "target_object": {"label": "cabinet", "id": "86", "bbox_min": [3.5073529984701013, -2.4740000152989867, 1.5999999996065977], "bbox_max": [3.912853018883321, 0.43982308621094035, 2.4], "center": [3.710103008676711, -1.0170884645440232, 1.9999999998032987]}}
{"scene_id": "0014_841007", "object_label": "cabinet", "preset": "back", "distance": 2.913823101509927, "init_camera": {"intrinsics": [[320.0, 0.0, 320.0], [0.0, 320.0, 240.0], [0.0, 0.0, 1.0]], "extrinsics": [[-1.294785368349324e-16, 0.2271506146094574, 0.9738596399289509, 1.9951886270899921], [-1.0, -2.9411129220788164e-17, -1.2609392126059468e-16, -1.017088464544023], [0.0, -0.9738596399289509, 0.2271506146094574, 1.6], [0.0, 0.0, 0.0, 1.0]]}, "target_region": {"type": "circle", "params": {"center": [3.710103008676711, -1.0170884645440232], "radius": 2.913823101509927, "object_center": [3.710103008676711, -1.0170884645440232, 1.999999999803299], "sample_distance": 2.913823101509927, "min_distance": 2.913823101509927, "requested_distance": 1.0}, "sample_point": [0.8073585116532014, -0.7632391945181656, 1.5], "sample_forward": [0.9818474671333689, -0.08586400320941659, 0.1691239907187663], "height": 1.5}, "sample_target": [0.8073585116532014, -0.7632391945181656, 1.5], "camera_params": {"forward": [0.9818474671333689, -0.08586400320941659, 0.1691239907187663]}, "task_type": "absolute_positioning", "task_description": "Move to any position 2.9m from cabinet", "target_object": {"label": "cabinet", "id": "86", "bbox_min": [3.5073529984701013, -2.4740000152989867, 1.5999999996065977], "bbox_max": [3.912853018883321, 0.43982308621094035, 2.4], "center": [3.710103008676711, -1.0170884645440232, 1.9999999998032987]}}
{"scene_id": "0014_841007", "object_label": "cabinet", "preset": "back", "distance": 2.913823101509927, "init_camera": {"intrinsics": [[320.0, 0.0, 320.0], [0.0, 320.0, 240.0], [0.0, 0.0, 1.0]], "extrinsics": [[-1.294785368349324e-16, 0.2271506146094574, 0.9738596399289509, 1.9951886270899921], [-1.0, -2.9411129220788164e-17, -1.2609392126059468e-16, -1.017088464544023], [0.0, -0.9738596399289509, 0.2271506146094574, 1.6], [0.0, 0.0, 0.0, 1.0]]}, "target_region": {"type": "circle", "params": {"center": [3.710103008676711, -1.0170884645440232], "radius": 2.913823101509927, "object_center": [3.710103008676711, -1.0170884645440232, 1.999999999803299], "sample_distance": 2.913823101509927, "min_distance": 2.913823101509927, "requested_distance": 1.2}, "sample_point": [1.1986434115266529, 0.46038768036519273, 1.5], "sample_forward": [0.8494961395321194, -0.4997533238342537, 0.16912399071876627], "height": 1.5}, "sample_target": [1.1986434115266529, 0.46038768036519273, 1.5], "camera_params": {"forward": [0.8494961395321194, -0.4997533238342537, 0.16912399071876627]}, "task_type": "absolute_positioning", "task_description": "Move to any position 2.9m from cabinet", "target_object": {"label": "cabinet", "id": "86", "bbox_min": [3.5073529984701013, -2.4740000152989867, 1.5999999996065977], "bbox_max": [3.912853018883321, 0.43982308621094035, 2.4], "center": [3.710103008676711, -1.0170884645440232, 1.9999999998032987]}}
{"scene_id": "0014_841007", "object_label": "cabinet", "preset": "back", "distance": 2.913823101509927, "init_camera": {"intrinsics": [[320.0, 0.0, 320.0], [0.0, 320.0, 240.0], [0.0, 0.0, 1.0]], "extrinsics": [[-1.294785368349324e-16, 0.2271506146094574, 0.9738596399289509, 1.9951886270899921], [-1.0, -2.9411129220788164e-17, -1.2609392126059468e-16, -1.017088464544023], [0.0, -0.9738596399289509, 0.2271506146094574, 1.6], [0.0, 0.0, 0.0, 1.0]]}, "target_region": {"type": "circle", "params": {"center": [3.710103008676711, -1.0170884645440232], "radius": 2.913823101509927, "object_center": [3.710103008676711, -1.0170884645440232, 1.999999999803299], "sample_distance": 2.913823101509927, "min_distance": 2.913823101509927, "requested_distance": 1.5}, "sample_point": [0.8335933216507145, -0.552269050858951, 1.5], "sample_forward": [0.9729735956048218, -0.15722422847380546, 0.16912399071876627], "height": 1.5}, "sample_target": [0.8335933216507145, -0.552269050858951, 1.5], "camera_params": {"forward": [0.9729735956048218, -0.15722422847380546, 0.16912399071876627]}, "task_type": "absolute_positioning", "task_description": "Move to any position 2.9m from cabinet", "target_object": {"label": "cabinet", "id": "86", "bbox_min": [3.5073529984701013, -2.4740000152989867, 1.5999999996065977], "bbox_max": [3.912853018883321, 0.43982308621094035, 2.4], "center": [3.710103008676711, -1.0170884645440232, 1.9999999998032987]}}
{"scene_id": "0014_841007", "object_label": "cabinet", "preset": "occupancy_20", "distance": 2.913823101509927, "init_camera": {"intrinsics": [[320.0, 0.0, 320.0], [0.0, 320.0, 240.0], [0.0, 0.0, 1.0]], "extrinsics": [[-1.294785368349324e-16, 0.2271506146094574, 0.9738596399289509, 1.9951886270899921], [-1.0, -2.9411129220788164e-17, -1.2609392126059468e-16, -1.017088464544023], [0.0, -0.9738596399289509, 0.2271506146094574, 1.6], [0.0, 0.0, 0.0, 1.0]]}, "target_region": {"type": "circle", "params": {"center": [3.710103008676711, -1.0170884645440232], "radius": 2.913823101509927, "object_center": [3.710103008676711, -1.0170884645440232, 1.999999999803299], "object_height": 0.8000000003934022, "occupancy_ratio": 0.2, "fov_vertical": 90.0, "sample_distance": 2.913823101509927, "min_distance": 2.913823101509927}, "sample_point": [0.8432174762381366, -0.49619268726480514, 1.5], "sample_forward": [0.9697182447413029, -0.17619194527334434, 0.16912399071876627], "height": 1.5}, "sample_target": [0.8432174762381366, -0.49619268726480514, 1.5], "camera_params": {"forward": [0.9697182447413029, -0.17619194527334434, 0.16912399071876627]}, "task_type": "screen_occupancy", "task_description": "Position where cabinet occupies 20% of vertical FOV", "target_object": {"label": "cabinet", "id": "86", "bbox_min": [3.5073529984701013, -2.4740000152989867, 1.5999999996065977], "bbox_max": [3.912853018883321, 0.43982308621094035, 2.4], "center": [3.710103008676711, -1.0170884645440232, 1.9999999998032987]}}
{"scene_id": "0014_841007", "object_label": "shower head", "preset": "left", "distance": 1.5, "init_camera": {"intrinsics": [[320.0, 0.0, 320.0], [0.0, 320.0, 240.0], [0.0, 0.0, 1.0]], "extrinsics": [[-0.17364817766693072, -0.09124221141289486, 0.9805718582793608, 0.5419070975902337], [-0.984807753012208, 0.01608846365159923, -0.17290127513808887, -0.0660436278664554], [0.0, -0.9956987597631203, -0.09264976959595869, 1.6], [0.0, 0.0, 0.0, 1.0]]}, "target_region": {"type": "circle", "params": {"center": [1.3297533000000001, -0.20496217], "radius": 1.5, "object_center": [1.3297533000000001, -0.20496217, 1.52556], "sample_distance": 1.5, "min_distance": 1.0845400390625, "requested_distance": 1.5}, "sample_point": [0.40858720250634795, -1.388791980753351, 1.5], "sample_forward": [0.6140215939862725, 0.7891053192090031, 0.01703752665777769], "height": 1.5}, "sample_target": [0.40858720250634795, -1.388791980753351, 1.5], "camera_params": {"forward": [0.6140215939862725, 0.7891053192090031, 0.01703752665777769]}, "task_type": "absolute_positioning", "task_description": "Move to any position 1.5m from shower head", "target_object": {"label": "shower head", "id": "107", "bbox_min": [1.183597285530749, -0.40193316943067436, 0.9832899804687499], "bbox_max": [1.475909314469251, -0.007991170569325618, 2.06783001953125], "center": [1.3297533000000001, -0.20496217, 1.5255599999999998]}}
{"scene_id": "0014_841007", "object_label": "shower head", "preset": "occupancy_20", "distance": 3.423758157178295, "init_camera": {"intrinsics": [[320.0, 0.0, 320.0], [0.0, 320.0, 240.0], [0.0, 0.0, 1.0]], "extrinsics": [[-0.17364817766693072, -0.09124221141289486, 0.9805718582793608, 0.5419070975902337], [-0.984807753012208, 0.01608846365159923, -0.17290127513808887, -0.0660436278664554], [0.0, -0.9956987597631203, -0.09264976959595869, 1.6], [0.0, 0.0, 0.0, 1.0]]}, "target_region": {"type": "circle", "params": {"center": [1.3297533000000001, -0.20496217], "radius": 3.423758157178295, "object_center": [1.3297533000000001, -0.20496217, 1.52556], "object_height": 1.0845400390625, "occupancy_ratio": 0.2, "fov_vertical": 90.0, "sample_distance": 3.423758157178295, "min_distance": 1.0845400390625}, "sample_point": [4.3748191927829545, 1.3601875440704672, 1.5], "sample_forward": [-0.8893680279396161, -0.4571310321829951, 0.00746527254074003], "height": 1.5}, "sample_target": [4.3748191927829545, 1.3601875440704672, 1.5], "camera_params": {"forward": [-0.8893680279396161, -0.4571310321829951, 0.00746527254074003]}, "task_type": "screen_occupancy", "task_description": "Position where shower head occupies 20% of vertical FOV", "target_object": {"label": "shower head", "id": "107", "bbox_min": [1.183597285530749, -0.40193316943067436, 0.9832899804687499], "bbox_max": [1.475909314469251, -0.007991170569325618, 2.06783001953125], "center": [1.3297533000000001, -0.20496217, 1.5255599999999998]}}
{"scene_id": "0014_841007", "object_label": "shower head", "preset": "occupancy_30", "distance": 2.2587171876804417, "init_camera": {"intrinsics": [[320.0, 0.0, 320.0], [0.0, 320.0, 240.0], [0.0, 0.0, 1.0]], "extrinsics": [[-0.17364817766693072, -0.09124221141289486, 0.9805718582793608, 0.5419070975902337], [-0.984807753012208, 0.01608846365159923, -0.17290127513808887, -0.0660436278664554], [0.0, -0.9956987597631203, -0.09264976959595869, 1.6], [0.0, 0.0, 0.0, 1.0]]}, "target_region": {"type": "circle", "params": {"center": [1.3297533000000001, -0.20496217], "radius": 2.2587171876804417, "object_center": [1.3297533000000001, -0.20496217, 1.52556], "object_height": 1.0845400390625, "occupancy_ratio": 0.3, "fov_vertical": 90.0, "sample_distance": 2.2587171876804417, "min_distance": 1.0845400390625}, "sample_point": [0.05815767313976683, -2.0717369008320237, 1.5], "sample_forward": [0.5629364420893601, 0.8264227266585344, 0.011315433268146635], "height": 1.5}, "sample_target": [0.05815767313976683, -2.0717369008320237, 1.5], "camera_params": {"forward": [0.5629364420893601, 0.8264227266585344, 0.011315433268146635]}, "task_type": "screen_occupancy", "task_description": "Position where shower head occupies 30% of vertical FOV", "target_object": {"label": "shower head", "id": "107", "bbox_min": [1.183597285530749, -0.40193316943067436, 0.9832899804687499], "bbox_max": [1.475909314469251, -0.007991170569325618, 2.06783001953125], "center": [1.3297533000000001, -0.20496217, 1.5255599999999998]}}
{"scene_id": "0014_841007", "object_label": "shower head", "preset": "occupancy_50", "distance": 1.3091556356206668, "init_camera": {"intrinsics": [[320.0, 0.0, 320.0], [0.0, 320.0, 240.0], [0.0, 0.0, 1.0]], "extrinsics": [[-0.17364817766693072, -0.09124221141289486, 0.9805718582793608, 0.5419070975902337], [-0.984807753012208, 0.01608846365159923, -0.17290127513808887, -0.0660436278664554], [0.0, -0.9956987597631203, -0.09264976959595869, 1.6], [0.0, 0.0, 0.0, 1.0]]}, "target_region": {"type": "circle", "params": {"center": [1.3297533000000001, -0.20496217], "radius": 1.3091556356206668, "object_center": [1.3297533000000001, -0.20496217, 1.52556], "object_height": 1.0845400390625, "occupancy_ratio": 0.5, "fov_vertical": 90.0, "sample_distance": 1.3091556356206668, "min_distance": 1.0845400390625}, "sample_point": [0.7997009390217378, 0.9920896137164448, 1.5], "sample_forward": [0.4048039443522504, -0.9141951235685303, 0.0195203145563724], "height": 1.5}, "sample_target": [0.7997009390217378, 0.9920896137164448, 1.5], "camera_params": {"forward": [0.4048039443522504, -0.9141951235685303, 0.0195203145563724]}, "task_type": "screen_occupancy", "task_description": "Position where shower head occupies 50% of vertical FOV", "target_object": {"label": "shower head", "id": "107", "bbox_min": [1.183597285530749, -0.40193316943067436, 0.9832899804687499], "bbox_max": [1.475909314469251, -0.007991170569325618, 2.06783001953125], "center": [1.3297533000000001, -0.20496217, 1.5255599999999998]}}
