{"scene_id": "0365_840302", "object_label": "display cabinet", "preset": "occupancy_20", "distance": 7.450226787316551, "init_camera": {"intrinsics": [[320.0, 0.0, 320.0], [0.0, 320.0, 240.0], [0.0, 0.0, 1.0]], "extrinsics": [[0.9396926207859085, 0.08269730814969653, -0.33187186332273605, -1.3408292872821002], [0.3420201433256682, -0.2272089867909723, 0.9118104506315495, -2.645866031835797], [-0.0, -0.9703284142733398, -0.2417907534497258, 1.6], [0.0, 0.0, 0.0, 1.0]]}, "target_region": {"type": "circle", "params": {"center": [-1.9173037, -1.0620156], "radius": 7.450226787316551, "object_center": [-1.9173037, -1.0620156, 1.18], "object_height": 2.36, "occupancy_ratio": 0.2, "fov_vertical": 90.0, "sample_distance": 7.450226787316551, "min_distance": 2.36}, "sample_point": [-9.330501547093483, -1.8038894857094494, 1.5], "sample_forward": [0.9941132515651899, 0.09948563035628132, -0.042912147640250246], "height": 1.5}, "sample_target": [-9.330501547093483, -1.8038894857094494, 1.5], "camera_params": {"forward": [0.9941132515651899, 0.09948563035628132, -0.042912147640250246]}, "task_type": "screen_occupancy", "task_description": "Position where display cabinet occupies 20% of vertical FOV", "target_object": {"label": "display cabinet", "id": "122", "bbox_min": [-2.0863037054639237, -1.187015607387225, 0.0], "bbox_max": [-1.7483036945360761, -0.937015592612775, 2.36], "center": [-1.9173037, -1.0620156, 1.18]}}
{"scene_id": "0365_840302", "object_label": "display cabinet", "preset": "occupancy_30", "distance": 4.915053728706693, "init_camera": {"intrinsics": [[320.0, 0.0, 320.0], [0.0, 320.0, 240.0], [0.0, 0.0, 1.0]], "extrinsics": [[0.9396926207859085, 0.08269730814969653, -0.33187186332273605, -1.3408292872821002], [0.3420201433256682, -0.2272089867909723, 0.9118104506315495, -2.645866031835797], [-0.0, -0.9703284142733398, -0.2417907534497258, 1.6], [0.0, 0.0, 0.0, 1.0]]}, "target_region": {"type": "circle", "params": {"center": [-1.9173037, -1.0620156], "radius": 4.915053728706693, "object_center": [-1.9173037, -1.0620156, 1.18], "object_height": 2.36, "occupancy_ratio": 0.3, "fov_vertical": 90.0, "sample_distance": 4.915053728706693, "min_distance": 2.36}, "sample_point": [2.1459243878301537, -3.827504826582103, 1.5], "sample_forward": [-0.8249439328932926, 0.5614682488004187, -0.0649685552520448], "height": 1.5}, "sample_target": [2.1459243878301537, -3.827504826582103, 1.5], "camera_params": {"forward": [-0.8249439328932926, 0.5614682488004187, -0.0649685552520448]}, "task_type": "screen_occupancy", "task_description": "Position where display cabinet occupies 30% of vertical FOV", "target_object": {"label": "display cabinet", "id": "122", "bbox_min": [-2.0863037054639237, -1.187015607387225, 0.0], "bbox_max": [-1.7483036945360761, -0.937015592612775, 2.36], "center": [-1.9173037, -1.0620156, 1.18]}}
{"scene_id": "0365_840302", "object_label": "display cabinet", "preset": "occupancy_50", "distance": 2.848772003600252, "init_camera": {"intrinsics": [[320.0, 0.0, 320.0], [0.0, 320.0, 240.0], [0.0, 0.0, 1.0]], "extrinsics": [[0.9396926207859085, 0.08269730814969653, -0.33187186332273605, -1.3408292872821002], [0.3420201433256682, -0.2272089867909723, 0.9118104506315495, -2.645866031835797], [-0.0, -0.9703284142733398, -0.2417907534497258, 1.6], [0.0, 0.0, 0.0, 1.0]]}, "target_region": {"type": "circle", "params": {"center": [-1.9173037, -1.0620156], "radius": 2.848772003600252, "object_center": [-1.9173037, -1.0620156, 1.18], "object_height": 2.36, "occupancy_ratio": 0.5, "fov_vertical": 90.0, "sample_distance": 2.848772003600252, "min_distance": 2.36}, "sample_point": [0.24038078722501166, 0.7980649310752364, 1.5], "sample_forward": [-0.752674949552209, -0.6488604002018292, -0.1116270637726421], "height": 1.5}, "sample_target": [0.24038078722501166, 0.7980649310752364, 1.5], "camera_params": {"forward": [-0.752674949552209, -0.6488604002018292, -0.1116270637726421]}, "task_type": "screen_occupancy", "task_description": "Position where display cabinet occupies 50% of vertical FOV", "target_object": {"label": "display cabinet", "id": "122", "bbox_min": [-2.0863037054639237, -1.187015607387225, 0.0], "bbox_max": [-1.7483036945360761, -0.937015592612775, 2.36], "center": [-1.9173037, -1.0620156, 1.18]}}
{"scene_id": "0365_840302", "object_label": "display cabinet", "preset": "back", "distance": 2.36, "init_camera": {"intrinsics": [[320.0, 0.0, 320.0], [0.0, 320.0, 240.0], [0.0, 0.0, 1.0]], "extrinsics": [[-0.984807753012208, 0.051640909417937614, -0.16579175516754202, -1.683156716102015], [0.17364817766693041, 0.29287015073047445, -0.9402517669241911, 0.2658979328989626], [0.0, -0.9547566660074166, -0.29738814487871307, 1.6], [0.0, 0.0, 0.0, 1.0]]}, "target_region": {"type": "circle", "params": {"center": [-1.9173037, -1.0620156], "radius": 2.36, "object_center": [-1.9173037, -1.0620156, 1.18], "sample_distance": 2.36, "min_distance": 2.36, "requested_distance": 1.0}, "sample_point": [-3.70390083907403, 0.47995413467461145, 1.5], "sample_forward": [0.7501679804064786, -0.6474522411405452, -0.1343636729735781], "height": 1.5}, "sample_target": [-3.70390083907403, 0.47995413467461145, 1.5], "camera_params": {"forward": [0.7501679804064786, -0.6474522411405452, -0.1343636729735781]}, "task_type": "absolute_positioning", "task_description": "Move to any position 2.4m from display cabinet", "target_object": {"label": "display cabinet", "id": "122", "bbox_min": [-2.0863037054639237, -1.187015607387225, 0.0], "bbox_max": [-1.7483036945360761, -0.937015592612775, 2.36], "center": [-1.9173037, -1.0620156, 1.18]}}
{"scene_id": "0365_840302", "object_label": "display cabinet", "preset": "right", "distance": 2.36, "init_camera": {"intrinsics": [[320.0, 0.0, 320.0], [0.0, 320.0, 240.0], [0.0, 0.0, 1.0]], "extrinsics": [[-0.984807753012208, 0.051640909417937614, -0.16579175516754202, -1.683156716102015], [0.17364817766693041, 0.29287015073047445, -0.9402517669241911, 0.2658979328989626], [0.0, -0.9547566660074166, -0.29738814487871307, 1.6], [0.0, 0.0, 0.0, 1.0]]}, "target_region": {"type": "circle", "params": {"center": [-1.9173037, -1.0620156], "radius": 2.36, "object_center": [-1.9173037, -1.0620156, 1.18], "sample_distance": 2.36, "min_distance": 2.36, "requested_distance": 1.2}, "sample_point": [-0.5714947379128679, 0.8766432760186653, 1.5], "sample_forward": [-0.5650869852087061, -0.8140166475771763, -0.1343636729735781], "height": 1.5}, "sample_target": [-0.5714947379128679, 0.8766432760186653, 1.5], "camera_params": {"forward": [-0.5650869852087061, -0.8140166475771763, -0.1343636729735781]}, "task_type": "absolute_positioning", "task_description": "Move to any position 2.4m from display cabinet", "target_object": {"label": "display cabinet", "id": "122", "bbox_min": [-2.0863037054639237, -1.187015607387225, 0.0], "bbox_max": [-1.7483036945360761, -0.937015592612775, 2.36], "center": [-1.9173037, -1.0620156, 1.18]}}
{"scene_id": "0365_840302", "object_label": "display cabinet", "preset": "back", "distance": 2.36, "init_camera": {"intrinsics": [[320.0, 0.0, 320.0], [0.0, 320.0, 240.0], [0.0, 0.0, 1.0]], "extrinsics": [[-0.984807753012208, 0.051640909417937614, -0.16579175516754202, -1.683156716102015], [0.17364817766693041, 0.29287015073047445, -0.9402517669241911, 0.2658979328989626], [0.0, -0.9547566660074166, -0.29738814487871307, 1.6], [0.0, 0.0, 0.0, 1.0]]}, "target_region": {"type": "circle", "params": {"center": [-1.9173037, -1.0620156], "radius": 2.36, "object_center": [-1.9173037, -1.0620156, 1.18], "sample_distance": 2.36, "min_distance": 2.36, "requested_distance": 1.5}, "sample_point": [-3.6120615873888102, 0.5803594190298849, 1.5], "sample_forward": [0.7116059204703195, -0.6896110623653299, -0.13436367297357812], "height": 1.5}, "sample_target": [-3.6120615873888102, 0.5803594190298849, 1.5], "camera_params": {"forward": [0.7116059204703195, -0.6896110623653299, -0.13436367297357812]}, "task_type": "absolute_positioning", "task_description": "Move to any position 2.4m from display cabinet", "target_object": {"label": "display cabinet", "id": "122", "bbox_min": [-2.0863037054639237, -1.187015607387225, 0.0], "bbox_max": [-1.7483036945360761, -0.937015592612775, 2.36], "center": [-1.9173037, -1.0620156, 1.18]}}
{"scene_id": "0365_840302", "object_label": "display cabinet", "preset": "occupancy_20", "distance": 7.450226787316551, "init_camera": {"intrinsics": [[320.0, 0.0, 320.0], [0.0, 320.0, 240.0], [0.0, 0.0, 1.0]], "extrinsics": [[-0.984807753012208, 0.051640909417937614, -0.16579175516754202, -1.683156716102015], [0.17364817766693041, 0.29287015073047445, -0.9402517669241911, 0.2658979328989626], [0.0, -0.9547566660074166, -0.29738814487871307, 1.6], [0.0, 0.0, 0.0, 1.0]]}, "target_region": {"type": "circle", "params": {"center": [-1.9173037, -1.0620156], "radius": 7.450226787316551, "object_center": [-1.9173037, -1.0620156, 1.18], "object_height": 2.36, "occupancy_ratio": 0.2, "fov_vertical": 90.0, "sample_distance": 7.450226787316551, "min_distance": 2.36}, "sample_point": [5.518224027146205, -0.5942479212436569, 1.5], "sample_forward": [-0.9971076987827256, -0.06272786153790419, -0.042912147640250246], "height": 1.5}, "sample_target": [5.518224027146205, -0.5942479212436569, 1.5], "camera_params": {"forward": [-0.9971076987827256, -0.06272786153790419, -0.042912147640250246]}, "task_type": "screen_occupancy", "task_description": "Position where display cabinet occupies 20% of vertical FOV", "target_object": {"label": "display cabinet", "id": "122", "bbox_min": [-2.0863037054639237, -1.187015607387225, 0.0], "bbox_max": [-1.7483036945360761, -0.937015592612775, 2.36], "center": [-1.9173037, -1.0620156, 1.18]}}
{"scene_id": "0365_840302", "object_label": "display cabinet", "preset": "occupancy_30", "distance": 4.915053728706693, "init_camera": {"intrinsics": [[320.0, 0.0, 320.0], [0.0, 320.0, 240.0], [0.0, 0.0, 1.0]], "extrinsics": [[-0.984807753012208, 0.051640909417937614, -0.16579175516754202, -1.683156716102015], [0.17364817766693041, 0.29287015073047445, -0.9402517669241911, 0.2658979328989626], [0.0, -0.9547566660074166, -0.29738814487871307, 1.6], [0.0, 0.0, 0.0, 1.0]]}, "target_region": {"type": "circle", "params": {"center": [-1.9173037, -1.0620156], "radius": 4.915053728706693, "object_center": [-1.9173037, -1.0620156, 1.18], "object_height": 2.36, "occupancy_ratio": 0.3, "fov_vertical": 90.0, "sample_distance": 4.915053728706693, "min_distance": 2.36}, "sample_point": [1.1285969585236122, -4.919507315412878, 1.5], "sample_forward": [-0.618399266329784, 0.7831739488972081, -0.0649685552520448], "height": 1.5}, "sample_target": [1.1285969585236122, -4.919507315412878, 1.5], "camera_params": {"forward": [-0.618399266329784, 0.7831739488972081, -0.0649685552520448]}, "task_type": "screen_occupancy", "task_description": "Position where display cabinet occupies 30% of vertical FOV", "target_object": {"label": "display cabinet", "id": "122", "bbox_min": [-2.0863037054639237, -1.187015607387225, 0.0], "bbox_max": [-1.7483036945360761, -0.937015592612775, 2.36], "center": [-1.9173037, -1.0620156, 1.18]}}
{"scene_id": "0365_840302", "object_label": "display cabinet", "preset": "occupancy_50", "distance": 2.848772003600252, "init_camera": {"intrinsics": [[320.0, 0.0, 320.0], [0.0, 320.0, 240.0], [0.0, 0.0, 1.0]], "extrinsics": [[-0.984807753012208, 0.051640909417937614, -0.16579175516754202, -1.683156716102015], [0.17364817766693041, 0.29287015073047445, -0.9402517669241911, 0.2658979328989626], [0.0, -0.9547566660074166, -0.29738814487871307, 1.6], [0.0, 0.0, 0.0, 1.0]]}, "target_region": {"type": "circle", "params": {"center": [-1.9173037, -1.0620156], "radius": 2.848772003600252, "object_center": [-1.9173037, -1.0620156, 1.18], "object_height": 2.36, "occupancy_ratio": 0.5, "fov_vertical": 90.0, "sample_distance": 2.848772003600252, "min_distance": 2.36}, "sample_point": [-4.537769004214138, -2.1794517359408854, 1.5], "sample_forward": [0.9141088988359611, 0.38980035877664987, -0.1116270637726421], "height": 1.5}, "sample_target": [-4.537769004214138, -2.1794517359408854, 1.5], "camera_params": {"forward": [0.9141088988359611, 0.38980035877664987, -0.1116270637726421]}, "task_type": "screen_occupancy", "task_description": "Position where display cabinet occupies 50% of vertical FOV", "target_object": {"label": "display cabinet", "id": "122", "bbox_min": [-2.0863037054639237, -1.187015607387225, 0.0], "bbox_max": [-1.7483036945360761, -0.937015592612775, 2.36], "center": [-1.9173037, -1.0620156, 1.18]}}
{"scene_id": "0365_840302", "object_label": "display cabinet", "preset": "occupancy_20", "distance": 7.450226787316551, "init_camera": {"intrinsics": [[320.0, 0.0, 320.0], [0.0, 320.0, 240.0], [0.0, 0.0, 1.0]], "extrinsics": [[0.8660254037844386, 0.12089537672486293, -0.48516420713666997, -1.074554487756985], [0.5000000000000001, -0.20939693488764244, 0.840329056774583, -2.5217000536435488], [-0.0, -0.9703284142733397, -0.2417907534497258, 1.6], [0.0, 0.0, 0.0, 1.0]]}, "target_region": {"type": "circle", "params": {"center": [-1.9173037, -1.0620156], "radius": 7.450226787316551, "object_center": [-1.9173037, -1.0620156, 1.18], "object_height": 2.36, "occupancy_ratio": 0.2, "fov_vertical": 90.0, "sample_distance": 7.450226787316551, "min_distance": 2.36}, "sample_point": [5.452340431846385, 0.030790216415363503, 1.5], "sample_forward": [-0.9882726782559246, -0.14654576417543838, -0.042912147640250246], "height": 1.5}, "sample_target": [5.452340431846385, 0.030790216415363503, 1.5], "camera_params": {"forward": [-0.9882726782559246, -0.14654576417543838, -0.042912147640250246]}, "task_type": "screen_occupancy", "task_description": "Position where display cabinet occupies 20% of vertical FOV", "target_object": {"label": "display cabinet", "id": "122", "bbox_min": [-2.0863037054639237, -1.187015607387225, 0.0], "bbox_max": [-1.7483036945360761, -0.937015592612775, 2.36], "center": [-1.9173037, -1.0620156, 1.18]}}
{"scene_id": "0365_840302", "object_label": "display cabinet", "preset": "occupancy_30", "distance": 4.915053728706693, "init_camera": {"intrinsics": [[320.0, 0.0, 320.0], [0.0, 320.0, 240.0], [0.0, 0.0, 1.0]], "extrinsics": [[0.8660254037844386, 0.12089537672486293, -0.48516420713666997, -1.074554487756985], [0.5000000000000001, -0.20939693488764244, 0.840329056774583, -2.5217000536435488], [-0.0, -0.9703284142733397, -0.2417907534497258, 1.6], [0.0, 0.0, 0.0, 1.0]]}, "target_region": {"type": "circle", "params": {"center": [-1.9173037, -1.0620156], "radius": 4.915053728706693, "object_center": [-1.9173037, -1.0620156, 1.18], "object_height": 2.36, "occupancy_ratio": 0.3, "fov_vertical": 90.0, "sample_distance": 4.915053728706693, "min_distance": 2.36}, "sample_point": [-1.777425693769497, 3.851047324433855, 1.5], "sample_forward": [-0.028398974926038423, -0.9974831251964177, -0.0649685552520448], "height": 1.5}, "sample_target": [-1.777425693769497, 3.851047324433855, 1.5], "camera_params": {"forward": [-0.028398974926038423, -0.9974831251964177, -0.0649685552520448]}, "task_type": "screen_occupancy", "task_description": "Position where display cabinet occupies 30% of vertical FOV", "target_object": {"label": "display cabinet", "id": "122", "bbox_min": [-2.0863037054639237, -1.187015607387225, 0.0], "bbox_max": [-1.7483036945360761, -0.937015592612775, 2.36], "center": [-1.9173037, -1.0620156, 1.18]}}
{"scene_id": "0365_840302", "object_label": "display cabinet", "preset": "front", "distance": 2.36, "init_camera": {"intrinsics": [[320.0, 0.0, 320.0], [0.0, 320.0, 240.0], [0.0, 0.0, 1.0]], "extrinsics": [[0.9396926207859085, 0.10171273593477204, -0.3265460117489938, -1.4561241698256802], [0.3420201433256682, -0.2794534452517374, 0.8971777936933256, -2.3290959454686373], [-0.0, -0.9547566660074166, -0.29738814487871307, 1.6], [0.0, 0.0, 0.0, 1.0]]}, "target_region": {"type": "circle", "params": {"center": [-1.9173037, -1.0620156], "radius": 2.36, "object_center": [-1.9173037, -1.0620156, 1.18], "sample_distance": 2.36, "min_distance": 2.36, "requested_distance": 0.8}, "sample_point": [0.4369307673346603, -0.8971517992022272, 1.5], "sample_forward": [-0.9885112189752502, -0.06922408067366585, -0.1343636729735781], "height": 1.5}, "sample_target": [0.4369307673346603, -0.8971517992022272, 1.5], "camera_params": {"forward": [-0.9885112189752502, -0.06922408067366585, -0.1343636729735781]}, "task_type": "absolute_positioning", "task_description": "Move to any position 2.4m from display cabinet", "target_object": {"label": "display cabinet", "id": "122", "bbox_min": [-2.0863037054639237, -1.187015607387225, 0.0], "bbox_max": [-1.7483036945360761, -0.937015592612775, 2.36], "center": [-1.9173037, -1.0620156, 1.18]}}
{"scene_id": "0365_840302", "object_label": "display cabinet", "preset": "left", "distance": 2.36, "init_camera": {"intrinsics": [[320.0, 0.0, 320.0], [0.0, 320.0, 240.0], [0.0, 0.0, 1.0]], "extrinsics": [[0.9396926207859085, 0.10171273593477204, -0.3265460117489938, -1.4561241698256802], [0.3420201433256682, -0.2794534452517374, 0.8971777936933256, -2.3290959454686373], [-0.0, -0.9547566660074166, -0.29738814487871307, 1.6], [0.0, 0.0, 0.0, 1.0]]}, "target_region": {"type": "circle", "params": {"center": [-1.9173037, -1.0620156], "radius": 2.36, "object_center": [-1.9173037, -1.0620156, 1.18], "sample_distance": 2.36, "min_distance": 2.36, "requested_distance": 1.0}, "sample_point": [-1.9914559109055991, -3.4208503652215514, 1.5], "sample_forward": [0.03113551067621163, 0.990442821852923, -0.1343636729735781], "height": 1.5}, "sample_target": [-1.9914559109055991, -3.4208503652215514, 1.5], "camera_params": {"forward": [0.03113551067621163, 0.990442821852923, -0.1343636729735781]}, "task_type": "absolute_positioning", "task_description": "Move to any position 2.4m from display cabinet", "target_object": {"label": "display cabinet", "id": "122", "bbox_min": [-2.0863037054639237, -1.187015607387225, 0.0], "bbox_max": [-1.7483036945360761, -0.937015592612775, 2.36], "center": [-1.9173037, -1.0620156, 1.18]}}
{"scene_id": "0365_840302", "object_label": "display cabinet", "preset": "left", "distance": 2.36, "init_camera": {"intrinsics": [[320.0, 0.0, 320.0], [0.0, 320.0, 240.0], [0.0, 0.0, 1.0]], "extrinsics": [[0.9396926207859085, 0.10171273593477204, -0.3265460117489938, -1.4561241698256802], [0.3420201433256682, -0.2794534452517374, 0.8971777936933256, -2.3290959454686373], [-0.0, -0.9547566660074166, -0.29738814487871307, 1.6], [0.0, 0.0, 0.0, 1.0]]}, "target_region": {"type": "circle", "params": {"center": [-1.9173037, -1.0620156], "radius": 2.36, "object_center": [-1.9173037, -1.0620156, 1.18], "sample_distance": 2.36, "min_distance": 2.36, "requested_distance": 1.2}, "sample_point": [-1.781366689507784, -3.4180973322789208, 1.5], "sample_forward": [-0.057078112571193614, 0.989286860546707, -0.1343636729735781], "height": 1.5}, "sample_target": [-1.781366689507784, -3.4180973322789208, 1.5], "camera_params": {"forward": [-0.057078112571193614, 0.989286860546707, -0.1343636729735781]}, "task_type": "absolute_positioning", "task_description": "Move to any position 2.4m from display cabinet", "target_object": {"label": "display cabinet", "id": "122", "bbox_min": [-2.0863037054639237, -1.187015607387225, 0.0], "bbox_max": [-1.7483036945360761, -0.937015592612775, 2.36], "center": [-1.9173037, -1.0620156, 1.18]}}
{"scene_id": "0365_840302", "object_label": "display cabinet", "preset": "left", "distance": 2.36, "init_camera": {"intrinsics": [[320.0, 0.0, 320.0], [0.0, 320.0, 240.0], [0.0, 0.0, 1.0]], "extrinsics": [[0.9396926207859085, 0.10171273593477204, -0.3265460117489938, -1.4561241698256802], [0.3420201433256682, -0.2794534452517374, 0.8971777936933256, -2.3290959454686373], [-0.0, -0.9547566660074166, -0.29738814487871307, 1.6], [0.0, 0.0, 0.0, 1.0]]}, "target_region": {"type": "circle", "params": {"center": [-1.9173037, -1.0620156], "radius": 2.36, "object_center": [-1.9173037, -1.0620156, 1.18], "sample_distance": 2.36, "min_distance": 2.36, "requested_distance": 1.5}, "sample_point": [-1.7093214959623337, -3.4128332030486996, 1.5], "sample_forward": [-0.08732891514887804, 0.9870765238642693, -0.1343636729735781], "height": 1.5}, "sample_target": [-1.7093214959623337, -3.4128332030486996, 1.5], "camera_params": {"forward": [-0.08732891514887804, 0.9870765238642693, -0.1343636729735781]}, "task_type": "absolute_positioning", "task_description": "Move to any position 2.4m from display cabinet", "target_object": {"label": "display cabinet", "id": "122", "bbox_min": [-2.0863037054639237, -1.187015607387225, 0.0], "bbox_max": [-1.7483036945360761, -0.937015592612775, 2.36], "center": [-1.9173037, -1.0620156, 1.18]}}
{"scene_id": "0365_840302", "object_label": "display cabinet", "preset": "occupancy_20", "distance": 7.450226787316551, "init_camera": {"intrinsics": [[320.0, 0.0, 320.0], [0.0, 320.0, 240.0], [0.0, 0.0, 1.0]], "extrinsics": [[0.9396926207859085, 0.10171273593477204, -0.3265460117489938, -1.4561241698256802], [0.3420201433256682, -0.2794534452517374, 0.8971777936933256, -2.3290959454686373], [-0.0, -0.9547566660074166, -0.29738814487871307, 1.6], [0.0, 0.0, 0.0, 1.0]]}, "target_region": {"type": "circle", "params": {"center": [-1.9173037, -1.0620156], "radius": 7.450226787316551, "object_center": [-1.9173037, -1.0620156, 1.18], "object_height": 2.36, "occupancy_ratio": 0.2, "fov_vertical": 90.0, "sample_distance": 7.450226787316551, "min_distance": 2.36}, "sample_point": [-6.990366588648332, 4.394165492143857, 1.5], "sample_forward": [0.6803000739560987, -0.7316764018063094, -0.042912147640250246], "height": 1.5}, "sample_target": [-6.990366588648332, 4.394165492143857, 1.5], "camera_params": {"forward": [0.6803000739560987, -0.7316764018063094, -0.042912147640250246]}, "task_type": "screen_occupancy", "task_description": "Position where display cabinet occupies 20% of vertical FOV", "target_object": {"label": "display cabinet", "id": "122", "bbox_min": [-2.0863037054639237, -1.187015607387225, 0.0], "bbox_max": [-1.7483036945360761, -0.937015592612775, 2.36], "center": [-1.9173037, -1.0620156, 1.18]}}
{"scene_id": "0365_840302", "object_label": "display cabinet", "preset": "occupancy_30", "distance": 4.915053728706693, "init_camera": {"intrinsics": [[320.0, 0.0, 320.0], [0.0, 320.0, 240.0], [0.0, 0.0, 1.0]], "extrinsics": [[0.9396926207859085, 0.10171273593477204, -0.3265460117489938, -1.4561241698256802], [0.3420201433256682, -0.2794534452517374, 0.8971777936933256, -2.3290959454686373], [-0.0, -0.9547566660074166, -0.29738814487871307, 1.6], [0.0, 0.0, 0.0, 1.0]]}, "target_region": {"type": "circle", "params": {"center": [-1.9173037, -1.0620156], "radius": 4.915053728706693, "object_center": [-1.9173037, -1.0620156, 1.18], "object_height": 2.36, "occupancy_ratio": 0.3, "fov_vertical": 90.0, "sample_distance": 4.915053728706693, "min_distance": 2.36}, "sample_point": [-0.22422521140503093, 3.552227391816809, 1.5], "sample_forward": [-0.3437401979135335, -0.9368146898756587, -0.0649685552520448], "height": 1.5}, "sample_target": [-0.22422521140503093, 3.552227391816809, 1.5], "camera_params": {"forward": [-0.3437401979135335, -0.9368146898756587, -0.0649685552520448]}, "task_type": "screen_occupancy", "task_description": "Position where display cabinet occupies 30% of vertical FOV", "target_object": {"label": "display cabinet", "id": "122", "bbox_min": [-2.0863037054639237, -1.187015607387225, 0.0], "bbox_max": [-1.7483036945360761, -0.937015592612775, 2.36], "center": [-1.9173037, -1.0620156, 1.18]}}
{"scene_id": "0365_840302", "object_label": "display cabinet", "preset": "occupancy_50", "distance": 2.848772003600252, "init_camera": {"intrinsics": [[320.0, 0.0, 320.0], [0.0, 320.0, 240.0], [0.0, 0.0, 1.0]], "extrinsics": [[0.9396926207859085, 0.10171273593477204, -0.3265460117489938, -1.4561241698256802], [0.3420201433256682, -0.2794534452517374, 0.8971777936933256, -2.3290959454686373], [-0.0, -0.9547566660074166, -0.29738814487871307, 1.6], [0.0, 0.0, 0.0, 1.0]]}, "target_region": {"type": "circle", "params": {"center": [-1.9173037, -1.0620156], "radius": 2.848772003600252, "object_center": [-1.9173037, -1.0620156, 1.18], "object_height": 2.36, "occupancy_ratio": 0.5, "fov_vertical": 90.0, "sample_distance": 2.848772003600252, "min_distance": 2.36}, "sample_point": [0.9309666533016061, -1.008556054549835, 1.5], "sample_forward": [-0.9935751761553882, -0.01864853777881882, -0.11162706377264212], "height": 1.5}, "sample_target": [0.9309666533016061, -1.008556054549835, 1.5], "camera_params": {"forward": [-0.9935751761553882, -0.01864853777881882, -0.11162706377264212]}, "task_type": "screen_occupancy", "task_description": "Position where display cabinet occupies 50% of vertical FOV", "target_object": {"label": "display cabinet", "id": "122", "bbox_min": [-2.0863037054639237, -1.187015607387225, 0.0], "bbox_max": [-1.7483036945360761, -0.937015592612775, 2.36], "center": [-1.9173037, -1.0620156, 1.18]}}
{"scene_id": "0365_840302", "object_label": "display cabinet", "preset": "front", "distance": 2.36, "init_camera": {"intrinsics": [[320.0, 0.0, 320.0], [0.0, 320.0, 240.0], [0.0, 0.0, 1.0]], "extrinsics": [[0.8660254037844386, 0.14869407243935653, -0.4773783330037084, -1.243104330205588], [0.5000000000000001, -0.2575456882492926, 0.8268435271949574, -2.229763162914839], [-0.0, -0.9547566660074166, -0.297388144878713, 1.6], [0.0, 0.0, 0.0, 1.0]]}, "target_region": {"type": "circle", "params": {"center": [-1.9173037, -1.0620156], "radius": 2.36, "object_center": [-1.9173037, -1.0620156, 1.18], "sample_distance": 2.36, "min_distance": 2.36, "requested_distance": 1.5}, "sample_point": [-0.014372486818390096, -2.457885507226016, 1.5], "sample_forward": [-0.7990150850598375, 0.5861068991505474, -0.1343636729735781], "height": 1.5}, "sample_target": [-0.014372486818390096, -2.457885507226016, 1.5], "camera_params": {"forward": [-0.7990150850598375, 0.5861068991505474, -0.1343636729735781]}, "task_type": "absolute_positioning", "task_description": "Move to any position 2.4m from display cabinet", "target_object": {"label": "display cabinet", "id": "122", "bbox_min": [-2.0863037054639237, -1.187015607387225, 0.0], "bbox_max": [-1.7483036945360761, -0.937015592612775, 2.36], "center": [-1.9173037, -1.0620156, 1.18]}}
{"scene_id": "0365_840302", "object_label": "display cabinet", "preset": "occupancy_20", "distance": 7.450226787316551, "init_camera": {"intrinsics": [[320.0, 0.0, 320.0], [0.0, 320.0, 240.0], [0.0, 0.0, 1.0]], "extrinsics": [[0.8660254037844386, 0.14869407243935653, -0.4773783330037084, -1.243104330205588], [0.5000000000000001, -0.2575456882492926, 0.8268435271949574, -2.229763162914839], [-0.0, -0.9547566660074166, -0.297388144878713, 1.6], [0.0, 0.0, 0.0, 1.0]]}, "target_region": {"type": "circle", "params": {"center": [-1.9173037, -1.0620156], "radius": 7.450226787316551, "object_center": [-1.9173037, -1.0620156, 1.18], "object_height": 2.36, "occupancy_ratio": 0.2, "fov_vertical": 90.0, "sample_distance": 7.450226787316551, "min_distance": 2.36}, "sample_point": [-7.5187137308252, -5.974253872826342, 1.5], "sample_forward": [0.7511516694885927, 0.6587334187737869, -0.042912147640250246], "height": 1.5}, "sample_target": [-7.5187137308252, -5.974253872826342, 1.5], "camera_params": {"forward": [0.7511516694885927, 0.6587334187737869, -0.042912147640250246]}, "task_type": "screen_occupancy", "task_description": "Position where display cabinet occupies 20% of vertical FOV", "target_object": {"label": "display cabinet", "id": "122", "bbox_min": [-2.0863037054639237, -1.187015607387225, 0.0], "bbox_max": [-1.7483036945360761, -0.937015592612775, 2.36], "center": [-1.9173037, -1.0620156, 1.18]}}
{"scene_id": "0365_840302", "object_label": "display cabinet", "preset": "occupancy_30", "distance": 4.915053728706693, "init_camera": {"intrinsics": [[320.0, 0.0, 320.0], [0.0, 320.0, 240.0], [0.0, 0.0, 1.0]], "extrinsics": [[0.8660254037844386, 0.14869407243935653, -0.4773783330037084, -1.243104330205588], [0.5000000000000001, -0.2575456882492926, 0.8268435271949574, -2.229763162914839], [-0.0, -0.9547566660074166, -0.297388144878713, 1.6], [0.0, 0.0, 0.0, 1.0]]}, "target_region": {"type": "circle", "params": {"center": [-1.9173037, -1.0620156], "radius": 4.915053728706693, "object_center": [-1.9173037, -1.0620156, 1.18], "object_height": 2.36, "occupancy_ratio": 0.3, "fov_vertical": 90.0, "sample_distance": 4.915053728706693, "min_distance": 2.36}, "sample_point": [-3.0761470192428133, -5.8385033595907085, 1.5], "sample_forward": [0.2352761756709053, 0.9697547153740141, -0.0649685552520448], "height": 1.5}, "sample_target": [-3.0761470192428133, -5.8385033595907085, 1.5], "camera_params": {"forward": [0.2352761756709053, 0.9697547153740141, -0.0649685552520448]}, "task_type": "screen_occupancy", "task_description": "Position where display cabinet occupies 30% of vertical FOV", "target_object": {"label": "display cabinet", "id": "122", "bbox_min": [-2.0863037054639237, -1.187015607387225, 0.0], "bbox_max": [-1.7483036945360761, -0.937015592612775, 2.36], "center": [-1.9173037, -1.0620156, 1.18]}}
{"scene_id": "0365_840302", "object_label": "display cabinet", "preset": "occupancy_50", "distance": 2.848772003600252, "init_camera": {"intrinsics": [[320.0, 0.0, 320.0], [0.0, 320.0, 240.0], [0.0, 0.0, 1.0]], "extrinsics": [[0.8660254037844386, 0.14869407243935653, -0.4773783330037084, -1.243104330205588], [0.5000000000000001, -0.2575456882492926, 0.8268435271949574, -2.229763162914839], [-0.0, -0.9547566660074166, -0.297388144878713, 1.6], [0.0, 0.0, 0.0, 1.0]]}, "target_region": {"type": "circle", "params": {"center": [-1.9173037, -1.0620156], "radius": 2.848772003600252, "object_center": [-1.9173037, -1.0620156, 1.18], "object_height": 2.36, "occupancy_ratio": 0.5, "fov_vertical": 90.0, "sample_distance": 2.848772003600252, "min_distance": 2.36}, "sample_point": [0.7186462447607516, -2.1424182181069655, 1.5], "sample_forward": [-0.919510476829065, 0.37688178734861155, -0.1116270637726421], "height": 1.5}, "sample_target": [0.7186462447607516, -2.1424182181069655, 1.5], "camera_params": {"forward": [-0.919510476829065, 0.37688178734861155, -0.1116270637726421]}, "task_type": "screen_occupancy", "task_description": "Position where display cabinet occupies 50% of vertical FOV", "target_object": {"label": "display cabinet", "id": "122", "bbox_min": [-2.0863037054639237, -1.187015607387225, 0.0], "bbox_max": [-1.7483036945360761, -0.937015592612775, 2.36], "center": [-1.9173037, -1.0620156, 1.18]}}
{"scene_id": "0365_840302", "object_label": "shower room", "preset": "left", "distance": 2.2251592000000002, "init_camera": {"intrinsics": [[320.0, 0.0, 320.0], [0.0, 320.0, 240.0], [0.0, 0.0, 1.0]], "extrinsics": [[-0.7660444431189778, -0.20181202576453594, 0.6102850296569214, 4.979330526667093], [-0.6427876096865396, 0.2405102067336008, -0.7273093766000996, 2.072331405399576], [0.0, -0.9494349618134857, -0.31396377702885586, 1.6], [0.0, 0.0, 0.0, 1.0]]}, "target_region": {"type": "circle", "params": {"center": [5.926781, 0.9432039000000001], "radius": 2.2251592000000002, "object_center": [5.926781, 0.9432039000000001, 1.11258], "sample_distance": 2.2251592000000002, "min_distance": 2.2251592000000002, "requested_distance": 0.8}, "sample_point": [6.477518581358705, -1.2127231817501698, 1.5], "sample_forward": [-0.24383657195891434, 0.9545269594830027, -0.17152845185408638], "height": 1.5}, "sample_target": [6.477518581358705, -1.2127231817501698, 1.5], "camera_params": {"forward": [-0.24383657195891434, 0.9545269594830027, -0.17152845185408638]}, "task_type": "absolute_positioning", "task_description": "Move to any position 2.2m from shower room", "target_object": {"label": "shower room", "id": "124", "bbox_min": [5.449032855994251, 0.442665479116966, 3.999999998995918e-07], "bbox_max": [6.404529144005749, 1.443742320883034, 2.2251596], "center": [5.926781, 0.9432039, 1.11258]}}
{"scene_id": "0365_840302", "object_label": "shower room", "preset": "back", "distance": 2.2251592000000002, "init_camera": {"intrinsics": [[320.0, 0.0, 320.0], [0.0, 320.0, 240.0], [0.0, 0.0, 1.0]], "extrinsics": [[-0.7660444431189778, -0.20181202576453594, 0.6102850296569214, 4.979330526667093], [-0.6427876096865396, 0.2405102067336008, -0.7273093766000996, 2.072331405399576], [0.0, -0.9494349618134857, -0.31396377702885586, 1.6], [0.0, 0.0, 0.0, 1.0]]}, "target_region": {"type": "circle", "params": {"center": [5.926781, 0.9432039000000001], "radius": 2.2251592000000002, "object_center": [5.926781, 0.9432039000000001, 1.11258], "sample_distance": 2.2251592000000002, "min_distance": 2.2251592000000002, "requested_distance": 1.0}, "sample_point": [3.7023072755898956, 0.9984317440071702, 1.5], "sample_forward": [0.9848756753346719, -0.024451878018142734, -0.17152845185408633], "height": 1.5}, "sample_target": [3.7023072755898956, 0.9984317440071702, 1.5], "camera_params": {"forward": [0.9848756753346719, -0.024451878018142734, -0.17152845185408633]}, "task_type": "absolute_positioning", "task_description": "Move to any position 2.2m from shower room", "target_object": {"label": "shower room", "id": "124", "bbox_min": [5.449032855994251, 0.442665479116966, 3.999999998995918e-07], "bbox_max": [6.404529144005749, 1.443742320883034, 2.2251596], "center": [5.926781, 0.9432039, 1.11258]}}
{"scene_id": "0365_840302", "object_label": "shower room", "preset": "right", "distance": 2.2251592000000002, "init_camera": {"intrinsics": [[320.0, 0.0, 320.0], [0.0, 320.0, 240.0], [0.0, 0.0, 1.0]], "extrinsics": [[-0.7660444431189778, -0.20181202576453594, 0.6102850296569214, 4.979330526667093], [-0.6427876096865396, 0.2405102067336008, -0.7273093766000996, 2.072331405399576], [0.0, -0.9494349618134857, -0.31396377702885586, 1.6], [0.0, 0.0, 0.0, 1.0]]}, "target_region": {"type": "circle", "params": {"center": [5.926781, 0.9432039000000001], "radius": 2.2251592000000002, "object_center": [5.926781, 0.9432039000000001, 1.11258], "sample_distance": 2.2251592000000002, "min_distance": 2.2251592000000002, "requested_distance": 1.2}, "sample_point": [5.723039488853003, 3.1590159096208925, 1.5], "sample_forward": [0.09020563209296478, -0.9810407403075823, -0.17152845185408638], "height": 1.5}, "sample_target": [5.723039488853003, 3.1590159096208925, 1.5], "camera_params": {"forward": [0.09020563209296478, -0.9810407403075823, -0.17152845185408638]}, "task_type": "absolute_positioning", "task_description": "Move to any position 2.2m from shower room", "target_object": {"label": "shower room", "id": "124", "bbox_min": [5.449032855994251, 0.442665479116966, 3.999999998995918e-07], "bbox_max": [6.404529144005749, 1.443742320883034, 2.2251596], "center": [5.926781, 0.9432039, 1.11258]}}
{"scene_id": "0365_840302", "object_label": "shower room", "preset": "occupancy_20", "distance": 7.024551134696555, "init_camera": {"intrinsics": [[320.0, 0.0, 320.0], [0.0, 320.0, 240.0], [0.0, 0.0, 1.0]], "extrinsics": [[-0.7660444431189778, -0.20181202576453594, 0.6102850296569214, 4.979330526667093], [-0.6427876096865396, 0.2405102067336008, -0.7273093766000996, 2.072331405399576], [0.0, -0.9494349618134857, -0.31396377702885586, 1.6], [0.0, 0.0, 0.0, 1.0]]}, "target_region": {"type": "circle", "params": {"center": [5.926781, 0.9432039000000001], "radius": 7.024551134696555, "object_center": [5.926781, 0.9432039000000001, 1.11258], "object_height": 2.2251592000000002, "occupancy_ratio": 0.2, "fov_vertical": 90.0, "sample_distance": 7.024551134696555, "min_distance": 2.2251592000000002}, "sample_point": [12.82702737197193, 2.258847715800791, 1.5], "sample_forward": [-0.9808136671475123, -0.1870080234927544, -0.05506858892310796], "height": 1.5}, "sample_target": [12.82702737197193, 2.258847715800791, 1.5], "camera_params": {"forward": [-0.9808136671475123, -0.1870080234927544, -0.05506858892310796]}, "task_type": "screen_occupancy", "task_description": "Position where shower room occupies 20% of vertical FOV", "target_object": {"label": "shower room", "id": "124", "bbox_min": [5.449032855994251, 0.442665479116966, 3.999999998995918e-07], "bbox_max": [6.404529144005749, 1.443742320883034, 2.2251596], "center": [5.926781, 0.9432039, 1.11258]}}
{"scene_id": "0365_840302", "object_label": "shower room", "preset": "occupancy_30", "distance": 4.634227552087289, "init_camera": {"intrinsics": [[320.0, 0.0, 320.0], [0.0, 320.0, 240.0], [0.0, 0.0, 1.0]], "extrinsics": [[-0.7660444431189778, -0.20181202576453594, 0.6102850296569214, 4.979330526667093], [-0.6427876096865396, 0.2405102067336008, -0.7273093766000996, 2.072331405399576], [0.0, -0.9494349618134857, -0.31396377702885586, 1.6], [0.0, 0.0, 0.0, 1.0]]}, "target_region": {"type": "circle", "params": {"center": [5.926781, 0.9432039000000001], "radius": 4.634227552087289, "object_center": [5.926781, 0.9432039000000001, 1.11258], "object_height": 2.2251592000000002, "occupancy_ratio": 0.3, "fov_vertical": 90.0, "sample_distance": 4.634227552087289, "min_distance": 2.2251592000000002}, "sample_point": [1.8303273182168631, 3.1100292823347946, 1.5], "sample_forward": [0.8808832465095304, -0.4659445280434576, -0.0833090799684499], "height": 1.5}, "sample_target": [1.8303273182168631, 3.1100292823347946, 1.5], "camera_params": {"forward": [0.8808832465095304, -0.4659445280434576, -0.0833090799684499]}, "task_type": "screen_occupancy", "task_description": "Position where shower room occupies 30% of vertical FOV", "target_object": {"label": "shower room", "id": "124", "bbox_min": [5.449032855994251, 0.442665479116966, 3.999999998995918e-07], "bbox_max": [6.404529144005749, 1.443742320883034, 2.2251596], "center": [5.926781, 0.9432039, 1.11258]}}
{"scene_id": "0365_840302", "object_label": "shower room", "preset": "occupancy_50", "distance": 2.6860047595396335, "init_camera": {"intrinsics": [[320.0, 0.0, 320.0], [0.0, 320.0, 240.0], [0.0, 0.0, 1.0]], "extrinsics": [[-0.7660444431189778, -0.20181202576453594, 0.6102850296569214, 4.979330526667093], [-0.6427876096865396, 0.2405102067336008, -0.7273093766000996, 2.072331405399576], [0.0, -0.9494349618134857, -0.31396377702885586, 1.6], [0.0, 0.0, 0.0, 1.0]]}, "target_region": {"type": "circle", "params": {"center": [5.926781, 0.9432039000000001], "radius": 2.6860047595396335, "object_center": [5.926781, 0.9432039000000001, 1.11258], "object_height": 2.2251592000000002, "occupancy_ratio": 0.5, "fov_vertical": 90.0, "sample_distance": 2.6860047595396335, "min_distance": 2.2251592000000002}, "sample_point": [8.069786132647135, 2.5625094825623544, 1.5], "sample_forward": [-0.7896692273653401, -0.5966928257753961, -0.14275917841035562], "height": 1.5}, "sample_target": [8.069786132647135, 2.5625094825623544, 1.5], "camera_params": {"forward": [-0.7896692273653401, -0.5966928257753961, -0.14275917841035562]}, "task_type": "screen_occupancy", "task_description": "Position where shower room occupies 50% of vertical FOV", "target_object": {"label": "shower room", "id": "124", "bbox_min": [5.449032855994251, 0.442665479116966, 3.999999998995918e-07], "bbox_max": [6.404529144005749, 1.443742320883034, 2.2251596], "center": [5.926781, 0.9432039, 1.11258]}}
