{"scene_id": "0244_841000", "object_label": "wardrobe", "preset": "occupancy_20", "distance": 8.207876868057532, "init_camera": {"intrinsics": [[320.0, 0.0, 320.0], [0.0, 320.0, 240.0], [0.0, 0.0, 1.0]], "extrinsics": [[-0.17364817766693058, -0.134530745071239, 0.9755756193261141, -1.2609762163975966], [-0.984807753012208, 0.023721400090871807, -0.17202030340856475, -5.194527208388408], [0.0, -0.9906254457706536, -0.13660609866215306, 1.6], [0.0, 0.0, 0.0, 1.0]]}, "target_region": {"type": "circle", "params": {"center": [0.8814814500000001, -5.572300299999999], "radius": 8.207876868057532, "object_center": [0.8814814500000001, -5.572300299999999, 1.2999999], "object_height": 2.5999999679999997, "occupancy_ratio": 0.2, "fov_vertical": 90.0, "sample_distance": 8.207876868057532, "min_distance": 2.5999999679999997}, "sample_point": [2.323436229954815, 2.507923031923407, 1.5], "sample_forward": [-0.17562725636920978, -0.9841553108070781, -0.024359618848566314], "height": 1.5}, "sample_target": [2.323436229954815, 2.507923031923407, 1.5], "camera_params": {"forward": [-0.17562725636920978, -0.9841553108070781, -0.024359618848566314]}, "task_type": "screen_occupancy", "task_description": "Position where wardrobe occupies 20% of vertical FOV", "target_object": {"label": "wardrobe", "id": "82", "bbox_min": [0.5389814305389335, -6.337800333049301, -8.400000001529406e-08], "bbox_max": [1.2239814694610667, -4.8068002669507, 2.599999884], "center": [0.8814814500000001, -5.5723003, 1.2999999]}}
{"scene_id": "0244_841000", "object_label": "wardrobe", "preset": "occupancy_30", "distance": 5.414889634472746, "init_camera": {"intrinsics": [[320.0, 0.0, 320.0], [0.0, 320.0, 240.0], [0.0, 0.0, 1.0]], "extrinsics": [[-0.17364817766693058, -0.134530745071239, 0.9755756193261141, -1.2609762163975966], [-0.984807753012208, 0.023721400090871807, -0.17202030340856475, -5.194527208388408], [0.0, -0.9906254457706536, -0.13660609866215306, 1.6], [0.0, 0.0, 0.0, 1.0]]}, "target_region": {"type": "circle", "params": {"center": [0.8814814500000001, -5.572300299999999], "radius": 5.414889634472746, "object_center": [0.8814814500000001, -5.572300299999999, 1.2999999], "object_height": 2.5999999679999997, "occupancy_ratio": 0.3, "fov_vertical": 90.0, "sample_distance": 5.414889634472746, "min_distance": 2.5999999679999997}, "sample_point": [0.18794260033368793, -10.942592062793146, 1.5], "sample_forward": [0.1279926856555593, 0.9910880490754579, -0.03691004468271223], "height": 1.5}, "sample_target": [0.18794260033368793, -10.942592062793146, 1.5], "camera_params": {"forward": [0.1279926856555593, 0.9910880490754579, -0.03691004468271223]}, "task_type": "screen_occupancy", "task_description": "Position where wardrobe occupies 30% of vertical FOV", "target_object": {"label": "wardrobe", "id": "82", "bbox_min": [0.5389814305389335, -6.337800333049301, -8.400000001529406e-08], "bbox_max": [1.2239814694610667, -4.8068002669507, 2.599999884], "center": [0.8814814500000001, -5.5723003, 1.2999999]}}
{"scene_id": "0244_841000", "object_label": "wardrobe", "preset": "occupancy_50", "distance": 3.138477592457606, "init_camera": {"intrinsics": [[320.0, 0.0, 320.0], [0.0, 320.0, 240.0], [0.0, 0.0, 1.0]], "extrinsics": [[-0.17364817766693058, -0.134530745071239, 0.9755756193261141, -1.2609762163975966], [-0.984807753012208, 0.023721400090871807, -0.17202030340856475, -5.194527208388408], [0.0, -0.9906254457706536, -0.13660609866215306, 1.6], [0.0, 0.0, 0.0, 1.0]]}, "target_region": {"type": "circle", "params": {"center": [0.8814814500000001, -5.572300299999999], "radius": 3.138477592457606, "object_center": [0.8814814500000001, -5.572300299999999, 1.2999999], "object_height": 2.5999999679999997, "occupancy_ratio": 0.5, "fov_vertical": 90.0, "sample_distance": 3.138477592457606, "min_distance": 2.5999999679999997}, "sample_point": [0.17161739980453228, -8.629445149135966, 1.5], "sample_forward": [0.2257231605796396, 0.9721134596219079, -0.06359619799849417], "height": 1.5}, "sample_target": [0.17161739980453228, -8.629445149135966, 1.5], "camera_params": {"forward": [0.2257231605796396, 0.9721134596219079, -0.06359619799849417]}, "task_type": "screen_occupancy", "task_description": "Position where wardrobe occupies 50% of vertical FOV", "target_object": {"label": "wardrobe", "id": "82", "bbox_min": [0.5389814305389335, -6.337800333049301, -8.400000001529406e-08], "bbox_max": [1.2239814694610667, -4.8068002669507, 2.599999884], "center": [0.8814814500000001, -5.5723003, 1.2999999]}}
{"scene_id": "0244_841000", "object_label": "wardrobe", "preset": "right", "distance": 2.5999999679999997, "init_camera": {"intrinsics": [[320.0, 0.0, 320.0], [0.0, 320.0, 240.0], [0.0, 0.0, 1.0]], "extrinsics": [[0.17364817766692978, -0.1672877188635979, 0.9704953011274028, -0.8324846831180776], [-0.984807753012208, -0.029497338376824642, 0.1711245062395469, -5.874518773289273], [0.0, -0.9854667554748343, -0.16986840157575822, 1.6], [0.0, 0.0, 0.0, 1.0]]}, "target_region": {"type": "circle", "params": {"center": [0.8814814500000001, -5.572300299999999], "radius": 2.5999999679999997, "object_center": [0.8814814500000001, -5.572300299999999, 1.2999999], "sample_distance": 2.5999999679999997, "min_distance": 2.5999999679999997, "requested_distance": 0.8}, "sample_point": [0.9566744751477014, -2.973387865428735, 1.5], "sample_forward": [-0.028835209114901204, -0.996637432460986, -0.0766965379458131], "height": 1.5}, "sample_target": [0.9566744751477014, -2.973387865428735, 1.5], "camera_params": {"forward": [-0.028835209114901204, -0.996637432460986, -0.0766965379458131]}, "task_type": "absolute_positioning", "task_description": "Move to any position 2.6m from wardrobe", "target_object": {"label": "wardrobe", "id": "82", "bbox_min": [0.5389814305389335, -6.337800333049301, -8.400000001529406e-08], "bbox_max": [1.2239814694610667, -4.8068002669507, 2.599999884], "center": [0.8814814500000001, -5.5723003, 1.2999999]}}
{"scene_id": "0244_841000", "object_label": "wardrobe", "preset": "right", "distance": 2.5999999679999997, "init_camera": {"intrinsics": [[320.0, 0.0, 320.0], [0.0, 320.0, 240.0], [0.0, 0.0, 1.0]], "extrinsics": [[0.17364817766692978, -0.1672877188635979, 0.9704953011274028, -0.8324846831180776], [-0.984807753012208, -0.029497338376824642, 0.1711245062395469, -5.874518773289273], [0.0, -0.9854667554748343, -0.16986840157575822, 1.6], [0.0, 0.0, 0.0, 1.0]]}, "target_region": {"type": "circle", "params": {"center": [0.8814814500000001, -5.572300299999999], "radius": 2.5999999679999997, "object_center": [0.8814814500000001, -5.572300299999999, 1.2999999], "sample_distance": 2.5999999679999997, "min_distance": 2.5999999679999997, "requested_distance": 1.0}, "sample_point": [-0.20500433176180155, -3.2101935116372364, 1.5], "sample_forward": [0.41664828161826123, -0.9058266117153306, -0.07669653794581309], "height": 1.5}, "sample_target": [-0.20500433176180155, -3.2101935116372364, 1.5], "camera_params": {"forward": [0.41664828161826123, -0.9058266117153306, -0.07669653794581309]}, "task_type": "absolute_positioning", "task_description": "Move to any position 2.6m from wardrobe", "target_object": {"label": "wardrobe", "id": "82", "bbox_min": [0.5389814305389335, -6.337800333049301, -8.400000001529406e-08], "bbox_max": [1.2239814694610667, -4.8068002669507, 2.599999884], "center": [0.8814814500000001, -5.5723003, 1.2999999]}}
{"scene_id": "0244_841000", "object_label": "wardrobe", "preset": "left", "distance": 2.5999999679999997, "init_camera": {"intrinsics": [[320.0, 0.0, 320.0], [0.0, 320.0, 240.0], [0.0, 0.0, 1.0]], "extrinsics": [[0.17364817766692978, -0.1672877188635979, 0.9704953011274028, -0.8324846831180776], [-0.984807753012208, -0.029497338376824642, 0.1711245062395469, -5.874518773289273], [0.0, -0.9854667554748343, -0.16986840157575822, 1.6], [0.0, 0.0, 0.0, 1.0]]}, "target_region": {"type": "circle", "params": {"center": [0.8814814500000001, -5.572300299999999], "radius": 2.5999999679999997, "object_center": [0.8814814500000001, -5.572300299999999, 1.2999999], "sample_distance": 2.5999999679999997, "min_distance": 2.5999999679999997, "requested_distance": 1.2}, "sample_point": [-0.4093041887467401, -7.829261147778526, 1.5], "sample_forward": [0.4949937011133992, 0.8655049837668094, -0.0766965379458131], "height": 1.5}, "sample_target": [-0.4093041887467401, -7.829261147778526, 1.5], "camera_params": {"forward": [0.4949937011133992, 0.8655049837668094, -0.0766965379458131]}, "task_type": "absolute_positioning", "task_description": "Move to any position 2.6m from wardrobe", "target_object": {"label": "wardrobe", "id": "82", "bbox_min": [0.5389814305389335, -6.337800333049301, -8.400000001529406e-08], "bbox_max": [1.2239814694610667, -4.8068002669507, 2.599999884], "center": [0.8814814500000001, -5.5723003, 1.2999999]}}
{"scene_id": "0244_841000", "object_label": "wardrobe", "preset": "back", "distance": 2.5999999679999997, "init_camera": {"intrinsics": [[320.0, 0.0, 320.0], [0.0, 320.0, 240.0], [0.0, 0.0, 1.0]], "extrinsics": [[0.17364817766692978, -0.1672877188635979, 0.9704953011274028, -0.8324846831180776], [-0.984807753012208, -0.029497338376824642, 0.1711245062395469, -5.874518773289273], [0.0, -0.9854667554748343, -0.16986840157575822, 1.6], [0.0, 0.0, 0.0, 1.0]]}, "target_region": {"type": "circle", "params": {"center": [0.8814814500000001, -5.572300299999999], "radius": 2.5999999679999997, "object_center": [0.8814814500000001, -5.572300299999999, 1.2999999], "sample_distance": 2.5999999679999997, "min_distance": 2.5999999679999997, "requested_distance": 1.5}, "sample_point": [-1.5380770518748264, -4.620598408856956, 1.5], "sample_forward": [0.927858338326617, -0.36496101855526325, -0.07669653794581308], "height": 1.5}, "sample_target": [-1.5380770518748264, -4.620598408856956, 1.5], "camera_params": {"forward": [0.927858338326617, -0.36496101855526325, -0.07669653794581308]}, "task_type": "absolute_positioning", "task_description": "Move to any position 2.6m from wardrobe", "target_object": {"label": "wardrobe", "id": "82", "bbox_min": [0.5389814305389335, -6.337800333049301, -8.400000001529406e-08], "bbox_max": [1.2239814694610667, -4.8068002669507, 2.599999884], "center": [0.8814814500000001, -5.5723003, 1.2999999]}}
{"scene_id": "0244_841000", "object_label": "wardrobe", "preset": "occupancy_20", "distance": 8.207876868057532, "init_camera": {"intrinsics": [[320.0, 0.0, 320.0], [0.0, 320.0, 240.0], [0.0, 0.0, 1.0]], "extrinsics": [[0.17364817766692978, -0.1672877188635979, 0.9704953011274028, -0.8324846831180776], [-0.984807753012208, -0.029497338376824642, 0.1711245062395469, -5.874518773289273], [0.0, -0.9854667554748343, -0.16986840157575822, 1.6], [0.0, 0.0, 0.0, 1.0]]}, "target_region": {"type": "circle", "params": {"center": [0.8814814500000001, -5.572300299999999], "radius": 8.207876868057532, "object_center": [0.8814814500000001, -5.572300299999999, 1.2999999], "object_height": 2.5999999679999997, "occupancy_ratio": 0.2, "fov_vertical": 90.0, "sample_distance": 8.207876868057532, "min_distance": 2.5999999679999997}, "sample_point": [-7.323294396803585, -5.797901684974532, 1.5], "sample_forward": [0.9993255621675103, 0.027477805009538926, -0.02435961884856632], "height": 1.5}, "sample_target": [-7.323294396803585, -5.797901684974532, 1.5], "camera_params": {"forward": [0.9993255621675103, 0.027477805009538926, -0.02435961884856632]}, "task_type": "screen_occupancy", "task_description": "Position where wardrobe occupies 20% of vertical FOV", "target_object": {"label": "wardrobe", "id": "82", "bbox_min": [0.5389814305389335, -6.337800333049301, -8.400000001529406e-08], "bbox_max": [1.2239814694610667, -4.8068002669507, 2.599999884], "center": [0.8814814500000001, -5.5723003, 1.2999999]}}
{"scene_id": "0244_841000", "object_label": "wardrobe", "preset": "occupancy_30", "distance": 5.414889634472746, "init_camera": {"intrinsics": [[320.0, 0.0, 320.0], [0.0, 320.0, 240.0], [0.0, 0.0, 1.0]], "extrinsics": [[0.17364817766692978, -0.1672877188635979, 0.9704953011274028, -0.8324846831180776], [-0.984807753012208, -0.029497338376824642, 0.1711245062395469, -5.874518773289273], [0.0, -0.9854667554748343, -0.16986840157575822, 1.6], [0.0, 0.0, 0.0, 1.0]]}, "target_region": {"type": "circle", "params": {"center": [0.8814814500000001, -5.572300299999999], "radius": 5.414889634472746, "object_center": [0.8814814500000001, -5.572300299999999, 1.2999999], "object_height": 2.5999999679999997, "occupancy_ratio": 0.3, "fov_vertical": 90.0, "sample_distance": 5.414889634472746, "min_distance": 2.5999999679999997}, "sample_point": [-0.028311034986567618, -10.910212568647953, 1.5], "sample_forward": [0.16790232241308892, 0.9851124091847648, -0.03691004468271225], "height": 1.5}, "sample_target": [-0.028311034986567618, -10.910212568647953, 1.5], "camera_params": {"forward": [0.16790232241308892, 0.9851124091847648, -0.03691004468271225]}, "task_type": "screen_occupancy", "task_description": "Position where wardrobe occupies 30% of vertical FOV", "target_object": {"label": "wardrobe", "id": "82", "bbox_min": [0.5389814305389335, -6.337800333049301, -8.400000001529406e-08], "bbox_max": [1.2239814694610667, -4.8068002669507, 2.599999884], "center": [0.8814814500000001, -5.5723003, 1.2999999]}}
{"scene_id": "0244_841000", "object_label": "wardrobe", "preset": "occupancy_20", "distance": 8.207876868057532, "init_camera": {"intrinsics": [[320.0, 0.0, 320.0], [0.0, 320.0, 240.0], [0.0, 0.0, 1.0]], "extrinsics": [[-0.3420201433256689, -0.128367742867177, 0.930883421353434, -1.1628278614388408], [-0.9396926207859083, 0.04672203744359006, -0.33881385694453353, -4.828232561003026], [0.0, -0.9906254457706536, -0.13660609866215306, 1.6], [0.0, 0.0, 0.0, 1.0]]}, "target_region": {"type": "circle", "params": {"center": [0.8814814500000001, -5.572300299999999], "radius": 8.207876868057532, "object_center": [0.8814814500000001, -5.572300299999999, 1.2999999], "object_height": 2.5999999679999997, "occupancy_ratio": 0.2, "fov_vertical": 90.0, "sample_distance": 8.207876868057532, "min_distance": 2.5999999679999997}, "sample_point": [5.459567790847595, -12.384815851317192, 1.5], "sample_forward": [-0.557601912793419, 0.829750996274589, -0.024359618848566314], "height": 1.5}, "sample_target": [5.459567790847595, -12.384815851317192, 1.5], "camera_params": {"forward": [-0.557601912793419, 0.829750996274589, -0.024359618848566314]}, "task_type": "screen_occupancy", "task_description": "Position where wardrobe occupies 20% of vertical FOV", "target_object": {"label": "wardrobe", "id": "82", "bbox_min": [0.5389814305389335, -6.337800333049301, -8.400000001529406e-08], "bbox_max": [1.2239814694610667, -4.8068002669507, 2.599999884], "center": [0.8814814500000001, -5.5723003, 1.2999999]}}
{"scene_id": "0244_841000", "object_label": "wardrobe", "preset": "occupancy_30", "distance": 5.414889634472746, "init_camera": {"intrinsics": [[320.0, 0.0, 320.0], [0.0, 320.0, 240.0], [0.0, 0.0, 1.0]], "extrinsics": [[-0.3420201433256689, -0.128367742867177, 0.930883421353434, -1.1628278614388408], [-0.9396926207859083, 0.04672203744359006, -0.33881385694453353, -4.828232561003026], [0.0, -0.9906254457706536, -0.13660609866215306, 1.6], [0.0, 0.0, 0.0, 1.0]]}, "target_region": {"type": "circle", "params": {"center": [0.8814814500000001, -5.572300299999999], "radius": 5.414889634472746, "object_center": [0.8814814500000001, -5.572300299999999, 1.2999999], "object_height": 2.5999999679999997, "occupancy_ratio": 0.3, "fov_vertical": 90.0, "sample_distance": 5.414889634472746, "min_distance": 2.5999999679999997}, "sample_point": [0.7153557629560108, -0.15995958551938294, 1.5], "sample_forward": [0.030658517329440912, -0.9988481886236168, -0.03691004468271224], "height": 1.5}, "sample_target": [0.7153557629560108, -0.15995958551938294, 1.5], "camera_params": {"forward": [0.030658517329440912, -0.9988481886236168, -0.03691004468271224]}, "task_type": "screen_occupancy", "task_description": "Position where wardrobe occupies 30% of vertical FOV", "target_object": {"label": "wardrobe", "id": "82", "bbox_min": [0.5389814305389335, -6.337800333049301, -8.400000001529406e-08], "bbox_max": [1.2239814694610667, -4.8068002669507, 2.599999884], "center": [0.8814814500000001, -5.5723003, 1.2999999]}}
{"scene_id": "0244_841000", "object_label": "wardrobe", "preset": "occupancy_50", "distance": 3.138477592457606, "init_camera": {"intrinsics": [[320.0, 0.0, 320.0], [0.0, 320.0, 240.0], [0.0, 0.0, 1.0]], "extrinsics": [[-0.3420201433256689, -0.128367742867177, 0.930883421353434, -1.1628278614388408], [-0.9396926207859083, 0.04672203744359006, -0.33881385694453353, -4.828232561003026], [0.0, -0.9906254457706536, -0.13660609866215306, 1.6], [0.0, 0.0, 0.0, 1.0]]}, "target_region": {"type": "circle", "params": {"center": [0.8814814500000001, -5.572300299999999], "radius": 3.138477592457606, "object_center": [0.8814814500000001, -5.572300299999999, 1.2999999], "object_height": 2.5999999679999997, "occupancy_ratio": 0.5, "fov_vertical": 90.0, "sample_distance": 3.138477592457606, "min_distance": 2.5999999679999997}, "sample_point": [2.8839584634800834, -7.9889358556521906, 1.5], "sample_forward": [-0.6367493048089109, 0.7684437822153974, -0.06359619799849417], "height": 1.5}, "sample_target": [2.8839584634800834, -7.9889358556521906, 1.5], "camera_params": {"forward": [-0.6367493048089109, 0.7684437822153974, -0.06359619799849417]}, "task_type": "screen_occupancy", "task_description": "Position where wardrobe occupies 50% of vertical FOV", "target_object": {"label": "wardrobe", "id": "82", "bbox_min": [0.5389814305389335, -6.337800333049301, -8.400000001529406e-08], "bbox_max": [1.2239814694610667, -4.8068002669507, 2.599999884], "center": [0.8814814500000001, -5.5723003, 1.2999999]}}
{"scene_id": "0244_841000", "object_label": "wardrobe", "preset": "right", "distance": 2.5999999679999997, "init_camera": {"intrinsics": [[320.0, 0.0, 320.0], [0.0, 320.0, 240.0], [0.0, 0.0, 1.0]], "extrinsics": [[-0.17364817766693078, -0.16728771886359786, 0.9704953011274026, -0.8324846831180773], [-0.9848077530122079, 0.029497338376824805, -0.17112450623954786, -5.270081826710726], [0.0, -0.9854667554748343, -0.1698684015757582, 1.6], [0.0, 0.0, 0.0, 1.0]]}, "target_region": {"type": "circle", "params": {"center": [0.8814814500000001, -5.572300299999999], "radius": 2.5999999679999997, "object_center": [0.8814814500000001, -5.572300299999999, 1.2999999], "sample_distance": 2.5999999679999997, "min_distance": 2.5999999679999997, "requested_distance": 0.8}, "sample_point": [0.41759948864570584, -3.014017016325165, 1.5], "sample_forward": [0.17789061331163247, -0.9810568641840989, -0.07669653794581309], "height": 1.5}, "sample_target": [0.41759948864570584, -3.014017016325165, 1.5], "camera_params": {"forward": [0.17789061331163247, -0.9810568641840989, -0.07669653794581309]}, "task_type": "absolute_positioning", "task_description": "Move to any position 2.6m from wardrobe", "target_object": {"label": "wardrobe", "id": "82", "bbox_min": [0.5389814305389335, -6.337800333049301, -8.400000001529406e-08], "bbox_max": [1.2239814694610667, -4.8068002669507, 2.599999884], "center": [0.8814814500000001, -5.5723003, 1.2999999]}}
{"scene_id": "0244_841000", "object_label": "wardrobe", "preset": "right", "distance": 2.5999999679999997, "init_camera": {"intrinsics": [[320.0, 0.0, 320.0], [0.0, 320.0, 240.0], [0.0, 0.0, 1.0]], "extrinsics": [[-0.17364817766693078, -0.16728771886359786, 0.9704953011274026, -0.8324846831180773], [-0.9848077530122079, 0.029497338376824805, -0.17112450623954786, -5.270081826710726], [0.0, -0.9854667554748343, -0.1698684015757582, 1.6], [0.0, 0.0, 0.0, 1.0]]}, "target_region": {"type": "circle", "params": {"center": [0.8814814500000001, -5.572300299999999], "radius": 2.5999999679999997, "object_center": [0.8814814500000001, -5.572300299999999, 1.2999999], "sample_distance": 2.5999999679999997, "min_distance": 2.5999999679999997, "requested_distance": 1.0}, "sample_point": [2.454607063426213, -3.5022095681762946, 1.5], "sample_forward": [-0.6032661398853001, -0.7938435649011812, -0.07669653794581309], "height": 1.5}, "sample_target": [2.454607063426213, -3.5022095681762946, 1.5], "camera_params": {"forward": [-0.6032661398853001, -0.7938435649011812, -0.07669653794581309]}, "task_type": "absolute_positioning", "task_description": "Move to any position 2.6m from wardrobe", "target_object": {"label": "wardrobe", "id": "82", "bbox_min": [0.5389814305389335, -6.337800333049301, -8.400000001529406e-08], "bbox_max": [1.2239814694610667, -4.8068002669507, 2.599999884], "center": [0.8814814500000001, -5.5723003, 1.2999999]}}
{"scene_id": "0244_841000", "object_label": "wardrobe", "preset": "back", "distance": 2.5999999679999997, "init_camera": {"intrinsics": [[320.0, 0.0, 320.0], [0.0, 320.0, 240.0], [0.0, 0.0, 1.0]], "extrinsics": [[-0.17364817766693078, -0.16728771886359786, 0.9704953011274026, -0.8324846831180773], [-0.9848077530122079, 0.029497338376824805, -0.17112450623954786, -5.270081826710726], [0.0, -0.9854667554748343, -0.1698684015757582, 1.6], [0.0, 0.0, 0.0, 1.0]]}, "target_region": {"type": "circle", "params": {"center": [0.8814814500000001, -5.572300299999999], "radius": 2.5999999679999997, "object_center": [0.8814814500000001, -5.572300299999999, 1.2999999], "sample_distance": 2.5999999679999997, "min_distance": 2.5999999679999997, "requested_distance": 1.2}, "sample_point": [-1.006298683280589, -7.3601162866135885, 1.5], "sample_forward": [0.7239306411622133, 0.6855961404891318, -0.07669653794581309], "height": 1.5}, "sample_target": [-1.006298683280589, -7.3601162866135885, 1.5], "camera_params": {"forward": [0.7239306411622133, 0.6855961404891318, -0.07669653794581309]}, "task_type": "absolute_positioning", "task_description": "Move to any position 2.6m from wardrobe", "target_object": {"label": "wardrobe", "id": "82", "bbox_min": [0.5389814305389335, -6.337800333049301, -8.400000001529406e-08], "bbox_max": [1.2239814694610667, -4.8068002669507, 2.599999884], "center": [0.8814814500000001, -5.5723003, 1.2999999]}}
{"scene_id": "0244_841000", "object_label": "wardrobe", "preset": "right", "distance": 2.5999999679999997, "init_camera": {"intrinsics": [[320.0, 0.0, 320.0], [0.0, 320.0, 240.0], [0.0, 0.0, 1.0]], "extrinsics": [[-0.17364817766693078, -0.16728771886359786, 0.9704953011274026, -0.8324846831180773], [-0.9848077530122079, 0.029497338376824805, -0.17112450623954786, -5.270081826710726], [0.0, -0.9854667554748343, -0.1698684015757582, 1.6], [0.0, 0.0, 0.0, 1.0]]}, "target_region": {"type": "circle", "params": {"center": [0.8814814500000001, -5.572300299999999], "radius": 2.5999999679999997, "object_center": [0.8814814500000001, -5.572300299999999, 1.2999999], "sample_distance": 2.5999999679999997, "min_distance": 2.5999999679999997, "requested_distance": 1.5}, "sample_point": [2.535105964592189, -3.565928998784856, 1.5], "sample_forward": [-0.634136059589703, -0.7694082784810488, -0.07669653794581309], "height": 1.5}, "sample_target": [2.535105964592189, -3.565928998784856, 1.5], "camera_params": {"forward": [-0.634136059589703, -0.7694082784810488, -0.07669653794581309]}, "task_type": "absolute_positioning", "task_description": "Move to any position 2.6m from wardrobe", "target_object": {"label": "wardrobe", "id": "82", "bbox_min": [0.5389814305389335, -6.337800333049301, -8.400000001529406e-08], "bbox_max": [1.2239814694610667, -4.8068002669507, 2.599999884], "center": [0.8814814500000001, -5.5723003, 1.2999999]}}
{"scene_id": "0244_841000", "object_label": "wardrobe", "preset": "occupancy_20", "distance": 8.207876868057532, "init_camera": {"intrinsics": [[320.0, 0.0, 320.0], [0.0, 320.0, 240.0], [0.0, 0.0, 1.0]], "extrinsics": [[-0.17364817766693078, -0.16728771886359786, 0.9704953011274026, -0.8324846831180773], [-0.9848077530122079, 0.029497338376824805, -0.17112450623954786, -5.270081826710726], [0.0, -0.9854667554748343, -0.1698684015757582, 1.6], [0.0, 0.0, 0.0, 1.0]]}, "target_region": {"type": "circle", "params": {"center": [0.8814814500000001, -5.572300299999999], "radius": 8.207876868057532, "object_center": [0.8814814500000001, -5.572300299999999, 1.2999999], "object_height": 2.5999999679999997, "occupancy_ratio": 0.2, "fov_vertical": 90.0, "sample_distance": 8.207876868057532, "min_distance": 2.5999999679999997}, "sample_point": [-3.497115643063043, -12.51471559856964, 1.5], "sample_forward": [0.5333045147400234, 0.8455725300217958, -0.024359618848566314], "height": 1.5}, "sample_target": [-3.497115643063043, -12.51471559856964, 1.5], "camera_params": {"forward": [0.5333045147400234, 0.8455725300217958, -0.024359618848566314]}, "task_type": "screen_occupancy", "task_description": "Position where wardrobe occupies 20% of vertical FOV", "target_object": {"label": "wardrobe", "id": "82", "bbox_min": [0.5389814305389335, -6.337800333049301, -8.400000001529406e-08], "bbox_max": [1.2239814694610667, -4.8068002669507, 2.599999884], "center": [0.8814814500000001, -5.5723003, 1.2999999]}}
{"scene_id": "0244_841000", "object_label": "wardrobe", "preset": "occupancy_30", "distance": 5.414889634472746, "init_camera": {"intrinsics": [[320.0, 0.0, 320.0], [0.0, 320.0, 240.0], [0.0, 0.0, 1.0]], "extrinsics": [[-0.17364817766693078, -0.16728771886359786, 0.9704953011274026, -0.8324846831180773], [-0.9848077530122079, 0.029497338376824805, -0.17112450623954786, -5.270081826710726], [0.0, -0.9854667554748343, -0.1698684015757582, 1.6], [0.0, 0.0, 0.0, 1.0]]}, "target_region": {"type": "circle", "params": {"center": [0.8814814500000001, -5.572300299999999], "radius": 5.414889634472746, "object_center": [0.8814814500000001, -5.572300299999999, 1.2999999], "object_height": 2.5999999679999997, "occupancy_ratio": 0.3, "fov_vertical": 90.0, "sample_distance": 5.414889634472746, "min_distance": 2.5999999679999997}, "sample_point": [4.851118670294458, -9.255099519720412, 1.5], "sample_forward": [-0.7325970695775954, 0.6796610789561515, -0.03691004468271224], "height": 1.5}, "sample_target": [4.851118670294458, -9.255099519720412, 1.5], "camera_params": {"forward": [-0.7325970695775954, 0.6796610789561515, -0.03691004468271224]}, "task_type": "screen_occupancy", "task_description": "Position where wardrobe occupies 30% of vertical FOV", "target_object": {"label": "wardrobe", "id": "82", "bbox_min": [0.5389814305389335, -6.337800333049301, -8.400000001529406e-08], "bbox_max": [1.2239814694610667, -4.8068002669507, 2.599999884], "center": [0.8814814500000001, -5.5723003, 1.2999999]}}
{"scene_id": "0244_841000", "object_label": "wardrobe", "preset": "occupancy_20", "distance": 8.207876868057532, "init_camera": {"intrinsics": [[320.0, 0.0, 320.0], [0.0, 320.0, 240.0], [0.0, 0.0, 1.0]], "extrinsics": [[-0.6427876096865396, -0.10464634277630518, 0.7588631179448695, -0.7850547698272486], [-0.7660444431189778, 0.08780870762764896, -0.6367617623815812, -4.1739103725993765], [0.0, -0.9906254457706536, -0.13660609866215306, 1.6], [0.0, 0.0, 0.0, 1.0]]}, "target_region": {"type": "circle", "params": {"center": [0.8814814500000001, -5.572300299999999], "radius": 8.207876868057532, "object_center": [0.8814814500000001, -5.572300299999999, 1.2999999], "object_height": 2.5999999679999997, "occupancy_ratio": 0.2, "fov_vertical": 90.0, "sample_distance": 8.207876868057532, "min_distance": 2.5999999679999997}, "sample_point": [-2.031117790852269, 2.1014216355004462, 1.5], "sample_forward": [0.3547488594544947, -0.9346442401712473, -0.02435961884856632], "height": 1.5}, "sample_target": [-2.031117790852269, 2.1014216355004462, 1.5], "camera_params": {"forward": [0.3547488594544947, -0.9346442401712473, -0.02435961884856632]}, "task_type": "screen_occupancy", "task_description": "Position where wardrobe occupies 20% of vertical FOV", "target_object": {"label": "wardrobe", "id": "82", "bbox_min": [0.5389814305389335, -6.337800333049301, -8.400000001529406e-08], "bbox_max": [1.2239814694610667, -4.8068002669507, 2.599999884], "center": [0.8814814500000001, -5.5723003, 1.2999999]}}
{"scene_id": "0244_841000", "object_label": "wardrobe", "preset": "occupancy_30", "distance": 5.414889634472746, "init_camera": {"intrinsics": [[320.0, 0.0, 320.0], [0.0, 320.0, 240.0], [0.0, 0.0, 1.0]], "extrinsics": [[-0.6427876096865396, -0.10464634277630518, 0.7588631179448695, -0.7850547698272486], [-0.7660444431189778, 0.08780870762764896, -0.6367617623815812, -4.1739103725993765], [0.0, -0.9906254457706536, -0.13660609866215306, 1.6], [0.0, 0.0, 0.0, 1.0]]}, "target_region": {"type": "circle", "params": {"center": [0.8814814500000001, -5.572300299999999], "radius": 5.414889634472746, "object_center": [0.8814814500000001, -5.572300299999999, 1.2999999], "object_height": 2.5999999679999997, "occupancy_ratio": 0.3, "fov_vertical": 90.0, "sample_distance": 5.414889634472746, "min_distance": 2.5999999679999997}, "sample_point": [5.525395720835284, -2.787504077894551, 1.5], "sample_forward": [-0.857034987678583, -0.5139345079835477, -0.03691004468271224], "height": 1.5}, "sample_target": [5.525395720835284, -2.787504077894551, 1.5], "camera_params": {"forward": [-0.857034987678583, -0.5139345079835477, -0.03691004468271224]}, "task_type": "screen_occupancy", "task_description": "Position where wardrobe occupies 30% of vertical FOV", "target_object": {"label": "wardrobe", "id": "82", "bbox_min": [0.5389814305389335, -6.337800333049301, -8.400000001529406e-08], "bbox_max": [1.2239814694610667, -4.8068002669507, 2.599999884], "center": [0.8814814500000001, -5.5723003, 1.2999999]}}
{"scene_id": "0244_841000", "object_label": "wardrobe", "preset": "occupancy_50", "distance": 3.138477592457606, "init_camera": {"intrinsics": [[320.0, 0.0, 320.0], [0.0, 320.0, 240.0], [0.0, 0.0, 1.0]], "extrinsics": [[-0.6427876096865396, -0.10464634277630518, 0.7588631179448695, -0.7850547698272486], [-0.7660444431189778, 0.08780870762764896, -0.6367617623815812, -4.1739103725993765], [0.0, -0.9906254457706536, -0.13660609866215306, 1.6], [0.0, 0.0, 0.0, 1.0]]}, "target_region": {"type": "circle", "params": {"center": [0.8814814500000001, -5.572300299999999], "radius": 3.138477592457606, "object_center": [0.8814814500000001, -5.572300299999999, 1.2999999], "object_height": 2.5999999679999997, "occupancy_ratio": 0.5, "fov_vertical": 90.0, "sample_distance": 3.138477592457606, "min_distance": 2.5999999679999997}, "sample_point": [3.6706684698416803, -4.133384956171469, 1.5], "sample_forward": [-0.8869080063894035, -0.45754749677220424, -0.06359619799849416], "height": 1.5}, "sample_target": [3.6706684698416803, -4.133384956171469, 1.5], "camera_params": {"forward": [-0.8869080063894035, -0.45754749677220424, -0.06359619799849416]}, "task_type": "screen_occupancy", "task_description": "Position where wardrobe occupies 50% of vertical FOV", "target_object": {"label": "wardrobe", "id": "82", "bbox_min": [0.5389814305389335, -6.337800333049301, -8.400000001529406e-08], "bbox_max": [1.2239814694610667, -4.8068002669507, 2.599999884], "center": [0.8814814500000001, -5.5723003, 1.2999999]}}
{"scene_id": "0244_841000", "object_label": "bed", "preset": "occupancy_20", "distance": 2.8411881816037696, "init_camera": {"intrinsics": [[320.0, 0.0, 320.0], [0.0, 320.0, 240.0], [0.0, 0.0, 1.0]], "extrinsics": [[0.0, -0.29361412699664124, 0.9559240264937378, 2.4630767898324377], [-1.0, -0.0, 0.0, -5.20795875587018], [0.0, -0.9559240264937378, -0.29361412699664124, 1.0], [0.0, 0.0, 0.0, 1.0]]}, "target_region": {"type": "circle", "params": {"center": [4.253720244047329, -5.20795875587018], "radius": 2.8411881816037696, "object_center": [4.253720244047329, -5.20795875587018, 0.45], "object_height": 0.9, "occupancy_ratio": 0.2, "fov_vertical": 90.0, "sample_distance": 2.8411881816037696, "min_distance": 2.184000822225143}, "sample_point": [6.304738116159004, -3.24182651932976, 1.5], "sample_forward": [-0.6771267198687059, -0.6491024238545734, -0.34664888372236935], "height": 1.5}, "sample_target": [6.304738116159004, -3.24182651932976, 1.5], "camera_params": {"forward": [-0.6771267198687059, -0.6491024238545734, -0.34664888372236935]}, "task_type": "screen_occupancy", "task_description": "Position where bed occupies 20% of vertical FOV", "target_object": {"label": "bed", "id": "96", "bbox_min": [3.1617198329347587, -6.274959270757632, 0.0], "bbox_max": [5.3457206551599015, -4.140958240982729, 0.9], "center": [4.25372024404733, -5.20795875587018, 0.45]}}
{"scene_id": "0244_841000", "object_label": "bed", "preset": "occupancy_20", "distance": 2.8411881816037696, "init_camera": {"intrinsics": [[320.0, 0.0, 320.0], [0.0, 320.0, 240.0], [0.0, 0.0, 1.0]], "extrinsics": [[-0.984807753012208, 0.05098555809023349, -0.16599446518867225, 4.564662216722964], [0.1736481776669306, 0.28915346866020336, -0.9414013925816803, -3.4445191992787936], [0.0, -0.9559240264937379, -0.29361412699664124, 1.0], [0.0, 0.0, 0.0, 1.0]]}, "target_region": {"type": "circle", "params": {"center": [4.253720244047329, -5.20795875587018], "radius": 2.8411881816037696, "object_center": [4.253720244047329, -5.20795875587018, 0.45], "object_height": 0.9, "occupancy_ratio": 0.2, "fov_vertical": 90.0, "sample_distance": 2.8411881816037696, "min_distance": 2.184000822225143}, "sample_point": [6.202776189397798, -3.140706665490556, 1.5], "sample_forward": [-0.6434648264458926, -0.6824863138122204, -0.3466488837223694], "height": 1.5}, "sample_target": [6.202776189397798, -3.140706665490556, 1.5], "camera_params": {"forward": [-0.6434648264458926, -0.6824863138122204, -0.3466488837223694]}, "task_type": "screen_occupancy", "task_description": "Position where bed occupies 20% of vertical FOV", "target_object": {"label": "bed", "id": "96", "bbox_min": [3.1617198329347587, -6.274959270757632, 0.0], "bbox_max": [5.3457206551599015, -4.140958240982729, 0.9], "center": [4.25372024404733, -5.20795875587018, 0.45]}}
{"scene_id": "0244_841000", "object_label": "bed", "preset": "occupancy_20", "distance": 2.8411881816037696, "init_camera": {"intrinsics": [[320.0, 0.0, 320.0], [0.0, 320.0, 240.0], [0.0, 0.0, 1.0]], "extrinsics": [[-0.766044443118978, 0.18873152286237102, -0.6144561200318418, 5.404723669782969], [0.6427876096865394, 0.22492147040700694, -0.7322802885394465, -3.83624628816149], [0.0, -0.9559240264937378, -0.29361412699664124, 1.0], [0.0, 0.0, 0.0, 1.0]]}, "target_region": {"type": "circle", "params": {"center": [4.253720244047329, -5.20795875587018], "radius": 2.8411881816037696, "object_center": [4.253720244047329, -5.20795875587018, 0.45], "object_height": 0.9, "occupancy_ratio": 0.2, "fov_vertical": 90.0, "sample_distance": 2.8411881816037696, "min_distance": 2.184000822225143}, "sample_point": [3.113883295695449, -2.605436514955262, 1.5], "sample_forward": [0.3763078150206584, -0.8592013615959958, -0.34664888372236935], "height": 1.5}, "sample_target": [3.113883295695449, -2.605436514955262, 1.5], "camera_params": {"forward": [0.3763078150206584, -0.8592013615959958, -0.34664888372236935]}, "task_type": "screen_occupancy", "task_description": "Position where bed occupies 20% of vertical FOV", "target_object": {"label": "bed", "id": "96", "bbox_min": [3.1617198329347587, -6.274959270757632, 0.0], "bbox_max": [5.3457206551599015, -4.140958240982729, 0.9], "center": [4.25372024404733, -5.20795875587018, 0.45]}}
{"scene_id": "0244_841000", "object_label": "bed", "preset": "occupancy_30", "distance": 2.184000822225143, "init_camera": {"intrinsics": [[320.0, 0.0, 320.0], [0.0, 320.0, 240.0], [0.0, 0.0, 1.0]], "extrinsics": [[-0.766044443118978, 0.18873152286237102, -0.6144561200318418, 5.404723669782969], [0.6427876096865394, 0.22492147040700694, -0.7322802885394465, -3.83624628816149], [0.0, -0.9559240264937378, -0.29361412699664124, 1.0], [0.0, 0.0, 0.0, 1.0]]}, "target_region": {"type": "circle", "params": {"center": [4.253720244047329, -5.20795875587018], "radius": 2.184000822225143, "object_center": [4.253720244047329, -5.20795875587018, 0.45], "object_height": 0.9, "occupancy_ratio": 0.3, "fov_vertical": 90.0, "sample_distance": 2.184000822225143, "min_distance": 2.184000822225143}, "sample_point": [4.575062456011781, -7.368189941250554, 1.5], "sample_forward": [-0.13260547576635387, 0.8914436804037693, -0.4332943023684495], "height": 1.5}, "sample_target": [4.575062456011781, -7.368189941250554, 1.5], "camera_params": {"forward": [-0.13260547576635387, 0.8914436804037693, -0.4332943023684495]}, "task_type": "screen_occupancy", "task_description": "Position where bed occupies 30% of vertical FOV", "target_object": {"label": "bed", "id": "96", "bbox_min": [3.1617198329347587, -6.274959270757632, 0.0], "bbox_max": [5.3457206551599015, -4.140958240982729, 0.9], "center": [4.25372024404733, -5.20795875587018, 0.45]}}
{"scene_id": "0244_841000", "object_label": "bed", "preset": "occupancy_20", "distance": 2.8411881816037696, "init_camera": {"intrinsics": [[320.0, 0.0, 320.0], [0.0, 320.0, 240.0], [0.0, 0.0, 1.0]], "extrinsics": [[0.3420201433256689, -0.27590702849724036, 0.8982747537281185, 2.5710658036630063], [-0.9396926207859084, -0.10042194579783238, 0.32694527254983863, -5.8203948867259285], [0.0, -0.9559240264937379, -0.29361412699664124, 1.0], [0.0, 0.0, 0.0, 1.0]]}, "target_region": {"type": "circle", "params": {"center": [4.253720244047329, -5.20795875587018], "radius": 2.8411881816037696, "object_center": [4.253720244047329, -5.20795875587018, 0.45], "object_height": 0.9, "occupancy_ratio": 0.2, "fov_vertical": 90.0, "sample_distance": 2.8411881816037696, "min_distance": 2.184000822225143}, "sample_point": [5.651969077200028, -7.681266355800293, 1.5], "sample_forward": [-0.461620378265227, 0.8165422082074533, -0.3466488837223693], "height": 1.5}, "sample_target": [5.651969077200028, -7.681266355800293, 1.5], "camera_params": {"forward": [-0.461620378265227, 0.8165422082074533, -0.3466488837223693]}, "task_type": "screen_occupancy", "task_description": "Position where bed occupies 20% of vertical FOV", "target_object": {"label": "bed", "id": "96", "bbox_min": [3.1617198329347587, -6.274959270757632, 0.0], "bbox_max": [5.3457206551599015, -4.140958240982729, 0.9], "center": [4.25372024404733, -5.20795875587018, 0.45]}}
{"scene_id": "0244_841000", "object_label": "bed", "preset": "occupancy_20", "distance": 2.8411881816037696, "init_camera": {"intrinsics": [[320.0, 0.0, 320.0], [0.0, 320.0, 240.0], [0.0, 0.0, 1.0]], "extrinsics": [[-0.49999999999999994, -0.25427729288908163, 0.8278544910314857, 2.702977523576916], [-0.8660254037844387, 0.14680706349832057, -0.4779620132468688, -4.312637028762734], [0.0, -0.9559240264937378, -0.2936141269966412, 1.0], [0.0, 0.0, 0.0, 1.0]]}, "target_region": {"type": "circle", "params": {"center": [4.253720244047329, -5.20795875587018], "radius": 2.8411881816037696, "object_center": [4.253720244047329, -5.20795875587018, 0.45], "object_height": 0.9, "occupancy_ratio": 0.2, "fov_vertical": 90.0, "sample_distance": 2.8411881816037696, "min_distance": 2.184000822225143}, "sample_point": [5.168186533317202, -2.5179584419159378, 1.5], "sample_forward": [-0.3019035413115608, -0.8880815295667251, -0.3466488837223694], "height": 1.5}, "sample_target": [5.168186533317202, -2.5179584419159378, 1.5], "camera_params": {"forward": [-0.3019035413115608, -0.8880815295667251, -0.3466488837223694]}, "task_type": "screen_occupancy", "task_description": "Position where bed occupies 20% of vertical FOV", "target_object": {"label": "bed", "id": "96", "bbox_min": [3.1617198329347587, -6.274959270757632, 0.0], "bbox_max": [5.3457206551599015, -4.140958240982729, 0.9], "center": [4.25372024404733, -5.20795875587018, 0.45]}}
