{"scene_id": "0020_840256", "object_label": "stool", "preset": "right", "distance": 1.5, "init_camera": {"intrinsics": [[320.0, 0.0, 320.0], [0.0, 320.0, 240.0], [0.0, 0.0, 1.0]], "extrinsics": [[-0.9396926207859085, -0.16767921305894049, 0.298096393719289, -3.668905114660535], [-0.34202014332566866, 0.46069485159135976, -0.8190131105646015, -2.411771003371273], [0.0, -0.8715755476292056, -0.4902612209576141, 0.7999999774350586], [0.0, 0.0, 0.0, 1.0]]}, "target_region": {"type": "circle", "params": {"center": [-3.395289000000001, -3.1635250999999998], "radius": 1.5, "object_center": [-3.395289000000001, -3.1635250999999998, 0.35000000000000003], "sample_distance": 1.5, "min_distance": 0.6999999548701172, "requested_distance": 1.5}, "sample_point": [-2.7357283382580695, -1.8163132631003438, 1.5], "sample_forward": [-0.3489543578775349, -0.7127705891808895, -0.6084315436571356], "height": 1.5}, "sample_target": [-2.7357283382580695, -1.8163132631003438, 1.5], "camera_params": {"forward": [-0.3489543578775349, -0.7127705891808895, -0.6084315436571356]}, "task_type": "absolute_positioning", "task_description": "Move to any position 1.5m from stool", "target_object": {"label": "stool", "id": "89", "bbox_min": [-3.607099531639043, -3.365785126489332, 2.2564941389191517e-08], "bbox_max": [-3.183478468360958, -2.961265073510668, 0.6999999774350586], "center": [-3.3952890000000004, -3.1635251, 0.35]}}
{"scene_id": "0020_840256", "object_label": "stool", "preset": "closer", "distance": 0.7000000000000003, "init_camera": {"intrinsics": [[320.0, 0.0, 320.0], [0.0, 320.0, 240.0], [0.0, 0.0, 1.0]], "extrinsics": [[-0.9396926207859085, -0.16767921305894049, 0.298096393719289, -3.668905114660535], [-0.34202014332566866, 0.46069485159135976, -0.8190131105646015, -2.411771003371273], [0.0, -0.8715755476292056, -0.4902612209576141, 0.7999999774350586], [0.0, 0.0, 0.0, 1.0]]}, "target_region": {"type": "point", "params": {"delta": 1.5, "start_position": [-3.668905114660535, -2.411771003371273, 0.7999999774350586], "sample_distance": 0.7000000000000003, "min_distance": 0.6999999548701172, "min_distance_enforced": true}, "sample_point": [-3.1558748996720336, -3.8213099345501362, 0.7999999774350586], "sample_forward": [-0.28769998692934007, 0.7904492176657553, -0.5407575721267831], "height": 0.7999999774350586}, "sample_target": [-3.1558748996720336, -3.8213099345501362, 0.7999999774350586], "camera_params": {"forward": [-0.28769998692934007, 0.7904492176657553, -0.5407575721267831]}, "task_type": "delta_control", "task_description": "Move 1.5m toward stool", "target_object": {"label": "stool", "id": "89", "bbox_min": [-3.607099531639043, -3.365785126489332, 2.2564941389191517e-08], "bbox_max": [-3.183478468360958, -2.961265073510668, 0.6999999774350586], "center": [-3.3952890000000004, -3.1635251, 0.35]}}
{"scene_id": "0020_840256", "object_label": "stool", "preset": "occupancy_20", "distance": 2.2098128876668324, "init_camera": {"intrinsics": [[320.0, 0.0, 320.0], [0.0, 320.0, 240.0], [0.0, 0.0, 1.0]], "extrinsics": [[-0.9396926207859085, -0.16767921305894049, 0.298096393719289, -3.668905114660535], [-0.34202014332566866, 0.46069485159135976, -0.8190131105646015, -2.411771003371273], [0.0, -0.8715755476292056, -0.4902612209576141, 0.7999999774350586], [0.0, 0.0, 0.0, 1.0]]}, "target_region": {"type": "circle", "params": {"center": [-3.395289000000001, -3.1635250999999998], "radius": 2.2098128876668324, "object_center": [-3.395289000000001, -3.1635250999999998, 0.35000000000000003], "object_height": 0.6999999548701172, "occupancy_ratio": 0.2, "fov_vertical": 90.0, "sample_distance": 2.2098128876668324, "min_distance": 0.6999999548701172}, "sample_point": [-5.3305445414722845, -2.0967266243265272, 1.5], "sample_forward": [0.7768557364197961, -0.4282372522237268, -0.4616362427274622], "height": 1.5}, "sample_target": [-5.3305445414722845, -2.0967266243265272, 1.5], "camera_params": {"forward": [0.7768557364197961, -0.4282372522237268, -0.4616362427274622]}, "task_type": "screen_occupancy", "task_description": "Position where stool occupies 20% of vertical FOV", "target_object": {"label": "stool", "id": "89", "bbox_min": [-3.607099531639043, -3.365785126489332, 2.2564941389191517e-08], "bbox_max": [-3.183478468360958, -2.961265073510668, 0.6999999774350586], "center": [-3.3952890000000004, -3.1635251, 0.35]}}
{"scene_id": "0020_840256", "object_label": "stool", "preset": "occupancy_50", "distance": 0.8449746923539958, "init_camera": {"intrinsics": [[320.0, 0.0, 320.0], [0.0, 320.0, 240.0], [0.0, 0.0, 1.0]], "extrinsics": [[-0.9396926207859085, -0.16767921305894049, 0.298096393719289, -3.668905114660535], [-0.34202014332566866, 0.46069485159135976, -0.8190131105646015, -2.411771003371273], [0.0, -0.8715755476292056, -0.4902612209576141, 0.7999999774350586], [0.0, 0.0, 0.0, 1.0]]}, "target_region": {"type": "circle", "params": {"center": [-3.395289000000001, -3.1635250999999998], "radius": 0.8449746923539958, "object_center": [-3.395289000000001, -3.1635250999999998, 0.35000000000000003], "object_height": 0.6999999548701172, "occupancy_ratio": 0.5, "fov_vertical": 90.0, "sample_distance": 0.8449746923539958, "min_distance": 0.6999999548701172}, "sample_point": [-4.103567666971925, -3.624310907758012, 1.5], "sample_forward": [0.49632236861903184, 0.32289311283401395, -0.805856155956356], "height": 1.5}, "sample_target": [-4.103567666971925, -3.624310907758012, 1.5], "camera_params": {"forward": [0.49632236861903184, 0.32289311283401395, -0.805856155956356]}, "task_type": "screen_occupancy", "task_description": "Position where stool occupies 50% of vertical FOV", "target_object": {"label": "stool", "id": "89", "bbox_min": [-3.607099531639043, -3.365785126489332, 2.2564941389191517e-08], "bbox_max": [-3.183478468360958, -2.961265073510668, 0.6999999774350586], "center": [-3.3952890000000004, -3.1635251, 0.35]}}
{"scene_id": "0020_840256", "object_label": "stool", "preset": "back", "distance": 1.5, "init_camera": {"intrinsics": [[320.0, 0.0, 320.0], [0.0, 320.0, 240.0], [0.0, 0.0, 1.0]], "extrinsics": [[-0.984807753012208, 0.08513296760005393, -0.15134750554486825, -3.256370457866456], [0.17364817766693022, 0.4828130514002897, -0.8583343566411025, -2.3756788975902334], [0.0, -0.8715755476292054, -0.49026122095761415, 0.7999999774350586], [0.0, 0.0, 0.0, 1.0]]}, "target_region": {"type": "circle", "params": {"center": [-3.395289000000001, -3.1635250999999998], "radius": 1.5, "object_center": [-3.395289000000001, -3.1635250999999998, 0.35000000000000003], "sample_distance": 1.5, "min_distance": 0.6999999548701172, "requested_distance": 1.5}, "sample_point": [-4.696691910433904, -3.90941414316538, 1.5], "sample_forward": [0.6885344188827727, 0.3946281929826575, -0.6084315436571356], "height": 1.5}, "sample_target": [-4.696691910433904, -3.90941414316538, 1.5], "camera_params": {"forward": [0.6885344188827727, 0.3946281929826575, -0.6084315436571356]}, "task_type": "absolute_positioning", "task_description": "Move to any position 1.5m from stool", "target_object": {"label": "stool", "id": "89", "bbox_min": [-3.607099531639043, -3.365785126489332, 2.2564941389191517e-08], "bbox_max": [-3.183478468360958, -2.961265073510668, 0.6999999774350586], "center": [-3.3952890000000004, -3.1635251, 0.35]}}
{"scene_id": "0020_840256", "object_label": "stool", "preset": "closer", "distance": 0.6999999999999998, "init_camera": {"intrinsics": [[320.0, 0.0, 320.0], [0.0, 320.0, 240.0], [0.0, 0.0, 1.0]], "extrinsics": [[-0.984807753012208, 0.08513296760005393, -0.15134750554486825, -3.256370457866456], [0.17364817766693022, 0.4828130514002897, -0.8583343566411025, -2.3756788975902334], [0.0, -0.8715755476292054, -0.49026122095761415, 0.7999999774350586], [0.0, 0.0, 0.0, 1.0]]}, "target_region": {"type": "point", "params": {"delta": 1.5, "start_position": [-3.256370457866456, -2.3756788975902334, 0.7999999774350586], "sample_distance": 0.6999999999999998, "min_distance": 0.6999999548701172, "min_distance_enforced": true}, "sample_point": [-3.5168427243668527, -3.852890527108545, 0.7999999774350586], "sample_forward": [0.14606911148361773, 0.8283990963647493, -0.5407575721267833], "height": 0.7999999774350586}, "sample_target": [-3.5168427243668527, -3.852890527108545, 0.7999999774350586], "camera_params": {"forward": [0.14606911148361773, 0.8283990963647493, -0.5407575721267833]}, "task_type": "delta_control", "task_description": "Move 1.5m toward stool", "target_object": {"label": "stool", "id": "89", "bbox_min": [-3.607099531639043, -3.365785126489332, 2.2564941389191517e-08], "bbox_max": [-3.183478468360958, -2.961265073510668, 0.6999999774350586], "center": [-3.3952890000000004, -3.1635251, 0.35]}}
{"scene_id": "0020_840256", "object_label": "stool", "preset": "occupancy_20", "distance": 2.2098128876668324, "init_camera": {"intrinsics": [[320.0, 0.0, 320.0], [0.0, 320.0, 240.0], [0.0, 0.0, 1.0]], "extrinsics": [[-0.984807753012208, 0.08513296760005393, -0.15134750554486825, -3.256370457866456], [0.17364817766693022, 0.4828130514002897, -0.8583343566411025, -2.3756788975902334], [0.0, -0.8715755476292054, -0.49026122095761415, 0.7999999774350586], [0.0, 0.0, 0.0, 1.0]]}, "target_region": {"type": "circle", "params": {"center": [-3.395289000000001, -3.1635250999999998], "radius": 2.2098128876668324, "object_center": [-3.395289000000001, -3.1635250999999998, 0.35000000000000003], "object_height": 0.6999999548701172, "occupancy_ratio": 0.2, "fov_vertical": 90.0, "sample_distance": 2.2098128876668324, "min_distance": 0.6999999548701172}, "sample_point": [-1.4165031805185375, -2.179817989566463, 1.5], "sample_forward": [-0.794329783363309, -0.39488248209115373, -0.4616362427274623], "height": 1.5}, "sample_target": [-1.4165031805185375, -2.179817989566463, 1.5], "camera_params": {"forward": [-0.794329783363309, -0.39488248209115373, -0.4616362427274623]}, "task_type": "screen_occupancy", "task_description": "Position where stool occupies 20% of vertical FOV", "target_object": {"label": "stool", "id": "89", "bbox_min": [-3.607099531639043, -3.365785126489332, 2.2564941389191517e-08], "bbox_max": [-3.183478468360958, -2.961265073510668, 0.6999999774350586], "center": [-3.3952890000000004, -3.1635251, 0.35]}}
{"scene_id": "0020_840256", "object_label": "stool", "preset": "occupancy_30", "distance": 1.457854825541901, "init_camera": {"intrinsics": [[320.0, 0.0, 320.0], [0.0, 320.0, 240.0], [0.0, 0.0, 1.0]], "extrinsics": [[-0.984807753012208, 0.08513296760005393, -0.15134750554486825, -3.256370457866456], [0.17364817766693022, 0.4828130514002897, -0.8583343566411025, -2.3756788975902334], [0.0, -0.8715755476292054, -0.49026122095761415, 0.7999999774350586], [0.0, 0.0, 0.0, 1.0]]}, "target_region": {"type": "circle", "params": {"center": [-3.395289000000001, -3.1635250999999998], "radius": 1.457854825541901, "object_center": [-3.395289000000001, -3.1635250999999998, 0.35000000000000003], "object_height": 0.6999999548701172, "occupancy_ratio": 0.3, "fov_vertical": 90.0, "sample_distance": 1.457854825541901, "min_distance": 0.6999999548701172}, "sample_point": [-1.9387046668001855, -3.1026746880650284, 1.5], "sample_forward": [-0.7844441686587273, -0.0327710175888055, -0.619333033725404], "height": 1.5}, "sample_target": [-1.9387046668001855, -3.1026746880650284, 1.5], "camera_params": {"forward": [-0.7844441686587273, -0.0327710175888055, -0.619333033725404]}, "task_type": "screen_occupancy", "task_description": "Position where stool occupies 30% of vertical FOV", "target_object": {"label": "stool", "id": "89", "bbox_min": [-3.607099531639043, -3.365785126489332, 2.2564941389191517e-08], "bbox_max": [-3.183478468360958, -2.961265073510668, 0.6999999774350586], "center": [-3.3952890000000004, -3.1635251, 0.35]}}
{"scene_id": "0020_840256", "object_label": "stool", "preset": "occupancy_50", "distance": 0.8449746923539958, "init_camera": {"intrinsics": [[320.0, 0.0, 320.0], [0.0, 320.0, 240.0], [0.0, 0.0, 1.0]], "extrinsics": [[-0.984807753012208, 0.08513296760005393, -0.15134750554486825, -3.256370457866456], [0.17364817766693022, 0.4828130514002897, -0.8583343566411025, -2.3756788975902334], [0.0, -0.8715755476292054, -0.49026122095761415, 0.7999999774350586], [0.0, 0.0, 0.0, 1.0]]}, "target_region": {"type": "circle", "params": {"center": [-3.395289000000001, -3.1635250999999998], "radius": 0.8449746923539958, "object_center": [-3.395289000000001, -3.1635250999999998, 0.35000000000000003], "object_height": 0.6999999548701172, "occupancy_ratio": 0.5, "fov_vertical": 90.0, "sample_distance": 0.8449746923539958, "min_distance": 0.6999999548701172}, "sample_point": [-4.015384722584026, -3.7375142336530045, 1.5], "sample_forward": [0.4345286568056877, 0.40221971896202546, -0.8058561559563556], "height": 1.5}, "sample_target": [-4.015384722584026, -3.7375142336530045, 1.5], "camera_params": {"forward": [0.4345286568056877, 0.40221971896202546, -0.8058561559563556]}, "task_type": "screen_occupancy", "task_description": "Position where stool occupies 50% of vertical FOV", "target_object": {"label": "stool", "id": "89", "bbox_min": [-3.607099531639043, -3.365785126489332, 2.2564941389191517e-08], "bbox_max": [-3.183478468360958, -2.961265073510668, 0.6999999774350586], "center": [-3.3952890000000004, -3.1635251, 0.35]}}
{"scene_id": "0020_840256", "object_label": "stool", "preset": "left", "distance": 1.5, "init_camera": {"intrinsics": [[320.0, 0.0, 320.0], [0.0, 320.0, 240.0], [0.0, 0.0, 1.0]], "extrinsics": [[-0.8660254037844385, 0.24513061047880708, -0.43578777381460293, -2.9952889999999996], [0.5000000000000001, 0.4245786718396695, -0.7548065655642259, -2.4707047769724486], [0.0, -0.8715755476292056, -0.49026122095761393, 0.7999999774350586], [0.0, 0.0, 0.0, 1.0]]}, "target_region": {"type": "circle", "params": {"center": [-3.395289000000001, -3.1635250999999998], "radius": 1.5, "object_center": [-3.395289000000001, -3.1635250999999998, 0.35000000000000003], "sample_distance": 1.5, "min_distance": 0.6999999548701172, "requested_distance": 1.5}, "sample_point": [-3.2665945472573976, -4.6579941488040495, 1.5], "sample_forward": [-0.06808849090634123, 0.790680095923182, -0.6084315436571357], "height": 1.5}, "sample_target": [-3.2665945472573976, -4.6579941488040495, 1.5], "camera_params": {"forward": [-0.06808849090634123, 0.790680095923182, -0.6084315436571357]}, "task_type": "absolute_positioning", "task_description": "Move to any position 1.5m from stool", "target_object": {"label": "stool", "id": "89", "bbox_min": [-3.607099531639043, -3.365785126489332, 2.2564941389191517e-08], "bbox_max": [-3.183478468360958, -2.961265073510668, 0.6999999774350586], "center": [-3.3952890000000004, -3.1635251, 0.35]}}
{"scene_id": "0020_840256", "object_label": "stool", "preset": "closer", "distance": 0.6999999999999994, "init_camera": {"intrinsics": [[320.0, 0.0, 320.0], [0.0, 320.0, 240.0], [0.0, 0.0, 1.0]], "extrinsics": [[-0.8660254037844385, 0.24513061047880708, -0.43578777381460293, -2.9952889999999996], [0.5000000000000001, 0.4245786718396695, -0.7548065655642259, -2.4707047769724486], [0.0, -0.8715755476292056, -0.49026122095761393, 0.7999999774350586], [0.0, 0.0, 0.0, 1.0]]}, "target_region": {"type": "point", "params": {"delta": 1.5, "start_position": [-2.9952889999999996, -2.4707047769724486, 0.7999999774350586], "sample_distance": 0.6999999999999994, "min_distance": 0.6999999548701172, "min_distance_enforced": true}, "sample_point": [-3.7452890000000014, -3.7697428826491057, 0.7999999774350586], "sample_forward": [0.42058924385543606, 0.7284819394745891, -0.5407575721267837], "height": 0.7999999774350586}, "sample_target": [-3.7452890000000014, -3.7697428826491057, 0.7999999774350586], "camera_params": {"forward": [0.42058924385543606, 0.7284819394745891, -0.5407575721267837]}, "task_type": "delta_control", "task_description": "Move 1.5m toward stool", "target_object": {"label": "stool", "id": "89", "bbox_min": [-3.607099531639043, -3.365785126489332, 2.2564941389191517e-08], "bbox_max": [-3.183478468360958, -2.961265073510668, 0.6999999774350586], "center": [-3.3952890000000004, -3.1635251, 0.35]}}
{"scene_id": "0020_840256", "object_label": "stool", "preset": "occupancy_30", "distance": 1.457854825541901, "init_camera": {"intrinsics": [[320.0, 0.0, 320.0], [0.0, 320.0, 240.0], [0.0, 0.0, 1.0]], "extrinsics": [[-0.8660254037844385, 0.24513061047880708, -0.43578777381460293, -2.9952889999999996], [0.5000000000000001, 0.4245786718396695, -0.7548065655642259, -2.4707047769724486], [0.0, -0.8715755476292056, -0.49026122095761393, 0.7999999774350586], [0.0, 0.0, 0.0, 1.0]]}, "target_region": {"type": "circle", "params": {"center": [-3.395289000000001, -3.1635250999999998], "radius": 1.457854825541901, "object_center": [-3.395289000000001, -3.1635250999999998, 0.35000000000000003], "object_height": 0.6999999548701172, "occupancy_ratio": 0.3, "fov_vertical": 90.0, "sample_distance": 1.457854825541901, "min_distance": 0.6999999548701172}, "sample_point": [-3.852619121041487, -1.7792600051774847, 1.5], "sample_forward": [0.24629534893793886, -0.7454966092666193, -0.6193330337254039], "height": 1.5}, "sample_target": [-3.852619121041487, -1.7792600051774847, 1.5], "camera_params": {"forward": [0.24629534893793886, -0.7454966092666193, -0.6193330337254039]}, "task_type": "screen_occupancy", "task_description": "Position where stool occupies 30% of vertical FOV", "target_object": {"label": "stool", "id": "89", "bbox_min": [-3.607099531639043, -3.365785126489332, 2.2564941389191517e-08], "bbox_max": [-3.183478468360958, -2.961265073510668, 0.6999999774350586], "center": [-3.3952890000000004, -3.1635251, 0.35]}}
{"scene_id": "0020_840256", "object_label": "stool", "preset": "back", "distance": 1.5, "init_camera": {"intrinsics": [[320.0, 0.0, 320.0], [0.0, 320.0, 240.0], [0.0, 0.0, 1.0]], "extrinsics": [[-0.5000000000000001, -0.4245786718396698, 0.7548065655642258, -4.088109323027551], [-0.8660254037844386, 0.2451306104788072, -0.4357877738146027, -2.7635251], [0.0, -0.8715755476292054, -0.4902612209576142, 0.7999999774350586], [0.0, 0.0, 0.0, 1.0]]}, "target_region": {"type": "circle", "params": {"center": [-3.395289000000001, -3.1635250999999998], "radius": 1.5, "object_center": [-3.395289000000001, -3.1635250999999998, 0.35000000000000003], "sample_distance": 1.5, "min_distance": 0.6999999548701172, "requested_distance": 1.5}, "sample_point": [-4.592278691143474, -4.067524922619591, 1.5], "sample_forward": [0.6332924221948708, 0.47828000655844755, -0.6084315436571355], "height": 1.5}, "sample_target": [-4.592278691143474, -4.067524922619591, 1.5], "camera_params": {"forward": [0.6332924221948708, 0.47828000655844755, -0.6084315436571355]}, "task_type": "absolute_positioning", "task_description": "Move to any position 1.5m from stool", "target_object": {"label": "stool", "id": "89", "bbox_min": [-3.607099531639043, -3.365785126489332, 2.2564941389191517e-08], "bbox_max": [-3.183478468360958, -2.961265073510668, 0.6999999774350586], "center": [-3.3952890000000004, -3.1635251, 0.35]}}
{"scene_id": "0020_840256", "object_label": "stool", "preset": "closer", "distance": 0.7000000000000011, "init_camera": {"intrinsics": [[320.0, 0.0, 320.0], [0.0, 320.0, 240.0], [0.0, 0.0, 1.0]], "extrinsics": [[-0.5000000000000001, -0.4245786718396698, 0.7548065655642258, -4.088109323027551], [-0.8660254037844386, 0.2451306104788072, -0.4357877738146027, -2.7635251], [0.0, -0.8715755476292054, -0.4902612209576142, 0.7999999774350586], [0.0, 0.0, 0.0, 1.0]]}, "target_region": {"type": "point", "params": {"delta": 1.5, "start_position": [-4.088109323027551, -2.7635251, 0.7999999774350586], "sample_distance": 0.7000000000000011, "min_distance": 0.6999999548701172, "min_distance_enforced": true}, "sample_point": [-2.789071217350893, -3.5135251000000007, 0.7999999774350586], "sample_forward": [-0.72848193947459, 0.42058924385543583, -0.5407575721267827], "height": 0.7999999774350586}, "sample_target": [-2.789071217350893, -3.5135251000000007, 0.7999999774350586], "camera_params": {"forward": [-0.72848193947459, 0.42058924385543583, -0.5407575721267827]}, "task_type": "delta_control", "task_description": "Move 1.5m toward stool", "target_object": {"label": "stool", "id": "89", "bbox_min": [-3.607099531639043, -3.365785126489332, 2.2564941389191517e-08], "bbox_max": [-3.183478468360958, -2.961265073510668, 0.6999999774350586], "center": [-3.3952890000000004, -3.1635251, 0.35]}}
{"scene_id": "0020_840256", "object_label": "stool", "preset": "occupancy_50", "distance": 0.8449746923539958, "init_camera": {"intrinsics": [[320.0, 0.0, 320.0], [0.0, 320.0, 240.0], [0.0, 0.0, 1.0]], "extrinsics": [[-0.5000000000000001, -0.4245786718396698, 0.7548065655642258, -4.088109323027551], [-0.8660254037844386, 0.2451306104788072, -0.4357877738146027, -2.7635251], [0.0, -0.8715755476292054, -0.4902612209576142, 0.7999999774350586], [0.0, 0.0, 0.0, 1.0]]}, "target_region": {"type": "circle", "params": {"center": [-3.395289000000001, -3.1635250999999998], "radius": 0.8449746923539958, "object_center": [-3.395289000000001, -3.1635250999999998, 0.35000000000000003], "object_height": 0.6999999548701172, "occupancy_ratio": 0.5, "fov_vertical": 90.0, "sample_distance": 0.8449746923539958, "min_distance": 0.6999999548701172}, "sample_point": [-3.065738873028001, -2.3854640840562187, 1.5], "sample_forward": [-0.23093043349268239, -0.5452219647025672, -0.8058561559563557], "height": 1.5}, "sample_target": [-3.065738873028001, -2.3854640840562187, 1.5], "camera_params": {"forward": [-0.23093043349268239, -0.5452219647025672, -0.8058561559563557]}, "task_type": "screen_occupancy", "task_description": "Position where stool occupies 50% of vertical FOV", "target_object": {"label": "stool", "id": "89", "bbox_min": [-3.607099531639043, -3.365785126489332, 2.2564941389191517e-08], "bbox_max": [-3.183478468360958, -2.961265073510668, 0.6999999774350586], "center": [-3.3952890000000004, -3.1635251, 0.35]}}
{"scene_id": "0020_840256", "object_label": "stool", "preset": "front", "distance": 1.5, "init_camera": {"intrinsics": [[320.0, 0.0, 320.0], [0.0, 320.0, 240.0], [0.0, 0.0, 1.0]], "extrinsics": [[-1.0, -0.0, 0.0, -3.395289], [-0.0, 0.49026122095761404, -0.8715755476292055, -2.3635250999999995], [0.0, -0.8715755476292056, -0.490261220957614, 0.7999999774350586], [0.0, 0.0, 0.0, 1.0]]}, "target_region": {"type": "circle", "params": {"center": [-3.395289000000001, -3.1635250999999998], "radius": 1.5, "object_center": [-3.395289000000001, -3.1635250999999998, 0.35000000000000003], "sample_distance": 1.5, "min_distance": 0.6999999548701172, "requested_distance": 1.5}, "sample_point": [-2.10426804976021, -2.399807281665278, 1.5], "sample_forward": [-0.6830416257809547, -0.40406087924161277, -0.6084315436571355], "height": 1.5}, "sample_target": [-2.10426804976021, -2.399807281665278, 1.5], "camera_params": {"forward": [-0.6830416257809547, -0.40406087924161277, -0.6084315436571355]}, "task_type": "absolute_positioning", "task_description": "Move to any position 1.5m from stool", "target_object": {"label": "stool", "id": "89", "bbox_min": [-3.607099531639043, -3.365785126489332, 2.2564941389191517e-08], "bbox_max": [-3.183478468360958, -2.961265073510668, 0.6999999774350586], "center": [-3.3952890000000004, -3.1635251, 0.35]}}
{"scene_id": "0020_840256", "object_label": "stool", "preset": "closer", "distance": 0.6999999999999997, "init_camera": {"intrinsics": [[320.0, 0.0, 320.0], [0.0, 320.0, 240.0], [0.0, 0.0, 1.0]], "extrinsics": [[-1.0, -0.0, 0.0, -3.395289], [-0.0, 0.49026122095761404, -0.8715755476292055, -2.3635250999999995], [0.0, -0.8715755476292056, -0.490261220957614, 0.7999999774350586], [0.0, 0.0, 0.0, 1.0]]}, "target_region": {"type": "point", "params": {"delta": 1.5, "start_position": [-3.395289, -2.3635250999999995, 0.7999999774350586], "sample_distance": 0.6999999999999997, "min_distance": 0.6999999548701172, "min_distance_enforced": true}, "sample_point": [-3.3952890000000018, -3.8635250999999995, 0.7999999774350586], "sample_forward": [1.0673093998582603e-15, 0.8411784877108702, -0.5407575721267834], "height": 0.7999999774350586}, "sample_target": [-3.3952890000000018, -3.8635250999999995, 0.7999999774350586], "camera_params": {"forward": [1.0673093998582603e-15, 0.8411784877108702, -0.5407575721267834]}, "task_type": "delta_control", "task_description": "Move 1.5m toward stool", "target_object": {"label": "stool", "id": "89", "bbox_min": [-3.607099531639043, -3.365785126489332, 2.2564941389191517e-08], "bbox_max": [-3.183478468360958, -2.961265073510668, 0.6999999774350586], "center": [-3.3952890000000004, -3.1635251, 0.35]}}
{"scene_id": "0020_840256", "object_label": "stool", "preset": "occupancy_50", "distance": 0.8449746923539958, "init_camera": {"intrinsics": [[320.0, 0.0, 320.0], [0.0, 320.0, 240.0], [0.0, 0.0, 1.0]], "extrinsics": [[-1.0, -0.0, 0.0, -3.395289], [-0.0, 0.49026122095761404, -0.8715755476292055, -2.3635250999999995], [0.0, -0.8715755476292056, -0.490261220957614, 0.7999999774350586], [0.0, 0.0, 0.0, 1.0]]}, "target_region": {"type": "circle", "params": {"center": [-3.395289000000001, -3.1635250999999998], "radius": 0.8449746923539958, "object_center": [-3.395289000000001, -3.1635250999999998, 0.35000000000000003], "object_height": 0.6999999548701172, "occupancy_ratio": 0.5, "fov_vertical": 90.0, "sample_distance": 0.8449746923539958, "min_distance": 0.6999999548701172}, "sample_point": [-4.0498096208935275, -3.6979266227746668, 1.5], "sample_forward": [0.45865171438906477, 0.3744789190264487, -0.8058561559563556], "height": 1.5}, "sample_target": [-4.0498096208935275, -3.6979266227746668, 1.5], "camera_params": {"forward": [0.45865171438906477, 0.3744789190264487, -0.8058561559563556]}, "task_type": "screen_occupancy", "task_description": "Position where stool occupies 50% of vertical FOV", "target_object": {"label": "stool", "id": "89", "bbox_min": [-3.607099531639043, -3.365785126489332, 2.2564941389191517e-08], "bbox_max": [-3.183478468360958, -2.961265073510668, 0.6999999774350586], "center": [-3.3952890000000004, -3.1635251, 0.35]}}
{"scene_id": "0020_840256", "object_label": "plant", "preset": "back", "distance": 1.5, "init_camera": {"intrinsics": [[320.0, 0.0, 320.0], [0.0, 320.0, 240.0], [0.0, 0.0, 1.0]], "extrinsics": [[-0.5000000000000002, -0.29937053461152113, 0.8126360089279897, -0.2543353227764291], [-0.8660254037844385, 0.17284165874540403, -0.4691756185077583, -4.592472000414296], [0.0, -0.9383512370155161, -0.34568331749080783, 0.5400309999999999], [0.0, 0.0, 0.0, 1.0]]}, "target_region": {"type": "circle", "params": {"center": [0.43848500025112197, -4.9924720004142955], "radius": 1.5, "object_center": [0.43848500025112197, -4.9924720004142955, 0.2453154999999999], "sample_distance": 1.5, "min_distance": 0.7755820179743864, "requested_distance": 1.5}, "sample_point": [-1.059033352268045, -5.07872038514282, 1.5], "sample_forward": [0.7657728595540724, 0.044104081992969744, -0.6415970367153642], "height": 1.5}, "sample_target": [-1.059033352268045, -5.07872038514282, 1.5], "camera_params": {"forward": [0.7657728595540724, 0.044104081992969744, -0.6415970367153642]}, "task_type": "absolute_positioning", "task_description": "Move to any position 1.5m from plant", "target_object": {"label": "plant", "id": "109", "bbox_min": [0.2328819833002383, -5.38026300940149, 0.05059999999999991], "bbox_max": [0.6440880172020055, -4.604680991427103, 0.44003099999999995], "center": [0.4384850002511219, -4.992472000414296, 0.24531549999999994]}}
{"scene_id": "0020_840256", "object_label": "plant", "preset": "front", "distance": 1.5, "init_camera": {"intrinsics": [[320.0, 0.0, 320.0], [0.0, 320.0, 240.0], [0.0, 0.0, 1.0]], "extrinsics": [[0.49999999999999933, -0.29937053461152147, 0.8126360089279901, -0.25433532277642923], [-0.8660254037844389, -0.1728416587454038, 0.46917561850775746, -5.392472000414296], [0.0, -0.9383512370155161, -0.345683317490808, 0.5400309999999999], [0.0, 0.0, 0.0, 1.0]]}, "target_region": {"type": "circle", "params": {"center": [0.43848500025112197, -4.9924720004142955], "radius": 1.5, "object_center": [0.43848500025112197, -4.9924720004142955, 0.2453154999999999], "sample_distance": 1.5, "min_distance": 0.7755820179743864, "requested_distance": 1.5}, "sample_point": [1.7317499243569467, -5.752383729549697, 1.5], "sample_forward": [-0.6613255706866685, 0.3885894131779918, -0.6415970367153642], "height": 1.5}, "sample_target": [1.7317499243569467, -5.752383729549697, 1.5], "camera_params": {"forward": [-0.6613255706866685, 0.3885894131779918, -0.6415970367153642]}, "task_type": "absolute_positioning", "task_description": "Move to any position 1.5m from plant", "target_object": {"label": "plant", "id": "109", "bbox_min": [0.2328819833002383, -5.38026300940149, 0.05059999999999991], "bbox_max": [0.6440880172020055, -4.604680991427103, 0.44003099999999995], "center": [0.4384850002511219, -4.992472000414296, 0.24531549999999994]}}
{"scene_id": "0020_840256", "object_label": "plant", "preset": "occupancy_30", "distance": 0.8110484273830407, "init_camera": {"intrinsics": [[320.0, 0.0, 320.0], [0.0, 320.0, 240.0], [0.0, 0.0, 1.0]], "extrinsics": [[0.49999999999999933, -0.29937053461152147, 0.8126360089279901, -0.25433532277642923], [-0.8660254037844389, -0.1728416587454038, 0.46917561850775746, -5.392472000414296], [0.0, -0.9383512370155161, -0.345683317490808, 0.5400309999999999], [0.0, 0.0, 0.0, 1.0]]}, "target_region": {"type": "circle", "params": {"center": [0.43848500025112197, -4.9924720004142955], "radius": 0.8110484273830407, "object_center": [0.43848500025112197, -4.9924720004142955, 0.2453154999999999], "object_height": 0.389431, "occupancy_ratio": 0.3, "fov_vertical": 90.0, "sample_distance": 0.8110484273830407, "min_distance": 0.7755820179743864}, "sample_point": [0.9621334504941899, -5.611819925347072, 1.5], "sample_forward": [-0.3505012261949131, 0.414557146172108, -0.8398162078654471], "height": 1.5}, "sample_target": [0.9621334504941899, -5.611819925347072, 1.5], "camera_params": {"forward": [-0.3505012261949131, 0.414557146172108, -0.8398162078654471]}, "task_type": "screen_occupancy", "task_description": "Position where plant occupies 30% of vertical FOV", "target_object": {"label": "plant", "id": "109", "bbox_min": [0.2328819833002383, -5.38026300940149, 0.05059999999999991], "bbox_max": [0.6440880172020055, -4.604680991427103, 0.44003099999999995], "center": [0.4384850002511219, -4.992472000414296, 0.24531549999999994]}}
{"scene_id": "0020_840256", "object_label": "chair", "preset": "right", "distance": 1.5, "init_camera": {"intrinsics": [[320.0, 0.0, 320.0], [0.0, 320.0, 240.0], [0.0, 0.0, 1.0]], "extrinsics": [[0.984807753012208, -0.09203334778059169, 0.14725336160285926, 2.5286493578664557], [-0.17364817766693025, -0.5219470520666238, 0.8351153125358888, 2.9624411975902336], [0.0, -0.8479983123422226, -0.5299989266637644, 0.8999999824998474], [0.0, 0.0, 0.0, 1.0]]}, "target_region": {"type": "circle", "params": {"center": [2.6675679, 3.7502874000000004], "radius": 1.5, "object_center": [2.6675679, 3.7502874000000004, 0.39999999999999997], "sample_distance": 1.5, "min_distance": 0.7999999649996948, "requested_distance": 1.5}, "sample_point": [1.9116190410746754, 5.045872720497844, 1.5], "sample_forward": [0.4064006242992011, -0.6965109833378509, -0.5913636636275175], "height": 1.5}, "sample_target": [1.9116190410746754, 5.045872720497844, 1.5], "camera_params": {"forward": [0.4064006242992011, -0.6965109833378509, -0.5913636636275175]}, "task_type": "absolute_positioning", "task_description": "Move to any position 1.5m from chair", "target_object": {"label": "chair", "id": "113", "bbox_min": [2.3220008644337953, 3.414444708330265, 1.750015258039639e-08], "bbox_max": [3.0131349355662045, 4.086130091669735, 0.7999999824998474], "center": [2.6675679, 3.7502874, 0.39999999999999997]}}
{"scene_id": "0020_840256", "object_label": "chair", "preset": "occupancy_20", "distance": 2.525500495378403, "init_camera": {"intrinsics": [[320.0, 0.0, 320.0], [0.0, 320.0, 240.0], [0.0, 0.0, 1.0]], "extrinsics": [[0.984807753012208, -0.09203334778059169, 0.14725336160285926, 2.5286493578664557], [-0.17364817766693025, -0.5219470520666238, 0.8351153125358888, 2.9624411975902336], [0.0, -0.8479983123422226, -0.5299989266637644, 0.8999999824998474], [0.0, 0.0, 0.0, 1.0]]}, "target_region": {"type": "circle", "params": {"center": [2.6675679, 3.7502874000000004], "radius": 2.525500495378403, "object_center": [2.6675679, 3.7502874000000004, 0.39999999999999997], "object_height": 0.7999999649996948, "occupancy_ratio": 0.2, "fov_vertical": 90.0, "sample_distance": 2.525500495378403, "min_distance": 0.7999999649996948}, "sample_point": [4.816027043123816, 5.077794862308305, 1.5], "sample_forward": [-0.7799361795582553, -0.4819133292813775, -0.3993233011946732], "height": 1.5}, "sample_target": [4.816027043123816, 5.077794862308305, 1.5], "camera_params": {"forward": [-0.7799361795582553, -0.4819133292813775, -0.3993233011946732]}, "task_type": "screen_occupancy", "task_description": "Position where chair occupies 20% of vertical FOV", "target_object": {"label": "chair", "id": "113", "bbox_min": [2.3220008644337953, 3.414444708330265, 1.750015258039639e-08], "bbox_max": [3.0131349355662045, 4.086130091669735, 0.7999999824998474], "center": [2.6675679, 3.7502874, 0.39999999999999997]}}
{"scene_id": "0020_840256", "object_label": "chair", "preset": "occupancy_50", "distance": 0.9656853827001324, "init_camera": {"intrinsics": [[320.0, 0.0, 320.0], [0.0, 320.0, 240.0], [0.0, 0.0, 1.0]], "extrinsics": [[0.984807753012208, -0.09203334778059169, 0.14725336160285926, 2.5286493578664557], [-0.17364817766693025, -0.5219470520666238, 0.8351153125358888, 2.9624411975902336], [0.0, -0.8479983123422226, -0.5299989266637644, 0.8999999824998474], [0.0, 0.0, 0.0, 1.0]]}, "target_region": {"type": "circle", "params": {"center": [2.6675679, 3.7502874000000004], "radius": 0.9656853827001324, "object_center": [2.6675679, 3.7502874000000004, 0.39999999999999997], "object_height": 0.7999999649996948, "occupancy_ratio": 0.5, "fov_vertical": 90.0, "sample_distance": 0.9656853827001324, "min_distance": 0.7999999649996948}, "sample_point": [2.268745054622115, 4.629769404571662, 1.5], "sample_forward": [0.27246750900036765, -0.6008438929049831, -0.7514972208184937], "height": 1.5}, "sample_target": [2.268745054622115, 4.629769404571662, 1.5], "camera_params": {"forward": [0.27246750900036765, -0.6008438929049831, -0.7514972208184937]}, "task_type": "screen_occupancy", "task_description": "Position where chair occupies 50% of vertical FOV", "target_object": {"label": "chair", "id": "113", "bbox_min": [2.3220008644337953, 3.414444708330265, 1.750015258039639e-08], "bbox_max": [3.0131349355662045, 4.086130091669735, 0.7999999824998474], "center": [2.6675679, 3.7502874, 0.39999999999999997]}}
{"scene_id": "0020_840256", "object_label": "chair", "preset": "right", "distance": 1.5, "init_camera": {"intrinsics": [[320.0, 0.0, 320.0], [0.0, 320.0, 240.0], [0.0, 0.0, 1.0]], "extrinsics": [[1.0, 0.0, 0.0, 2.6675679], [-0.0, -0.5299989266637642, 0.8479983123422227, 2.9502873999999997], [0.0, -0.8479983123422228, -0.5299989266637641, 0.8999999824998474], [0.0, 0.0, 0.0, 1.0]]}, "target_region": {"type": "circle", "params": {"center": [2.6675679, 3.7502874000000004], "radius": 1.5, "object_center": [2.6675679, 3.7502874000000004, 0.39999999999999997], "sample_distance": 1.5, "min_distance": 0.7999999649996948, "requested_distance": 1.5}, "sample_point": [1.9811148694237364, 5.083997352280729, 1.5], "sample_forward": [0.3690394355179922, -0.7170069123611028, -0.5913636636275174], "height": 1.5}, "sample_target": [1.9811148694237364, 5.083997352280729, 1.5], "camera_params": {"forward": [0.3690394355179922, -0.7170069123611028, -0.5913636636275174]}, "task_type": "absolute_positioning", "task_description": "Move to any position 1.5m from chair", "target_object": {"label": "chair", "id": "113", "bbox_min": [2.3220008644337953, 3.414444708330265, 1.750015258039639e-08], "bbox_max": [3.0131349355662045, 4.086130091669735, 0.7999999824998474], "center": [2.6675679, 3.7502874, 0.39999999999999997]}}
{"scene_id": "0020_840256", "object_label": "chair", "preset": "occupancy_20", "distance": 2.525500495378403, "init_camera": {"intrinsics": [[320.0, 0.0, 320.0], [0.0, 320.0, 240.0], [0.0, 0.0, 1.0]], "extrinsics": [[1.0, 0.0, 0.0, 2.6675679], [-0.0, -0.5299989266637642, 0.8479983123422227, 2.9502873999999997], [0.0, -0.8479983123422228, -0.5299989266637641, 0.8999999824998474], [0.0, 0.0, 0.0, 1.0]]}, "target_region": {"type": "circle", "params": {"center": [2.6675679, 3.7502874000000004], "radius": 2.525500495378403, "object_center": [2.6675679, 3.7502874000000004, 0.39999999999999997], "object_height": 0.7999999649996948, "occupancy_ratio": 0.2, "fov_vertical": 90.0, "sample_distance": 2.525500495378403, "min_distance": 0.7999999649996948}, "sample_point": [5.144236617905852, 4.2445189387580395, 1.5], "sample_forward": [-0.8990832076361304, -0.1794165178285302, -0.39932330119467313], "height": 1.5}, "sample_target": [5.144236617905852, 4.2445189387580395, 1.5], "camera_params": {"forward": [-0.8990832076361304, -0.1794165178285302, -0.39932330119467313]}, "task_type": "screen_occupancy", "task_description": "Position where chair occupies 20% of vertical FOV", "target_object": {"label": "chair", "id": "113", "bbox_min": [2.3220008644337953, 3.414444708330265, 1.750015258039639e-08], "bbox_max": [3.0131349355662045, 4.086130091669735, 0.7999999824998474], "center": [2.6675679, 3.7502874, 0.39999999999999997]}}
{"scene_id": "0020_840256", "object_label": "chair", "preset": "occupancy_30", "distance": 1.6661198351427855, "init_camera": {"intrinsics": [[320.0, 0.0, 320.0], [0.0, 320.0, 240.0], [0.0, 0.0, 1.0]], "extrinsics": [[1.0, 0.0, 0.0, 2.6675679], [-0.0, -0.5299989266637642, 0.8479983123422227, 2.9502873999999997], [0.0, -0.8479983123422228, -0.5299989266637641, 0.8999999824998474], [0.0, 0.0, 0.0, 1.0]]}, "target_region": {"type": "circle", "params": {"center": [2.6675679, 3.7502874000000004], "radius": 1.6661198351427855, "object_center": [2.6675679, 3.7502874000000004, 0.39999999999999997], "object_height": 0.7999999649996948, "occupancy_ratio": 0.3, "fov_vertical": 90.0, "sample_distance": 1.6661198351427855, "min_distance": 0.7999999649996948}, "sample_point": [1.6909711940465186, 5.100181536211071, 1.5], "sample_forward": [0.48915786724425964, -0.6761351258397471, -0.5509681229605908], "height": 1.5}, "sample_target": [1.6909711940465186, 5.100181536211071, 1.5], "camera_params": {"forward": [0.48915786724425964, -0.6761351258397471, -0.5509681229605908]}, "task_type": "screen_occupancy", "task_description": "Position where chair occupies 30% of vertical FOV", "target_object": {"label": "chair", "id": "113", "bbox_min": [2.3220008644337953, 3.414444708330265, 1.750015258039639e-08], "bbox_max": [3.0131349355662045, 4.086130091669735, 0.7999999824998474], "center": [2.6675679, 3.7502874, 0.39999999999999997]}}
