{"scene_id": "0267_840790", "object_label": "smoke lampblack machine", "preset": "front", "distance": 1.5, "init_camera": {"intrinsics": [[320.0, 0.0, 320.0], [0.0, 320.0, 240.0], [0.0, 0.0, 1.0]], "extrinsics": [[0.4999999999999998, 0.2945599139530614, 0.8143920782350264, 2.3931469769724485], [-0.8660254037844388, 0.1700642456132729, 0.47018948559489093, 2.4771191], [0.0, -0.9403789711897823, 0.340128491226546, 1.6], [0.0, 0.0, 0.0, 1.0]]}, "target_region": {"type": "circle", "params": {"center": [3.0859673, 2.8771191], "radius": 1.5, "object_center": [3.0859673, 2.8771191, 1.8893544000000004], "sample_distance": 1.5, "min_distance": 0.8970000218556944, "requested_distance": 1.5}, "sample_point": [4.465636993321377, 2.288466794024309, 1.5], "sample_forward": [-0.8902768323550162, 0.37984708431254904, 0.25124361546350527], "height": 1.5}, "sample_target": [4.465636993321377, 2.288466794024309, 1.5], "camera_params": {"forward": [-0.8902768323550162, 0.37984708431254904, 0.25124361546350527]}, "task_type": "absolute_positioning", "task_description": "Move to any position 1.5m from smoke lampblack machine", "target_object": {"label": "smoke lampblack machine", "id": "81", "bbox_min": [2.8359672799454416, 2.4286190890721526, 1.5647568963378906], "bbox_max": [3.335967320054558, 3.325619110927847, 2.21395190366211], "center": [3.0859673, 2.8771191, 1.8893544000000002]}}
{"scene_id": "0267_840790", "object_label": "smoke lampblack machine", "preset": "left", "distance": 1.5, "init_camera": {"intrinsics": [[320.0, 0.0, 320.0], [0.0, 320.0, 240.0], [0.0, 0.0, 1.0]], "extrinsics": [[0.17364817766693014, 0.3349611751802473, 0.9260925015973415, 2.298121097590233], [-0.984807753012208, 0.05906269267409215, 0.1632950946634083, 2.7382005578664557], [0.0, -0.9403789711897823, 0.340128491226546, 1.6], [0.0, 0.0, 0.0, 1.0]]}, "target_region": {"type": "circle", "params": {"center": [3.0859673, 2.8771191], "radius": 1.5, "object_center": [3.0859673, 2.8771191, 1.8893544000000004], "sample_distance": 1.5, "min_distance": 0.8970000218556944, "requested_distance": 1.5}, "sample_point": [3.556493238807005, 1.452827928606388, 1.5], "sample_forward": [-0.30362219621823155, 0.9190702952725889, 0.25124361546350527], "height": 1.5}, "sample_target": [3.556493238807005, 1.452827928606388, 1.5], "camera_params": {"forward": [-0.30362219621823155, 0.9190702952725889, 0.25124361546350527]}, "task_type": "absolute_positioning", "task_description": "Move to any position 1.5m from smoke lampblack machine", "target_object": {"label": "smoke lampblack machine", "id": "81", "bbox_min": [2.8359672799454416, 2.4286190890721526, 1.5647568963378906], "bbox_max": [3.335967320054558, 3.325619110927847, 2.21395190366211], "center": [3.0859673, 2.8771191, 1.8893544000000002]}}
{"scene_id": "0267_840790", "object_label": "smoke lampblack machine", "preset": "front", "distance": 1.5, "init_camera": {"intrinsics": [[320.0, 0.0, 320.0], [0.0, 320.0, 240.0], [0.0, 0.0, 1.0]], "extrinsics": [[0.3420201433256686, 0.3196162333246299, 0.8836671799692828, 2.334213203371273], [-0.9396926207859084, 0.11633079531844669, 0.32162855050677414, 2.603502985339465], [0.0, -0.9403789711897823, 0.34012849122654604, 1.6], [0.0, 0.0, 0.0, 1.0]]}, "target_region": {"type": "circle", "params": {"center": [3.0859673, 2.8771191], "radius": 1.5, "object_center": [3.0859673, 2.8771191, 1.8893544000000004], "sample_distance": 1.5, "min_distance": 0.8970000218556944, "requested_distance": 1.5}, "sample_point": [4.5802031708643485, 2.7457449692806577, 1.5], "sample_forward": [-0.9642043920685572, 0.08477343926331032, 0.25124361546350527], "height": 1.5}, "sample_target": [4.5802031708643485, 2.7457449692806577, 1.5], "camera_params": {"forward": [-0.9642043920685572, 0.08477343926331032, 0.25124361546350527]}, "task_type": "absolute_positioning", "task_description": "Move to any position 1.5m from smoke lampblack machine", "target_object": {"label": "smoke lampblack machine", "id": "81", "bbox_min": [2.8359672799454416, 2.4286190890721526, 1.5647568963378906], "bbox_max": [3.335967320054558, 3.325619110927847, 2.21395190366211], "center": [3.0859673, 2.8771191, 1.8893544000000002]}}
{"scene_id": "0267_840790", "object_label": "sofa", "preset": "front", "distance": 2.400000102670271, "init_camera": {"intrinsics": [[320.0, 0.0, 320.0], [0.0, 320.0, 240.0], [0.0, 0.0, 1.0]], "extrinsics": [[0.6427876096865396, 0.23015612030335547, -0.7306519343164516, -1.747664496633394], [0.7660444431189779, -0.19312391565973935, 0.6130897686039011, 1.0811518446309587], [-0.0, -0.9537983610214255, -0.3004474771284371, 0.8500960041503907], [0.0, 0.0, 0.0, 1.0]]}, "target_region": {"type": "circle", "params": {"center": [-2.9029238, 2.0505295], "radius": 2.400000102670271, "object_center": [-2.9029238, 2.0505295, 0.37504800000000005], "sample_distance": 2.400000102670271, "min_distance": 2.400000102670271, "requested_distance": 0.8}, "sample_point": [-0.9425676670761363, 0.6659702470515736, 1.5], "sample_forward": [-0.7395981495461156, 0.5223629748796155, -0.42441901425699546], "height": 1.5}, "sample_target": [-0.9425676670761363, 0.6659702470515736, 1.5], "camera_params": {"forward": [-0.7395981495461156, 0.5223629748796155, -0.42441901425699546]}, "task_type": "absolute_positioning", "task_description": "Move to any position 2.4m from sofa", "target_object": {"label": "sofa", "id": "84", "bbox_min": [-3.3680368590454646, 0.8505294486648648, -4.150390623181011e-09], "bbox_max": [-2.4378107409545358, 3.2505295513351355, 0.7500960041503907], "center": [-2.9029238, 2.0505295, 0.37504800000000005]}}
{"scene_id": "0267_840790", "object_label": "sofa", "preset": "back", "distance": 2.400000102670271, "init_camera": {"intrinsics": [[320.0, 0.0, 320.0], [0.0, 320.0, 240.0], [0.0, 0.0, 1.0]], "extrinsics": [[0.6427876096865396, 0.23015612030335547, -0.7306519343164516, -1.747664496633394], [0.7660444431189779, -0.19312391565973935, 0.6130897686039011, 1.0811518446309587], [-0.0, -0.9537983610214255, -0.3004474771284371, 0.8500960041503907], [0.0, 0.0, 0.0, 1.0]]}, "target_region": {"type": "circle", "params": {"center": [-2.9029238, 2.0505295], "radius": 2.400000102670271, "object_center": [-2.9029238, 2.0505295, 0.37504800000000005], "sample_distance": 2.400000102670271, "min_distance": 2.400000102670271, "requested_distance": 1.0}, "sample_point": [-5.214745550073221, 2.6951074151550998, 1.5], "sample_forward": [0.8721981989488966, -0.24318470775815923, -0.42441901425699563], "height": 1.5}, "sample_target": [-5.214745550073221, 2.6951074151550998, 1.5], "camera_params": {"forward": [0.8721981989488966, -0.24318470775815923, -0.42441901425699563]}, "task_type": "absolute_positioning", "task_description": "Move to any position 2.4m from sofa", "target_object": {"label": "sofa", "id": "84", "bbox_min": [-3.3680368590454646, 0.8505294486648648, -4.150390623181011e-09], "bbox_max": [-2.4378107409545358, 3.2505295513351355, 0.7500960041503907], "center": [-2.9029238, 2.0505295, 0.37504800000000005]}}
{"scene_id": "0267_840790", "object_label": "sofa", "preset": "front", "distance": 2.400000102670271, "init_camera": {"intrinsics": [[320.0, 0.0, 320.0], [0.0, 320.0, 240.0], [0.0, 0.0, 1.0]], "extrinsics": [[0.6427876096865396, 0.23015612030335547, -0.7306519343164516, -1.747664496633394], [0.7660444431189779, -0.19312391565973935, 0.6130897686039011, 1.0811518446309587], [-0.0, -0.9537983610214255, -0.3004474771284371, 0.8500960041503907], [0.0, 0.0, 0.0, 1.0]]}, "target_region": {"type": "circle", "params": {"center": [-2.9029238, 2.0505295], "radius": 2.400000102670271, "object_center": [-2.9029238, 2.0505295, 0.37504800000000005], "sample_distance": 2.400000102670271, "min_distance": 2.400000102670271, "requested_distance": 1.2}, "sample_point": [-0.5233560275350775, 2.363031834493099, 1.5], "sample_forward": [-0.8977572450622576, -0.11790008174443965, -0.42441901425699546], "height": 1.5}, "sample_target": [-0.5233560275350775, 2.363031834493099, 1.5], "camera_params": {"forward": [-0.8977572450622576, -0.11790008174443965, -0.42441901425699546]}, "task_type": "absolute_positioning", "task_description": "Move to any position 2.4m from sofa", "target_object": {"label": "sofa", "id": "84", "bbox_min": [-3.3680368590454646, 0.8505294486648648, -4.150390623181011e-09], "bbox_max": [-2.4378107409545358, 3.2505295513351355, 0.7500960041503907], "center": [-2.9029238, 2.0505295, 0.37504800000000005]}}
{"scene_id": "0267_840790", "object_label": "sofa", "preset": "left", "distance": 2.400000102670271, "init_camera": {"intrinsics": [[320.0, 0.0, 320.0], [0.0, 320.0, 240.0], [0.0, 0.0, 1.0]], "extrinsics": [[0.5000000000000004, 0.2601951476961705, -0.8260136107325156, -1.5968848179792086], [0.8660254037844384, -0.15022373856421867, 0.4768991805107131, 1.2964875421581503], [-0.0, -0.9537983610214253, -0.3004474771284371, 0.8500960041503907], [0.0, 0.0, 0.0, 1.0]]}, "target_region": {"type": "circle", "params": {"center": [-2.9029238, 2.0505295], "radius": 2.400000102670271, "object_center": [-2.9029238, 2.0505295, 0.37504800000000005], "sample_distance": 2.400000102670271, "min_distance": 2.400000102670271, "requested_distance": 0.8}, "sample_point": [-3.3148827229544127, -0.3138499827851873, 1.5], "sample_forward": [0.15542280914624393, 0.8920270459656536, -0.42441901425699546], "height": 1.5}, "sample_target": [-3.3148827229544127, -0.3138499827851873, 1.5], "camera_params": {"forward": [0.15542280914624393, 0.8920270459656536, -0.42441901425699546]}, "task_type": "absolute_positioning", "task_description": "Move to any position 2.4m from sofa", "target_object": {"label": "sofa", "id": "84", "bbox_min": [-3.3680368590454646, 0.8505294486648648, -4.150390623181011e-09], "bbox_max": [-2.4378107409545358, 3.2505295513351355, 0.7500960041503907], "center": [-2.9029238, 2.0505295, 0.37504800000000005]}}
{"scene_id": "0267_840790", "object_label": "sofa", "preset": "back", "distance": 2.400000102670271, "init_camera": {"intrinsics": [[320.0, 0.0, 320.0], [0.0, 320.0, 240.0], [0.0, 0.0, 1.0]], "extrinsics": [[0.5000000000000004, 0.2601951476961705, -0.8260136107325156, -1.5968848179792086], [0.8660254037844384, -0.15022373856421867, 0.4768991805107131, 1.2964875421581503], [-0.0, -0.9537983610214253, -0.3004474771284371, 0.8500960041503907], [0.0, 0.0, 0.0, 1.0]]}, "target_region": {"type": "circle", "params": {"center": [-2.9029238, 2.0505295], "radius": 2.400000102670271, "object_center": [-2.9029238, 2.0505295, 0.37504800000000005], "sample_distance": 2.400000102670271, "min_distance": 2.400000102670271, "requested_distance": 1.2}, "sample_point": [-5.020378757210061, 0.9207574004136057, 1.5], "sample_forward": [0.7988679922989449, 0.4262375291048095, -0.42441901425699546], "height": 1.5}, "sample_target": [-5.020378757210061, 0.9207574004136057, 1.5], "camera_params": {"forward": [0.7988679922989449, 0.4262375291048095, -0.42441901425699546]}, "task_type": "absolute_positioning", "task_description": "Move to any position 2.4m from sofa", "target_object": {"label": "sofa", "id": "84", "bbox_min": [-3.3680368590454646, 0.8505294486648648, -4.150390623181011e-09], "bbox_max": [-2.4378107409545358, 3.2505295513351355, 0.7500960041503907], "center": [-2.9029238, 2.0505295, 0.37504800000000005]}}
{"scene_id": "0267_840790", "object_label": "sofa", "preset": "front", "distance": 2.400000102670271, "init_camera": {"intrinsics": [[320.0, 0.0, 320.0], [0.0, 320.0, 240.0], [0.0, 0.0, 1.0]], "extrinsics": [[0.0, 0.14663348760880135, -0.9891908917452078, 0.3017545208278585], [1.0, -0.0, 0.0, 2.0505295], [-0.0, -0.9891908917452079, -0.14663348760880132, 0.8500960041503907], [0.0, 0.0, 0.0, 1.0]]}, "target_region": {"type": "circle", "params": {"center": [-2.9029238, 2.0505295], "radius": 2.400000102670271, "object_center": [-2.9029238, 2.0505295, 0.37504800000000005], "sample_distance": 2.400000102670271, "min_distance": 2.400000102670271, "requested_distance": 0.8}, "sample_point": [-0.5280593546237853, 1.704091397440199, 1.5], "sample_forward": [-0.8959827858438043, 0.1307032815528971, -0.42441901425699546], "height": 1.5}, "sample_target": [-0.5280593546237853, 1.704091397440199, 1.5], "camera_params": {"forward": [-0.8959827858438043, 0.1307032815528971, -0.42441901425699546]}, "task_type": "absolute_positioning", "task_description": "Move to any position 2.4m from sofa", "target_object": {"label": "sofa", "id": "84", "bbox_min": [-3.3680368590454646, 0.8505294486648648, -4.150390623181011e-09], "bbox_max": [-2.4378107409545358, 3.2505295513351355, 0.7500960041503907], "center": [-2.9029238, 2.0505295, 0.37504800000000005]}}
{"scene_id": "0267_840790", "object_label": "sofa", "preset": "right", "distance": 2.400000102670271, "init_camera": {"intrinsics": [[320.0, 0.0, 320.0], [0.0, 320.0, 240.0], [0.0, 0.0, 1.0]], "extrinsics": [[0.0, 0.14663348760880135, -0.9891908917452078, 0.3017545208278585], [1.0, -0.0, 0.0, 2.0505295], [-0.0, -0.9891908917452079, -0.14663348760880132, 0.8500960041503907], [0.0, 0.0, 0.0, 1.0]]}, "target_region": {"type": "circle", "params": {"center": [-2.9029238, 2.0505295], "radius": 2.400000102670271, "object_center": [-2.9029238, 2.0505295, 0.37504800000000005], "sample_distance": 2.400000102670271, "min_distance": 2.400000102670271, "requested_distance": 1.0}, "sample_point": [-1.6192013195821382, 4.07835027267374, 1.5], "sample_forward": [-0.4843195351610505, -0.7650510363358148, -0.42441901425699546], "height": 1.5}, "sample_target": [-1.6192013195821382, 4.07835027267374, 1.5], "camera_params": {"forward": [-0.4843195351610505, -0.7650510363358148, -0.42441901425699546]}, "task_type": "absolute_positioning", "task_description": "Move to any position 2.4m from sofa", "target_object": {"label": "sofa", "id": "84", "bbox_min": [-3.3680368590454646, 0.8505294486648648, -4.150390623181011e-09], "bbox_max": [-2.4378107409545358, 3.2505295513351355, 0.7500960041503907], "center": [-2.9029238, 2.0505295, 0.37504800000000005]}}
{"scene_id": "0267_840790", "object_label": "sofa", "preset": "back", "distance": 2.400000102670271, "init_camera": {"intrinsics": [[320.0, 0.0, 320.0], [0.0, 320.0, 240.0], [0.0, 0.0, 1.0]], "extrinsics": [[0.0, 0.14663348760880135, -0.9891908917452078, 0.3017545208278585], [1.0, -0.0, 0.0, 2.0505295], [-0.0, -0.9891908917452079, -0.14663348760880132, 0.8500960041503907], [0.0, 0.0, 0.0, 1.0]]}, "target_region": {"type": "circle", "params": {"center": [-2.9029238, 2.0505295], "radius": 2.400000102670271, "object_center": [-2.9029238, 2.0505295, 0.37504800000000005], "sample_distance": 2.400000102670271, "min_distance": 2.400000102670271, "requested_distance": 1.2}, "sample_point": [-4.806635639529416, 3.511995108508403, 1.5], "sample_forward": [0.7182275353636836, -0.5513780080693546, -0.4244190142569955], "height": 1.5}, "sample_target": [-4.806635639529416, 3.511995108508403, 1.5], "camera_params": {"forward": [0.7182275353636836, -0.5513780080693546, -0.4244190142569955]}, "task_type": "absolute_positioning", "task_description": "Move to any position 2.4m from sofa", "target_object": {"label": "sofa", "id": "84", "bbox_min": [-3.3680368590454646, 0.8505294486648648, -4.150390623181011e-09], "bbox_max": [-2.4378107409545358, 3.2505295513351355, 0.7500960041503907], "center": [-2.9029238, 2.0505295, 0.37504800000000005]}}
{"scene_id": "0267_840790", "object_label": "sofa", "preset": "left", "distance": 2.400000102670271, "init_camera": {"intrinsics": [[320.0, 0.0, 320.0], [0.0, 320.0, 240.0], [0.0, 0.0, 1.0]], "extrinsics": [[0.0, 0.14663348760880135, -0.9891908917452078, 0.3017545208278585], [1.0, -0.0, 0.0, 2.0505295], [-0.0, -0.9891908917452079, -0.14663348760880132, 0.8500960041503907], [0.0, 0.0, 0.0, 1.0]]}, "target_region": {"type": "circle", "params": {"center": [-2.9029238, 2.0505295], "radius": 2.400000102670271, "object_center": [-2.9029238, 2.0505295, 0.37504800000000005], "sample_distance": 2.400000102670271, "min_distance": 2.400000102670271, "requested_distance": 1.5}, "sample_point": [-4.570339168126952, 0.3243410737407546, 1.5], "sample_forward": [0.6290782068011846, 0.6512519559010369, -0.42441901425699546], "height": 1.5}, "sample_target": [-4.570339168126952, 0.3243410737407546, 1.5], "camera_params": {"forward": [0.6290782068011846, 0.6512519559010369, -0.42441901425699546]}, "task_type": "absolute_positioning", "task_description": "Move to any position 2.4m from sofa", "target_object": {"label": "sofa", "id": "84", "bbox_min": [-3.3680368590454646, 0.8505294486648648, -4.150390623181011e-09], "bbox_max": [-2.4378107409545358, 3.2505295513351355, 0.7500960041503907], "center": [-2.9029238, 2.0505295, 0.37504800000000005]}}
{"scene_id": "0267_840790", "object_label": "bookshelf", "preset": "front", "distance": 1.743694, "init_camera": {"intrinsics": [[320.0, 0.0, 320.0], [0.0, 320.0, 240.0], [0.0, 0.0, 1.0]], "extrinsics": [[-0.4999999999999999, 0.49808906078839693, -0.7084541534375621, -2.096200427668382], [0.8660254037844388, 0.28757185332658874, -0.40902619619568475, 0.6996183492602799], [0.0, -0.8180523923913696, -0.5751437066531777, 1.6], [0.0, 0.0, 0.0, 1.0]]}, "target_region": {"type": "circle", "params": {"center": [-2.9931318000000005, 0.18177477999999997], "radius": 1.743694, "object_center": [-2.9931318000000005, 0.18177477999999997, 0.8718450000000001], "sample_distance": 1.743694, "min_distance": 1.743694, "requested_distance": 0.8}, "sample_point": [-1.2600381228729265, 0.3737515284310462, 1.5], "sample_forward": [-0.935094852487131, -0.10358151531235765, -0.33892253766556524], "height": 1.5}, "sample_target": [-1.2600381228729265, 0.3737515284310462, 1.5], "camera_params": {"forward": [-0.935094852487131, -0.10358151531235765, -0.33892253766556524]}, "task_type": "absolute_positioning", "task_description": "Move to any position 1.7m from bookshelf", "target_object": {"label": "bookshelf", "id": "87", "bbox_min": [-3.266060817160975, 0.06812273878886729, -1.9999999999527062e-06], "bbox_max": [-2.7202027828390256, 0.29542682121113273, 1.743692], "center": [-2.9931318000000005, 0.18177478000000002, 0.871845]}}
{"scene_id": "0267_840790", "object_label": "bookshelf", "preset": "left", "distance": 1.743694, "init_camera": {"intrinsics": [[320.0, 0.0, 320.0], [0.0, 320.0, 240.0], [0.0, 0.0, 1.0]], "extrinsics": [[-0.4999999999999999, 0.49808906078839693, -0.7084541534375621, -2.096200427668382], [0.8660254037844388, 0.28757185332658874, -0.40902619619568475, 0.6996183492602799], [0.0, -0.8180523923913696, -0.5751437066531777, 1.6], [0.0, 0.0, 0.0, 1.0]]}, "target_region": {"type": "circle", "params": {"center": [-2.9931318000000005, 0.18177477999999997], "radius": 1.743694, "object_center": [-2.9931318000000005, 0.18177477999999997, 0.8718450000000001], "sample_distance": 1.743694, "min_distance": 1.743694, "requested_distance": 1.0}, "sample_point": [-3.8482886032849364, -1.337822405911941, 1.5], "sample_forward": [0.46140190537574816, 0.8199023083135959, -0.3389225376655652], "height": 1.5}, "sample_target": [-3.8482886032849364, -1.337822405911941, 1.5], "camera_params": {"forward": [0.46140190537574816, 0.8199023083135959, -0.3389225376655652]}, "task_type": "absolute_positioning", "task_description": "Move to any position 1.7m from bookshelf", "target_object": {"label": "bookshelf", "id": "87", "bbox_min": [-3.266060817160975, 0.06812273878886729, -1.9999999999527062e-06], "bbox_max": [-2.7202027828390256, 0.29542682121113273, 1.743692], "center": [-2.9931318000000005, 0.18177478000000002, 0.871845]}}
{"scene_id": "0267_840790", "object_label": "bookshelf", "preset": "right", "distance": 1.743694, "init_camera": {"intrinsics": [[320.0, 0.0, 320.0], [0.0, 320.0, 240.0], [0.0, 0.0, 1.0]], "extrinsics": [[-0.4999999999999999, 0.49808906078839693, -0.7084541534375621, -2.096200427668382], [0.8660254037844388, 0.28757185332658874, -0.40902619619568475, 0.6996183492602799], [0.0, -0.8180523923913696, -0.5751437066531777, 1.6], [0.0, 0.0, 0.0, 1.0]]}, "target_region": {"type": "circle", "params": {"center": [-2.9931318000000005, 0.18177477999999997], "radius": 1.743694, "object_center": [-2.9931318000000005, 0.18177477999999997, 0.8718450000000001], "sample_distance": 1.743694, "min_distance": 1.743694, "requested_distance": 1.5}, "sample_point": [-3.0682016918198913, 1.923852067888844, 1.5], "sample_forward": [0.0405041402804672, -0.9399419812320725, -0.3389225376655652], "height": 1.5}, "sample_target": [-3.0682016918198913, 1.923852067888844, 1.5], "camera_params": {"forward": [0.0405041402804672, -0.9399419812320725, -0.3389225376655652]}, "task_type": "absolute_positioning", "task_description": "Move to any position 1.7m from bookshelf", "target_object": {"label": "bookshelf", "id": "87", "bbox_min": [-3.266060817160975, 0.06812273878886729, -1.9999999999527062e-06], "bbox_max": [-2.7202027828390256, 0.29542682121113273, 1.743692], "center": [-2.9931318000000005, 0.18177478000000002, 0.871845]}}
{"scene_id": "0267_840790", "object_label": "bookshelf", "preset": "left", "distance": 1.743694, "init_camera": {"intrinsics": [[320.0, 0.0, 320.0], [0.0, 320.0, 240.0], [0.0, 0.0, 1.0]], "extrinsics": [[-0.6427876096865395, 0.4405856404765184, -0.6266644893715944, -2.19974942272653], [0.766044443118978, 0.36969524842585233, -0.5258339419036034, 0.8475016401527224], [0.0, -0.8180523923913696, -0.5751437066531777, 1.6], [0.0, 0.0, 0.0, 1.0]]}, "target_region": {"type": "circle", "params": {"center": [-2.9931318000000005, 0.18177477999999997], "radius": 1.743694, "object_center": [-2.9931318000000005, 0.18177477999999997, 0.8718450000000001], "sample_distance": 1.743694, "min_distance": 1.743694, "requested_distance": 0.8}, "sample_point": [-2.0058641236053445, -1.2555043511301702, 1.5], "sample_forward": [-0.5326826439952924, 0.7754874043132604, -0.33892253766556524], "height": 1.5}, "sample_target": [-2.0058641236053445, -1.2555043511301702, 1.5], "camera_params": {"forward": [-0.5326826439952924, 0.7754874043132604, -0.33892253766556524]}, "task_type": "absolute_positioning", "task_description": "Move to any position 1.7m from bookshelf", "target_object": {"label": "bookshelf", "id": "87", "bbox_min": [-3.266060817160975, 0.06812273878886729, -1.9999999999527062e-06], "bbox_max": [-2.7202027828390256, 0.29542682121113273, 1.743692], "center": [-2.9931318000000005, 0.18177478000000002, 0.871845]}}
{"scene_id": "0267_840790", "object_label": "bookshelf", "preset": "front", "distance": 1.743694, "init_camera": {"intrinsics": [[320.0, 0.0, 320.0], [0.0, 320.0, 240.0], [0.0, 0.0, 1.0]], "extrinsics": [[-0.6427876096865395, 0.4405856404765184, -0.6266644893715944, -2.19974942272653], [0.766044443118978, 0.36969524842585233, -0.5258339419036034, 0.8475016401527224], [0.0, -0.8180523923913696, -0.5751437066531777, 1.6], [0.0, 0.0, 0.0, 1.0]]}, "target_region": {"type": "circle", "params": {"center": [-2.9931318000000005, 0.18177477999999997], "radius": 1.743694, "object_center": [-2.9931318000000005, 0.18177477999999997, 0.8718450000000001], "sample_distance": 1.743694, "min_distance": 1.743694, "requested_distance": 1.2}, "sample_point": [-1.2495086204297499, 0.19749016422470145, 1.5], "sample_forward": [-0.9407760707985305, -0.008479273271446089, -0.33892253766556524], "height": 1.5}, "sample_target": [-1.2495086204297499, 0.19749016422470145, 1.5], "camera_params": {"forward": [-0.9407760707985305, -0.008479273271446089, -0.33892253766556524]}, "task_type": "absolute_positioning", "task_description": "Move to any position 1.7m from bookshelf", "target_object": {"label": "bookshelf", "id": "87", "bbox_min": [-3.266060817160975, 0.06812273878886729, -1.9999999999527062e-06], "bbox_max": [-2.7202027828390256, 0.29542682121113273, 1.743692], "center": [-2.9931318000000005, 0.18177478000000002, 0.871845]}}
{"scene_id": "0267_840790", "object_label": "bookshelf", "preset": "front", "distance": 1.743694, "init_camera": {"intrinsics": [[320.0, 0.0, 320.0], [0.0, 320.0, 240.0], [0.0, 0.0, 1.0]], "extrinsics": [[-0.7660444431189779, 0.36969524842585233, -0.5258339419036037, -2.3274049398472774], [0.6427876096865395, 0.4405856404765183, -0.6266644893715945, 0.9751571572734702], [0.0, -0.8180523923913698, -0.5751437066531777, 1.6], [0.0, 0.0, 0.0, 1.0]]}, "target_region": {"type": "circle", "params": {"center": [-2.9931318000000005, 0.18177477999999997], "radius": 1.743694, "object_center": [-2.9931318000000005, 0.18177477999999997, 0.8718450000000001], "sample_distance": 1.743694, "min_distance": 1.743694, "requested_distance": 0.8}, "sample_point": [-1.3202117050819564, -0.3099640954770183, 1.5], "sample_forward": [-0.9026280518046371, 0.2653188903144645, -0.33892253766556524], "height": 1.5}, "sample_target": [-1.3202117050819564, -0.3099640954770183, 1.5], "camera_params": {"forward": [-0.9026280518046371, 0.2653188903144645, -0.33892253766556524]}, "task_type": "absolute_positioning", "task_description": "Move to any position 1.7m from bookshelf", "target_object": {"label": "bookshelf", "id": "87", "bbox_min": [-3.266060817160975, 0.06812273878886729, -1.9999999999527062e-06], "bbox_max": [-2.7202027828390256, 0.29542682121113273, 1.743692], "center": [-2.9931318000000005, 0.18177478000000002, 0.871845]}}
{"scene_id": "0267_840790", "object_label": "bookshelf", "preset": "back", "distance": 1.743694, "init_camera": {"intrinsics": [[320.0, 0.0, 320.0], [0.0, 320.0, 240.0], [0.0, 0.0, 1.0]], "extrinsics": [[-0.7660444431189779, 0.36969524842585233, -0.5258339419036037, -2.3274049398472774], [0.6427876096865395, 0.4405856404765183, -0.6266644893715945, 0.9751571572734702], [0.0, -0.8180523923913698, -0.5751437066531777, 1.6], [0.0, 0.0, 0.0, 1.0]]}, "target_region": {"type": "circle", "params": {"center": [-2.9931318000000005, 0.18177477999999997], "radius": 1.743694, "object_center": [-2.9931318000000005, 0.18177477999999997, 0.8718450000000001], "sample_distance": 1.743694, "min_distance": 1.743694, "requested_distance": 1.0}, "sample_point": [-4.56752724451569, -0.5677235521690895, 1.5], "sample_forward": [0.8494688402454219, 0.4043936237311756, -0.3389225376655652], "height": 1.5}, "sample_target": [-4.56752724451569, -0.5677235521690895, 1.5], "camera_params": {"forward": [0.8494688402454219, 0.4043936237311756, -0.3389225376655652]}, "task_type": "absolute_positioning", "task_description": "Move to any position 1.7m from bookshelf", "target_object": {"label": "bookshelf", "id": "87", "bbox_min": [-3.266060817160975, 0.06812273878886729, -1.9999999999527062e-06], "bbox_max": [-2.7202027828390256, 0.29542682121113273, 1.743692], "center": [-2.9931318000000005, 0.18177478000000002, 0.871845]}}
{"scene_id": "0267_840790", "object_label": "bookshelf", "preset": "back", "distance": 1.743694, "init_camera": {"intrinsics": [[320.0, 0.0, 320.0], [0.0, 320.0, 240.0], [0.0, 0.0, 1.0]], "extrinsics": [[-0.7660444431189779, 0.36969524842585233, -0.5258339419036037, -2.3274049398472774], [0.6427876096865395, 0.4405856404765183, -0.6266644893715945, 0.9751571572734702], [0.0, -0.8180523923913698, -0.5751437066531777, 1.6], [0.0, 0.0, 0.0, 1.0]]}, "target_region": {"type": "circle", "params": {"center": [-2.9931318000000005, 0.18177477999999997], "radius": 1.743694, "object_center": [-2.9931318000000005, 0.18177477999999997, 0.8718450000000001], "sample_distance": 1.743694, "min_distance": 1.743694, "requested_distance": 1.2}, "sample_point": [-4.734685082626607, 0.268151451668291, 1.5], "sample_forward": [0.9396592529353501, -0.04660474048112733, -0.33892253766556524], "height": 1.5}, "sample_target": [-4.734685082626607, 0.268151451668291, 1.5], "camera_params": {"forward": [0.9396592529353501, -0.04660474048112733, -0.33892253766556524]}, "task_type": "absolute_positioning", "task_description": "Move to any position 1.7m from bookshelf", "target_object": {"label": "bookshelf", "id": "87", "bbox_min": [-3.266060817160975, 0.06812273878886729, -1.9999999999527062e-06], "bbox_max": [-2.7202027828390256, 0.29542682121113273, 1.743692], "center": [-2.9931318000000005, 0.18177478000000002, 0.871845]}}
{"scene_id": "0267_840790", "object_label": "cabinet", "preset": "back", "distance": 1.4541677814365195, "init_camera": {"intrinsics": [[320.0, 0.0, 320.0], [0.0, 320.0, 240.0], [0.0, 0.0, 1.0]], "extrinsics": [[-0.8660254037844385, 0.21065421552091615, -0.4534587097887387, -1.452240819685522], [0.5000000000000001, 0.364863804110791, -0.7854135244887257, 1.0002318170187738], [0.0, -0.9069174195774772, -0.42130843104183213, 0.7451616059375001], [0.0, 0.0, 0.0, 1.0]]}, "target_region": {"type": "circle", "params": {"center": [-1.9070690000000001, 0.21244629999999998], "radius": 1.4541677814365195, "object_center": [-1.9070690000000001, 0.21244629999999998, 0.32258080000000006], "sample_distance": 1.4541677814365195, "min_distance": 1.4541677814365195, "requested_distance": 0.8}, "sample_point": [-3.354622080866874, 0.350988765117489, 1.5], "sample_forward": [0.7736480055274553, -0.07404433262980264, -0.6292743442639287], "height": 1.5}, "sample_target": [-3.354622080866874, 0.350988765117489, 1.5], "camera_params": {"forward": [0.7736480055274553, -0.07404433262980264, -0.6292743442639287]}, "task_type": "absolute_positioning", "task_description": "Move to any position 1.5m from cabinet", "target_object": {"label": "cabinet", "id": "94", "bbox_min": [-2.63415289071826, 0.06719546361604213, -5.93750002053639e-09], "bbox_max": [-1.1799851092817404, 0.35769713638395784, 0.6451616059375002], "center": [-1.9070690000000001, 0.21244629999999998, 0.32258080000000006]}}
{"scene_id": "0267_840790", "object_label": "cabinet", "preset": "back", "distance": 1.4541677814365195, "init_camera": {"intrinsics": [[320.0, 0.0, 320.0], [0.0, 320.0, 240.0], [0.0, 0.0, 1.0]], "extrinsics": [[-0.8660254037844385, 0.21065421552091615, -0.4534587097887387, -1.452240819685522], [0.5000000000000001, 0.364863804110791, -0.7854135244887257, 1.0002318170187738], [0.0, -0.9069174195774772, -0.42130843104183213, 0.7451616059375001], [0.0, 0.0, 0.0, 1.0]]}, "target_region": {"type": "circle", "params": {"center": [-1.9070690000000001, 0.21244629999999998], "radius": 1.4541677814365195, "object_center": [-1.9070690000000001, 0.21244629999999998, 0.32258080000000006], "sample_distance": 1.4541677814365195, "min_distance": 1.4541677814365195, "requested_distance": 1.0}, "sample_point": [-3.2834770608100188, 0.6815995656874649, 1.5], "sample_forward": [0.7356243892623887, -0.25074001988821, -0.6292743442639287], "height": 1.5}, "sample_target": [-3.2834770608100188, 0.6815995656874649, 1.5], "camera_params": {"forward": [0.7356243892623887, -0.25074001988821, -0.6292743442639287]}, "task_type": "absolute_positioning", "task_description": "Move to any position 1.5m from cabinet", "target_object": {"label": "cabinet", "id": "94", "bbox_min": [-2.63415289071826, 0.06719546361604213, -5.93750002053639e-09], "bbox_max": [-1.1799851092817404, 0.35769713638395784, 0.6451616059375002], "center": [-1.9070690000000001, 0.21244629999999998, 0.32258080000000006]}}
{"scene_id": "0267_840790", "object_label": "cabinet", "preset": "left", "distance": 1.4541677814365195, "init_camera": {"intrinsics": [[320.0, 0.0, 320.0], [0.0, 320.0, 240.0], [0.0, 0.0, 1.0]], "extrinsics": [[-0.8660254037844385, 0.21065421552091615, -0.4534587097887387, -1.452240819685522], [0.5000000000000001, 0.364863804110791, -0.7854135244887257, 1.0002318170187738], [0.0, -0.9069174195774772, -0.42130843104183213, 0.7451616059375001], [0.0, 0.0, 0.0, 1.0]]}, "target_region": {"type": "circle", "params": {"center": [-1.9070690000000001, 0.21244629999999998], "radius": 1.4541677814365195, "object_center": [-1.9070690000000001, 0.21244629999999998, 0.32258080000000006], "sample_distance": 1.4541677814365195, "min_distance": 1.4541677814365195, "requested_distance": 1.2}, "sample_point": [-1.5092171169906838, -1.18623801597482, 1.5], "sample_forward": [-0.21263283526789512, 0.7475299840254828, -0.6292743442639288], "height": 1.5}, "sample_target": [-1.5092171169906838, -1.18623801597482, 1.5], "camera_params": {"forward": [-0.21263283526789512, 0.7475299840254828, -0.6292743442639288]}, "task_type": "absolute_positioning", "task_description": "Move to any position 1.5m from cabinet", "target_object": {"label": "cabinet", "id": "94", "bbox_min": [-2.63415289071826, 0.06719546361604213, -5.93750002053639e-09], "bbox_max": [-1.1799851092817404, 0.35769713638395784, 0.6451616059375002], "center": [-1.9070690000000001, 0.21244629999999998, 0.32258080000000006]}}
{"scene_id": "0267_840790", "object_label": "toy_animals", "preset": "front", "distance": 1.5, "init_camera": {"intrinsics": [[320.0, 0.0, 320.0], [0.0, 320.0, 240.0], [0.0, 0.0, 1.0]], "extrinsics": [[-0.6427876096865395, 0.36876772832537796, -0.6714420685205874, -2.400684445504818], [0.766044443118978, 0.30943286482790816, -0.563406792052535, 2.0489668877492315], [0.0, -0.8765053706111183, -0.48139208062645383, 1.129267062919922], [0.0, 0.0, 0.0, 1.0]]}, "target_region": {"type": "circle", "params": {"center": [-3.0135199999999998, 1.5347368000000001], "radius": 1.5, "object_center": [-3.0135199999999998, 1.5347368000000001, 0.6898930699999999], "sample_distance": 1.5, "min_distance": 0.6787479858398437, "requested_distance": 1.5}, "sample_point": [-1.821910818449262, 0.6236563653269789, 1.5], "sample_forward": [-0.6989814003484381, 0.5344271325847421, -0.4751974767653834], "height": 1.5}, "sample_target": [-1.821910818449262, 0.6236563653269789, 1.5], "camera_params": {"forward": [-0.6989814003484381, 0.5344271325847421, -0.4751974767653834]}, "task_type": "absolute_positioning", "task_description": "Move to any position 1.5m from toy_animals", "target_object": {"label": "toy_animals", "id": "96", "bbox_min": [-3.252246239921906, 1.2907574274342164, 0.3505190770800781], "bbox_max": [-2.774793760078094, 1.7787161725657834, 1.0292670629199219], "center": [-3.0135199999999998, 1.5347368, 0.68989307]}}
{"scene_id": "0267_840790", "object_label": "toy_animals", "preset": "closer", "distance": 0.7000000000000004, "init_camera": {"intrinsics": [[320.0, 0.0, 320.0], [0.0, 320.0, 240.0], [0.0, 0.0, 1.0]], "extrinsics": [[-0.6427876096865395, 0.36876772832537796, -0.6714420685205874, -2.400684445504818], [0.766044443118978, 0.30943286482790816, -0.563406792052535, 2.0489668877492315], [0.0, -0.8765053706111183, -0.48139208062645383, 1.129267062919922], [0.0, 0.0, 0.0, 1.0]]}, "target_region": {"type": "point", "params": {"delta": 1.5, "start_position": [-2.400684445504818, 2.0489668877492315, 1.129267062919922], "sample_distance": 0.7000000000000004, "min_distance": 0.6787479858398437, "min_distance_enforced": true}, "sample_point": [-3.5497511101832844, 1.084785473219422, 1.129267062919922], "sample_forward": [0.6488225207228153, 0.5444267378380282, -0.5316285016154936], "height": 1.129267062919922}, "sample_target": [-3.5497511101832844, 1.084785473219422, 1.129267062919922], "camera_params": {"forward": [0.6488225207228153, 0.5444267378380282, -0.5316285016154936]}, "task_type": "delta_control", "task_description": "Move 1.5m toward toy_animals", "target_object": {"label": "toy_animals", "id": "96", "bbox_min": [-3.252246239921906, 1.2907574274342164, 0.3505190770800781], "bbox_max": [-2.774793760078094, 1.7787161725657834, 1.0292670629199219], "center": [-3.0135199999999998, 1.5347368, 0.68989307]}}
{"scene_id": "0267_840790", "object_label": "toy_animals", "preset": "front", "distance": 1.5, "init_camera": {"intrinsics": [[320.0, 0.0, 320.0], [0.0, 320.0, 240.0], [0.0, 0.0, 1.0]], "extrinsics": [[-0.49999999999999983, 0.4168977710031557, -0.7590759175027229, -2.320699676972449], [0.8660254037844388, 0.24069604031322678, -0.43825268530555894, 1.9347368], [0.0, -0.8765053706111183, -0.4813920806264537, 1.129267062919922], [0.0, 0.0, 0.0, 1.0]]}, "target_region": {"type": "circle", "params": {"center": [-3.0135199999999998, 1.5347368000000001], "radius": 1.5, "object_center": [-3.0135199999999998, 1.5347368000000001, 0.6898930699999999], "sample_distance": 1.5, "min_distance": 0.6787479858398437, "requested_distance": 1.5}, "sample_point": [-1.6103391396503925, 1.0045637403783931, 1.5], "sample_forward": [-0.8230864094491983, 0.3109921552963024, -0.4751974767653834], "height": 1.5}, "sample_target": [-1.6103391396503925, 1.0045637403783931, 1.5], "camera_params": {"forward": [-0.8230864094491983, 0.3109921552963024, -0.4751974767653834]}, "task_type": "absolute_positioning", "task_description": "Move to any position 1.5m from toy_animals", "target_object": {"label": "toy_animals", "id": "96", "bbox_min": [-3.252246239921906, 1.2907574274342164, 0.3505190770800781], "bbox_max": [-2.774793760078094, 1.7787161725657834, 1.0292670629199219], "center": [-3.0135199999999998, 1.5347368, 0.68989307]}}
{"scene_id": "0267_840790", "object_label": "toy_animals", "preset": "back", "distance": 1.5, "init_camera": {"intrinsics": [[320.0, 0.0, 320.0], [0.0, 320.0, 240.0], [0.0, 0.0, 1.0]], "extrinsics": [[-0.9396926207859084, 0.16464578841170158, -0.29978249248213296, -2.7399038853394653], [0.34202014332566866, 0.4523605858694537, -0.8236456288424856, 2.286490896628727], [0.0, -0.8765053706111183, -0.4813920806264537, 1.129267062919922], [0.0, 0.0, 0.0, 1.0]]}, "target_region": {"type": "circle", "params": {"center": [-3.0135199999999998, 1.5347368000000001], "radius": 1.5, "object_center": [-3.0135199999999998, 1.5347368000000001, 0.6898930699999999], "sample_distance": 1.5, "min_distance": 0.6787479858398437, "requested_distance": 1.5}, "sample_point": [-4.2962100746136525, 2.312365356887941, 1.5], "sample_forward": [0.7524081875566836, -0.4561461140615795, -0.47519747676538343], "height": 1.5}, "sample_target": [-4.2962100746136525, 2.312365356887941, 1.5], "camera_params": {"forward": [0.7524081875566836, -0.4561461140615795, -0.47519747676538343]}, "task_type": "absolute_positioning", "task_description": "Move to any position 1.5m from toy_animals", "target_object": {"label": "toy_animals", "id": "96", "bbox_min": [-3.252246239921906, 1.2907574274342164, 0.3505190770800781], "bbox_max": [-2.774793760078094, 1.7787161725657834, 1.0292670629199219], "center": [-3.0135199999999998, 1.5347368, 0.68989307]}}
{"scene_id": "0267_840790", "object_label": "toy_animals", "preset": "closer", "distance": 0.7, "init_camera": {"intrinsics": [[320.0, 0.0, 320.0], [0.0, 320.0, 240.0], [0.0, 0.0, 1.0]], "extrinsics": [[-0.9396926207859084, 0.16464578841170158, -0.29978249248213296, -2.7399038853394653], [0.34202014332566866, 0.4523605858694537, -0.8236456288424856, 2.286490896628727], [0.0, -0.8765053706111183, -0.4813920806264537, 1.129267062919922], [0.0, 0.0, 0.0, 1.0]]}, "target_region": {"type": "point", "params": {"delta": 1.5, "start_position": [-2.7399038853394653, 2.286490896628727, 1.129267062919922], "sample_distance": 0.7, "min_distance": 0.6787479858398437, "min_distance_enforced": true}, "sample_point": [-3.2529341003279675, 0.8769519654498641, 1.129267062919922], "sample_forward": [0.28968341657439933, 0.7958986458286306, -0.5316285016154938], "height": 1.129267062919922}, "sample_target": [-3.2529341003279675, 0.8769519654498641, 1.129267062919922], "camera_params": {"forward": [0.28968341657439933, 0.7958986458286306, -0.5316285016154938]}, "task_type": "delta_control", "task_description": "Move 1.5m toward toy_animals", "target_object": {"label": "toy_animals", "id": "96", "bbox_min": [-3.252246239921906, 1.2907574274342164, 0.3505190770800781], "bbox_max": [-2.774793760078094, 1.7787161725657834, 1.0292670629199219], "center": [-3.0135199999999998, 1.5347368, 0.68989307]}}
