{"scene_id": "0355_840777", "object_label": "shower head", "preset": "left", "distance": 1.463199951171875, "init_camera": {"intrinsics": [[320.0, 0.0, 320.0], [0.0, 320.0, 240.0], [0.0, 0.0, 1.0]], "extrinsics": [[-0.3420201433256688, -0.2675257899795095, 0.9008064016509477, 1.7630617746137358], [-0.9396926207859083, 0.09737142445109294, -0.32786671703739034, 0.7301115415737611], [0.0, -0.9586181499409474, -0.2846949992602531, 1.6], [0.0, 0.0, 0.0, 1.0]]}, "target_region": {"type": "circle", "params": {"center": [2.612309, 0.42101083000000006], "radius": 1.463199951171875, "object_center": [2.612309, 0.42101083000000006, 1.3316], "sample_distance": 1.463199951171875, "min_distance": 1.463199951171875, "requested_distance": 0.8}, "sample_point": [1.997708022882935, -0.9068520153406344, 1.5], "sample_forward": [0.41728442130887106, 0.9015548292725489, -0.11433547808211378], "height": 1.5}, "sample_target": [1.997708022882935, -0.9068520153406344, 1.5], "camera_params": {"forward": [0.41728442130887106, 0.9015548292725489, -0.11433547808211378]}, "task_type": "absolute_positioning", "task_description": "Move to any position 1.5m from shower head", "target_object": {"label": "shower head", "id": "108", "bbox_min": [2.3423580027960504, 0.22805381746764516, 0.6000000244140624], "bbox_max": [2.8822599972039504, 0.6139678425323548, 2.0631999755859374], "center": [2.6123090000000007, 0.42101083, 1.3316]}}
{"scene_id": "0355_840777", "object_label": "shower head", "preset": "right", "distance": 1.463199951171875, "init_camera": {"intrinsics": [[320.0, 0.0, 320.0], [0.0, 320.0, 240.0], [0.0, 0.0, 1.0]], "extrinsics": [[-0.3420201433256688, -0.2675257899795095, 0.9008064016509477, 1.7630617746137358], [-0.9396926207859083, 0.09737142445109294, -0.32786671703739034, 0.7301115415737611], [0.0, -0.9586181499409474, -0.2846949992602531, 1.6], [0.0, 0.0, 0.0, 1.0]]}, "target_region": {"type": "circle", "params": {"center": [2.612309, 0.42101083000000006], "radius": 1.463199951171875, "object_center": [2.612309, 0.42101083000000006, 1.3316], "sample_distance": 1.463199951171875, "min_distance": 1.463199951171875, "requested_distance": 1.2}, "sample_point": [3.6159788673365023, 1.4857177824099606, 1.5], "sample_forward": [-0.6814434330079014, -0.722884669959282, -0.11433547808211378], "height": 1.5}, "sample_target": [3.6159788673365023, 1.4857177824099606, 1.5], "camera_params": {"forward": [-0.6814434330079014, -0.722884669959282, -0.11433547808211378]}, "task_type": "absolute_positioning", "task_description": "Move to any position 1.5m from shower head", "target_object": {"label": "shower head", "id": "108", "bbox_min": [2.3423580027960504, 0.22805381746764516, 0.6000000244140624], "bbox_max": [2.8822599972039504, 0.6139678425323548, 2.0631999755859374], "center": [2.6123090000000007, 0.42101083, 1.3316]}}
{"scene_id": "0355_840777", "object_label": "shower head", "preset": "right", "distance": 1.5, "init_camera": {"intrinsics": [[320.0, 0.0, 320.0], [0.0, 320.0, 240.0], [0.0, 0.0, 1.0]], "extrinsics": [[-0.3420201433256688, -0.2675257899795095, 0.9008064016509477, 1.7630617746137358], [-0.9396926207859083, 0.09737142445109294, -0.32786671703739034, 0.7301115415737611], [0.0, -0.9586181499409474, -0.2846949992602531, 1.6], [0.0, 0.0, 0.0, 1.0]]}, "target_region": {"type": "circle", "params": {"center": [2.612309, 0.42101083000000006], "radius": 1.5, "object_center": [2.612309, 0.42101083000000006, 1.3316], "sample_distance": 1.5, "min_distance": 1.463199951171875, "requested_distance": 1.5}, "sample_point": [2.792471261242551, 1.9101520454741978, 1.5], "sample_forward": [-0.11935834482070334, -0.9865630540904394, -0.11156579146587241], "height": 1.5}, "sample_target": [2.792471261242551, 1.9101520454741978, 1.5], "camera_params": {"forward": [-0.11935834482070334, -0.9865630540904394, -0.11156579146587241]}, "task_type": "absolute_positioning", "task_description": "Move to any position 1.5m from shower head", "target_object": {"label": "shower head", "id": "108", "bbox_min": [2.3423580027960504, 0.22805381746764516, 0.6000000244140624], "bbox_max": [2.8822599972039504, 0.6139678425323548, 2.0631999755859374], "center": [2.6123090000000007, 0.42101083, 1.3316]}}
{"scene_id": "0355_840777", "object_label": "shower head", "preset": "occupancy_20", "distance": 4.619140453991938, "init_camera": {"intrinsics": [[320.0, 0.0, 320.0], [0.0, 320.0, 240.0], [0.0, 0.0, 1.0]], "extrinsics": [[-0.3420201433256688, -0.2675257899795095, 0.9008064016509477, 1.7630617746137358], [-0.9396926207859083, 0.09737142445109294, -0.32786671703739034, 0.7301115415737611], [0.0, -0.9586181499409474, -0.2846949992602531, 1.6], [0.0, 0.0, 0.0, 1.0]]}, "target_region": {"type": "circle", "params": {"center": [2.612309, 0.42101083000000006], "radius": 4.619140453991938, "object_center": [2.612309, 0.42101083000000006, 1.3316], "object_height": 1.463199951171875, "occupancy_ratio": 0.2, "fov_vertical": 90.0, "sample_distance": 4.619140453991938, "min_distance": 1.463199951171875}, "sample_point": [0.9742260807934613, -3.8979176115823133, 1.5], "sample_forward": [0.3543939442806434, 0.9343862069080163, -0.036432795627811314], "height": 1.5}, "sample_target": [0.9742260807934613, -3.8979176115823133, 1.5], "camera_params": {"forward": [0.3543939442806434, 0.9343862069080163, -0.036432795627811314]}, "task_type": "screen_occupancy", "task_description": "Position where shower head occupies 20% of vertical FOV", "target_object": {"label": "shower head", "id": "108", "bbox_min": [2.3423580027960504, 0.22805381746764516, 0.6000000244140624], "bbox_max": [2.8822599972039504, 0.6139678425323548, 2.0631999755859374], "center": [2.6123090000000007, 0.42101083, 1.3316]}}
{"scene_id": "0355_840777", "object_label": "shower head", "preset": "occupancy_30", "distance": 3.0473332101062605, "init_camera": {"intrinsics": [[320.0, 0.0, 320.0], [0.0, 320.0, 240.0], [0.0, 0.0, 1.0]], "extrinsics": [[-0.3420201433256688, -0.2675257899795095, 0.9008064016509477, 1.7630617746137358], [-0.9396926207859083, 0.09737142445109294, -0.32786671703739034, 0.7301115415737611], [0.0, -0.9586181499409474, -0.2846949992602531, 1.6], [0.0, 0.0, 0.0, 1.0]]}, "target_region": {"type": "circle", "params": {"center": [2.612309, 0.42101083000000006], "radius": 3.0473332101062605, "object_center": [2.612309, 0.42101083000000006, 1.3316], "object_height": 1.463199951171875, "occupancy_ratio": 0.3, "fov_vertical": 90.0, "sample_distance": 3.0473332101062605, "min_distance": 1.463199951171875}, "sample_point": [2.4567941766948533, 3.4643732522476194, 1.5], "sample_forward": [0.05095534274751591, -0.997175523430668, -0.05517724636348344], "height": 1.5}, "sample_target": [2.4567941766948533, 3.4643732522476194, 1.5], "camera_params": {"forward": [0.05095534274751591, -0.997175523430668, -0.05517724636348344]}, "task_type": "screen_occupancy", "task_description": "Position where shower head occupies 30% of vertical FOV", "target_object": {"label": "shower head", "id": "108", "bbox_min": [2.3423580027960504, 0.22805381746764516, 0.6000000244140624], "bbox_max": [2.8822599972039504, 0.6139678425323548, 2.0631999755859374], "center": [2.6123090000000007, 0.42101083, 1.3316]}}
{"scene_id": "0355_840777", "object_label": "shower head", "preset": "front", "distance": 1.463199951171875, "init_camera": {"intrinsics": [[320.0, 0.0, 320.0], [0.0, 320.0, 240.0], [0.0, 0.0, 1.0]], "extrinsics": [[-0.9396926207859083, -0.09737142445109291, 0.3278667170373903, 2.303208288426239], [-0.3420201433256688, 0.2675257899795094, -0.9008064016509476, 1.2702580553862646], [0.0, -0.9586181499409473, -0.284694999260253, 1.6], [0.0, 0.0, 0.0, 1.0]]}, "target_region": {"type": "circle", "params": {"center": [2.612309, 0.42101083000000006], "radius": 1.463199951171875, "object_center": [2.612309, 0.42101083000000006, 1.3316], "sample_distance": 1.463199951171875, "min_distance": 1.463199951171875, "requested_distance": 0.8}, "sample_point": [4.00751802500913, -0.019835938891926974, 1.5], "sample_forward": [-0.9472796371668559, 0.2993136940749023, -0.11433547808211374], "height": 1.5}, "sample_target": [4.00751802500913, -0.019835938891926974, 1.5], "camera_params": {"forward": [-0.9472796371668559, 0.2993136940749023, -0.11433547808211374]}, "task_type": "absolute_positioning", "task_description": "Move to any position 1.5m from shower head", "target_object": {"label": "shower head", "id": "108", "bbox_min": [2.3423580027960504, 0.22805381746764516, 0.6000000244140624], "bbox_max": [2.8822599972039504, 0.6139678425323548, 2.0631999755859374], "center": [2.6123090000000007, 0.42101083, 1.3316]}}
{"scene_id": "0355_840777", "object_label": "shower head", "preset": "occupancy_20", "distance": 4.619140453991938, "init_camera": {"intrinsics": [[320.0, 0.0, 320.0], [0.0, 320.0, 240.0], [0.0, 0.0, 1.0]], "extrinsics": [[-0.9396926207859083, -0.09737142445109291, 0.3278667170373903, 2.303208288426239], [-0.3420201433256688, 0.2675257899795094, -0.9008064016509476, 1.2702580553862646], [0.0, -0.9586181499409473, -0.284694999260253, 1.6], [0.0, 0.0, 0.0, 1.0]]}, "target_region": {"type": "circle", "params": {"center": [2.612309, 0.42101083000000006], "radius": 4.619140453991938, "object_center": [2.612309, 0.42101083000000006, 1.3316], "object_height": 1.463199951171875, "occupancy_ratio": 0.2, "fov_vertical": 90.0, "sample_distance": 4.619140453991938, "min_distance": 1.463199951171875}, "sample_point": [-1.8153199436609726, -0.8952567989267558, 1.5], "sample_forward": [0.9579032091459752, 0.2847702465332081, -0.036432795627811314], "height": 1.5}, "sample_target": [-1.8153199436609726, -0.8952567989267558, 1.5], "camera_params": {"forward": [0.9579032091459752, 0.2847702465332081, -0.036432795627811314]}, "task_type": "screen_occupancy", "task_description": "Position where shower head occupies 20% of vertical FOV", "target_object": {"label": "shower head", "id": "108", "bbox_min": [2.3423580027960504, 0.22805381746764516, 0.6000000244140624], "bbox_max": [2.8822599972039504, 0.6139678425323548, 2.0631999755859374], "center": [2.6123090000000007, 0.42101083, 1.3316]}}
{"scene_id": "0355_840777", "object_label": "shower head", "preset": "occupancy_30", "distance": 3.0473332101062605, "init_camera": {"intrinsics": [[320.0, 0.0, 320.0], [0.0, 320.0, 240.0], [0.0, 0.0, 1.0]], "extrinsics": [[-0.9396926207859083, -0.09737142445109291, 0.3278667170373903, 2.303208288426239], [-0.3420201433256688, 0.2675257899795094, -0.9008064016509476, 1.2702580553862646], [0.0, -0.9586181499409473, -0.284694999260253, 1.6], [0.0, 0.0, 0.0, 1.0]]}, "target_region": {"type": "circle", "params": {"center": [2.612309, 0.42101083000000006], "radius": 3.0473332101062605, "object_center": [2.612309, 0.42101083000000006, 1.3316], "object_height": 1.463199951171875, "occupancy_ratio": 0.3, "fov_vertical": 90.0, "sample_distance": 3.0473332101062605, "min_distance": 1.463199951171875}, "sample_point": [-0.2498521264268505, -0.6250643966388435, 1.5], "sample_forward": [0.9378038575109234, 0.34275267514838603, -0.05517724636348344], "height": 1.5}, "sample_target": [-0.2498521264268505, -0.6250643966388435, 1.5], "camera_params": {"forward": [0.9378038575109234, 0.34275267514838603, -0.05517724636348344]}, "task_type": "screen_occupancy", "task_description": "Position where shower head occupies 30% of vertical FOV", "target_object": {"label": "shower head", "id": "108", "bbox_min": [2.3423580027960504, 0.22805381746764516, 0.6000000244140624], "bbox_max": [2.8822599972039504, 0.6139678425323548, 2.0631999755859374], "center": [2.6123090000000007, 0.42101083, 1.3316]}}
{"scene_id": "0355_840777", "object_label": "shower head", "preset": "occupancy_20", "distance": 4.619140453991938, "init_camera": {"intrinsics": [[320.0, 0.0, 320.0], [0.0, 320.0, 240.0], [0.0, 0.0, 1.0]], "extrinsics": [[-1.0, -0.0, 0.0, 2.612309], [-0.0, 0.23115331232459185, -0.9729173378048979, 1.5506983557411298], [0.0, -0.9729173378048979, -0.23115331232459185, 1.6], [0.0, 0.0, 0.0, 1.0]]}, "target_region": {"type": "circle", "params": {"center": [2.612309, 0.42101083000000006], "radius": 4.619140453991938, "object_center": [2.612309, 0.42101083000000006, 1.3316], "object_height": 1.463199951171875, "occupancy_ratio": 0.2, "fov_vertical": 90.0, "sample_distance": 4.619140453991938, "min_distance": 1.463199951171875}, "sample_point": [6.632675992898209, -1.8534358666977835, 1.5], "sample_forward": [-0.8697934026191134, 0.49206919042245156, -0.036432795627811314], "height": 1.5}, "sample_target": [6.632675992898209, -1.8534358666977835, 1.5], "camera_params": {"forward": [-0.8697934026191134, 0.49206919042245156, -0.036432795627811314]}, "task_type": "screen_occupancy", "task_description": "Position where shower head occupies 20% of vertical FOV", "target_object": {"label": "shower head", "id": "108", "bbox_min": [2.3423580027960504, 0.22805381746764516, 0.6000000244140624], "bbox_max": [2.8822599972039504, 0.6139678425323548, 2.0631999755859374], "center": [2.6123090000000007, 0.42101083, 1.3316]}}
{"scene_id": "0355_840777", "object_label": "shower head", "preset": "occupancy_30", "distance": 3.0473332101062605, "init_camera": {"intrinsics": [[320.0, 0.0, 320.0], [0.0, 320.0, 240.0], [0.0, 0.0, 1.0]], "extrinsics": [[-1.0, -0.0, 0.0, 2.612309], [-0.0, 0.23115331232459185, -0.9729173378048979, 1.5506983557411298], [0.0, -0.9729173378048979, -0.23115331232459185, 1.6], [0.0, 0.0, 0.0, 1.0]]}, "target_region": {"type": "circle", "params": {"center": [2.612309, 0.42101083000000006], "radius": 3.0473332101062605, "object_center": [2.612309, 0.42101083000000006, 1.3316], "object_height": 1.463199951171875, "occupancy_ratio": 0.3, "fov_vertical": 90.0, "sample_distance": 3.0473332101062605, "min_distance": 1.463199951171875}, "sample_point": [1.6121425082332368, 3.299535917985771, 1.5], "sample_forward": [0.32771040926790734, -0.9431656053637685, -0.05517724636348344], "height": 1.5}, "sample_target": [1.6121425082332368, 3.299535917985771, 1.5], "camera_params": {"forward": [0.32771040926790734, -0.9431656053637685, -0.05517724636348344]}, "task_type": "screen_occupancy", "task_description": "Position where shower head occupies 30% of vertical FOV", "target_object": {"label": "shower head", "id": "108", "bbox_min": [2.3423580027960504, 0.22805381746764516, 0.6000000244140624], "bbox_max": [2.8822599972039504, 0.6139678425323548, 2.0631999755859374], "center": [2.6123090000000007, 0.42101083, 1.3316]}}
{"scene_id": "0355_840777", "object_label": "shower head", "preset": "occupancy_50", "distance": 1.7662385832913956, "init_camera": {"intrinsics": [[320.0, 0.0, 320.0], [0.0, 320.0, 240.0], [0.0, 0.0, 1.0]], "extrinsics": [[-1.0, -0.0, 0.0, 2.612309], [-0.0, 0.23115331232459185, -0.9729173378048979, 1.5506983557411298], [0.0, -0.9729173378048979, -0.23115331232459185, 1.6], [0.0, 0.0, 0.0, 1.0]]}, "target_region": {"type": "circle", "params": {"center": [2.612309, 0.42101083000000006], "radius": 1.7662385832913956, "object_center": [2.612309, 0.42101083000000006, 1.3316], "object_height": 1.463199951171875, "occupancy_ratio": 0.5, "fov_vertical": 90.0, "sample_distance": 1.7662385832913956, "min_distance": 1.463199951171875}, "sample_point": [1.1761045526787925, 1.4490747962015105, 1.5], "sample_forward": [0.8094720379972051, -0.5794363298796463, -0.09491343064212257], "height": 1.5}, "sample_target": [1.1761045526787925, 1.4490747962015105, 1.5], "camera_params": {"forward": [0.8094720379972051, -0.5794363298796463, -0.09491343064212257]}, "task_type": "screen_occupancy", "task_description": "Position where shower head occupies 50% of vertical FOV", "target_object": {"label": "shower head", "id": "108", "bbox_min": [2.3423580027960504, 0.22805381746764516, 0.6000000244140624], "bbox_max": [2.8822599972039504, 0.6139678425323548, 2.0631999755859374], "center": [2.6123090000000007, 0.42101083, 1.3316]}}
{"scene_id": "0355_840777", "object_label": "shower head", "preset": "back", "distance": 1.463199951171875, "init_camera": {"intrinsics": [[320.0, 0.0, 320.0], [0.0, 320.0, 240.0], [0.0, 0.0, 1.0]], "extrinsics": [[-1.2284625165450024e-16, -0.28469499926025305, 0.9586181499409474, 1.7085589794070963], [-1.0, 3.49737135239028e-17, -1.1776264648821707e-16, 0.4210108300000001], [0.0, -0.9586181499409474, -0.28469499926025305, 1.6], [0.0, 0.0, 0.0, 1.0]]}, "target_region": {"type": "circle", "params": {"center": [2.612309, 0.42101083000000006], "radius": 1.463199951171875, "object_center": [2.612309, 0.42101083000000006, 1.3316], "sample_distance": 1.463199951171875, "min_distance": 1.463199951171875, "requested_distance": 0.8}, "sample_point": [1.4015179009725256, -0.40053588907641213, 1.5], "sample_forward": [0.8220687598864262, 0.5577905991234772, -0.11433547808211378], "height": 1.5}, "sample_target": [1.4015179009725256, -0.40053588907641213, 1.5], "camera_params": {"forward": [0.8220687598864262, 0.5577905991234772, -0.11433547808211378]}, "task_type": "absolute_positioning", "task_description": "Move to any position 1.5m from shower head", "target_object": {"label": "shower head", "id": "108", "bbox_min": [2.3423580027960504, 0.22805381746764516, 0.6000000244140624], "bbox_max": [2.8822599972039504, 0.6139678425323548, 2.0631999755859374], "center": [2.6123090000000007, 0.42101083, 1.3316]}}
{"scene_id": "0355_840777", "object_label": "shower head", "preset": "right", "distance": 1.463199951171875, "init_camera": {"intrinsics": [[320.0, 0.0, 320.0], [0.0, 320.0, 240.0], [0.0, 0.0, 1.0]], "extrinsics": [[-1.2284625165450024e-16, -0.28469499926025305, 0.9586181499409474, 1.7085589794070963], [-1.0, 3.49737135239028e-17, -1.1776264648821707e-16, 0.4210108300000001], [0.0, -0.9586181499409474, -0.28469499926025305, 1.6], [0.0, 0.0, 0.0, 1.0]]}, "target_region": {"type": "circle", "params": {"center": [2.612309, 0.42101083000000006], "radius": 1.463199951171875, "object_center": [2.612309, 0.42101083000000006, 1.3316], "sample_distance": 1.463199951171875, "min_distance": 1.463199951171875, "requested_distance": 1.0}, "sample_point": [3.4641483049035857, 1.6106846910773767, 1.5], "sample_forward": [-0.5783578038912522, -0.8077311738009263, -0.11433547808211379], "height": 1.5}, "sample_target": [3.4641483049035857, 1.6106846910773767, 1.5], "camera_params": {"forward": [-0.5783578038912522, -0.8077311738009263, -0.11433547808211379]}, "task_type": "absolute_positioning", "task_description": "Move to any position 1.5m from shower head", "target_object": {"label": "shower head", "id": "108", "bbox_min": [2.3423580027960504, 0.22805381746764516, 0.6000000244140624], "bbox_max": [2.8822599972039504, 0.6139678425323548, 2.0631999755859374], "center": [2.6123090000000007, 0.42101083, 1.3316]}}
{"scene_id": "0355_840777", "object_label": "shower head", "preset": "left", "distance": 1.463199951171875, "init_camera": {"intrinsics": [[320.0, 0.0, 320.0], [0.0, 320.0, 240.0], [0.0, 0.0, 1.0]], "extrinsics": [[-1.2284625165450024e-16, -0.28469499926025305, 0.9586181499409474, 1.7085589794070963], [-1.0, 3.49737135239028e-17, -1.1776264648821707e-16, 0.4210108300000001], [0.0, -0.9586181499409474, -0.28469499926025305, 1.6], [0.0, 0.0, 0.0, 1.0]]}, "target_region": {"type": "circle", "params": {"center": [2.612309, 0.42101083000000006], "radius": 1.463199951171875, "object_center": [2.612309, 0.42101083000000006, 1.3316], "sample_distance": 1.463199951171875, "min_distance": 1.463199951171875, "requested_distance": 1.2}, "sample_point": [2.3610545596600874, -1.0204555425938437, 1.5], "sample_forward": [0.17058964701020102, 0.97868614518888, -0.11433547808211378], "height": 1.5}, "sample_target": [2.3610545596600874, -1.0204555425938437, 1.5], "camera_params": {"forward": [0.17058964701020102, 0.97868614518888, -0.11433547808211378]}, "task_type": "absolute_positioning", "task_description": "Move to any position 1.5m from shower head", "target_object": {"label": "shower head", "id": "108", "bbox_min": [2.3423580027960504, 0.22805381746764516, 0.6000000244140624], "bbox_max": [2.8822599972039504, 0.6139678425323548, 2.0631999755859374], "center": [2.6123090000000007, 0.42101083, 1.3316]}}
{"scene_id": "0355_840777", "object_label": "shower head", "preset": "front", "distance": 1.5, "init_camera": {"intrinsics": [[320.0, 0.0, 320.0], [0.0, 320.0, 240.0], [0.0, 0.0, 1.0]], "extrinsics": [[-1.2284625165450024e-16, -0.28469499926025305, 0.9586181499409474, 1.7085589794070963], [-1.0, 3.49737135239028e-17, -1.1776264648821707e-16, 0.4210108300000001], [0.0, -0.9586181499409474, -0.28469499926025305, 1.6], [0.0, 0.0, 0.0, 1.0]]}, "target_region": {"type": "circle", "params": {"center": [2.612309, 0.42101083000000006], "radius": 1.5, "object_center": [2.612309, 0.42101083000000006, 1.3316], "sample_distance": 1.5, "min_distance": 1.463199951171875, "requested_distance": 1.5}, "sample_point": [3.9028723862031587, 1.18550160574019, 1.5], "sample_forward": [-0.8550043088992378, -0.506478731970386, -0.11156579146587241], "height": 1.5}, "sample_target": [3.9028723862031587, 1.18550160574019, 1.5], "camera_params": {"forward": [-0.8550043088992378, -0.506478731970386, -0.11156579146587241]}, "task_type": "absolute_positioning", "task_description": "Move to any position 1.5m from shower head", "target_object": {"label": "shower head", "id": "108", "bbox_min": [2.3423580027960504, 0.22805381746764516, 0.6000000244140624], "bbox_max": [2.8822599972039504, 0.6139678425323548, 2.0631999755859374], "center": [2.6123090000000007, 0.42101083, 1.3316]}}
{"scene_id": "0355_840777", "object_label": "shower head", "preset": "occupancy_20", "distance": 4.619140453991938, "init_camera": {"intrinsics": [[320.0, 0.0, 320.0], [0.0, 320.0, 240.0], [0.0, 0.0, 1.0]], "extrinsics": [[-1.2284625165450024e-16, -0.28469499926025305, 0.9586181499409474, 1.7085589794070963], [-1.0, 3.49737135239028e-17, -1.1776264648821707e-16, 0.4210108300000001], [0.0, -0.9586181499409474, -0.28469499926025305, 1.6], [0.0, 0.0, 0.0, 1.0]]}, "target_region": {"type": "circle", "params": {"center": [2.612309, 0.42101083000000006], "radius": 4.619140453991938, "object_center": [2.612309, 0.42101083000000006, 1.3316], "object_height": 1.463199951171875, "occupancy_ratio": 0.2, "fov_vertical": 90.0, "sample_distance": 4.619140453991938, "min_distance": 1.463199951171875}, "sample_point": [0.20403602620758, 4.362670355809638, 1.5], "sample_forward": [0.5210220728631864, -0.8527652965453569, -0.036432795627811314], "height": 1.5}, "sample_target": [0.20403602620758, 4.362670355809638, 1.5], "camera_params": {"forward": [0.5210220728631864, -0.8527652965453569, -0.036432795627811314]}, "task_type": "screen_occupancy", "task_description": "Position where shower head occupies 20% of vertical FOV", "target_object": {"label": "shower head", "id": "108", "bbox_min": [2.3423580027960504, 0.22805381746764516, 0.6000000244140624], "bbox_max": [2.8822599972039504, 0.6139678425323548, 2.0631999755859374], "center": [2.6123090000000007, 0.42101083, 1.3316]}}
{"scene_id": "0355_840777", "object_label": "shower head", "preset": "occupancy_30", "distance": 3.0473332101062605, "init_camera": {"intrinsics": [[320.0, 0.0, 320.0], [0.0, 320.0, 240.0], [0.0, 0.0, 1.0]], "extrinsics": [[-1.2284625165450024e-16, -0.28469499926025305, 0.9586181499409474, 1.7085589794070963], [-1.0, 3.49737135239028e-17, -1.1776264648821707e-16, 0.4210108300000001], [0.0, -0.9586181499409474, -0.28469499926025305, 1.6], [0.0, 0.0, 0.0, 1.0]]}, "target_region": {"type": "circle", "params": {"center": [2.612309, 0.42101083000000006], "radius": 3.0473332101062605, "object_center": [2.612309, 0.42101083000000006, 1.3316], "object_height": 1.463199951171875, "occupancy_ratio": 0.3, "fov_vertical": 90.0, "sample_distance": 3.0473332101062605, "min_distance": 1.463199951171875}, "sample_point": [3.3125503768830877, 3.386799377337353, 1.5], "sample_forward": [-0.2294381886352907, -0.9717579889455503, -0.05517724636348344], "height": 1.5}, "sample_target": [3.3125503768830877, 3.386799377337353, 1.5], "camera_params": {"forward": [-0.2294381886352907, -0.9717579889455503, -0.05517724636348344]}, "task_type": "screen_occupancy", "task_description": "Position where shower head occupies 30% of vertical FOV", "target_object": {"label": "shower head", "id": "108", "bbox_min": [2.3423580027960504, 0.22805381746764516, 0.6000000244140624], "bbox_max": [2.8822599972039504, 0.6139678425323548, 2.0631999755859374], "center": [2.6123090000000007, 0.42101083, 1.3316]}}
{"scene_id": "0355_840777", "object_label": "shower head", "preset": "occupancy_50", "distance": 1.7662385832913956, "init_camera": {"intrinsics": [[320.0, 0.0, 320.0], [0.0, 320.0, 240.0], [0.0, 0.0, 1.0]], "extrinsics": [[-1.2284625165450024e-16, -0.28469499926025305, 0.9586181499409474, 1.7085589794070963], [-1.0, 3.49737135239028e-17, -1.1776264648821707e-16, 0.4210108300000001], [0.0, -0.9586181499409474, -0.28469499926025305, 1.6], [0.0, 0.0, 0.0, 1.0]]}, "target_region": {"type": "circle", "params": {"center": [2.612309, 0.42101083000000006], "radius": 1.7662385832913956, "object_center": [2.612309, 0.42101083000000006, 1.3316], "object_height": 1.463199951171875, "occupancy_ratio": 0.5, "fov_vertical": 90.0, "sample_distance": 1.7662385832913956, "min_distance": 1.463199951171875}, "sample_point": [2.3675595187950007, -1.3281879650364816, 1.5], "sample_forward": [0.13794544482806526, 0.9858815826127042, -0.09491343064212257], "height": 1.5}, "sample_target": [2.3675595187950007, -1.3281879650364816, 1.5], "camera_params": {"forward": [0.13794544482806526, 0.9858815826127042, -0.09491343064212257]}, "task_type": "screen_occupancy", "task_description": "Position where shower head occupies 50% of vertical FOV", "target_object": {"label": "shower head", "id": "108", "bbox_min": [2.3423580027960504, 0.22805381746764516, 0.6000000244140624], "bbox_max": [2.8822599972039504, 0.6139678425323548, 2.0631999755859374], "center": [2.6123090000000007, 0.42101083, 1.3316]}}
{"scene_id": "0355_840777", "object_label": "shower head", "preset": "front", "distance": 1.463199951171875, "init_camera": {"intrinsics": [[320.0, 0.0, 320.0], [0.0, 320.0, 240.0], [0.0, 0.0, 1.0]], "extrinsics": [[-0.766044443118978, -0.18299841806420913, 0.6161878692026741, 2.0313896845089268], [-0.6427876096865394, 0.2180890221670784, -0.734344106835258, 1.113323511243856], [0.0, -0.9586181499409473, -0.28469499926025305, 1.6], [0.0, 0.0, 0.0, 1.0]]}, "target_region": {"type": "circle", "params": {"center": [2.612309, 0.42101083000000006], "radius": 1.463199951171875, "object_center": [2.612309, 0.42101083000000006, 1.3316], "sample_distance": 1.463199951171875, "min_distance": 1.463199951171875, "requested_distance": 1.0}, "sample_point": [3.7204686790992083, 1.3764877908567843, 1.5], "sample_forward": [-0.7523869756599151, -0.6487227738480137, -0.1143354780821138], "height": 1.5}, "sample_target": [3.7204686790992083, 1.3764877908567843, 1.5], "camera_params": {"forward": [-0.7523869756599151, -0.6487227738480137, -0.1143354780821138]}, "task_type": "absolute_positioning", "task_description": "Move to any position 1.5m from shower head", "target_object": {"label": "shower head", "id": "108", "bbox_min": [2.3423580027960504, 0.22805381746764516, 0.6000000244140624], "bbox_max": [2.8822599972039504, 0.6139678425323548, 2.0631999755859374], "center": [2.6123090000000007, 0.42101083, 1.3316]}}
{"scene_id": "0355_840777", "object_label": "shower head", "preset": "left", "distance": 1.463199951171875, "init_camera": {"intrinsics": [[320.0, 0.0, 320.0], [0.0, 320.0, 240.0], [0.0, 0.0, 1.0]], "extrinsics": [[-0.766044443118978, -0.18299841806420913, 0.6161878692026741, 2.0313896845089268], [-0.6427876096865394, 0.2180890221670784, -0.734344106835258, 1.113323511243856], [0.0, -0.9586181499409473, -0.28469499926025305, 1.6], [0.0, 0.0, 0.0, 1.0]]}, "target_region": {"type": "circle", "params": {"center": [2.612309, 0.42101083000000006], "radius": 1.463199951171875, "object_center": [2.612309, 0.42101083000000006, 1.3316], "sample_distance": 1.463199951171875, "min_distance": 1.463199951171875, "requested_distance": 1.2}, "sample_point": [2.739594178195702, -1.036642277059792, 1.5], "sample_forward": [-0.08642049704140502, 0.9896761572064122, -0.11433547808211378], "height": 1.5}, "sample_target": [2.739594178195702, -1.036642277059792, 1.5], "camera_params": {"forward": [-0.08642049704140502, 0.9896761572064122, -0.11433547808211378]}, "task_type": "absolute_positioning", "task_description": "Move to any position 1.5m from shower head", "target_object": {"label": "shower head", "id": "108", "bbox_min": [2.3423580027960504, 0.22805381746764516, 0.6000000244140624], "bbox_max": [2.8822599972039504, 0.6139678425323548, 2.0631999755859374], "center": [2.6123090000000007, 0.42101083, 1.3316]}}
{"scene_id": "0355_840777", "object_label": "shower head", "preset": "occupancy_20", "distance": 4.619140453991938, "init_camera": {"intrinsics": [[320.0, 0.0, 320.0], [0.0, 320.0, 240.0], [0.0, 0.0, 1.0]], "extrinsics": [[-0.766044443118978, -0.18299841806420913, 0.6161878692026741, 2.0313896845089268], [-0.6427876096865394, 0.2180890221670784, -0.734344106835258, 1.113323511243856], [0.0, -0.9586181499409473, -0.28469499926025305, 1.6], [0.0, 0.0, 0.0, 1.0]]}, "target_region": {"type": "circle", "params": {"center": [2.612309, 0.42101083000000006], "radius": 4.619140453991938, "object_center": [2.612309, 0.42101083000000006, 1.3316], "object_height": 1.463199951171875, "occupancy_ratio": 0.2, "fov_vertical": 90.0, "sample_distance": 4.619140453991938, "min_distance": 1.463199951171875}, "sample_point": [5.340186728144927, 4.148629591890185, 1.5], "sample_forward": [-0.5901675283085647, -0.8064582691825422, -0.03643279562781132], "height": 1.5}, "sample_target": [5.340186728144927, 4.148629591890185, 1.5], "camera_params": {"forward": [-0.5901675283085647, -0.8064582691825422, -0.03643279562781132]}, "task_type": "screen_occupancy", "task_description": "Position where shower head occupies 20% of vertical FOV", "target_object": {"label": "shower head", "id": "108", "bbox_min": [2.3423580027960504, 0.22805381746764516, 0.6000000244140624], "bbox_max": [2.8822599972039504, 0.6139678425323548, 2.0631999755859374], "center": [2.6123090000000007, 0.42101083, 1.3316]}}
{"scene_id": "0355_840777", "object_label": "shower head", "preset": "occupancy_30", "distance": 3.0473332101062605, "init_camera": {"intrinsics": [[320.0, 0.0, 320.0], [0.0, 320.0, 240.0], [0.0, 0.0, 1.0]], "extrinsics": [[-0.766044443118978, -0.18299841806420913, 0.6161878692026741, 2.0313896845089268], [-0.6427876096865394, 0.2180890221670784, -0.734344106835258, 1.113323511243856], [0.0, -0.9586181499409473, -0.28469499926025305, 1.6], [0.0, 0.0, 0.0, 1.0]]}, "target_region": {"type": "circle", "params": {"center": [2.612309, 0.42101083000000006], "radius": 3.0473332101062605, "object_center": [2.612309, 0.42101083000000006, 1.3316], "object_height": 1.463199951171875, "occupancy_ratio": 0.3, "fov_vertical": 90.0, "sample_distance": 3.0473332101062605, "min_distance": 1.463199951171875}, "sample_point": [5.554421449999632, 1.2148710349313805, 1.5], "sample_forward": [-0.9640003769756615, -0.2601129459956306, -0.05517724636348343], "height": 1.5}, "sample_target": [5.554421449999632, 1.2148710349313805, 1.5], "camera_params": {"forward": [-0.9640003769756615, -0.2601129459956306, -0.05517724636348343]}, "task_type": "screen_occupancy", "task_description": "Position where shower head occupies 30% of vertical FOV", "target_object": {"label": "shower head", "id": "108", "bbox_min": [2.3423580027960504, 0.22805381746764516, 0.6000000244140624], "bbox_max": [2.8822599972039504, 0.6139678425323548, 2.0631999755859374], "center": [2.6123090000000007, 0.42101083, 1.3316]}}
{"scene_id": "0355_840777", "object_label": "shower head", "preset": "occupancy_50", "distance": 1.7662385832913956, "init_camera": {"intrinsics": [[320.0, 0.0, 320.0], [0.0, 320.0, 240.0], [0.0, 0.0, 1.0]], "extrinsics": [[-0.766044443118978, -0.18299841806420913, 0.6161878692026741, 2.0313896845089268], [-0.6427876096865394, 0.2180890221670784, -0.734344106835258, 1.113323511243856], [0.0, -0.9586181499409473, -0.28469499926025305, 1.6], [0.0, 0.0, 0.0, 1.0]]}, "target_region": {"type": "circle", "params": {"center": [2.612309, 0.42101083000000006], "radius": 1.7662385832913956, "object_center": [2.612309, 0.42101083000000006, 1.3316], "object_height": 1.463199951171875, "occupancy_ratio": 0.5, "fov_vertical": 90.0, "sample_distance": 1.7662385832913956, "min_distance": 1.463199951171875}, "sample_point": [2.5148296602550824, -1.3425357419481556, 1.5], "sample_forward": [0.05494120280237028, 0.9939682615246686, -0.09491343064212256], "height": 1.5}, "sample_target": [2.5148296602550824, -1.3425357419481556, 1.5], "camera_params": {"forward": [0.05494120280237028, 0.9939682615246686, -0.09491343064212256]}, "task_type": "screen_occupancy", "task_description": "Position where shower head occupies 50% of vertical FOV", "target_object": {"label": "shower head", "id": "108", "bbox_min": [2.3423580027960504, 0.22805381746764516, 0.6000000244140624], "bbox_max": [2.8822599972039504, 0.6139678425323548, 2.0631999755859374], "center": [2.6123090000000007, 0.42101083, 1.3316]}}
{"scene_id": "0355_840777", "object_label": "cabinet", "preset": "occupancy_20", "distance": 1.3820959909411539, "init_camera": {"intrinsics": [[320.0, 0.0, 320.0], [0.0, 320.0, 240.0], [0.0, 0.0, 1.0]], "extrinsics": [[1.0, 0.0, 0.0, 2.6264393473522505], [-0.0, -0.3038270835061045, 0.9527271924996026, 1.0675142002544291], [0.0, -0.9527271924996026, -0.3038270835061045, 0.837807], [0.0, 0.0, 0.0, 1.0]]}, "target_region": {"type": "circle", "params": {"center": [2.6264393473522505, 2.0675142002544287], "radius": 1.3820959909411539, "object_center": [2.6264393473522505, 2.0675142002544287, 0.5189045], "object_height": 0.43780500000000006, "occupancy_ratio": 0.2, "fov_vertical": 90.0, "sample_distance": 1.3820959909411539, "min_distance": 0.999998488005035}, "sample_point": [1.4683339968653235, 2.8218227083260015, 1.5], "sample_forward": [0.68328215806578, -0.4450420205949485, -0.5788463460830826], "height": 1.5}, "sample_target": [1.4683339968653235, 2.8218227083260015, 1.5], "camera_params": {"forward": [0.68328215806578, -0.4450420205949485, -0.5788463460830826]}, "task_type": "screen_occupancy", "task_description": "Position where cabinet occupies 20% of vertical FOV", "target_object": {"label": "cabinet", "id": "132", "bbox_min": [2.3822599798093402, 1.5675149562519113, 0.30000199999999994], "bbox_max": [2.8706187148951603, 2.5675134442569463, 0.737807], "center": [2.6264393473522505, 2.0675142002544287, 0.5189045]}}
{"scene_id": "0355_840777", "object_label": "cabinet", "preset": "left", "distance": 1.5, "init_camera": {"intrinsics": [[320.0, 0.0, 320.0], [0.0, 320.0, 240.0], [0.0, 0.0, 1.0]], "extrinsics": [[0.9396926207859082, -0.1266472660334093, 0.31770780356606626, 2.352823232691715], [-0.3420201433256692, -0.3479605036624539, 0.8728950162822904, 1.3157601036257025], [0.0, -0.9289154740326131, -0.37029183369710666, 0.837807], [0.0, 0.0, 0.0, 1.0]]}, "target_region": {"type": "circle", "params": {"center": [2.6264393473522505, 2.0675142002544287], "radius": 1.5, "object_center": [2.6264393473522505, 2.0675142002544287, 0.5189045], "sample_distance": 1.5, "min_distance": 0.999998488005035, "requested_distance": 1.5}, "sample_point": [2.9679872097016333, 0.6069167000085303, 1.5], "sample_forward": [-0.1905578013012975, 0.8149026210221652, -0.5473768743876752], "height": 1.5}, "sample_target": [2.9679872097016333, 0.6069167000085303, 1.5], "camera_params": {"forward": [-0.1905578013012975, 0.8149026210221652, -0.5473768743876752]}, "task_type": "absolute_positioning", "task_description": "Move to any position 1.5m from cabinet", "target_object": {"label": "cabinet", "id": "132", "bbox_min": [2.3822599798093402, 1.5675149562519113, 0.30000199999999994], "bbox_max": [2.8706187148951603, 2.5675134442569463, 0.737807], "center": [2.6264393473522505, 2.0675142002544287, 0.5189045]}}
{"scene_id": "0355_840777", "object_label": "cabinet", "preset": "occupancy_20", "distance": 1.3820959909411539, "init_camera": {"intrinsics": [[320.0, 0.0, 320.0], [0.0, 320.0, 240.0], [0.0, 0.0, 1.0]], "extrinsics": [[0.9396926207859082, -0.1266472660334093, 0.31770780356606626, 2.352823232691715], [-0.3420201433256692, -0.3479605036624539, 0.8728950162822904, 1.3157601036257025], [0.0, -0.9289154740326131, -0.37029183369710666, 0.837807], [0.0, 0.0, 0.0, 1.0]]}, "target_region": {"type": "circle", "params": {"center": [2.6264393473522505, 2.0675142002544287], "radius": 1.3820959909411539, "object_center": [2.6264393473522505, 2.0675142002544287, 0.5189045], "object_height": 0.43780500000000006, "occupancy_ratio": 0.2, "fov_vertical": 90.0, "sample_distance": 1.3820959909411539, "min_distance": 0.999998488005035}, "sample_point": [3.637684897851631, 3.0096244723408843, 1.5], "sample_forward": [-0.5966348759110013, -0.5558450615710535, -0.5788463460830826], "height": 1.5}, "sample_target": [3.637684897851631, 3.0096244723408843, 1.5], "camera_params": {"forward": [-0.5966348759110013, -0.5558450615710535, -0.5788463460830826]}, "task_type": "screen_occupancy", "task_description": "Position where cabinet occupies 20% of vertical FOV", "target_object": {"label": "cabinet", "id": "132", "bbox_min": [2.3822599798093402, 1.5675149562519113, 0.30000199999999994], "bbox_max": [2.8706187148951603, 2.5675134442569463, 0.737807], "center": [2.6264393473522505, 2.0675142002544287, 0.5189045]}}
{"scene_id": "0355_840777", "object_label": "cabinet", "preset": "occupancy_30", "distance": 0.999998488005035, "init_camera": {"intrinsics": [[320.0, 0.0, 320.0], [0.0, 320.0, 240.0], [0.0, 0.0, 1.0]], "extrinsics": [[0.9396926207859082, -0.1266472660334093, 0.31770780356606626, 2.352823232691715], [-0.3420201433256692, -0.3479605036624539, 0.8728950162822904, 1.3157601036257025], [0.0, -0.9289154740326131, -0.37029183369710666, 0.837807], [0.0, 0.0, 0.0, 1.0]]}, "target_region": {"type": "circle", "params": {"center": [2.6264393473522505, 2.0675142002544287], "radius": 0.999998488005035, "object_center": [2.6264393473522505, 2.0675142002544287, 0.5189045], "object_height": 0.43780500000000006, "occupancy_ratio": 0.3, "fov_vertical": 90.0, "sample_distance": 0.999998488005035, "min_distance": 0.999998488005035}, "sample_point": [3.6083660301973914, 2.2567679070321134, 1.5], "sample_forward": [-0.7009212236439957, -0.1350935279092494, -0.7003279067425748], "height": 1.5}, "sample_target": [3.6083660301973914, 2.2567679070321134, 1.5], "camera_params": {"forward": [-0.7009212236439957, -0.1350935279092494, -0.7003279067425748]}, "task_type": "screen_occupancy", "task_description": "Position where cabinet occupies 30% of vertical FOV", "target_object": {"label": "cabinet", "id": "132", "bbox_min": [2.3822599798093402, 1.5675149562519113, 0.30000199999999994], "bbox_max": [2.8706187148951603, 2.5675134442569463, 0.737807], "center": [2.6264393473522505, 2.0675142002544287, 0.5189045]}}
