{"scene_id": "0019_840447", "object_label": "wardrobe", "preset": "occupancy_20", "distance": 8.523564547295157, "init_camera": {"intrinsics": [[320.0, 0.0, 320.0], [0.0, 320.0, 240.0], [0.0, 0.0, 1.0]], "extrinsics": [[-0.49999999999999983, -0.0836924306116118, 0.8619719119892021, -3.487630280027557], [-0.8660254037844387, 0.048319847342748135, -0.497659715420862, -2.803006298010944], [0.0, -0.9953194308417244, -0.0966396946854963, 1.6], [0.0, 0.0, 0.0, 1.0]]}, "target_region": {"type": "circle", "params": {"center": [-1.2577704, -4.090416500000001], "radius": 8.523564547295157, "object_center": [-1.2577704, -4.090416500000001, 1.35], "object_height": 2.7000000007868055, "occupancy_ratio": 0.2, "fov_vertical": 90.0, "sample_distance": 8.523564547295157, "min_distance": 2.7000000007868055}, "sample_point": [2.2809723899094623, 3.6638373041239447, 1.5], "sample_forward": [-0.4151074265598634, -0.909602232380465, -0.01759554669006405], "height": 1.5}, "sample_target": [2.2809723899094623, 3.6638373041239447, 1.5], "camera_params": {"forward": [-0.4151074265598634, -0.909602232380465, -0.01759554669006405]}, "task_type": "screen_occupancy", "task_description": "Position where wardrobe occupies 20% of vertical FOV", "target_object": {"label": "wardrobe", "id": "72", "bbox_min": [-1.5577704516668633, -5.290416572123794, -3.9340284274658187e-10], "bbox_max": [-0.957770348333137, -2.8904164278762066, 2.700000000393403], "center": [-1.2577704, -4.0904165, 1.35]}}
{"scene_id": "0019_840447", "object_label": "wardrobe", "preset": "occupancy_20", "distance": 8.523564547295157, "init_camera": {"intrinsics": [[320.0, 0.0, 320.0], [0.0, 320.0, 240.0], [0.0, 0.0, 1.0]], "extrinsics": [[-0.17364817766693075, -0.09517152057500941, 0.9801982922166282, -3.7934734964516714], [-0.984807753012208, 0.016781306872425003, -0.1728354053621521, -3.64330362902957], [0.0, -0.9953194308417244, -0.09663969468549628, 1.6], [0.0, 0.0, 0.0, 1.0]]}, "target_region": {"type": "circle", "params": {"center": [-1.2577704, -4.090416500000001], "radius": 8.523564547295157, "object_center": [-1.2577704, -4.090416500000001, 1.35], "object_height": 2.7000000007868055, "occupancy_ratio": 0.2, "fov_vertical": 90.0, "sample_distance": 8.523564547295157, "min_distance": 2.7000000007868055}, "sample_point": [6.979703020851595, -1.9006255892803465, 1.5], "sample_forward": [-0.9662856545650398, -0.25687045474030384, -0.01759554669006405], "height": 1.5}, "sample_target": [6.979703020851595, -1.9006255892803465, 1.5], "camera_params": {"forward": [-0.9662856545650398, -0.25687045474030384, -0.01759554669006405]}, "task_type": "screen_occupancy", "task_description": "Position where wardrobe occupies 20% of vertical FOV", "target_object": {"label": "wardrobe", "id": "72", "bbox_min": [-1.5577704516668633, -5.290416572123794, -3.9340284274658187e-10], "bbox_max": [-0.957770348333137, -2.8904164278762066, 2.700000000393403], "center": [-1.2577704, -4.0904165, 1.35]}}
{"scene_id": "0019_840447", "object_label": "wardrobe", "preset": "occupancy_30", "distance": 5.623154691260704, "init_camera": {"intrinsics": [[320.0, 0.0, 320.0], [0.0, 320.0, 240.0], [0.0, 0.0, 1.0]], "extrinsics": [[-0.17364817766693075, -0.09517152057500941, 0.9801982922166282, -3.7934734964516714], [-0.984807753012208, 0.016781306872425003, -0.1728354053621521, -3.64330362902957], [0.0, -0.9953194308417244, -0.09663969468549628, 1.6], [0.0, 0.0, 0.0, 1.0]]}, "target_region": {"type": "circle", "params": {"center": [-1.2577704, -4.090416500000001], "radius": 5.623154691260704, "object_center": [-1.2577704, -4.090416500000001, 1.35], "object_height": 2.7000000007868055, "occupancy_ratio": 0.3, "fov_vertical": 90.0, "sample_distance": 5.623154691260704, "min_distance": 2.7000000007868055}, "sample_point": [-6.7723096466270825, -5.190291756225393, 1.5], "sample_forward": [0.9803355204717585, 0.19552799128689277, -0.026665931910939918], "height": 1.5}, "sample_target": [-6.7723096466270825, -5.190291756225393, 1.5], "camera_params": {"forward": [0.9803355204717585, 0.19552799128689277, -0.026665931910939918]}, "task_type": "screen_occupancy", "task_description": "Position where wardrobe occupies 30% of vertical FOV", "target_object": {"label": "wardrobe", "id": "72", "bbox_min": [-1.5577704516668633, -5.290416572123794, -3.9340284274658187e-10], "bbox_max": [-0.957770348333137, -2.8904164278762066, 2.700000000393403], "center": [-1.2577704, -4.0904165, 1.35]}}
{"scene_id": "0019_840447", "object_label": "wardrobe", "preset": "occupancy_20", "distance": 8.523564547295157, "init_camera": {"intrinsics": [[320.0, 0.0, 320.0], [0.0, 320.0, 240.0], [0.0, 0.0, 1.0]], "extrinsics": [[-0.7660444431189779, -0.062118798347727135, 0.6397789978253189, -2.912833052845221], [-0.6427876096865395, 0.07403030109853906, -0.7624589191246468, -2.1179896375032046], [0.0, -0.9953194308417244, -0.0966396946854963, 1.6], [0.0, 0.0, 0.0, 1.0]]}, "target_region": {"type": "circle", "params": {"center": [-1.2577704, -4.090416500000001], "radius": 8.523564547295157, "object_center": [-1.2577704, -4.090416500000001, 1.35], "object_height": 2.7000000007868055, "occupancy_ratio": 0.2, "fov_vertical": 90.0, "sample_distance": 8.523564547295157, "min_distance": 2.7000000007868055}, "sample_point": [7.080954726092978, -5.855867111989062, 1.5], "sample_forward": [-0.978162848611862, 0.20709379114837131, -0.017595546690064048], "height": 1.5}, "sample_target": [7.080954726092978, -5.855867111989062, 1.5], "camera_params": {"forward": [-0.978162848611862, 0.20709379114837131, -0.017595546690064048]}, "task_type": "screen_occupancy", "task_description": "Position where wardrobe occupies 20% of vertical FOV", "target_object": {"label": "wardrobe", "id": "72", "bbox_min": [-1.5577704516668633, -5.290416572123794, -3.9340284274658187e-10], "bbox_max": [-0.957770348333137, -2.8904164278762066, 2.700000000393403], "center": [-1.2577704, -4.0904165, 1.35]}}
{"scene_id": "0019_840447", "object_label": "wardrobe", "preset": "occupancy_30", "distance": 5.623154691260704, "init_camera": {"intrinsics": [[320.0, 0.0, 320.0], [0.0, 320.0, 240.0], [0.0, 0.0, 1.0]], "extrinsics": [[-0.7660444431189779, -0.062118798347727135, 0.6397789978253189, -2.912833052845221], [-0.6427876096865395, 0.07403030109853906, -0.7624589191246468, -2.1179896375032046], [0.0, -0.9953194308417244, -0.0966396946854963, 1.6], [0.0, 0.0, 0.0, 1.0]]}, "target_region": {"type": "circle", "params": {"center": [-1.2577704, -4.090416500000001], "radius": 5.623154691260704, "object_center": [-1.2577704, -4.090416500000001, 1.35], "object_height": 2.7000000007868055, "occupancy_ratio": 0.3, "fov_vertical": 90.0, "sample_distance": 5.623154691260704, "min_distance": 2.7000000007868055}, "sample_point": [-1.029330872962541, -9.70892912028788, 1.5], "sample_forward": [-0.0406103524916547, 0.9988191664890219, -0.026665931910939914], "height": 1.5}, "sample_target": [-1.029330872962541, -9.70892912028788, 1.5], "camera_params": {"forward": [-0.0406103524916547, 0.9988191664890219, -0.026665931910939914]}, "task_type": "screen_occupancy", "task_description": "Position where wardrobe occupies 30% of vertical FOV", "target_object": {"label": "wardrobe", "id": "72", "bbox_min": [-1.5577704516668633, -5.290416572123794, -3.9340284274658187e-10], "bbox_max": [-0.957770348333137, -2.8904164278762066, 2.700000000393403], "center": [-1.2577704, -4.0904165, 1.35]}}
{"scene_id": "0019_840447", "object_label": "wardrobe", "preset": "occupancy_50", "distance": 3.2591883101534367, "init_camera": {"intrinsics": [[320.0, 0.0, 320.0], [0.0, 320.0, 240.0], [0.0, 0.0, 1.0]], "extrinsics": [[-0.7660444431189779, -0.062118798347727135, 0.6397789978253189, -2.912833052845221], [-0.6427876096865395, 0.07403030109853906, -0.7624589191246468, -2.1179896375032046], [0.0, -0.9953194308417244, -0.0966396946854963, 1.6], [0.0, 0.0, 0.0, 1.0]]}, "target_region": {"type": "circle", "params": {"center": [-1.2577704, -4.090416500000001], "radius": 3.2591883101534367, "object_center": [-1.2577704, -4.090416500000001, 1.35], "object_height": 2.7000000007868055, "occupancy_ratio": 0.5, "fov_vertical": 90.0, "sample_distance": 3.2591883101534367, "min_distance": 2.7000000007868055}, "sample_point": [-3.9726815598007126, -5.893626370045737, 1.5], "sample_forward": [0.8321214122458209, 0.5526845835162446, -0.04597506308310852], "height": 1.5}, "sample_target": [-3.9726815598007126, -5.893626370045737, 1.5], "camera_params": {"forward": [0.8321214122458209, 0.5526845835162446, -0.04597506308310852]}, "task_type": "screen_occupancy", "task_description": "Position where wardrobe occupies 50% of vertical FOV", "target_object": {"label": "wardrobe", "id": "72", "bbox_min": [-1.5577704516668633, -5.290416572123794, -3.9340284274658187e-10], "bbox_max": [-0.957770348333137, -2.8904164278762066, 2.700000000393403], "center": [-1.2577704, -4.0904165, 1.35]}}
{"scene_id": "0019_840447", "object_label": "wardrobe", "preset": "occupancy_20", "distance": 8.523564547295157, "init_camera": {"intrinsics": [[320.0, 0.0, 320.0], [0.0, 320.0, 240.0], [0.0, 0.0, 1.0]], "extrinsics": [[-0.3420201433256689, -0.1132175157422446, 0.9328472627867028, -3.1934021867737794], [-0.9396926207859083, 0.04120780572774224, -0.339528636771062, -3.3859041451148393], [0.0, -0.9927153221726053, -0.12048356370783839, 1.6], [0.0, 0.0, 0.0, 1.0]]}, "target_region": {"type": "circle", "params": {"center": [-1.2577704, -4.090416500000001], "radius": 8.523564547295157, "object_center": [-1.2577704, -4.090416500000001, 1.35], "object_height": 2.7000000007868055, "occupancy_ratio": 0.2, "fov_vertical": 90.0, "sample_distance": 8.523564547295157, "min_distance": 2.7000000007868055}, "sample_point": [-6.55184482678645, -10.77053091186097, 1.5], "sample_forward": [0.6210142250479674, 0.7836017668591301, -0.01759554669006405], "height": 1.5}, "sample_target": [-6.55184482678645, -10.77053091186097, 1.5], "camera_params": {"forward": [0.6210142250479674, 0.7836017668591301, -0.01759554669006405]}, "task_type": "screen_occupancy", "task_description": "Position where wardrobe occupies 20% of vertical FOV", "target_object": {"label": "wardrobe", "id": "72", "bbox_min": [-1.5577704516668633, -5.290416572123794, -3.9340284274658187e-10], "bbox_max": [-0.957770348333137, -2.8904164278762066, 2.700000000393403], "center": [-1.2577704, -4.0904165, 1.35]}}
{"scene_id": "0019_840447", "object_label": "wardrobe", "preset": "occupancy_30", "distance": 5.623154691260704, "init_camera": {"intrinsics": [[320.0, 0.0, 320.0], [0.0, 320.0, 240.0], [0.0, 0.0, 1.0]], "extrinsics": [[-0.3420201433256689, -0.1132175157422446, 0.9328472627867028, -3.1934021867737794], [-0.9396926207859083, 0.04120780572774224, -0.339528636771062, -3.3859041451148393], [0.0, -0.9927153221726053, -0.12048356370783839, 1.6], [0.0, 0.0, 0.0, 1.0]]}, "target_region": {"type": "circle", "params": {"center": [-1.2577704, -4.090416500000001], "radius": 5.623154691260704, "object_center": [-1.2577704, -4.090416500000001, 1.35], "object_height": 2.7000000007868055, "occupancy_ratio": 0.3, "fov_vertical": 90.0, "sample_distance": 5.623154691260704, "min_distance": 2.7000000007868055}, "sample_point": [2.179162604296177, 0.36012955703917093, 1.5], "sample_forward": [-0.6109934765001606, -0.7911863874900583, -0.026665931910939918], "height": 1.5}, "sample_target": [2.179162604296177, 0.36012955703917093, 1.5], "camera_params": {"forward": [-0.6109934765001606, -0.7911863874900583, -0.026665931910939918]}, "task_type": "screen_occupancy", "task_description": "Position where wardrobe occupies 30% of vertical FOV", "target_object": {"label": "wardrobe", "id": "72", "bbox_min": [-1.5577704516668633, -5.290416572123794, -3.9340284274658187e-10], "bbox_max": [-0.957770348333137, -2.8904164278762066, 2.700000000393403], "center": [-1.2577704, -4.0904165, 1.35]}}
{"scene_id": "0019_840447", "object_label": "wardrobe", "preset": "occupancy_20", "distance": 8.523564547295157, "init_camera": {"intrinsics": [[320.0, 0.0, 320.0], [0.0, 320.0, 240.0], [0.0, 0.0, 1.0]], "extrinsics": [[-0.17364817766693072, -0.11865314765001951, 0.9776337458095935, -3.286332877161337], [-0.984807753012208, 0.020921751276683682, -0.1723832066373129, -3.732726203223656], [0.0, -0.9927153221726053, -0.12048356370783836, 1.6], [0.0, 0.0, 0.0, 1.0]]}, "target_region": {"type": "circle", "params": {"center": [-1.2577704, -4.090416500000001], "radius": 8.523564547295157, "object_center": [-1.2577704, -4.090416500000001, 1.35], "object_height": 2.7000000007868055, "occupancy_ratio": 0.2, "fov_vertical": 90.0, "sample_distance": 8.523564547295157, "min_distance": 2.7000000007868055}, "sample_point": [7.06399755348273, -2.246689101414527, 1.5], "sample_forward": [-0.9761737104625614, -0.21627594350374035, -0.017595546690064048], "height": 1.5}, "sample_target": [7.06399755348273, -2.246689101414527, 1.5], "camera_params": {"forward": [-0.9761737104625614, -0.21627594350374035, -0.017595546690064048]}, "task_type": "screen_occupancy", "task_description": "Position where wardrobe occupies 20% of vertical FOV", "target_object": {"label": "wardrobe", "id": "72", "bbox_min": [-1.5577704516668633, -5.290416572123794, -3.9340284274658187e-10], "bbox_max": [-0.957770348333137, -2.8904164278762066, 2.700000000393403], "center": [-1.2577704, -4.0904165, 1.35]}}
{"scene_id": "0019_840447", "object_label": "wardrobe", "preset": "occupancy_30", "distance": 5.623154691260704, "init_camera": {"intrinsics": [[320.0, 0.0, 320.0], [0.0, 320.0, 240.0], [0.0, 0.0, 1.0]], "extrinsics": [[-0.17364817766693072, -0.11865314765001951, 0.9776337458095935, -3.286332877161337], [-0.984807753012208, 0.020921751276683682, -0.1723832066373129, -3.732726203223656], [0.0, -0.9927153221726053, -0.12048356370783836, 1.6], [0.0, 0.0, 0.0, 1.0]]}, "target_region": {"type": "circle", "params": {"center": [-1.2577704, -4.090416500000001], "radius": 5.623154691260704, "object_center": [-1.2577704, -4.090416500000001, 1.35], "object_height": 2.7000000007868055, "occupancy_ratio": 0.3, "fov_vertical": 90.0, "sample_distance": 5.623154691260704, "min_distance": 2.7000000007868055}, "sample_point": [-1.6699933183632316, 1.5176081921196198, 1.5], "sample_forward": [0.07328205515468589, -0.9969546972995447, -0.026665931910939918], "height": 1.5}, "sample_target": [-1.6699933183632316, 1.5176081921196198, 1.5], "camera_params": {"forward": [0.07328205515468589, -0.9969546972995447, -0.026665931910939918]}, "task_type": "screen_occupancy", "task_description": "Position where wardrobe occupies 30% of vertical FOV", "target_object": {"label": "wardrobe", "id": "72", "bbox_min": [-1.5577704516668633, -5.290416572123794, -3.9340284274658187e-10], "bbox_max": [-0.957770348333137, -2.8904164278762066, 2.700000000393403], "center": [-1.2577704, -4.0904165, 1.35]}}
{"scene_id": "0019_840447", "object_label": "wardrobe", "preset": "occupancy_50", "distance": 3.2591883101534367, "init_camera": {"intrinsics": [[320.0, 0.0, 320.0], [0.0, 320.0, 240.0], [0.0, 0.0, 1.0]], "extrinsics": [[-0.17364817766693072, -0.11865314765001951, 0.9776337458095935, -3.286332877161337], [-0.984807753012208, 0.020921751276683682, -0.1723832066373129, -3.732726203223656], [0.0, -0.9927153221726053, -0.12048356370783836, 1.6], [0.0, 0.0, 0.0, 1.0]]}, "target_region": {"type": "circle", "params": {"center": [-1.2577704, -4.090416500000001], "radius": 3.2591883101534367, "object_center": [-1.2577704, -4.090416500000001, 1.35], "object_height": 2.7000000007868055, "occupancy_ratio": 0.5, "fov_vertical": 90.0, "sample_distance": 3.2591883101534367, "min_distance": 2.7000000007868055}, "sample_point": [0.4901068404943991, -6.841277018674566, 1.5], "sample_forward": [-0.5357251092883979, 0.8431399058593054, -0.04597506308310852], "height": 1.5}, "sample_target": [0.4901068404943991, -6.841277018674566, 1.5], "camera_params": {"forward": [-0.5357251092883979, 0.8431399058593054, -0.04597506308310852]}, "task_type": "screen_occupancy", "task_description": "Position where wardrobe occupies 50% of vertical FOV", "target_object": {"label": "wardrobe", "id": "72", "bbox_min": [-1.5577704516668633, -5.290416572123794, -3.9340284274658187e-10], "bbox_max": [-0.957770348333137, -2.8904164278762066, 2.700000000393403], "center": [-1.2577704, -4.0904165, 1.35]}}
{"scene_id": "0019_840447", "object_label": "wardrobe", "preset": "front", "distance": 1.800000087030838, "init_camera": {"intrinsics": [[320.0, 0.0, 320.0], [0.0, 320.0, 240.0], [0.0, 0.0, 1.0]], "extrinsics": [[-0.9396926207859085, 0.11454827127568648, 0.3222677023660028, 4.270015782906637], [-0.3420201433256685, -0.3147187887675114, -0.8854232352701163, -3.087156268646593], [0.0, -0.9422477262081679, 0.33491673958692736, 1.6], [0.0, 0.0, 0.0, 1.0]]}, "target_region": {"type": "circle", "params": {"center": [4.6549087, -4.1446408672686275], "radius": 1.800000087030838, "object_center": [4.6549087, -4.1446408672686275, 1.999999999803299], "sample_distance": 1.800000087030838, "min_distance": 1.800000087030838, "requested_distance": 0.8}, "sample_point": [6.274121211586571, -4.930866760783038, 1.5], "sample_forward": [-0.8667445469025258, 0.42085705301860704, 0.26764385167462496], "height": 1.5}, "sample_target": [6.274121211586571, -4.930866760783038, 1.5], "camera_params": {"forward": [-0.8667445469025258, 0.42085705301860704, 0.26764385167462496]}, "task_type": "absolute_positioning", "task_description": "Move to any position 1.8m from wardrobe", "target_object": {"label": "wardrobe", "id": "77", "bbox_min": [3.7549086564845813, -4.3196411358962195, 1.5999999996065977], "bbox_max": [5.554908743515419, -3.969640598641037, 2.4], "center": [4.6549087, -4.144640867268628, 1.9999999998032987]}}
{"scene_id": "0019_840447", "object_label": "wardrobe", "preset": "back", "distance": 1.800000087030838, "init_camera": {"intrinsics": [[320.0, 0.0, 320.0], [0.0, 320.0, 240.0], [0.0, 0.0, 1.0]], "extrinsics": [[-0.9396926207859085, 0.11454827127568648, 0.3222677023660028, 4.270015782906637], [-0.3420201433256685, -0.3147187887675114, -0.8854232352701163, -3.087156268646593], [0.0, -0.9422477262081679, 0.33491673958692736, 1.6], [0.0, 0.0, 0.0, 1.0]]}, "target_region": {"type": "circle", "params": {"center": [4.6549087, -4.1446408672686275], "radius": 1.800000087030838, "object_center": [4.6549087, -4.1446408672686275, 1.999999999803299], "sample_distance": 1.800000087030838, "min_distance": 1.800000087030838, "requested_distance": 1.0}, "sample_point": [3.097869185097607, -3.2415194677084442, 1.5], "sample_forward": [0.8334641062840192, -0.4834297800063133, 0.26764385167462507], "height": 1.5}, "sample_target": [3.097869185097607, -3.2415194677084442, 1.5], "camera_params": {"forward": [0.8334641062840192, -0.4834297800063133, 0.26764385167462507]}, "task_type": "absolute_positioning", "task_description": "Move to any position 1.8m from wardrobe", "target_object": {"label": "wardrobe", "id": "77", "bbox_min": [3.7549086564845813, -4.3196411358962195, 1.5999999996065977], "bbox_max": [5.554908743515419, -3.969640598641037, 2.4], "center": [4.6549087, -4.144640867268628, 1.9999999998032987]}}
{"scene_id": "0019_840447", "object_label": "wardrobe", "preset": "back", "distance": 1.800000087030838, "init_camera": {"intrinsics": [[320.0, 0.0, 320.0], [0.0, 320.0, 240.0], [0.0, 0.0, 1.0]], "extrinsics": [[-0.9396926207859085, 0.11454827127568648, 0.3222677023660028, 4.270015782906637], [-0.3420201433256685, -0.3147187887675114, -0.8854232352701163, -3.087156268646593], [0.0, -0.9422477262081679, 0.33491673958692736, 1.6], [0.0, 0.0, 0.0, 1.0]]}, "target_region": {"type": "circle", "params": {"center": [4.6549087, -4.1446408672686275], "radius": 1.800000087030838, "object_center": [4.6549087, -4.1446408672686275, 1.999999999803299], "sample_distance": 1.800000087030838, "min_distance": 1.800000087030838, "requested_distance": 1.2}, "sample_point": [3.131797690213049, -3.185405147970811, 1.5], "sample_forward": [0.815302594695556, -0.5134670853554932, 0.26764385167462507], "height": 1.5}, "sample_target": [3.131797690213049, -3.185405147970811, 1.5], "camera_params": {"forward": [0.815302594695556, -0.5134670853554932, 0.26764385167462507]}, "task_type": "absolute_positioning", "task_description": "Move to any position 1.8m from wardrobe", "target_object": {"label": "wardrobe", "id": "77", "bbox_min": [3.7549086564845813, -4.3196411358962195, 1.5999999996065977], "bbox_max": [5.554908743515419, -3.969640598641037, 2.4], "center": [4.6549087, -4.144640867268628, 1.9999999998032987]}}
{"scene_id": "0019_840447", "object_label": "wardrobe", "preset": "back", "distance": 1.800000087030838, "init_camera": {"intrinsics": [[320.0, 0.0, 320.0], [0.0, 320.0, 240.0], [0.0, 0.0, 1.0]], "extrinsics": [[-0.9396926207859085, 0.11454827127568648, 0.3222677023660028, 4.270015782906637], [-0.3420201433256685, -0.3147187887675114, -0.8854232352701163, -3.087156268646593], [0.0, -0.9422477262081679, 0.33491673958692736, 1.6], [0.0, 0.0, 0.0, 1.0]]}, "target_region": {"type": "circle", "params": {"center": [4.6549087, -4.1446408672686275], "radius": 1.800000087030838, "object_center": [4.6549087, -4.1446408672686275, 1.999999999803299], "sample_distance": 1.800000087030838, "min_distance": 1.800000087030838, "requested_distance": 1.5}, "sample_point": [3.077567752740193, -5.011817809656142, 1.5], "sample_forward": [0.8443312133895945, 0.4641891540706506, 0.26764385167462507], "height": 1.5}, "sample_target": [3.077567752740193, -5.011817809656142, 1.5], "camera_params": {"forward": [0.8443312133895945, 0.4641891540706506, 0.26764385167462507]}, "task_type": "absolute_positioning", "task_description": "Move to any position 1.8m from wardrobe", "target_object": {"label": "wardrobe", "id": "77", "bbox_min": [3.7549086564845813, -4.3196411358962195, 1.5999999996065977], "bbox_max": [5.554908743515419, -3.969640598641037, 2.4], "center": [4.6549087, -4.144640867268628, 1.9999999998032987]}}
{"scene_id": "0019_840447", "object_label": "wardrobe", "preset": "occupancy_30", "distance": 1.800000087030838, "init_camera": {"intrinsics": [[320.0, 0.0, 320.0], [0.0, 320.0, 240.0], [0.0, 0.0, 1.0]], "extrinsics": [[-0.9396926207859085, 0.11454827127568648, 0.3222677023660028, 4.270015782906637], [-0.3420201433256685, -0.3147187887675114, -0.8854232352701163, -3.087156268646593], [0.0, -0.9422477262081679, 0.33491673958692736, 1.6], [0.0, 0.0, 0.0, 1.0]]}, "target_region": {"type": "circle", "params": {"center": [4.6549087, -4.1446408672686275], "radius": 1.800000087030838, "object_center": [4.6549087, -4.1446408672686275, 1.999999999803299], "object_height": 0.8000000003934022, "occupancy_ratio": 0.3, "fov_vertical": 90.0, "sample_distance": 1.800000087030838, "min_distance": 1.800000087030838}, "sample_point": [2.876434422226362, -3.8670988765563026, 1.5], "sample_forward": [0.9519954119896842, -0.14856481484982503, 0.26764385167462507], "height": 1.5}, "sample_target": [2.876434422226362, -3.8670988765563026, 1.5], "camera_params": {"forward": [0.9519954119896842, -0.14856481484982503, 0.26764385167462507]}, "task_type": "screen_occupancy", "task_description": "Position where wardrobe occupies 30% of vertical FOV", "target_object": {"label": "wardrobe", "id": "77", "bbox_min": [3.7549086564845813, -4.3196411358962195, 1.5999999996065977], "bbox_max": [5.554908743515419, -3.969640598641037, 2.4], "center": [4.6549087, -4.144640867268628, 1.9999999998032987]}}
{"scene_id": "0019_840447", "object_label": "wardrobe", "preset": "back", "distance": 1.800000087030838, "init_camera": {"intrinsics": [[320.0, 0.0, 320.0], [0.0, 320.0, 240.0], [0.0, 0.0, 1.0]], "extrinsics": [[-0.8660254037844388, 0.16745836979346349, 0.47112386310408355, 4.09223289770541], [-0.4999999999999996, -0.2900464046349364, -0.816010467554398, -3.170057789504816], [0.0, -0.9422477262081679, 0.33491673958692725, 1.6], [0.0, 0.0, 0.0, 1.0]]}, "target_region": {"type": "circle", "params": {"center": [4.6549087, -4.1446408672686275], "radius": 1.800000087030838, "object_center": [4.6549087, -4.1446408672686275, 1.999999999803299], "sample_distance": 1.800000087030838, "min_distance": 1.800000087030838, "requested_distance": 0.8}, "sample_point": [3.0630760152941043, -4.984919997803859, 1.5], "sample_forward": [0.8520884622477034, 0.44979108613345753, 0.26764385167462507], "height": 1.5}, "sample_target": [3.0630760152941043, -4.984919997803859, 1.5], "camera_params": {"forward": [0.8520884622477034, 0.44979108613345753, 0.26764385167462507]}, "task_type": "absolute_positioning", "task_description": "Move to any position 1.8m from wardrobe", "target_object": {"label": "wardrobe", "id": "77", "bbox_min": [3.7549086564845813, -4.3196411358962195, 1.5999999996065977], "bbox_max": [5.554908743515419, -3.969640598641037, 2.4], "center": [4.6549087, -4.144640867268628, 1.9999999998032987]}}
{"scene_id": "0019_840447", "object_label": "wardrobe", "preset": "back", "distance": 1.800000087030838, "init_camera": {"intrinsics": [[320.0, 0.0, 320.0], [0.0, 320.0, 240.0], [0.0, 0.0, 1.0]], "extrinsics": [[-0.8660254037844388, 0.16745836979346349, 0.47112386310408355, 4.09223289770541], [-0.4999999999999996, -0.2900464046349364, -0.816010467554398, -3.170057789504816], [0.0, -0.9422477262081679, 0.33491673958692725, 1.6], [0.0, 0.0, 0.0, 1.0]]}, "target_region": {"type": "circle", "params": {"center": [4.6549087, -4.1446408672686275], "radius": 1.800000087030838, "object_center": [4.6549087, -4.1446408672686275, 1.999999999803299], "sample_distance": 1.800000087030838, "min_distance": 1.800000087030838, "requested_distance": 1.2}, "sample_point": [3.104807105778375, -5.0596192063032746, 1.5], "sample_forward": [0.8297503226553303, 0.4897766539088469, 0.267643851674625], "height": 1.5}, "sample_target": [3.104807105778375, -5.0596192063032746, 1.5], "camera_params": {"forward": [0.8297503226553303, 0.4897766539088469, 0.267643851674625]}, "task_type": "absolute_positioning", "task_description": "Move to any position 1.8m from wardrobe", "target_object": {"label": "wardrobe", "id": "77", "bbox_min": [3.7549086564845813, -4.3196411358962195, 1.5999999996065977], "bbox_max": [5.554908743515419, -3.969640598641037, 2.4], "center": [4.6549087, -4.144640867268628, 1.9999999998032987]}}
{"scene_id": "0019_840447", "object_label": "wardrobe", "preset": "occupancy_20", "distance": 2.5255006071119395, "init_camera": {"intrinsics": [[320.0, 0.0, 320.0], [0.0, 320.0, 240.0], [0.0, 0.0, 1.0]], "extrinsics": [[-0.8660254037844387, 0.13675632096629986, 0.48093420410255944, 3.9515639471317616], [-0.49999999999999994, -0.2368688961698283, -0.8330024766033335, -2.9264120200638635], [0.0, -0.9618684082051191, 0.2735126419325997, 1.6], [0.0, 0.0, 0.0, 1.0]]}, "target_region": {"type": "circle", "params": {"center": [4.6549087, -4.1446408672686275], "radius": 2.5255006071119395, "object_center": [4.6549087, -4.1446408672686275, 1.999999999803299], "object_height": 0.8000000003934022, "occupancy_ratio": 0.2, "fov_vertical": 90.0, "sample_distance": 2.5255006071119395, "min_distance": 1.800000087030838}, "sample_point": [4.4149599823544134, -1.6305649079103959, 1.5], "sample_forward": [0.09320134086752584, -0.9765222033863551, 0.1942109583776192], "height": 1.5}, "sample_target": [4.4149599823544134, -1.6305649079103959, 1.5], "camera_params": {"forward": [0.09320134086752584, -0.9765222033863551, 0.1942109583776192]}, "task_type": "screen_occupancy", "task_description": "Position where wardrobe occupies 20% of vertical FOV", "target_object": {"label": "wardrobe", "id": "77", "bbox_min": [3.7549086564845813, -4.3196411358962195, 1.5999999996065977], "bbox_max": [5.554908743515419, -3.969640598641037, 2.4], "center": [4.6549087, -4.144640867268628, 1.9999999998032987]}}
{"scene_id": "0019_840447", "object_label": "wardrobe", "preset": "occupancy_20", "distance": 2.5255006071119395, "init_camera": {"intrinsics": [[320.0, 0.0, 320.0], [0.0, 320.0, 240.0], [0.0, 0.0, 1.0]], "extrinsics": [[-1.0, -0.0, 0.0, 4.6549087], [0.0, -0.2136829464405653, -0.9769030649969723, -2.3159445098112084], [0.0, -0.9769030649969723, 0.2136829464405653, 1.6], [0.0, 0.0, 0.0, 1.0]]}, "target_region": {"type": "circle", "params": {"center": [4.6549087, -4.1446408672686275], "radius": 2.5255006071119395, "object_center": [4.6549087, -4.1446408672686275, 1.999999999803299], "object_height": 0.8000000003934022, "occupancy_ratio": 0.2, "fov_vertical": 90.0, "sample_distance": 2.5255006071119395, "min_distance": 1.800000087030838}, "sample_point": [2.45708506396089, -5.388716661338507, 1.5], "sample_forward": [0.8536828697361192, 0.48322630471152017, 0.1942109583776192], "height": 1.5}, "sample_target": [2.45708506396089, -5.388716661338507, 1.5], "camera_params": {"forward": [0.8536828697361192, 0.48322630471152017, 0.1942109583776192]}, "task_type": "screen_occupancy", "task_description": "Position where wardrobe occupies 20% of vertical FOV", "target_object": {"label": "wardrobe", "id": "77", "bbox_min": [3.7549086564845813, -4.3196411358962195, 1.5999999996065977], "bbox_max": [5.554908743515419, -3.969640598641037, 2.4], "center": [4.6549087, -4.144640867268628, 1.9999999998032987]}}
{"scene_id": "0019_840447", "object_label": "wardrobe", "preset": "occupancy_30", "distance": 1.800000087030838, "init_camera": {"intrinsics": [[320.0, 0.0, 320.0], [0.0, 320.0, 240.0], [0.0, 0.0, 1.0]], "extrinsics": [[-1.0, -0.0, 0.0, 4.6549087], [0.0, -0.2136829464405653, -0.9769030649969723, -2.3159445098112084], [0.0, -0.9769030649969723, 0.2136829464405653, 1.6], [0.0, 0.0, 0.0, 1.0]]}, "target_region": {"type": "circle", "params": {"center": [4.6549087, -4.1446408672686275], "radius": 1.800000087030838, "object_center": [4.6549087, -4.1446408672686275, 1.999999999803299], "object_height": 0.8000000003934022, "occupancy_ratio": 0.3, "fov_vertical": 90.0, "sample_distance": 1.800000087030838, "min_distance": 1.800000087030838}, "sample_point": [6.08013343145927, -3.045216118525961, 1.5], "sample_forward": [-0.762905273559513, -0.5885085489913089, 0.26764385167462507], "height": 1.5}, "sample_target": [6.08013343145927, -3.045216118525961, 1.5], "camera_params": {"forward": [-0.762905273559513, -0.5885085489913089, 0.26764385167462507]}, "task_type": "screen_occupancy", "task_description": "Position where wardrobe occupies 30% of vertical FOV", "target_object": {"label": "wardrobe", "id": "77", "bbox_min": [3.7549086564845813, -4.3196411358962195, 1.5999999996065977], "bbox_max": [5.554908743515419, -3.969640598641037, 2.4], "center": [4.6549087, -4.144640867268628, 1.9999999998032987]}}
{"scene_id": "0019_840447", "object_label": "tv cabinet", "preset": "back", "distance": 2.1200986636844714, "init_camera": {"intrinsics": [[320.0, 0.0, 320.0], [0.0, 320.0, 240.0], [0.0, 0.0, 1.0]], "extrinsics": [[-0.7660444431189779, 0.1661169444826531, -0.6209517468550049, -1.9006985750513365], [0.6427876096865395, 0.19797046537797466, -0.7400214751421023, -0.5164352057751258], [0.0, -0.9660294279129261, -0.25843208857691163, 0.5654804], [0.0, 0.0, 0.0, 1.0]]}, "target_region": {"type": "circle", "params": {"center": [-2.7001952999999994, -1.4692383], "radius": 2.1200986636844714, "object_center": [-2.7001952999999994, -1.4692383, 0.23274019999999998], "sample_distance": 2.1200986636844714, "min_distance": 2.1200986636844714, "requested_distance": 0.8}, "sample_point": [-4.36282706707806, -0.15376349945855017, 1.5], "sample_forward": [0.6731376765993518, -0.5325867509542739, -0.5130662930366764], "height": 1.5}, "sample_target": [-4.36282706707806, -0.15376349945855017, 1.5], "camera_params": {"forward": [0.6731376765993518, -0.5325867509542739, -0.5130662930366764]}, "task_type": "absolute_positioning", "task_description": "Move to any position 2.1m from tv cabinet", "target_object": {"label": "tv cabinet", "id": "114", "bbox_min": [-3.7602446318422356, -1.680120060062992, 0.0], "bbox_max": [-1.6401459681577641, -1.258356539937008, 0.46548039999999996], "center": [-2.7001953, -1.4692383, 0.23274019999999998]}}
{"scene_id": "0019_840447", "object_label": "tv cabinet", "preset": "back", "distance": 2.1200986636844714, "init_camera": {"intrinsics": [[320.0, 0.0, 320.0], [0.0, 320.0, 240.0], [0.0, 0.0, 1.0]], "extrinsics": [[-0.7660444431189779, 0.1661169444826531, -0.6209517468550049, -1.9006985750513365], [0.6427876096865395, 0.19797046537797466, -0.7400214751421023, -0.5164352057751258], [0.0, -0.9660294279129261, -0.25843208857691163, 0.5654804], [0.0, 0.0, 0.0, 1.0]]}, "target_region": {"type": "circle", "params": {"center": [-2.7001952999999994, -1.4692383], "radius": 2.1200986636844714, "object_center": [-2.7001952999999994, -1.4692383, 0.23274019999999998], "sample_distance": 2.1200986636844714, "min_distance": 2.1200986636844714, "requested_distance": 1.0}, "sample_point": [-4.544511613117164, -0.42362093168279835, 1.5], "sample_forward": [0.7466949823217731, -0.4233315276767019, -0.5130662930366764], "height": 1.5}, "sample_target": [-4.544511613117164, -0.42362093168279835, 1.5], "camera_params": {"forward": [0.7466949823217731, -0.4233315276767019, -0.5130662930366764]}, "task_type": "absolute_positioning", "task_description": "Move to any position 2.1m from tv cabinet", "target_object": {"label": "tv cabinet", "id": "114", "bbox_min": [-3.7602446318422356, -1.680120060062992, 0.0], "bbox_max": [-1.6401459681577641, -1.258356539937008, 0.46548039999999996], "center": [-2.7001953, -1.4692383, 0.23274019999999998]}}
{"scene_id": "0019_840447", "object_label": "tv cabinet", "preset": "front", "distance": 2.1200986636844714, "init_camera": {"intrinsics": [[320.0, 0.0, 320.0], [0.0, 320.0, 240.0], [0.0, 0.0, 1.0]], "extrinsics": [[-0.7660444431189779, 0.1661169444826531, -0.6209517468550049, -1.9006985750513365], [0.6427876096865395, 0.19797046537797466, -0.7400214751421023, -0.5164352057751258], [0.0, -0.9660294279129261, -0.25843208857691163, 0.5654804], [0.0, 0.0, 0.0, 1.0]]}, "target_region": {"type": "circle", "params": {"center": [-2.7001952999999994, -1.4692383], "radius": 2.1200986636844714, "object_center": [-2.7001952999999994, -1.4692383, 0.23274019999999998], "sample_distance": 2.1200986636844714, "min_distance": 2.1200986636844714, "requested_distance": 1.2}, "sample_point": [-0.9860090501483181, -0.2216871609375124, 1.5], "sample_forward": [-0.6940101664913888, -0.5050869902860279, -0.5130662930366764], "height": 1.5}, "sample_target": [-0.9860090501483181, -0.2216871609375124, 1.5], "camera_params": {"forward": [-0.6940101664913888, -0.5050869902860279, -0.5130662930366764]}, "task_type": "absolute_positioning", "task_description": "Move to any position 2.1m from tv cabinet", "target_object": {"label": "tv cabinet", "id": "114", "bbox_min": [-3.7602446318422356, -1.680120060062992, 0.0], "bbox_max": [-1.6401459681577641, -1.258356539937008, 0.46548039999999996], "center": [-2.7001953, -1.4692383, 0.23274019999999998]}}
{"scene_id": "0019_840447", "object_label": "tv cabinet", "preset": "right", "distance": 2.1200986636844714, "init_camera": {"intrinsics": [[320.0, 0.0, 320.0], [0.0, 320.0, 240.0], [0.0, 0.0, 1.0]], "extrinsics": [[-0.6427876096865395, -0.1979704653779747, 0.7400214751421023, -3.652998394224874], [-0.7660444431189779, 0.1661169444826531, -0.620951746855005, -0.6697415750513367], [0.0, -0.9660294279129261, -0.2584320885769117, 0.5654804], [0.0, 0.0, 0.0, 1.0]]}, "target_region": {"type": "circle", "params": {"center": [-2.7001952999999994, -1.4692383], "radius": 2.1200986636844714, "object_center": [-2.7001952999999994, -1.4692383, 0.23274019999999998], "sample_distance": 2.1200986636844714, "min_distance": 2.1200986636844714, "requested_distance": 0.8}, "sample_point": [-1.723474793178116, 0.4124724629256642, 1.5], "sample_forward": [-0.3954377545693531, -0.7618346022666281, -0.5130662930366764], "height": 1.5}, "sample_target": [-1.723474793178116, 0.4124724629256642, 1.5], "camera_params": {"forward": [-0.3954377545693531, -0.7618346022666281, -0.5130662930366764]}, "task_type": "absolute_positioning", "task_description": "Move to any position 2.1m from tv cabinet", "target_object": {"label": "tv cabinet", "id": "114", "bbox_min": [-3.7602446318422356, -1.680120060062992, 0.0], "bbox_max": [-1.6401459681577641, -1.258356539937008, 0.46548039999999996], "center": [-2.7001953, -1.4692383, 0.23274019999999998]}}
{"scene_id": "0019_840447", "object_label": "tv cabinet", "preset": "left", "distance": 2.1200986636844714, "init_camera": {"intrinsics": [[320.0, 0.0, 320.0], [0.0, 320.0, 240.0], [0.0, 0.0, 1.0]], "extrinsics": [[-0.6427876096865395, -0.1979704653779747, 0.7400214751421023, -3.652998394224874], [-0.7660444431189779, 0.1661169444826531, -0.620951746855005, -0.6697415750513367], [0.0, -0.9660294279129261, -0.2584320885769117, 0.5654804], [0.0, 0.0, 0.0, 1.0]]}, "target_region": {"type": "circle", "params": {"center": [-2.7001952999999994, -1.4692383], "radius": 2.1200986636844714, "object_center": [-2.7001952999999994, -1.4692383, 0.23274019999999998], "sample_distance": 2.1200986636844714, "min_distance": 2.1200986636844714, "requested_distance": 1.0}, "sample_point": [-1.9395335794999848, -3.4481804645724363, 1.5], "sample_forward": [-0.307963599249217, 0.8011999753414069, -0.5130662930366764], "height": 1.5}, "sample_target": [-1.9395335794999848, -3.4481804645724363, 1.5], "camera_params": {"forward": [-0.307963599249217, 0.8011999753414069, -0.5130662930366764]}, "task_type": "absolute_positioning", "task_description": "Move to any position 2.1m from tv cabinet", "target_object": {"label": "tv cabinet", "id": "114", "bbox_min": [-3.7602446318422356, -1.680120060062992, 0.0], "bbox_max": [-1.6401459681577641, -1.258356539937008, 0.46548039999999996], "center": [-2.7001953, -1.4692383, 0.23274019999999998]}}
{"scene_id": "0019_840447", "object_label": "tv cabinet", "preset": "left", "distance": 2.1200986636844714, "init_camera": {"intrinsics": [[320.0, 0.0, 320.0], [0.0, 320.0, 240.0], [0.0, 0.0, 1.0]], "extrinsics": [[-0.6427876096865395, -0.1979704653779747, 0.7400214751421023, -3.652998394224874], [-0.7660444431189779, 0.1661169444826531, -0.620951746855005, -0.6697415750513367], [0.0, -0.9660294279129261, -0.2584320885769117, 0.5654804], [0.0, 0.0, 0.0, 1.0]]}, "target_region": {"type": "circle", "params": {"center": [-2.7001952999999994, -1.4692383], "radius": 2.1200986636844714, "object_center": [-2.7001952999999994, -1.4692383, 0.23274019999999998], "sample_distance": 2.1200986636844714, "min_distance": 2.1200986636844714, "requested_distance": 1.2}, "sample_point": [-2.463342810278727, -3.5760651181959133, 1.5], "sample_forward": [-0.09589275135043394, 0.8529757084396057, -0.5130662930366764], "height": 1.5}, "sample_target": [-2.463342810278727, -3.5760651181959133, 1.5], "camera_params": {"forward": [-0.09589275135043394, 0.8529757084396057, -0.5130662930366764]}, "task_type": "absolute_positioning", "task_description": "Move to any position 2.1m from tv cabinet", "target_object": {"label": "tv cabinet", "id": "114", "bbox_min": [-3.7602446318422356, -1.680120060062992, 0.0], "bbox_max": [-1.6401459681577641, -1.258356539937008, 0.46548039999999996], "center": [-2.7001953, -1.4692383, 0.23274019999999998]}}
