{"scene_id": "0265_840795", "object_label": "wardrobe", "preset": "occupancy_30", "distance": 4.998359728660277, "init_camera": {"intrinsics": [[320.0, 0.0, 320.0], [0.0, 320.0, 240.0], [0.0, 0.0, 1.0]], "extrinsics": [[0.9848077530122081, 0.03485133057322923, -0.17011488578111314, -1.2198180041149893], [0.17364817766692994, -0.1976517174694422, 0.9647694589767725, -1.6372331595291136], [-0.0, -0.9796525829796272, -0.20070081380339422, 1.6], [0.0, 0.0, 0.0, 1.0]]}, "target_region": {"type": "circle", "params": {"center": [-1.5588597499999999, 0.2855681299999999], "radius": 4.998359728660277, "object_center": [-1.5588597499999999, 0.2855681299999999, 1.2000000000000002], "object_height": 2.4000000021855694, "occupancy_ratio": 0.3, "fov_vertical": 90.0, "sample_distance": 4.998359728660277, "min_distance": 2.4000000021855694}, "sample_point": [3.306037920456828, -0.8617638328932904, 1.5], "sample_forward": [-0.9715504632773383, 0.22912936213459992, -0.059911874560730875], "height": 1.5}, "sample_target": [3.306037920456828, -0.8617638328932904, 1.5], "camera_params": {"forward": [-0.9715504632773383, 0.22912936213459992, -0.059911874560730875]}, "task_type": "screen_occupancy", "task_description": "Position where wardrobe occupies 30% of vertical FOV", "target_object": {"label": "wardrobe", "id": "57", "bbox_min": [-2.582759852453668, -0.4380818900186506, -1.0927847142738757e-09], "bbox_max": [-0.5349596475463322, 1.0092181500186506, 2.400000001092785], "center": [-1.55885975, 0.28556813, 1.2000000000000002]}}
{"scene_id": "0265_840795", "object_label": "wardrobe", "preset": "occupancy_50", "distance": 2.89705627748593, "init_camera": {"intrinsics": [[320.0, 0.0, 320.0], [0.0, 320.0, 240.0], [0.0, 0.0, 1.0]], "extrinsics": [[0.9848077530122081, 0.03485133057322923, -0.17011488578111314, -1.2198180041149893], [0.17364817766692994, -0.1976517174694422, 0.9647694589767725, -1.6372331595291136], [-0.0, -0.9796525829796272, -0.20070081380339422, 1.6], [0.0, 0.0, 0.0, 1.0]]}, "target_region": {"type": "circle", "params": {"center": [-1.5588597499999999, 0.2855681299999999], "radius": 2.89705627748593, "object_center": [-1.5588597499999999, 0.2855681299999999, 1.2000000000000002], "object_height": 2.4000000021855694, "occupancy_ratio": 0.5, "fov_vertical": 90.0, "sample_distance": 2.89705627748593, "min_distance": 2.4000000021855694}, "sample_point": [-3.8372314611294565, 2.0749695441174874, 1.5], "sample_forward": [0.7822606925363678, -0.6143766544306283, -0.10300259901163064], "height": 1.5}, "sample_target": [-3.8372314611294565, 2.0749695441174874, 1.5], "camera_params": {"forward": [0.7822606925363678, -0.6143766544306283, -0.10300259901163064]}, "task_type": "screen_occupancy", "task_description": "Position where wardrobe occupies 50% of vertical FOV", "target_object": {"label": "wardrobe", "id": "57", "bbox_min": [-2.582759852453668, -0.4380818900186506, -1.0927847142738757e-09], "bbox_max": [-0.5349596475463322, 1.0092181500186506, 2.400000001092785], "center": [-1.55885975, 0.28556813, 1.2000000000000002]}}
{"scene_id": "0265_840795", "object_label": "wardrobe", "preset": "occupancy_30", "distance": 4.998359728660277, "init_camera": {"intrinsics": [[320.0, 0.0, 320.0], [0.0, 320.0, 240.0], [0.0, 0.0, 1.0]], "extrinsics": [[0.5000000000000004, 0.17381200331394986, -0.8484040237433996, 0.13202332648715953], [0.8660254037844384, -0.10035040690169719, 0.48982629148981405, -0.6906636693780455], [-0.0, -0.9796525829796272, -0.20070081380339422, 1.6], [0.0, 0.0, 0.0, 1.0]]}, "target_region": {"type": "circle", "params": {"center": [-1.5588597499999999, 0.2855681299999999], "radius": 4.998359728660277, "object_center": [-1.5588597499999999, 0.2855681299999999, 1.2000000000000002], "object_height": 2.4000000021855694, "occupancy_ratio": 0.3, "fov_vertical": 90.0, "sample_distance": 4.998359728660277, "min_distance": 2.4000000021855694}, "sample_point": [0.15742202890508517, 4.980030488193027, 1.5], "sample_forward": [-0.34275219549543184, -0.9375134664471121, -0.059911874560730875], "height": 1.5}, "sample_target": [0.15742202890508517, 4.980030488193027, 1.5], "camera_params": {"forward": [-0.34275219549543184, -0.9375134664471121, -0.059911874560730875]}, "task_type": "screen_occupancy", "task_description": "Position where wardrobe occupies 30% of vertical FOV", "target_object": {"label": "wardrobe", "id": "57", "bbox_min": [-2.582759852453668, -0.4380818900186506, -1.0927847142738757e-09], "bbox_max": [-0.5349596475463322, 1.0092181500186506, 2.400000001092785], "center": [-1.55885975, 0.28556813, 1.2000000000000002]}}
{"scene_id": "0265_840795", "object_label": "wardrobe", "preset": "occupancy_50", "distance": 2.89705627748593, "init_camera": {"intrinsics": [[320.0, 0.0, 320.0], [0.0, 320.0, 240.0], [0.0, 0.0, 1.0]], "extrinsics": [[0.5000000000000004, 0.17381200331394986, -0.8484040237433996, 0.13202332648715953], [0.8660254037844384, -0.10035040690169719, 0.48982629148981405, -0.6906636693780455], [-0.0, -0.9796525829796272, -0.20070081380339422, 1.6], [0.0, 0.0, 0.0, 1.0]]}, "target_region": {"type": "circle", "params": {"center": [-1.5588597499999999, 0.2855681299999999], "radius": 2.89705627748593, "object_center": [-1.5588597499999999, 0.2855681299999999, 1.2000000000000002], "object_height": 2.4000000021855694, "occupancy_ratio": 0.5, "fov_vertical": 90.0, "sample_distance": 2.89705627748593, "min_distance": 2.4000000021855694}, "sample_point": [-3.5721200116496767, -1.7976308988455176, 1.5], "sample_forward": [0.6912367981225078, 0.7152497140986444, -0.10300259901163063], "height": 1.5}, "sample_target": [-3.5721200116496767, -1.7976308988455176, 1.5], "camera_params": {"forward": [0.6912367981225078, 0.7152497140986444, -0.10300259901163063]}, "task_type": "screen_occupancy", "task_description": "Position where wardrobe occupies 50% of vertical FOV", "target_object": {"label": "wardrobe", "id": "57", "bbox_min": [-2.582759852453668, -0.4380818900186506, -1.0927847142738757e-09], "bbox_max": [-0.5349596475463322, 1.0092181500186506, 2.400000001092785], "center": [-1.55885975, 0.28556813, 1.2000000000000002]}}
{"scene_id": "0265_840795", "object_label": "wardrobe", "preset": "occupancy_30", "distance": 4.998359728660277, "init_camera": {"intrinsics": [[320.0, 0.0, 320.0], [0.0, 320.0, 240.0], [0.0, 0.0, 1.0]], "extrinsics": [[0.984807753012208, 0.028085442915959564, -0.1713618904636035, -1.1350575676437367], [0.17364817766692994, -0.15928046180519284, 0.9718415739615582, -2.1179334819113915], [-0.0, -0.9868337967374947, -0.16173761967044376, 1.6], [0.0, 0.0, 0.0, 1.0]]}, "target_region": {"type": "circle", "params": {"center": [-1.5588597499999999, 0.2855681299999999], "radius": 4.998359728660277, "object_center": [-1.5588597499999999, 0.2855681299999999, 1.2000000000000002], "object_height": 2.4000000021855694, "occupancy_ratio": 0.3, "fov_vertical": 90.0, "sample_distance": 4.998359728660277, "min_distance": 2.4000000021855694}, "sample_point": [0.6509493407003406, 4.768908821911665, 1.5], "sample_forward": [-0.4413126834840055, -0.8953511504894408, -0.05991187456073088], "height": 1.5}, "sample_target": [0.6509493407003406, 4.768908821911665, 1.5], "camera_params": {"forward": [-0.4413126834840055, -0.8953511504894408, -0.05991187456073088]}, "task_type": "screen_occupancy", "task_description": "Position where wardrobe occupies 30% of vertical FOV", "target_object": {"label": "wardrobe", "id": "57", "bbox_min": [-2.582759852453668, -0.4380818900186506, -1.0927847142738757e-09], "bbox_max": [-0.5349596475463322, 1.0092181500186506, 2.400000001092785], "center": [-1.55885975, 0.28556813, 1.2000000000000002]}}
{"scene_id": "0265_840795", "object_label": "wardrobe", "preset": "occupancy_50", "distance": 2.89705627748593, "init_camera": {"intrinsics": [[320.0, 0.0, 320.0], [0.0, 320.0, 240.0], [0.0, 0.0, 1.0]], "extrinsics": [[0.984807753012208, 0.028085442915959564, -0.1713618904636035, -1.1350575676437367], [0.17364817766692994, -0.15928046180519284, 0.9718415739615582, -2.1179334819113915], [-0.0, -0.9868337967374947, -0.16173761967044376, 1.6], [0.0, 0.0, 0.0, 1.0]]}, "target_region": {"type": "circle", "params": {"center": [-1.5588597499999999, 0.2855681299999999], "radius": 2.89705627748593, "object_center": [-1.5588597499999999, 0.2855681299999999, 1.2000000000000002], "object_height": 2.4000000021855694, "occupancy_ratio": 0.5, "fov_vertical": 90.0, "sample_distance": 2.89705627748593, "min_distance": 2.4000000021855694}, "sample_point": [-4.34236702920943, -0.5175646744033242, 1.5], "sample_forward": [0.9556949470878803, 0.2757492206834734, -0.10300259901163064], "height": 1.5}, "sample_target": [-4.34236702920943, -0.5175646744033242, 1.5], "camera_params": {"forward": [0.9556949470878803, 0.2757492206834734, -0.10300259901163064]}, "task_type": "screen_occupancy", "task_description": "Position where wardrobe occupies 50% of vertical FOV", "target_object": {"label": "wardrobe", "id": "57", "bbox_min": [-2.582759852453668, -0.4380818900186506, -1.0927847142738757e-09], "bbox_max": [-0.5349596475463322, 1.0092181500186506, 2.400000001092785], "center": [-1.55885975, 0.28556813, 1.2000000000000002]}}
{"scene_id": "0265_840795", "object_label": "wardrobe", "preset": "occupancy_30", "distance": 4.998359728660277, "init_camera": {"intrinsics": [[320.0, 0.0, 320.0], [0.0, 320.0, 240.0], [0.0, 0.0, 1.0]], "extrinsics": [[0.9396926207859086, 0.06864372110261514, -0.3350609168400531, -0.8910778701152927], [0.3420201433256682, -0.18859707371677617, 0.9205723031598106, -1.549147506104196], [-0.0, -0.9796525829796272, -0.20070081380339422, 1.6], [0.0, 0.0, 0.0, 1.0]]}, "target_region": {"type": "circle", "params": {"center": [-1.5588597499999999, 0.2855681299999999], "radius": 4.998359728660277, "object_center": [-1.5588597499999999, 0.2855681299999999, 1.2000000000000002], "object_height": 2.4000000021855694, "occupancy_ratio": 0.3, "fov_vertical": 90.0, "sample_distance": 4.998359728660277, "min_distance": 2.4000000021855694}, "sample_point": [-2.020490084359159, -4.6914286965503535, 1.5], "sample_forward": [0.09219046228518067, 0.9939373652048019, -0.059911874560730875], "height": 1.5}, "sample_target": [-2.020490084359159, -4.6914286965503535, 1.5], "camera_params": {"forward": [0.09219046228518067, 0.9939373652048019, -0.059911874560730875]}, "task_type": "screen_occupancy", "task_description": "Position where wardrobe occupies 30% of vertical FOV", "target_object": {"label": "wardrobe", "id": "57", "bbox_min": [-2.582759852453668, -0.4380818900186506, -1.0927847142738757e-09], "bbox_max": [-0.5349596475463322, 1.0092181500186506, 2.400000001092785], "center": [-1.55885975, 0.28556813, 1.2000000000000002]}}
{"scene_id": "0265_840795", "object_label": "wardrobe", "preset": "occupancy_50", "distance": 2.89705627748593, "init_camera": {"intrinsics": [[320.0, 0.0, 320.0], [0.0, 320.0, 240.0], [0.0, 0.0, 1.0]], "extrinsics": [[0.9396926207859086, 0.06864372110261514, -0.3350609168400531, -0.8910778701152927], [0.3420201433256682, -0.18859707371677617, 0.9205723031598106, -1.549147506104196], [-0.0, -0.9796525829796272, -0.20070081380339422, 1.6], [0.0, 0.0, 0.0, 1.0]]}, "target_region": {"type": "circle", "params": {"center": [-1.5588597499999999, 0.2855681299999999], "radius": 2.89705627748593, "object_center": [-1.5588597499999999, 0.2855681299999999, 1.2000000000000002], "object_height": 2.4000000021855694, "occupancy_ratio": 0.5, "fov_vertical": 90.0, "sample_distance": 2.89705627748593, "min_distance": 2.4000000021855694}, "sample_point": [1.1577288282098417, -0.720951403670592, 1.5], "sample_forward": [-0.9327189466697474, 0.34558042641348496, -0.10300259901163063], "height": 1.5}, "sample_target": [1.1577288282098417, -0.720951403670592, 1.5], "camera_params": {"forward": [-0.9327189466697474, 0.34558042641348496, -0.10300259901163063]}, "task_type": "screen_occupancy", "task_description": "Position where wardrobe occupies 50% of vertical FOV", "target_object": {"label": "wardrobe", "id": "57", "bbox_min": [-2.582759852453668, -0.4380818900186506, -1.0927847142738757e-09], "bbox_max": [-0.5349596475463322, 1.0092181500186506, 2.400000001092785], "center": [-1.55885975, 0.28556813, 1.2000000000000002]}}
{"scene_id": "0265_840795", "object_label": "wardrobe", "preset": "occupancy_30", "distance": 4.998359728660277, "init_camera": {"intrinsics": [[320.0, 0.0, 320.0], [0.0, 320.0, 240.0], [0.0, 0.0, 1.0]], "extrinsics": [[0.1736481776669304, 0.19765171746944224, -0.9647694589767724, 0.36394153952911323], [0.984807753012208, -0.03485133057322932, 0.17011488578111356, -0.05347361588501165], [-0.0, -0.9796525829796272, -0.20070081380339422, 1.6], [0.0, 0.0, 0.0, 1.0]]}, "target_region": {"type": "circle", "params": {"center": [-1.5588597499999999, 0.2855681299999999], "radius": 4.998359728660277, "object_center": [-1.5588597499999999, 0.2855681299999999, 1.2000000000000002], "object_height": 2.4000000021855694, "occupancy_ratio": 0.3, "fov_vertical": 90.0, "sample_distance": 4.998359728660277, "min_distance": 2.4000000021855694}, "sample_point": [-3.802059642913863, -4.181159331746919, 1.5], "sample_forward": [0.4479810353296679, 0.8920333846171778, -0.059911874560730875], "height": 1.5}, "sample_target": [-3.802059642913863, -4.181159331746919, 1.5], "camera_params": {"forward": [0.4479810353296679, 0.8920333846171778, -0.059911874560730875]}, "task_type": "screen_occupancy", "task_description": "Position where wardrobe occupies 30% of vertical FOV", "target_object": {"label": "wardrobe", "id": "57", "bbox_min": [-2.582759852453668, -0.4380818900186506, -1.0927847142738757e-09], "bbox_max": [-0.5349596475463322, 1.0092181500186506, 2.400000001092785], "center": [-1.55885975, 0.28556813, 1.2000000000000002]}}
{"scene_id": "0265_840795", "object_label": "wardrobe", "preset": "occupancy_50", "distance": 2.89705627748593, "init_camera": {"intrinsics": [[320.0, 0.0, 320.0], [0.0, 320.0, 240.0], [0.0, 0.0, 1.0]], "extrinsics": [[0.1736481776669304, 0.19765171746944224, -0.9647694589767724, 0.36394153952911323], [0.984807753012208, -0.03485133057322932, 0.17011488578111356, -0.05347361588501165], [-0.0, -0.9796525829796272, -0.20070081380339422, 1.6], [0.0, 0.0, 0.0, 1.0]]}, "target_region": {"type": "circle", "params": {"center": [-1.5588597499999999, 0.2855681299999999], "radius": 2.89705627748593, "object_center": [-1.5588597499999999, 0.2855681299999999, 1.2000000000000002], "object_height": 2.4000000021855694, "occupancy_ratio": 0.5, "fov_vertical": 90.0, "sample_distance": 2.89705627748593, "min_distance": 2.4000000021855694}, "sample_point": [0.8630639429592626, 1.875291596645442, 1.5], "sample_forward": [-0.8315481166088355, -0.5458188292475331, -0.10300259901163063], "height": 1.5}, "sample_target": [0.8630639429592626, 1.875291596645442, 1.5], "camera_params": {"forward": [-0.8315481166088355, -0.5458188292475331, -0.10300259901163063]}, "task_type": "screen_occupancy", "task_description": "Position where wardrobe occupies 50% of vertical FOV", "target_object": {"label": "wardrobe", "id": "57", "bbox_min": [-2.582759852453668, -0.4380818900186506, -1.0927847142738757e-09], "bbox_max": [-0.5349596475463322, 1.0092181500186506, 2.400000001092785], "center": [-1.55885975, 0.28556813, 1.2000000000000002]}}
{"scene_id": "0265_840795", "object_label": "wardrobe", "preset": "occupancy_30", "distance": 5.06083925170297, "init_camera": {"intrinsics": [[320.0, 0.0, 320.0], [0.0, 320.0, 240.0], [0.0, 0.0, 1.0]], "extrinsics": [[-0.49999999999999983, -0.17554156262381324, 0.8480478523005586, 1.3135353449561822], [-0.8660254037844387, 0.10134896843482609, -0.4896206558114113, 0.6960561696107732], [0.0, -0.9792413116228229, -0.2026979368696522, 1.6], [0.0, 0.0, 0.0, 1.0]]}, "target_region": {"type": "circle", "params": {"center": [2.9242988000000016, -0.23391854475958734], "radius": 5.06083925170297, "object_center": [2.9242988000000016, -0.23391854475958734, 1.2149999929406108], "object_height": 2.430000014905584, "occupancy_ratio": 0.3, "fov_vertical": 90.0, "sample_distance": 5.06083925170297, "min_distance": 2.430000014905584}, "sample_point": [7.344378406736599, 2.2308309763254104, 1.5], "sample_forward": [-0.8720070321151464, -0.4862534402124486, -0.056225686507972376], "height": 1.5}, "sample_target": [7.344378406736599, 2.2308309763254104, 1.5], "camera_params": {"forward": [-0.8720070321151464, -0.4862534402124486, -0.056225686507972376]}, "task_type": "screen_occupancy", "task_description": "Position where wardrobe occupies 30% of vertical FOV", "target_object": {"label": "wardrobe", "id": "59", "bbox_min": [1.9992987709756371, -0.8675686053485281, -1.4512181223835796e-08], "bbox_max": [3.8492988290243657, 0.3997315158293534, 2.430000000393403], "center": [2.9242988000000016, -0.23391854475958734, 1.2149999929406108]}}
{"scene_id": "0265_840795", "object_label": "wardrobe", "preset": "occupancy_50", "distance": 2.9332694962759422, "init_camera": {"intrinsics": [[320.0, 0.0, 320.0], [0.0, 320.0, 240.0], [0.0, 0.0, 1.0]], "extrinsics": [[-0.49999999999999983, -0.17554156262381324, 0.8480478523005586, 1.3135353449561822], [-0.8660254037844387, 0.10134896843482609, -0.4896206558114113, 0.6960561696107732], [0.0, -0.9792413116228229, -0.2026979368696522, 1.6], [0.0, 0.0, 0.0, 1.0]]}, "target_region": {"type": "circle", "params": {"center": [2.9242988000000016, -0.23391854475958734], "radius": 2.9332694962759422, "object_center": [2.9242988000000016, -0.23391854475958734, 1.2149999929406108], "object_height": 2.430000014905584, "occupancy_ratio": 0.5, "fov_vertical": 90.0, "sample_distance": 2.9332694962759422, "min_distance": 2.430000014905584}, "sample_point": [0.0376880910750641, 0.28718466277495497, 1.5], "sample_forward": [0.9794808126687412, -0.1768200303636765, -0.09670581407532168], "height": 1.5}, "sample_target": [0.0376880910750641, 0.28718466277495497, 1.5], "camera_params": {"forward": [0.9794808126687412, -0.1768200303636765, -0.09670581407532168]}, "task_type": "screen_occupancy", "task_description": "Position where wardrobe occupies 50% of vertical FOV", "target_object": {"label": "wardrobe", "id": "59", "bbox_min": [1.9992987709756371, -0.8675686053485281, -1.4512181223835796e-08], "bbox_max": [3.8492988290243657, 0.3997315158293534, 2.430000000393403], "center": [2.9242988000000016, -0.23391854475958734, 1.2149999929406108]}}
{"scene_id": "0265_840795", "object_label": "wardrobe", "preset": "occupancy_30", "distance": 5.06083925170297, "init_camera": {"intrinsics": [[320.0, 0.0, 320.0], [0.0, 320.0, 240.0], [0.0, 0.0, 1.0]], "extrinsics": [[-0.17364817766693066, -0.19961849974881257, 0.9643644357559996, 1.0926061823655118], [-0.9848077530122079, 0.035198127354261664, -0.1700434692594782, 0.08905828409388772], [0.0, -0.9792413116228229, -0.2026979368696522, 1.6], [0.0, 0.0, 0.0, 1.0]]}, "target_region": {"type": "circle", "params": {"center": [2.9242988000000016, -0.23391854475958734], "radius": 5.06083925170297, "object_center": [2.9242988000000016, -0.23391854475958734, 1.2149999929406108], "object_height": 2.430000014905584, "occupancy_ratio": 0.3, "fov_vertical": 90.0, "sample_distance": 5.06083925170297, "min_distance": 2.430000014905584}, "sample_point": [4.278430231318906, 4.642393791247171, 1.5], "sample_forward": [-0.26714725425274466, -0.9620140418527823, -0.056225686507972376], "height": 1.5}, "sample_target": [4.278430231318906, 4.642393791247171, 1.5], "camera_params": {"forward": [-0.26714725425274466, -0.9620140418527823, -0.056225686507972376]}, "task_type": "screen_occupancy", "task_description": "Position where wardrobe occupies 30% of vertical FOV", "target_object": {"label": "wardrobe", "id": "59", "bbox_min": [1.9992987709756371, -0.8675686053485281, -1.4512181223835796e-08], "bbox_max": [3.8492988290243657, 0.3997315158293534, 2.430000000393403], "center": [2.9242988000000016, -0.23391854475958734, 1.2149999929406108]}}
{"scene_id": "0265_840795", "object_label": "wardrobe", "preset": "occupancy_50", "distance": 2.9332694962759422, "init_camera": {"intrinsics": [[320.0, 0.0, 320.0], [0.0, 320.0, 240.0], [0.0, 0.0, 1.0]], "extrinsics": [[-0.17364817766693066, -0.19961849974881257, 0.9643644357559996, 1.0926061823655118], [-0.9848077530122079, 0.035198127354261664, -0.1700434692594782, 0.08905828409388772], [0.0, -0.9792413116228229, -0.2026979368696522, 1.6], [0.0, 0.0, 0.0, 1.0]]}, "target_region": {"type": "circle", "params": {"center": [2.9242988000000016, -0.23391854475958734], "radius": 2.9332694962759422, "object_center": [2.9242988000000016, -0.23391854475958734, 1.2149999929406108], "object_height": 2.430000014905584, "occupancy_ratio": 0.5, "fov_vertical": 90.0, "sample_distance": 2.9332694962759422, "min_distance": 2.430000014905584}, "sample_point": [4.419262818207298, -2.7576365405048358, 1.5], "sample_forward": [-0.5072691537299658, 0.8563445516835578, -0.09670581407532168], "height": 1.5}, "sample_target": [4.419262818207298, -2.7576365405048358, 1.5], "camera_params": {"forward": [-0.5072691537299658, 0.8563445516835578, -0.09670581407532168]}, "task_type": "screen_occupancy", "task_description": "Position where wardrobe occupies 50% of vertical FOV", "target_object": {"label": "wardrobe", "id": "59", "bbox_min": [1.9992987709756371, -0.8675686053485281, -1.4512181223835796e-08], "bbox_max": [3.8492988290243657, 0.3997315158293534, 2.430000000393403], "center": [2.9242988000000016, -0.23391854475958734, 1.2149999929406108]}}
{"scene_id": "0265_840795", "object_label": "wardrobe", "preset": "occupancy_50", "distance": 2.9332694962759422, "init_camera": {"intrinsics": [[320.0, 0.0, 320.0], [0.0, 320.0, 240.0], [0.0, 0.0, 1.0]], "extrinsics": [[-0.9396926207859084, -0.06932677741997581, 0.3349202537516537, 2.2881586298036045], [-0.3420201433256687, 0.1904737555249401, -0.9201858345006809, 1.5138622084630344], [0.0, -0.9792413116228229, -0.20269793686965223, 1.6], [0.0, 0.0, 0.0, 1.0]]}, "target_region": {"type": "circle", "params": {"center": [2.9242988000000016, -0.23391854475958734], "radius": 2.9332694962759422, "object_center": [2.9242988000000016, -0.23391854475958734, 1.2149999929406108], "object_height": 2.430000014905584, "occupancy_ratio": 0.5, "fov_vertical": 90.0, "sample_distance": 2.9332694962759422, "min_distance": 2.430000014905584}, "sample_point": [1.742780086218055, 2.4508688708035096, 1.5], "sample_forward": [0.4009113201098986, -0.9109984077547928, -0.09670581407532168], "height": 1.5}, "sample_target": [1.742780086218055, 2.4508688708035096, 1.5], "camera_params": {"forward": [0.4009113201098986, -0.9109984077547928, -0.09670581407532168]}, "task_type": "screen_occupancy", "task_description": "Position where wardrobe occupies 50% of vertical FOV", "target_object": {"label": "wardrobe", "id": "59", "bbox_min": [1.9992987709756371, -0.8675686053485281, -1.4512181223835796e-08], "bbox_max": [3.8492988290243657, 0.3997315158293534, 2.430000000393403], "center": [2.9242988000000016, -0.23391854475958734, 1.2149999929406108]}}
{"scene_id": "0265_840795", "object_label": "wardrobe", "preset": "occupancy_30", "distance": 5.06083925170297, "init_camera": {"intrinsics": [[320.0, 0.0, 320.0], [0.0, 320.0, 240.0], [0.0, 0.0, 1.0]], "extrinsics": [[-0.3420201433256689, -0.1904737555249401, 0.9201858345006808, 1.1765180467773801], [-0.9396926207859083, 0.06932677741997584, -0.33492025375165385, 0.4022216254368101], [0.0, -0.9792413116228229, -0.20269793686965223, 1.6], [0.0, 0.0, 0.0, 1.0]]}, "target_region": {"type": "circle", "params": {"center": [2.9242988000000016, -0.23391854475958734], "radius": 5.06083925170297, "object_center": [2.9242988000000016, -0.23391854475958734, 1.2149999929406108], "object_height": 2.430000014905584, "occupancy_ratio": 0.3, "fov_vertical": 90.0, "sample_distance": 5.06083925170297, "min_distance": 2.430000014905584}, "sample_point": [-1.7950472518439389, 1.5936116942576746, 1.5], "sample_forward": [0.9310472458280339, -0.360540841254829, -0.056225686507972376], "height": 1.5}, "sample_target": [-1.7950472518439389, 1.5936116942576746, 1.5], "camera_params": {"forward": [0.9310472458280339, -0.360540841254829, -0.056225686507972376]}, "task_type": "screen_occupancy", "task_description": "Position where wardrobe occupies 30% of vertical FOV", "target_object": {"label": "wardrobe", "id": "59", "bbox_min": [1.9992987709756371, -0.8675686053485281, -1.4512181223835796e-08], "bbox_max": [3.8492988290243657, 0.3997315158293534, 2.430000000393403], "center": [2.9242988000000016, -0.23391854475958734, 1.2149999929406108]}}
{"scene_id": "0265_840795", "object_label": "wardrobe", "preset": "occupancy_50", "distance": 2.9332694962759422, "init_camera": {"intrinsics": [[320.0, 0.0, 320.0], [0.0, 320.0, 240.0], [0.0, 0.0, 1.0]], "extrinsics": [[-0.3420201433256689, -0.1904737555249401, 0.9201858345006808, 1.1765180467773801], [-0.9396926207859083, 0.06932677741997584, -0.33492025375165385, 0.4022216254368101], [0.0, -0.9792413116228229, -0.20269793686965223, 1.6], [0.0, 0.0, 0.0, 1.0]]}, "target_region": {"type": "circle", "params": {"center": [2.9242988000000016, -0.23391854475958734], "radius": 2.9332694962759422, "object_center": [2.9242988000000016, -0.23391854475958734, 1.2149999929406108], "object_height": 2.430000014905584, "occupancy_ratio": 0.5, "fov_vertical": 90.0, "sample_distance": 2.9332694962759422, "min_distance": 2.430000014905584}, "sample_point": [2.4332548692315434, 2.6579572817306136, 1.5], "sample_forward": [0.16662035752797086, -0.9812673651871239, -0.09670581407532167], "height": 1.5}, "sample_target": [2.4332548692315434, 2.6579572817306136, 1.5], "camera_params": {"forward": [0.16662035752797086, -0.9812673651871239, -0.09670581407532167]}, "task_type": "screen_occupancy", "task_description": "Position where wardrobe occupies 50% of vertical FOV", "target_object": {"label": "wardrobe", "id": "59", "bbox_min": [1.9992987709756371, -0.8675686053485281, -1.4512181223835796e-08], "bbox_max": [3.8492988290243657, 0.3997315158293534, 2.430000000393403], "center": [2.9242988000000016, -0.23391854475958734, 1.2149999929406108]}}
{"scene_id": "0265_840795", "object_label": "wardrobe", "preset": "occupancy_30", "distance": 5.06083925170297, "init_camera": {"intrinsics": [[320.0, 0.0, 320.0], [0.0, 320.0, 240.0], [0.0, 0.0, 1.0]], "extrinsics": [[0.17364817766692997, -0.19961849974881257, 0.9643644357559997, 1.0926061823655115], [-0.984807753012208, -0.03519812735426152, 0.1700434692594775, -0.5568953736130611], [0.0, -0.9792413116228229, -0.2026979368696522, 1.6], [0.0, 0.0, 0.0, 1.0]]}, "target_region": {"type": "circle", "params": {"center": [2.9242988000000016, -0.23391854475958734], "radius": 5.06083925170297, "object_center": [2.9242988000000016, -0.23391854475958734, 1.2149999929406108], "object_height": 2.430000014905584, "occupancy_ratio": 0.3, "fov_vertical": 90.0, "sample_distance": 5.06083925170297, "min_distance": 2.430000014905584}, "sample_point": [1.162111716933393, 4.510213685253682, 1.5], "sample_forward": [0.34764974051475994, -0.9359371400349104, -0.056225686507972376], "height": 1.5}, "sample_target": [1.162111716933393, 4.510213685253682, 1.5], "camera_params": {"forward": [0.34764974051475994, -0.9359371400349104, -0.056225686507972376]}, "task_type": "screen_occupancy", "task_description": "Position where wardrobe occupies 30% of vertical FOV", "target_object": {"label": "wardrobe", "id": "59", "bbox_min": [1.9992987709756371, -0.8675686053485281, -1.4512181223835796e-08], "bbox_max": [3.8492988290243657, 0.3997315158293534, 2.430000000393403], "center": [2.9242988000000016, -0.23391854475958734, 1.2149999929406108]}}
{"scene_id": "0265_840795", "object_label": "wardrobe", "preset": "occupancy_50", "distance": 2.9332694962759422, "init_camera": {"intrinsics": [[320.0, 0.0, 320.0], [0.0, 320.0, 240.0], [0.0, 0.0, 1.0]], "extrinsics": [[0.17364817766692997, -0.19961849974881257, 0.9643644357559997, 1.0926061823655115], [-0.984807753012208, -0.03519812735426152, 0.1700434692594775, -0.5568953736130611], [0.0, -0.9792413116228229, -0.2026979368696522, 1.6], [0.0, 0.0, 0.0, 1.0]]}, "target_region": {"type": "circle", "params": {"center": [2.9242988000000016, -0.23391854475958734], "radius": 2.9332694962759422, "object_center": [2.9242988000000016, -0.23391854475958734, 1.2149999929406108], "object_height": 2.430000014905584, "occupancy_ratio": 0.5, "fov_vertical": 90.0, "sample_distance": 2.9332694962759422, "min_distance": 2.430000014905584}, "sample_point": [5.620818419835921, -1.388410587877628, 1.5], "sample_forward": [-0.9149793633232073, 0.3917406670447779, -0.09670581407532171], "height": 1.5}, "sample_target": [5.620818419835921, -1.388410587877628, 1.5], "camera_params": {"forward": [-0.9149793633232073, 0.3917406670447779, -0.09670581407532171]}, "task_type": "screen_occupancy", "task_description": "Position where wardrobe occupies 50% of vertical FOV", "target_object": {"label": "wardrobe", "id": "59", "bbox_min": [1.9992987709756371, -0.8675686053485281, -1.4512181223835796e-08], "bbox_max": [3.8492988290243657, 0.3997315158293534, 2.430000000393403], "center": [2.9242988000000016, -0.23391854475958734, 1.2149999929406108]}}
{"scene_id": "0265_840795", "object_label": "shower head", "preset": "back", "distance": 1.5, "init_camera": {"intrinsics": [[320.0, 0.0, 320.0], [0.0, 320.0, 240.0], [0.0, 0.0, 1.0]], "extrinsics": [[0.9848077530122081, -0.034780220383820046, 0.170129438596319, -2.142172342133544], [-0.17364817766693022, -0.19724843154505606, 0.964851992093072, 1.5152537975902334], [0.0, -0.9797363893022798, -0.20029130654357355, 1.6], [0.0, 0.0, 0.0, 1.0]]}, "target_region": {"type": "circle", "params": {"center": [-2.0032538, 2.3030999999999997], "radius": 1.5, "object_center": [-2.0032538, 2.3030999999999997, 1.4364529000000001], "sample_distance": 1.5, "min_distance": 1.2608599853515625, "requested_distance": 1.5}, "sample_point": [-3.1955138815148363, 3.2133284867143175, 1.5], "sample_forward": [0.7941277352442914, -0.6062751726040111, -0.04232676694184399], "height": 1.5}, "sample_target": [-3.1955138815148363, 3.2133284867143175, 1.5], "camera_params": {"forward": [0.7941277352442914, -0.6062751726040111, -0.04232676694184399]}, "task_type": "absolute_positioning", "task_description": "Move to any position 1.5m from shower head", "target_object": {"label": "shower head", "id": "62", "bbox_min": [-2.1355728002441405, 2.0080729919433593, 0.8060229073242188], "bbox_max": [-1.8709347997558594, 2.5981270080566405, 2.0668828926757814], "center": [-2.0032538, 2.3030999999999997, 1.4364529000000001]}}
{"scene_id": "0265_840795", "object_label": "shower head", "preset": "occupancy_20", "distance": 3.9803783211532906, "init_camera": {"intrinsics": [[320.0, 0.0, 320.0], [0.0, 320.0, 240.0], [0.0, 0.0, 1.0]], "extrinsics": [[0.9848077530122081, -0.034780220383820046, 0.170129438596319, -2.142172342133544], [-0.17364817766693022, -0.19724843154505606, 0.964851992093072, 1.5152537975902334], [0.0, -0.9797363893022798, -0.20029130654357355, 1.6], [0.0, 0.0, 0.0, 1.0]]}, "target_region": {"type": "circle", "params": {"center": [-2.0032538, 2.3030999999999997], "radius": 3.9803783211532906, "object_center": [-2.0032538, 2.3030999999999997, 1.4364529000000001], "object_height": 1.2608599853515625, "occupancy_ratio": 0.2, "fov_vertical": 90.0, "sample_distance": 3.9803783211532906, "min_distance": 1.2608599853515625}, "sample_point": [-2.172463575922079, -1.673680058192745, 1.5], "sample_forward": [0.042505561519746445, 0.9989686972450884, -0.01596305623438288], "height": 1.5}, "sample_target": [-2.172463575922079, -1.673680058192745, 1.5], "camera_params": {"forward": [0.042505561519746445, 0.9989686972450884, -0.01596305623438288]}, "task_type": "screen_occupancy", "task_description": "Position where shower head occupies 20% of vertical FOV", "target_object": {"label": "shower head", "id": "62", "bbox_min": [-2.1355728002441405, 2.0080729919433593, 0.8060229073242188], "bbox_max": [-1.8709347997558594, 2.5981270080566405, 2.0668828926757814], "center": [-2.0032538, 2.3030999999999997, 1.4364529000000001]}}
{"scene_id": "0265_840795", "object_label": "shower head", "preset": "occupancy_30", "distance": 2.625929903550535, "init_camera": {"intrinsics": [[320.0, 0.0, 320.0], [0.0, 320.0, 240.0], [0.0, 0.0, 1.0]], "extrinsics": [[0.9848077530122081, -0.034780220383820046, 0.170129438596319, -2.142172342133544], [-0.17364817766693022, -0.19724843154505606, 0.964851992093072, 1.5152537975902334], [0.0, -0.9797363893022798, -0.20029130654357355, 1.6], [0.0, 0.0, 0.0, 1.0]]}, "target_region": {"type": "circle", "params": {"center": [-2.0032538, 2.3030999999999997], "radius": 2.625929903550535, "object_center": [-2.0032538, 2.3030999999999997, 1.4364529000000001], "object_height": 1.2608599853515625, "occupancy_ratio": 0.3, "fov_vertical": 90.0, "sample_distance": 2.625929903550535, "min_distance": 1.2608599853515625}, "sample_point": [-3.1510948799510228, 4.664872367002754, 1.5], "sample_forward": [0.43699000472126387, -0.8991409488943554, -0.024192763278874336], "height": 1.5}, "sample_target": [-3.1510948799510228, 4.664872367002754, 1.5], "camera_params": {"forward": [0.43699000472126387, -0.8991409488943554, -0.024192763278874336]}, "task_type": "screen_occupancy", "task_description": "Position where shower head occupies 30% of vertical FOV", "target_object": {"label": "shower head", "id": "62", "bbox_min": [-2.1355728002441405, 2.0080729919433593, 0.8060229073242188], "bbox_max": [-1.8709347997558594, 2.5981270080566405, 2.0668828926757814], "center": [-2.0032538, 2.3030999999999997, 1.4364529000000001]}}
{"scene_id": "0265_840795", "object_label": "shower head", "preset": "occupancy_50", "distance": 1.521992638444642, "init_camera": {"intrinsics": [[320.0, 0.0, 320.0], [0.0, 320.0, 240.0], [0.0, 0.0, 1.0]], "extrinsics": [[0.9848077530122081, -0.034780220383820046, 0.170129438596319, -2.142172342133544], [-0.17364817766693022, -0.19724843154505606, 0.964851992093072, 1.5152537975902334], [0.0, -0.9797363893022798, -0.20029130654357355, 1.6], [0.0, 0.0, 0.0, 1.0]]}, "target_region": {"type": "circle", "params": {"center": [-2.0032538, 2.3030999999999997], "radius": 1.521992638444642, "object_center": [-2.0032538, 2.3030999999999997, 1.4364529000000001], "object_height": 1.2608599853515625, "occupancy_ratio": 0.5, "fov_vertical": 90.0, "sample_distance": 1.521992638444642, "min_distance": 1.2608599853515625}, "sample_point": [-0.6792472153168305, 3.053745159309838, 1.5], "sample_forward": [-0.8691592869301956, -0.4927696122897051, -0.04171622162717467], "height": 1.5}, "sample_target": [-0.6792472153168305, 3.053745159309838, 1.5], "camera_params": {"forward": [-0.8691592869301956, -0.4927696122897051, -0.04171622162717467]}, "task_type": "screen_occupancy", "task_description": "Position where shower head occupies 50% of vertical FOV", "target_object": {"label": "shower head", "id": "62", "bbox_min": [-2.1355728002441405, 2.0080729919433593, 0.8060229073242188], "bbox_max": [-1.8709347997558594, 2.5981270080566405, 2.0668828926757814], "center": [-2.0032538, 2.3030999999999997, 1.4364529000000001]}}
{"scene_id": "0265_840795", "object_label": "shower head", "preset": "occupancy_20", "distance": 3.9803783211532906, "init_camera": {"intrinsics": [[320.0, 0.0, 320.0], [0.0, 320.0, 240.0], [0.0, 0.0, 1.0]], "extrinsics": [[0.5000000000000004, 0.173457359623911, -0.8484766021478145, -1.3104334769724493], [0.8660254037844384, -0.10014565327178686, 0.4898681946511403, 1.9030999999999993], [-0.0, -0.9797363893022798, -0.20029130654357352, 1.6], [0.0, 0.0, 0.0, 1.0]]}, "target_region": {"type": "circle", "params": {"center": [-2.0032538, 2.3030999999999997], "radius": 3.9803783211532906, "object_center": [-2.0032538, 2.3030999999999997, 1.4364529000000001], "object_height": 1.2608599853515625, "occupancy_ratio": 0.2, "fov_vertical": 90.0, "sample_distance": 3.9803783211532906, "min_distance": 1.2608599853515625}, "sample_point": [-0.8614634211445236, -1.5099993050614557, 1.5], "sample_forward": [-0.2868181872272275, 0.957852028400705, -0.015963056234382884], "height": 1.5}, "sample_target": [-0.8614634211445236, -1.5099993050614557, 1.5], "camera_params": {"forward": [-0.2868181872272275, 0.957852028400705, -0.015963056234382884]}, "task_type": "screen_occupancy", "task_description": "Position where shower head occupies 20% of vertical FOV", "target_object": {"label": "shower head", "id": "62", "bbox_min": [-2.1355728002441405, 2.0080729919433593, 0.8060229073242188], "bbox_max": [-1.8709347997558594, 2.5981270080566405, 2.0668828926757814], "center": [-2.0032538, 2.3030999999999997, 1.4364529000000001]}}
{"scene_id": "0265_840795", "object_label": "shower head", "preset": "occupancy_30", "distance": 2.625929903550535, "init_camera": {"intrinsics": [[320.0, 0.0, 320.0], [0.0, 320.0, 240.0], [0.0, 0.0, 1.0]], "extrinsics": [[0.5000000000000004, 0.173457359623911, -0.8484766021478145, -1.3104334769724493], [0.8660254037844384, -0.10014565327178686, 0.4898681946511403, 1.9030999999999993], [-0.0, -0.9797363893022798, -0.20029130654357352, 1.6], [0.0, 0.0, 0.0, 1.0]]}, "target_region": {"type": "circle", "params": {"center": [-2.0032538, 2.3030999999999997], "radius": 2.625929903550535, "object_center": [-2.0032538, 2.3030999999999997, 1.4364529000000001], "object_height": 1.2608599853515625, "occupancy_ratio": 0.3, "fov_vertical": 90.0, "sample_distance": 2.625929903550535, "min_distance": 1.2608599853515625}, "sample_point": [-0.03463813434983831, 0.5652679542263888, 1.5], "sample_forward": [-0.7494638273998043, 0.6616031148839676, -0.02419276327887434], "height": 1.5}, "sample_target": [-0.03463813434983831, 0.5652679542263888, 1.5], "camera_params": {"forward": [-0.7494638273998043, 0.6616031148839676, -0.02419276327887434]}, "task_type": "screen_occupancy", "task_description": "Position where shower head occupies 30% of vertical FOV", "target_object": {"label": "shower head", "id": "62", "bbox_min": [-2.1355728002441405, 2.0080729919433593, 0.8060229073242188], "bbox_max": [-1.8709347997558594, 2.5981270080566405, 2.0668828926757814], "center": [-2.0032538, 2.3030999999999997, 1.4364529000000001]}}
{"scene_id": "0265_840795", "object_label": "shower head", "preset": "front", "distance": 1.5, "init_camera": {"intrinsics": [[320.0, 0.0, 320.0], [0.0, 320.0, 240.0], [0.0, 0.0, 1.0]], "extrinsics": [[1.0, 0.0, 0.0, -2.0032538], [-0.0, -0.20029130654357352, 0.9797363893022798, 1.5030999999999997], [0.0, -0.9797363893022798, -0.20029130654357352, 1.6], [0.0, 0.0, 0.0, 1.0]]}, "target_region": {"type": "circle", "params": {"center": [-2.0032538, 2.3030999999999997], "radius": 1.5, "object_center": [-2.0032538, 2.3030999999999997, 1.4364529000000001], "sample_distance": 1.5, "min_distance": 1.2608599853515625, "requested_distance": 1.5}, "sample_point": [-0.5547247900092138, 2.692668616825217, 1.5], "sample_forward": [-0.9648205789781149, -0.2594796623640974, -0.042326766941844], "height": 1.5}, "sample_target": [-0.5547247900092138, 2.692668616825217, 1.5], "camera_params": {"forward": [-0.9648205789781149, -0.2594796623640974, -0.042326766941844]}, "task_type": "absolute_positioning", "task_description": "Move to any position 1.5m from shower head", "target_object": {"label": "shower head", "id": "62", "bbox_min": [-2.1355728002441405, 2.0080729919433593, 0.8060229073242188], "bbox_max": [-1.8709347997558594, 2.5981270080566405, 2.0668828926757814], "center": [-2.0032538, 2.3030999999999997, 1.4364529000000001]}}
