{"scene_id": "0273_840788", "object_label": "musical instrument", "preset": "occupancy_20", "distance": 3.6664539754921437, "init_camera": {"intrinsics": [[320.0, 0.0, 320.0], [0.0, 320.0, 240.0], [0.0, 0.0, 1.0]], "extrinsics": [[0.6427876096865394, -0.35171880372708186, 0.6805277157752325, -1.5172901674693948], [-0.7660444431189779, -0.2951271184855086, 0.5710305553129146, 3.301603413323868], [0.0, -0.8883658407656336, -0.45913629018056173, 1.2614185608839943], [0.0, 0.0, 0.0, 1.0]]}, "target_region": {"type": "circle", "params": {"center": [-0.50834897, 4.1482056], "radius": 3.6664539754921437, "object_center": [-0.50834897, 4.1482056, 0.5807093], "object_height": 1.1614185217679884, "occupancy_ratio": 0.2, "fov_vertical": 90.0, "sample_distance": 3.6664539754921437, "min_distance": 1.5402278203760469}, "sample_point": [0.20351317521817625, 0.5515214269584576, 1.5], "sample_forward": [-0.18832608577528712, 0.9515177294211093, -0.24320217107142678], "height": 1.5}, "sample_target": [0.20351317521817625, 0.5515214269584576, 1.5], "camera_params": {"forward": [-0.18832608577528712, 0.9515177294211093, -0.24320217107142678]}, "task_type": "screen_occupancy", "task_description": "Position where musical instrument occupies 20% of vertical FOV", "target_object": {"label": "musical instrument", "id": "113", "bbox_min": [-1.1719200557026397, 3.378091689811977, 3.9116005837058766e-08], "bbox_max": [0.15522211570263977, 4.918319510188024, 1.1614185608839942], "center": [-0.5083489699999999, 4.148205600000001, 0.5807093]}}
{"scene_id": "0273_840788", "object_label": "musical instrument", "preset": "occupancy_30", "distance": 2.4188281508494773, "init_camera": {"intrinsics": [[320.0, 0.0, 320.0], [0.0, 320.0, 240.0], [0.0, 0.0, 1.0]], "extrinsics": [[0.6427876096865394, -0.35171880372708186, 0.6805277157752325, -1.5172901674693948], [-0.7660444431189779, -0.2951271184855086, 0.5710305553129146, 3.301603413323868], [0.0, -0.8883658407656336, -0.45913629018056173, 1.2614185608839943], [0.0, 0.0, 0.0, 1.0]]}, "target_region": {"type": "circle", "params": {"center": [-0.50834897, 4.1482056], "radius": 2.4188281508494773, "object_center": [-0.50834897, 4.1482056, 0.5807093], "object_height": 1.1614185217679884, "occupancy_ratio": 0.3, "fov_vertical": 90.0, "sample_distance": 2.4188281508494773, "min_distance": 1.5402278203760469}, "sample_point": [-2.317359885085746, 2.54252532907352, 1.5], "sample_forward": [0.6990997382766478, 0.6205217712063787, -0.35526368714015966], "height": 1.5}, "sample_target": [-2.317359885085746, 2.54252532907352, 1.5], "camera_params": {"forward": [0.6990997382766478, 0.6205217712063787, -0.35526368714015966]}, "task_type": "screen_occupancy", "task_description": "Position where musical instrument occupies 30% of vertical FOV", "target_object": {"label": "musical instrument", "id": "113", "bbox_min": [-1.1719200557026397, 3.378091689811977, 3.9116005837058766e-08], "bbox_max": [0.15522211570263977, 4.918319510188024, 1.1614185608839942], "center": [-0.5083489699999999, 4.148205600000001, 0.5807093]}}
{"scene_id": "0273_840788", "object_label": "musical instrument", "preset": "occupancy_50", "distance": 1.5402278203760469, "init_camera": {"intrinsics": [[320.0, 0.0, 320.0], [0.0, 320.0, 240.0], [0.0, 0.0, 1.0]], "extrinsics": [[0.6427876096865394, -0.35171880372708186, 0.6805277157752325, -1.5172901674693948], [-0.7660444431189779, -0.2951271184855086, 0.5710305553129146, 3.301603413323868], [0.0, -0.8883658407656336, -0.45913629018056173, 1.2614185608839943], [0.0, 0.0, 0.0, 1.0]]}, "target_region": {"type": "circle", "params": {"center": [-0.50834897, 4.1482056], "radius": 1.5402278203760469, "object_center": [-0.50834897, 4.1482056, 0.5807093], "object_height": 1.1614185217679884, "occupancy_ratio": 0.5, "fov_vertical": 90.0, "sample_distance": 1.5402278203760469, "min_distance": 1.5402278203760469}, "sample_point": [-0.34286004719820684, 2.6168940199842767, 1.5], "sample_forward": [-0.09226066785391177, 0.853711696666797, -0.5125078615411172], "height": 1.5}, "sample_target": [-0.34286004719820684, 2.6168940199842767, 1.5], "camera_params": {"forward": [-0.09226066785391177, 0.853711696666797, -0.5125078615411172]}, "task_type": "screen_occupancy", "task_description": "Position where musical instrument occupies 50% of vertical FOV", "target_object": {"label": "musical instrument", "id": "113", "bbox_min": [-1.1719200557026397, 3.378091689811977, 3.9116005837058766e-08], "bbox_max": [0.15522211570263977, 4.918319510188024, 1.1614185608839942], "center": [-0.5083489699999999, 4.148205600000001, 0.5807093]}}
{"scene_id": "0273_840788", "object_label": "musical instrument", "preset": "occupancy_20", "distance": 3.6664539754921437, "init_camera": {"intrinsics": [[320.0, 0.0, 320.0], [0.0, 320.0, 240.0], [0.0, 0.0, 1.0]], "extrinsics": [[0.3420201433256688, -0.3590505845795425, 0.8683921345063977, -2.0554109691196047], [-0.9396926207859083, -0.13068372538283302, 0.3160688886312212, 3.585121081756099], [0.0, -0.9241236073346212, -0.38209365130403156, 1.2614185608839943], [0.0, 0.0, 0.0, 1.0]]}, "target_region": {"type": "circle", "params": {"center": [-0.50834897, 4.1482056], "radius": 3.6664539754921437, "object_center": [-0.50834897, 4.1482056, 0.5807093], "object_height": 1.1614185217679884, "occupancy_ratio": 0.2, "fov_vertical": 90.0, "sample_distance": 3.6664539754921437, "min_distance": 1.5402278203760469}, "sample_point": [-2.763588454303884, 7.039015109953725, 1.5], "sample_forward": [0.5966329680793132, -0.7647756569001224, -0.2432021710714268], "height": 1.5}, "sample_target": [-2.763588454303884, 7.039015109953725, 1.5], "camera_params": {"forward": [0.5966329680793132, -0.7647756569001224, -0.2432021710714268]}, "task_type": "screen_occupancy", "task_description": "Position where musical instrument occupies 20% of vertical FOV", "target_object": {"label": "musical instrument", "id": "113", "bbox_min": [-1.1719200557026397, 3.378091689811977, 3.9116005837058766e-08], "bbox_max": [0.15522211570263977, 4.918319510188024, 1.1614185608839942], "center": [-0.5083489699999999, 4.148205600000001, 0.5807093]}}
{"scene_id": "0273_840788", "object_label": "musical instrument", "preset": "occupancy_30", "distance": 2.4188281508494773, "init_camera": {"intrinsics": [[320.0, 0.0, 320.0], [0.0, 320.0, 240.0], [0.0, 0.0, 1.0]], "extrinsics": [[0.3420201433256688, -0.3590505845795425, 0.8683921345063977, -2.0554109691196047], [-0.9396926207859083, -0.13068372538283302, 0.3160688886312212, 3.585121081756099], [0.0, -0.9241236073346212, -0.38209365130403156, 1.2614185608839943], [0.0, 0.0, 0.0, 1.0]]}, "target_region": {"type": "circle", "params": {"center": [-0.50834897, 4.1482056], "radius": 2.4188281508494773, "object_center": [-0.50834897, 4.1482056, 0.5807093], "object_height": 1.1614185217679884, "occupancy_ratio": 0.3, "fov_vertical": 90.0, "sample_distance": 2.4188281508494773, "min_distance": 1.5402278203760469}, "sample_point": [-1.706639509294848, 2.0470560558746027, 1.5], "sample_forward": [0.4630843271394544, 0.8119979178282279, -0.35526368714015966], "height": 1.5}, "sample_target": [-1.706639509294848, 2.0470560558746027, 1.5], "camera_params": {"forward": [0.4630843271394544, 0.8119979178282279, -0.35526368714015966]}, "task_type": "screen_occupancy", "task_description": "Position where musical instrument occupies 30% of vertical FOV", "target_object": {"label": "musical instrument", "id": "113", "bbox_min": [-1.1719200557026397, 3.378091689811977, 3.9116005837058766e-08], "bbox_max": [0.15522211570263977, 4.918319510188024, 1.1614185608839942], "center": [-0.5083489699999999, 4.148205600000001, 0.5807093]}}
{"scene_id": "0273_840788", "object_label": "musical instrument", "preset": "occupancy_50", "distance": 1.5402278203760469, "init_camera": {"intrinsics": [[320.0, 0.0, 320.0], [0.0, 320.0, 240.0], [0.0, 0.0, 1.0]], "extrinsics": [[0.3420201433256688, -0.3590505845795425, 0.8683921345063977, -2.0554109691196047], [-0.9396926207859083, -0.13068372538283302, 0.3160688886312212, 3.585121081756099], [0.0, -0.9241236073346212, -0.38209365130403156, 1.2614185608839943], [0.0, 0.0, 0.0, 1.0]]}, "target_region": {"type": "circle", "params": {"center": [-0.50834897, 4.1482056], "radius": 1.5402278203760469, "object_center": [-0.50834897, 4.1482056, 0.5807093], "object_height": 1.1614185217679884, "occupancy_ratio": 0.5, "fov_vertical": 90.0, "sample_distance": 1.5402278203760469, "min_distance": 1.5402278203760469}, "sample_point": [-1.5460594982669718, 5.286387746312369, 1.5], "sample_forward": [0.5785273404167024, -0.6345406277370489, -0.5125078615411172], "height": 1.5}, "sample_target": [-1.5460594982669718, 5.286387746312369, 1.5], "camera_params": {"forward": [0.5785273404167024, -0.6345406277370489, -0.5125078615411172]}, "task_type": "screen_occupancy", "task_description": "Position where musical instrument occupies 50% of vertical FOV", "target_object": {"label": "musical instrument", "id": "113", "bbox_min": [-1.1719200557026397, 3.378091689811977, 3.9116005837058766e-08], "bbox_max": [0.15522211570263977, 4.918319510188024, 1.1614185608839942], "center": [-0.5083489699999999, 4.148205600000001, 0.5807093]}}
{"scene_id": "0273_840788", "object_label": "musical instrument", "preset": "occupancy_20", "distance": 3.6664539754921437, "init_camera": {"intrinsics": [[320.0, 0.0, 320.0], [0.0, 320.0, 240.0], [0.0, 0.0, 1.0]], "extrinsics": [[0.8660254037844385, -0.22956814509028098, 0.44418292038281715, -1.1668885668420936], [-0.5000000000000003, -0.39762369109571, 0.7693473859573601, 3.0075815594735706], [0.0, -0.8883658407656336, -0.4591362901805616, 1.2614185608839943], [0.0, 0.0, 0.0, 1.0]]}, "target_region": {"type": "circle", "params": {"center": [-0.50834897, 4.1482056], "radius": 3.6664539754921437, "object_center": [-0.50834897, 4.1482056, 0.5807093], "object_height": 1.1614185217679884, "occupancy_ratio": 0.2, "fov_vertical": 90.0, "sample_distance": 3.6664539754921437, "min_distance": 1.5402278203760469}, "sample_point": [3.0313387184783767, 5.103975353882571, 1.5], "sample_forward": [-0.9364390728120512, -0.2528528562169123, -0.2432021710714268], "height": 1.5}, "sample_target": [3.0313387184783767, 5.103975353882571, 1.5], "camera_params": {"forward": [-0.9364390728120512, -0.2528528562169123, -0.2432021710714268]}, "task_type": "screen_occupancy", "task_description": "Position where musical instrument occupies 20% of vertical FOV", "target_object": {"label": "musical instrument", "id": "113", "bbox_min": [-1.1719200557026397, 3.378091689811977, 3.9116005837058766e-08], "bbox_max": [0.15522211570263977, 4.918319510188024, 1.1614185608839942], "center": [-0.5083489699999999, 4.148205600000001, 0.5807093]}}
{"scene_id": "0273_840788", "object_label": "musical instrument", "preset": "occupancy_30", "distance": 2.4188281508494773, "init_camera": {"intrinsics": [[320.0, 0.0, 320.0], [0.0, 320.0, 240.0], [0.0, 0.0, 1.0]], "extrinsics": [[0.8660254037844385, -0.22956814509028098, 0.44418292038281715, -1.1668885668420936], [-0.5000000000000003, -0.39762369109571, 0.7693473859573601, 3.0075815594735706], [0.0, -0.8883658407656336, -0.4591362901805616, 1.2614185608839943], [0.0, 0.0, 0.0, 1.0]]}, "target_region": {"type": "circle", "params": {"center": [-0.50834897, 4.1482056], "radius": 2.4188281508494773, "object_center": [-0.50834897, 4.1482056, 0.5807093], "object_height": 1.1614185217679884, "occupancy_ratio": 0.3, "fov_vertical": 90.0, "sample_distance": 2.4188281508494773, "min_distance": 1.5402278203760469}, "sample_point": [-2.8492451471293356, 4.757249696304336, 1.5], "sample_forward": [0.9046489941639484, -0.23536760600757178, -0.35526368714015966], "height": 1.5}, "sample_target": [-2.8492451471293356, 4.757249696304336, 1.5], "camera_params": {"forward": [0.9046489941639484, -0.23536760600757178, -0.35526368714015966]}, "task_type": "screen_occupancy", "task_description": "Position where musical instrument occupies 30% of vertical FOV", "target_object": {"label": "musical instrument", "id": "113", "bbox_min": [-1.1719200557026397, 3.378091689811977, 3.9116005837058766e-08], "bbox_max": [0.15522211570263977, 4.918319510188024, 1.1614185608839942], "center": [-0.5083489699999999, 4.148205600000001, 0.5807093]}}
{"scene_id": "0273_840788", "object_label": "musical instrument", "preset": "occupancy_20", "distance": 3.6664539754921437, "init_camera": {"intrinsics": [[320.0, 0.0, 320.0], [0.0, 320.0, 240.0], [0.0, 0.0, 1.0]], "extrinsics": [[0.17364817766693003, -0.37628879018095357, 0.9100840932447444, -2.1296862215890675], [-0.9848077530122081, -0.0663498662470485, 0.16047238035264658, 3.86232009771714], [0.0, -0.9241236073346212, -0.3820936513040316, 1.2614185608839943], [0.0, 0.0, 0.0, 1.0]]}, "target_region": {"type": "circle", "params": {"center": [-0.50834897, 4.1482056], "radius": 3.6664539754921437, "object_center": [-0.50834897, 4.1482056, 0.5807093], "object_height": 1.1614185217679884, "occupancy_ratio": 0.2, "fov_vertical": 90.0, "sample_distance": 3.6664539754921437, "min_distance": 1.5402278203760469}, "sample_point": [-1.9328601349194372, 0.769795812034364, 1.5], "sample_forward": [0.3768603424617419, 0.8937723346947829, -0.2432021710714268], "height": 1.5}, "sample_target": [-1.9328601349194372, 0.769795812034364, 1.5], "camera_params": {"forward": [0.3768603424617419, 0.8937723346947829, -0.2432021710714268]}, "task_type": "screen_occupancy", "task_description": "Position where musical instrument occupies 20% of vertical FOV", "target_object": {"label": "musical instrument", "id": "113", "bbox_min": [-1.1719200557026397, 3.378091689811977, 3.9116005837058766e-08], "bbox_max": [0.15522211570263977, 4.918319510188024, 1.1614185608839942], "center": [-0.5083489699999999, 4.148205600000001, 0.5807093]}}
{"scene_id": "0273_840788", "object_label": "musical instrument", "preset": "occupancy_30", "distance": 2.4188281508494773, "init_camera": {"intrinsics": [[320.0, 0.0, 320.0], [0.0, 320.0, 240.0], [0.0, 0.0, 1.0]], "extrinsics": [[0.17364817766693003, -0.37628879018095357, 0.9100840932447444, -2.1296862215890675], [-0.9848077530122081, -0.0663498662470485, 0.16047238035264658, 3.86232009771714], [0.0, -0.9241236073346212, -0.3820936513040316, 1.2614185608839943], [0.0, 0.0, 0.0, 1.0]]}, "target_region": {"type": "circle", "params": {"center": [-0.50834897, 4.1482056], "radius": 2.4188281508494773, "object_center": [-0.50834897, 4.1482056, 0.5807093], "object_height": 1.1614185217679884, "occupancy_ratio": 0.3, "fov_vertical": 90.0, "sample_distance": 2.4188281508494773, "min_distance": 1.5402278203760469}, "sample_point": [-2.325387584803295, 5.74479580905667, 1.5], "sample_forward": [0.7022020759821316, -0.6170088792602287, -0.35526368714015966], "height": 1.5}, "sample_target": [-2.325387584803295, 5.74479580905667, 1.5], "camera_params": {"forward": [0.7022020759821316, -0.6170088792602287, -0.35526368714015966]}, "task_type": "screen_occupancy", "task_description": "Position where musical instrument occupies 30% of vertical FOV", "target_object": {"label": "musical instrument", "id": "113", "bbox_min": [-1.1719200557026397, 3.378091689811977, 3.9116005837058766e-08], "bbox_max": [0.15522211570263977, 4.918319510188024, 1.1614185608839942], "center": [-0.5083489699999999, 4.148205600000001, 0.5807093]}}
{"scene_id": "0273_840788", "object_label": "musical instrument", "preset": "occupancy_50", "distance": 1.5402278203760469, "init_camera": {"intrinsics": [[320.0, 0.0, 320.0], [0.0, 320.0, 240.0], [0.0, 0.0, 1.0]], "extrinsics": [[0.17364817766693003, -0.37628879018095357, 0.9100840932447444, -2.1296862215890675], [-0.9848077530122081, -0.0663498662470485, 0.16047238035264658, 3.86232009771714], [0.0, -0.9241236073346212, -0.3820936513040316, 1.2614185608839943], [0.0, 0.0, 0.0, 1.0]]}, "target_region": {"type": "circle", "params": {"center": [-0.50834897, 4.1482056], "radius": 1.5402278203760469, "object_center": [-0.50834897, 4.1482056, 0.5807093], "object_height": 1.1614185217679884, "occupancy_ratio": 0.5, "fov_vertical": 90.0, "sample_distance": 1.5402278203760469, "min_distance": 1.5402278203760469}, "sample_point": [0.023060483948294963, 2.702554974532448, 1.5], "sample_forward": [-0.29626267604553536, 0.8059554073525963, -0.5125078615411172], "height": 1.5}, "sample_target": [0.023060483948294963, 2.702554974532448, 1.5], "camera_params": {"forward": [-0.29626267604553536, 0.8059554073525963, -0.5125078615411172]}, "task_type": "screen_occupancy", "task_description": "Position where musical instrument occupies 50% of vertical FOV", "target_object": {"label": "musical instrument", "id": "113", "bbox_min": [-1.1719200557026397, 3.378091689811977, 3.9116005837058766e-08], "bbox_max": [0.15522211570263977, 4.918319510188024, 1.1614185608839942], "center": [-0.5083489699999999, 4.148205600000001, 0.5807093]}}
{"scene_id": "0273_840788", "object_label": "musical instrument", "preset": "occupancy_20", "distance": 3.6664539754921437, "init_camera": {"intrinsics": [[320.0, 0.0, 320.0], [0.0, 320.0, 240.0], [0.0, 0.0, 1.0]], "extrinsics": [[0.7660444431189779, -0.2951271184855086, 0.5710305553129146, -1.3549511566761328], [-0.6427876096865395, -0.3517188037270818, 0.6805277157752324, 3.139264402530606], [0.0, -0.8883658407656336, -0.4591362901805617, 1.2614185608839943], [0.0, 0.0, 0.0, 1.0]]}, "target_region": {"type": "circle", "params": {"center": [-0.50834897, 4.1482056], "radius": 3.6664539754921437, "object_center": [-0.50834897, 4.1482056, 0.5807093], "object_height": 1.1614185217679884, "occupancy_ratio": 0.2, "fov_vertical": 90.0, "sample_distance": 3.6664539754921437, "min_distance": 1.5402278203760469}, "sample_point": [-3.8896135269319165, 2.7304839240571663, 1.5], "sample_forward": [0.894527575676234, 0.37506415496677914, -0.2432021710714268], "height": 1.5}, "sample_target": [-3.8896135269319165, 2.7304839240571663, 1.5], "camera_params": {"forward": [0.894527575676234, 0.37506415496677914, -0.2432021710714268]}, "task_type": "screen_occupancy", "task_description": "Position where musical instrument occupies 20% of vertical FOV", "target_object": {"label": "musical instrument", "id": "113", "bbox_min": [-1.1719200557026397, 3.378091689811977, 3.9116005837058766e-08], "bbox_max": [0.15522211570263977, 4.918319510188024, 1.1614185608839942], "center": [-0.5083489699999999, 4.148205600000001, 0.5807093]}}
{"scene_id": "0273_840788", "object_label": "musical instrument", "preset": "occupancy_30", "distance": 2.4188281508494773, "init_camera": {"intrinsics": [[320.0, 0.0, 320.0], [0.0, 320.0, 240.0], [0.0, 0.0, 1.0]], "extrinsics": [[0.7660444431189779, -0.2951271184855086, 0.5710305553129146, -1.3549511566761328], [-0.6427876096865395, -0.3517188037270818, 0.6805277157752324, 3.139264402530606], [0.0, -0.8883658407656336, -0.4591362901805617, 1.2614185608839943], [0.0, 0.0, 0.0, 1.0]]}, "target_region": {"type": "circle", "params": {"center": [-0.50834897, 4.1482056], "radius": 2.4188281508494773, "object_center": [-0.50834897, 4.1482056, 0.5807093], "object_height": 1.1614185217679884, "occupancy_ratio": 0.3, "fov_vertical": 90.0, "sample_distance": 2.4188281508494773, "min_distance": 1.5402278203760469}, "sample_point": [-1.2042810419327172, 6.4647565220816485, 1.5], "sample_forward": [0.2689458229849469, -0.8952406698193109, -0.35526368714015966], "height": 1.5}, "sample_target": [-1.2042810419327172, 6.4647565220816485, 1.5], "camera_params": {"forward": [0.2689458229849469, -0.8952406698193109, -0.35526368714015966]}, "task_type": "screen_occupancy", "task_description": "Position where musical instrument occupies 30% of vertical FOV", "target_object": {"label": "musical instrument", "id": "113", "bbox_min": [-1.1719200557026397, 3.378091689811977, 3.9116005837058766e-08], "bbox_max": [0.15522211570263977, 4.918319510188024, 1.1614185608839942], "center": [-0.5083489699999999, 4.148205600000001, 0.5807093]}}
{"scene_id": "0273_840788", "object_label": "musical instrument", "preset": "occupancy_50", "distance": 1.5402278203760469, "init_camera": {"intrinsics": [[320.0, 0.0, 320.0], [0.0, 320.0, 240.0], [0.0, 0.0, 1.0]], "extrinsics": [[0.7660444431189779, -0.2951271184855086, 0.5710305553129146, -1.3549511566761328], [-0.6427876096865395, -0.3517188037270818, 0.6805277157752324, 3.139264402530606], [0.0, -0.8883658407656336, -0.4591362901805617, 1.2614185608839943], [0.0, 0.0, 0.0, 1.0]]}, "target_region": {"type": "circle", "params": {"center": [-0.50834897, 4.1482056], "radius": 1.5402278203760469, "object_center": [-0.50834897, 4.1482056, 0.5807093], "object_height": 1.1614185217679884, "occupancy_ratio": 0.5, "fov_vertical": 90.0, "sample_distance": 1.5402278203760469, "min_distance": 1.5402278203760469}, "sample_point": [0.6426001242292588, 3.1246735188451407, 1.5], "sample_forward": [-0.6416582469790276, 0.5706228053121891, -0.5125078615411172], "height": 1.5}, "sample_target": [0.6426001242292588, 3.1246735188451407, 1.5], "camera_params": {"forward": [-0.6416582469790276, 0.5706228053121891, -0.5125078615411172]}, "task_type": "screen_occupancy", "task_description": "Position where musical instrument occupies 50% of vertical FOV", "target_object": {"label": "musical instrument", "id": "113", "bbox_min": [-1.1719200557026397, 3.378091689811977, 3.9116005837058766e-08], "bbox_max": [0.15522211570263977, 4.918319510188024, 1.1614185608839942], "center": [-0.5083489699999999, 4.148205600000001, 0.5807093]}}
{"scene_id": "0273_840788", "object_label": "tv cabinet", "preset": "left", "distance": 2.2892800201597807, "init_camera": {"intrinsics": [[320.0, 0.0, 320.0], [0.0, 320.0, 240.0], [0.0, 0.0, 1.0]], "extrinsics": [[0.9396926207859082, -0.08744447200937519, 0.33065275252976956, -0.8057477747666255], [-0.34202014332566943, -0.24025171230188958, 0.9084609712560571, 0.6394984172119149], [0.0, -0.9667639727725748, -0.2556705320309486, 0.61124], [0.0, 0.0, 0.0, 1.0]]}, "target_region": {"type": "circle", "params": {"center": [-0.3458327, 1.9031047], "radius": 2.2892800201597807, "object_center": [-0.3458327, 1.9031047, 0.25562], "sample_distance": 2.2892800201597807, "min_distance": 2.2892800201597807, "requested_distance": 0.8}, "sample_point": [0.15780517994032128, -0.33008850628376996, 1.5], "sample_forward": [-0.19328866216620788, 0.8570660476380426, -0.4775743743796372], "height": 1.5}, "sample_target": [0.15780517994032128, -0.33008850628376996, 1.5], "camera_params": {"forward": [-0.19328866216620788, 0.8570660476380426, -0.4775743743796372]}, "task_type": "absolute_positioning", "task_description": "Move to any position 2.3m from tv cabinet", "target_object": {"label": "tv cabinet", "id": "135", "bbox_min": [-0.5764337500338055, 0.7584646899201098, 0.0], "bbox_max": [-0.11523164996619455, 3.0477447100798907, 0.51124], "center": [-0.3458327, 1.9031047000000003, 0.25562]}}
{"scene_id": "0273_840788", "object_label": "tv cabinet", "preset": "left", "distance": 2.2892800201597807, "init_camera": {"intrinsics": [[320.0, 0.0, 320.0], [0.0, 320.0, 240.0], [0.0, 0.0, 1.0]], "extrinsics": [[0.9396926207859082, -0.08744447200937519, 0.33065275252976956, -0.8057477747666255], [-0.34202014332566943, -0.24025171230188958, 0.9084609712560571, 0.6394984172119149], [0.0, -0.9667639727725748, -0.2556705320309486, 0.61124], [0.0, 0.0, 0.0, 1.0]]}, "target_region": {"type": "circle", "params": {"center": [-0.3458327, 1.9031047], "radius": 2.2892800201597807, "object_center": [-0.3458327, 1.9031047, 0.25562], "sample_distance": 2.2892800201597807, "min_distance": 2.2892800201597807, "requested_distance": 1.2}, "sample_point": [-0.5295556797921461, -0.3787911953902916, 1.5], "sample_forward": [0.07051012322071788, 0.8757574090233534, -0.4775743743796372], "height": 1.5}, "sample_target": [-0.5295556797921461, -0.3787911953902916, 1.5], "camera_params": {"forward": [0.07051012322071788, 0.8757574090233534, -0.4775743743796372]}, "task_type": "absolute_positioning", "task_description": "Move to any position 2.3m from tv cabinet", "target_object": {"label": "tv cabinet", "id": "135", "bbox_min": [-0.5764337500338055, 0.7584646899201098, 0.0], "bbox_max": [-0.11523164996619455, 3.0477447100798907, 0.51124], "center": [-0.3458327, 1.9031047000000003, 0.25562]}}
{"scene_id": "0273_840788", "object_label": "tv cabinet", "preset": "front", "distance": 2.2892800201597807, "init_camera": {"intrinsics": [[320.0, 0.0, 320.0], [0.0, 320.0, 240.0], [0.0, 0.0, 1.0]], "extrinsics": [[-0.8660254037844388, -0.12783526601547424, 0.4833819863862872, -1.018183559651996], [-0.49999999999999983, 0.22141717573788455, -0.8372421598846173, 3.067650549429869], [0.0, -0.9667639727725748, -0.2556705320309486, 0.61124], [0.0, 0.0, 0.0, 1.0]]}, "target_region": {"type": "circle", "params": {"center": [-0.3458327, 1.9031047], "radius": 2.2892800201597807, "object_center": [-0.3458327, 1.9031047, 0.25562], "sample_distance": 2.2892800201597807, "min_distance": 2.2892800201597807, "requested_distance": 0.8}, "sample_point": [1.823314834384718, 1.1712563654555646, 1.5], "sample_forward": [-0.8324862796500381, 0.2808724107674812, -0.4775743743796373], "height": 1.5}, "sample_target": [1.823314834384718, 1.1712563654555646, 1.5], "camera_params": {"forward": [-0.8324862796500381, 0.2808724107674812, -0.4775743743796373]}, "task_type": "absolute_positioning", "task_description": "Move to any position 2.3m from tv cabinet", "target_object": {"label": "tv cabinet", "id": "135", "bbox_min": [-0.5764337500338055, 0.7584646899201098, 0.0], "bbox_max": [-0.11523164996619455, 3.0477447100798907, 0.51124], "center": [-0.3458327, 1.9031047000000003, 0.25562]}}
{"scene_id": "0273_840788", "object_label": "tv cabinet", "preset": "right", "distance": 2.2892800201597807, "init_camera": {"intrinsics": [[320.0, 0.0, 320.0], [0.0, 320.0, 240.0], [0.0, 0.0, 1.0]], "extrinsics": [[-0.8660254037844388, -0.12783526601547424, 0.4833819863862872, -1.018183559651996], [-0.49999999999999983, 0.22141717573788455, -0.8372421598846173, 3.067650549429869], [0.0, -0.9667639727725748, -0.2556705320309486, 0.61124], [0.0, 0.0, 0.0, 1.0]]}, "target_region": {"type": "circle", "params": {"center": [-0.3458327, 1.9031047], "radius": 2.2892800201597807, "object_center": [-0.3458327, 1.9031047, 0.25562], "sample_distance": 2.2892800201597807, "min_distance": 2.2892800201597807, "requested_distance": 1.0}, "sample_point": [0.9102101846247225, 3.817042860622326, 1.5], "sample_forward": [-0.48205041451859293, -0.734540750944664, -0.4775743743796372], "height": 1.5}, "sample_target": [0.9102101846247225, 3.817042860622326, 1.5], "camera_params": {"forward": [-0.48205041451859293, -0.734540750944664, -0.4775743743796372]}, "task_type": "absolute_positioning", "task_description": "Move to any position 2.3m from tv cabinet", "target_object": {"label": "tv cabinet", "id": "135", "bbox_min": [-0.5764337500338055, 0.7584646899201098, 0.0], "bbox_max": [-0.11523164996619455, 3.0477447100798907, 0.51124], "center": [-0.3458327, 1.9031047000000003, 0.25562]}}
{"scene_id": "0273_840788", "object_label": "tv cabinet", "preset": "back", "distance": 2.2892800201597807, "init_camera": {"intrinsics": [[320.0, 0.0, 320.0], [0.0, 320.0, 240.0], [0.0, 0.0, 1.0]], "extrinsics": [[-0.8660254037844388, -0.12783526601547424, 0.4833819863862872, -1.018183559651996], [-0.49999999999999983, 0.22141717573788455, -0.8372421598846173, 3.067650549429869], [0.0, -0.9667639727725748, -0.2556705320309486, 0.61124], [0.0, 0.0, 0.0, 1.0]]}, "target_region": {"type": "circle", "params": {"center": [-0.3458327, 1.9031047], "radius": 2.2892800201597807, "object_center": [-0.3458327, 1.9031047, 0.25562], "sample_distance": 2.2892800201597807, "min_distance": 2.2892800201597807, "requested_distance": 1.2}, "sample_point": [-2.592947161589035, 2.340459941445882, 1.5], "sample_forward": [0.8624088165615157, -0.16785037996044003, -0.4775743743796373], "height": 1.5}, "sample_target": [-2.592947161589035, 2.340459941445882, 1.5], "camera_params": {"forward": [0.8624088165615157, -0.16785037996044003, -0.4775743743796373]}, "task_type": "absolute_positioning", "task_description": "Move to any position 2.3m from tv cabinet", "target_object": {"label": "tv cabinet", "id": "135", "bbox_min": [-0.5764337500338055, 0.7584646899201098, 0.0], "bbox_max": [-0.11523164996619455, 3.0477447100798907, 0.51124], "center": [-0.3458327, 1.9031047000000003, 0.25562]}}
{"scene_id": "0273_840788", "object_label": "tv cabinet", "preset": "front", "distance": 2.2892800201597807, "init_camera": {"intrinsics": [[320.0, 0.0, 320.0], [0.0, 320.0, 240.0], [0.0, 0.0, 1.0]], "extrinsics": [[-0.8660254037844388, -0.12783526601547424, 0.4833819863862872, -1.018183559651996], [-0.49999999999999983, 0.22141717573788455, -0.8372421598846173, 3.067650549429869], [0.0, -0.9667639727725748, -0.2556705320309486, 0.61124], [0.0, 0.0, 0.0, 1.0]]}, "target_region": {"type": "circle", "params": {"center": [-0.3458327, 1.9031047], "radius": 2.2892800201597807, "object_center": [-0.3458327, 1.9031047, 0.25562], "sample_distance": 2.2892800201597807, "min_distance": 2.2892800201597807, "requested_distance": 1.5}, "sample_point": [1.4035729863382094, 3.3797166176379094, 1.5], "sample_forward": [-0.6713956558198864, -0.5667015001586662, -0.4775743743796373], "height": 1.5}, "sample_target": [1.4035729863382094, 3.3797166176379094, 1.5], "camera_params": {"forward": [-0.6713956558198864, -0.5667015001586662, -0.4775743743796373]}, "task_type": "absolute_positioning", "task_description": "Move to any position 2.3m from tv cabinet", "target_object": {"label": "tv cabinet", "id": "135", "bbox_min": [-0.5764337500338055, 0.7584646899201098, 0.0], "bbox_max": [-0.11523164996619455, 3.0477447100798907, 0.51124], "center": [-0.3458327, 1.9031047000000003, 0.25562]}}
{"scene_id": "0273_840788", "object_label": "tv cabinet", "preset": "left", "distance": 2.2892800201597807, "init_camera": {"intrinsics": [[320.0, 0.0, 320.0], [0.0, 320.0, 240.0], [0.0, 0.0, 1.0]], "extrinsics": [[-0.9396926207859083, -0.08744447200937501, 0.33065275252976895, -0.8057477747666246], [-0.3420201433256687, 0.2402517123018896, -0.9084609712560574, 3.1667109827880857], [0.0, -0.9667639727725748, -0.2556705320309486, 0.61124], [0.0, 0.0, 0.0, 1.0]]}, "target_region": {"type": "circle", "params": {"center": [-0.3458327, 1.9031047], "radius": 2.2892800201597807, "object_center": [-0.3458327, 1.9031047, 0.25562], "sample_distance": 2.2892800201597807, "min_distance": 2.2892800201597807, "requested_distance": 0.8}, "sample_point": [-0.824863016423751, -0.3354959715467869, 1.5], "sample_forward": [0.18384464847952603, 0.8591413516769738, -0.4775743743796373], "height": 1.5}, "sample_target": [-0.824863016423751, -0.3354959715467869, 1.5], "camera_params": {"forward": [0.18384464847952603, 0.8591413516769738, -0.4775743743796373]}, "task_type": "absolute_positioning", "task_description": "Move to any position 2.3m from tv cabinet", "target_object": {"label": "tv cabinet", "id": "135", "bbox_min": [-0.5764337500338055, 0.7584646899201098, 0.0], "bbox_max": [-0.11523164996619455, 3.0477447100798907, 0.51124], "center": [-0.3458327, 1.9031047000000003, 0.25562]}}
{"scene_id": "0273_840788", "object_label": "tv cabinet", "preset": "right", "distance": 2.2892800201597807, "init_camera": {"intrinsics": [[320.0, 0.0, 320.0], [0.0, 320.0, 240.0], [0.0, 0.0, 1.0]], "extrinsics": [[-0.9396926207859083, -0.08744447200937501, 0.33065275252976895, -0.8057477747666246], [-0.3420201433256687, 0.2402517123018896, -0.9084609712560574, 3.1667109827880857], [0.0, -0.9667639727725748, -0.2556705320309486, 0.61124], [0.0, 0.0, 0.0, 1.0]]}, "target_region": {"type": "circle", "params": {"center": [-0.3458327, 1.9031047], "radius": 2.2892800201597807, "object_center": [-0.3458327, 1.9031047, 0.25562], "sample_distance": 2.2892800201597807, "min_distance": 2.2892800201597807, "requested_distance": 1.0}, "sample_point": [-0.8496590915165997, 4.136255384103992, 1.5], "sample_forward": [0.193361010080916, -0.8570497282634106, -0.4775743743796372], "height": 1.5}, "sample_target": [-0.8496590915165997, 4.136255384103992, 1.5], "camera_params": {"forward": [0.193361010080916, -0.8570497282634106, -0.4775743743796372]}, "task_type": "absolute_positioning", "task_description": "Move to any position 2.3m from tv cabinet", "target_object": {"label": "tv cabinet", "id": "135", "bbox_min": [-0.5764337500338055, 0.7584646899201098, 0.0], "bbox_max": [-0.11523164996619455, 3.0477447100798907, 0.51124], "center": [-0.3458327, 1.9031047000000003, 0.25562]}}
{"scene_id": "0273_840788", "object_label": "tv cabinet", "preset": "left", "distance": 2.2892800201597807, "init_camera": {"intrinsics": [[320.0, 0.0, 320.0], [0.0, 320.0, 240.0], [0.0, 0.0, 1.0]], "extrinsics": [[-0.9396926207859083, -0.08744447200937501, 0.33065275252976895, -0.8057477747666246], [-0.3420201433256687, 0.2402517123018896, -0.9084609712560574, 3.1667109827880857], [0.0, -0.9667639727725748, -0.2556705320309486, 0.61124], [0.0, 0.0, 0.0, 1.0]]}, "target_region": {"type": "circle", "params": {"center": [-0.3458327, 1.9031047], "radius": 2.2892800201597807, "object_center": [-0.3458327, 1.9031047, 0.25562], "sample_distance": 2.2892800201597807, "min_distance": 2.2892800201597807, "requested_distance": 1.2}, "sample_point": [-0.858376860680997, -0.3280612494655655, 1.5], "sample_forward": [0.1967067590922093, 0.856288016886455, -0.4775743743796373], "height": 1.5}, "sample_target": [-0.858376860680997, -0.3280612494655655, 1.5], "camera_params": {"forward": [0.1967067590922093, 0.856288016886455, -0.4775743743796373]}, "task_type": "absolute_positioning", "task_description": "Move to any position 2.3m from tv cabinet", "target_object": {"label": "tv cabinet", "id": "135", "bbox_min": [-0.5764337500338055, 0.7584646899201098, 0.0], "bbox_max": [-0.11523164996619455, 3.0477447100798907, 0.51124], "center": [-0.3458327, 1.9031047000000003, 0.25562]}}
{"scene_id": "0273_840788", "object_label": "tv cabinet", "preset": "left", "distance": 2.2892800201597807, "init_camera": {"intrinsics": [[320.0, 0.0, 320.0], [0.0, 320.0, 240.0], [0.0, 0.0, 1.0]], "extrinsics": [[-0.9396926207859083, -0.08744447200937501, 0.33065275252976895, -0.8057477747666246], [-0.3420201433256687, 0.2402517123018896, -0.9084609712560574, 3.1667109827880857], [0.0, -0.9667639727725748, -0.2556705320309486, 0.61124], [0.0, 0.0, 0.0, 1.0]]}, "target_region": {"type": "circle", "params": {"center": [-0.3458327, 1.9031047], "radius": 2.2892800201597807, "object_center": [-0.3458327, 1.9031047, 0.25562], "sample_distance": 2.2892800201597807, "min_distance": 2.2892800201597807, "requested_distance": 1.5}, "sample_point": [-1.8941378790912569, 0.21682059490324712, 1.5], "sample_forward": [0.5942162982796727, 0.6471705399619957, -0.4775743743796372], "height": 1.5}, "sample_target": [-1.8941378790912569, 0.21682059490324712, 1.5], "camera_params": {"forward": [0.5942162982796727, 0.6471705399619957, -0.4775743743796372]}, "task_type": "absolute_positioning", "task_description": "Move to any position 2.3m from tv cabinet", "target_object": {"label": "tv cabinet", "id": "135", "bbox_min": [-0.5764337500338055, 0.7584646899201098, 0.0], "bbox_max": [-0.11523164996619455, 3.0477447100798907, 0.51124], "center": [-0.3458327, 1.9031047000000003, 0.25562]}}
{"scene_id": "0273_840788", "object_label": "fireplace", "preset": "occupancy_20", "distance": 3.1568756726579132, "init_camera": {"intrinsics": [[320.0, 0.0, 320.0], [0.0, 320.0, 240.0], [0.0, 0.0, 1.0]], "extrinsics": [[0.1736481776669304, 0.3602243005711599, -0.9165613801982782, -1.182957184872917], [0.984807753012208, -0.06351726329753123, 0.16161450080434586, -0.7386139071639042], [-0.0, -0.93070081688006, -0.365781341047885, 1.0999999865880676], [0.0, 0.0, 0.0, 1.0]]}, "target_region": {"type": "circle", "params": {"center": [-2.686415, -0.47351373], "radius": 3.1568756726579132, "object_center": [-2.686415, -0.47351373, 0.5], "object_height": 0.9999999731761352, "occupancy_ratio": 0.2, "fov_vertical": 90.0, "sample_distance": 3.1568756726579132, "min_distance": 1.291811175236199}, "sample_point": [0.4702695778835202, -0.43877918852192893, 1.5], "sample_forward": [-0.9532564676393717, -0.01048914628545477, -0.301980272060792], "height": 1.5}, "sample_target": [0.4702695778835202, -0.43877918852192893, 1.5], "camera_params": {"forward": [-0.9532564676393717, -0.01048914628545477, -0.301980272060792]}, "task_type": "screen_occupancy", "task_description": "Position where fireplace occupies 20% of vertical FOV", "target_object": {"label": "fireplace", "id": "143", "bbox_min": [-3.3323205876180997, -0.6472470747335921, 1.3411932400231307e-08], "bbox_max": [-2.0405094123819008, -0.299780385266408, 0.9999999865880677], "center": [-2.686415, -0.4735137300000001, 0.5]}}
{"scene_id": "0273_840788", "object_label": "fireplace", "preset": "occupancy_30", "distance": 2.0826498291804896, "init_camera": {"intrinsics": [[320.0, 0.0, 320.0], [0.0, 320.0, 240.0], [0.0, 0.0, 1.0]], "extrinsics": [[0.1736481776669304, 0.3602243005711599, -0.9165613801982782, -1.182957184872917], [0.984807753012208, -0.06351726329753123, 0.16161450080434586, -0.7386139071639042], [-0.0, -0.93070081688006, -0.365781341047885, 1.0999999865880676], [0.0, 0.0, 0.0, 1.0]]}, "target_region": {"type": "circle", "params": {"center": [-2.686415, -0.47351373], "radius": 2.0826498291804896, "object_center": [-2.686415, -0.47351373, 0.5], "object_height": 0.9999999731761352, "occupancy_ratio": 0.3, "fov_vertical": 90.0, "sample_distance": 2.0826498291804896, "min_distance": 1.291811175236199}, "sample_point": [-1.0614060953941642, 0.8290899591308358, 1.5], "sample_forward": [-0.7033793860934623, -0.5638274230910549, -0.43284648108686813], "height": 1.5}, "sample_target": [-1.0614060953941642, 0.8290899591308358, 1.5], "camera_params": {"forward": [-0.7033793860934623, -0.5638274230910549, -0.43284648108686813]}, "task_type": "screen_occupancy", "task_description": "Position where fireplace occupies 30% of vertical FOV", "target_object": {"label": "fireplace", "id": "143", "bbox_min": [-3.3323205876180997, -0.6472470747335921, 1.3411932400231307e-08], "bbox_max": [-2.0405094123819008, -0.299780385266408, 0.9999999865880677], "center": [-2.686415, -0.4735137300000001, 0.5]}}
{"scene_id": "0273_840788", "object_label": "fireplace", "preset": "occupancy_50", "distance": 1.291811175236199, "init_camera": {"intrinsics": [[320.0, 0.0, 320.0], [0.0, 320.0, 240.0], [0.0, 0.0, 1.0]], "extrinsics": [[0.1736481776669304, 0.3602243005711599, -0.9165613801982782, -1.182957184872917], [0.984807753012208, -0.06351726329753123, 0.16161450080434586, -0.7386139071639042], [-0.0, -0.93070081688006, -0.365781341047885, 1.0999999865880676], [0.0, 0.0, 0.0, 1.0]]}, "target_region": {"type": "circle", "params": {"center": [-2.686415, -0.47351373], "radius": 1.291811175236199, "object_center": [-2.686415, -0.47351373, 0.5], "object_height": 0.9999999731761352, "occupancy_ratio": 0.5, "fov_vertical": 90.0, "sample_distance": 1.291811175236199, "min_distance": 1.291811175236199}, "sample_point": [-2.630726198192189, 0.8170965403056176, 1.5], "sample_forward": [-0.0340888070273326, -0.7900217462709125, -0.6121303730860863], "height": 1.5}, "sample_target": [-2.630726198192189, 0.8170965403056176, 1.5], "camera_params": {"forward": [-0.0340888070273326, -0.7900217462709125, -0.6121303730860863]}, "task_type": "screen_occupancy", "task_description": "Position where fireplace occupies 50% of vertical FOV", "target_object": {"label": "fireplace", "id": "143", "bbox_min": [-3.3323205876180997, -0.6472470747335921, 1.3411932400231307e-08], "bbox_max": [-2.0405094123819008, -0.299780385266408, 0.9999999865880677], "center": [-2.686415, -0.4735137300000001, 0.5]}}
