{"scene_id": "0287_840756", "object_label": "wardrobe", "preset": "occupancy_20", "distance": 7.734345607960776, "init_camera": {"intrinsics": [[320.0, 0.0, 320.0], [0.0, 320.0, 240.0], [0.0, 0.0, 1.0]], "extrinsics": [[1.0, -2.9619843699525307e-17, 1.8612097295390832e-16, -3.3510000062070184], [-1.884631309144942e-16, -0.15716518958269796, 0.9875723280770046, -3.29087183185399], [0.0, -0.9875723280770046, -0.15716518958269796, 1.6], [0.0, 0.0, 0.0, 1.0]]}, "target_region": {"type": "circle", "params": {"center": [-3.351000006207017, -0.9345000168725965], "radius": 7.734345607960776, "object_center": [-3.351000006207017, -0.9345000168725965, 1.225], "object_height": 2.4500000007868055, "occupancy_ratio": 0.2, "fov_vertical": 90.0, "sample_distance": 7.734345607960776, "min_distance": 2.4500000007868055}, "sample_point": [0.041104105024422743, -7.885308004577976, 1.5], "sample_forward": [-0.4382997803309131, 0.8981262114114875, -0.03553323708193733], "height": 1.5}, "sample_target": [0.041104105024422743, -7.885308004577976, 1.5], "camera_params": {"forward": [-0.4382997803309131, 0.8981262114114875, -0.03553323708193733]}, "task_type": "screen_occupancy", "task_description": "Position where wardrobe occupies 20% of vertical FOV", "target_object": {"label": "wardrobe", "id": "130", "bbox_min": [-4.210000065960488, -1.689000255600888, -3.9340284274658187e-10], "bbox_max": [-2.491999946453548, -0.1799997781443051, 2.450000000393403], "center": [-3.351000006207018, -0.9345000168725965, 1.225]}}
{"scene_id": "0287_840756", "object_label": "wardrobe", "preset": "occupancy_30", "distance": 5.102492219999402, "init_camera": {"intrinsics": [[320.0, 0.0, 320.0], [0.0, 320.0, 240.0], [0.0, 0.0, 1.0]], "extrinsics": [[1.0, -2.9619843699525307e-17, 1.8612097295390832e-16, -3.3510000062070184], [-1.884631309144942e-16, -0.15716518958269796, 0.9875723280770046, -3.29087183185399], [0.0, -0.9875723280770046, -0.15716518958269796, 1.6], [0.0, 0.0, 0.0, 1.0]]}, "target_region": {"type": "circle", "params": {"center": [-3.351000006207017, -0.9345000168725965], "radius": 5.102492219999402, "object_center": [-3.351000006207017, -0.9345000168725965, 1.225], "object_height": 2.4500000007868055, "occupancy_ratio": 0.3, "fov_vertical": 90.0, "sample_distance": 5.102492219999402, "min_distance": 2.4500000007868055}, "sample_point": [0.4318200686119682, -4.3587808372348675, 1.5], "sample_forward": [-0.7402927590365449, 0.670127113128216, -0.05381712709262056], "height": 1.5}, "sample_target": [0.4318200686119682, -4.3587808372348675, 1.5], "camera_params": {"forward": [-0.7402927590365449, 0.670127113128216, -0.05381712709262056]}, "task_type": "screen_occupancy", "task_description": "Position where wardrobe occupies 30% of vertical FOV", "target_object": {"label": "wardrobe", "id": "130", "bbox_min": [-4.210000065960488, -1.689000255600888, -3.9340284274658187e-10], "bbox_max": [-2.491999946453548, -0.1799997781443051, 2.450000000393403], "center": [-3.351000006207018, -0.9345000168725965, 1.225]}}
{"scene_id": "0287_840756", "object_label": "wardrobe", "preset": "occupancy_50", "distance": 2.9574116148567997, "init_camera": {"intrinsics": [[320.0, 0.0, 320.0], [0.0, 320.0, 240.0], [0.0, 0.0, 1.0]], "extrinsics": [[1.0, -2.9619843699525307e-17, 1.8612097295390832e-16, -3.3510000062070184], [-1.884631309144942e-16, -0.15716518958269796, 0.9875723280770046, -3.29087183185399], [0.0, -0.9875723280770046, -0.15716518958269796, 1.6], [0.0, 0.0, 0.0, 1.0]]}, "target_region": {"type": "circle", "params": {"center": [-3.351000006207017, -0.9345000168725965], "radius": 2.9574116148567997, "object_center": [-3.351000006207017, -0.9345000168725965, 1.225], "object_height": 2.4500000007868055, "occupancy_ratio": 0.5, "fov_vertical": 90.0, "sample_distance": 2.9574116148567997, "min_distance": 2.4500000007868055}, "sample_point": [-1.709035155051598, -3.394222539284437, 1.5], "sample_forward": [-0.5528185183260657, 0.8281420636843203, -0.0925873001682654], "height": 1.5}, "sample_target": [-1.709035155051598, -3.394222539284437, 1.5], "camera_params": {"forward": [-0.5528185183260657, 0.8281420636843203, -0.0925873001682654]}, "task_type": "screen_occupancy", "task_description": "Position where wardrobe occupies 50% of vertical FOV", "target_object": {"label": "wardrobe", "id": "130", "bbox_min": [-4.210000065960488, -1.689000255600888, -3.9340284274658187e-10], "bbox_max": [-2.491999946453548, -0.1799997781443051, 2.450000000393403], "center": [-3.351000006207018, -0.9345000168725965, 1.225]}}
{"scene_id": "0287_840756", "object_label": "wardrobe", "preset": "occupancy_20", "distance": 7.734345607960776, "init_camera": {"intrinsics": [[320.0, 0.0, 320.0], [0.0, 320.0, 240.0], [0.0, 0.0, 1.0]], "extrinsics": [[0.6427876096865397, 0.1494596666583981, -0.7513227647794424, -1.9069315783760767], [0.7660444431189778, -0.12541155116894118, 0.6304346548215249, -2.146217302060295], [-0.0, -0.9807822137843655, -0.19510573831704547, 1.6], [0.0, 0.0, 0.0, 1.0]]}, "target_region": {"type": "circle", "params": {"center": [-3.351000006207017, -0.9345000168725965], "radius": 7.734345607960776, "object_center": [-3.351000006207017, -0.9345000168725965, 1.225], "object_height": 2.4500000007868055, "occupancy_ratio": 0.2, "fov_vertical": 90.0, "sample_distance": 7.734345607960776, "min_distance": 2.4500000007868055}, "sample_point": [4.335102398268612, -0.07198519885721899, 1.5], "sample_forward": [-0.9931349053610224, -0.11144706732808891, -0.03553323708193733], "height": 1.5}, "sample_target": [4.335102398268612, -0.07198519885721899, 1.5], "camera_params": {"forward": [-0.9931349053610224, -0.11144706732808891, -0.03553323708193733]}, "task_type": "screen_occupancy", "task_description": "Position where wardrobe occupies 20% of vertical FOV", "target_object": {"label": "wardrobe", "id": "130", "bbox_min": [-4.210000065960488, -1.689000255600888, -3.9340284274658187e-10], "bbox_max": [-2.491999946453548, -0.1799997781443051, 2.450000000393403], "center": [-3.351000006207018, -0.9345000168725965, 1.225]}}
{"scene_id": "0287_840756", "object_label": "wardrobe", "preset": "occupancy_30", "distance": 5.102492219999402, "init_camera": {"intrinsics": [[320.0, 0.0, 320.0], [0.0, 320.0, 240.0], [0.0, 0.0, 1.0]], "extrinsics": [[0.6427876096865397, 0.1494596666583981, -0.7513227647794424, -1.9069315783760767], [0.7660444431189778, -0.12541155116894118, 0.6304346548215249, -2.146217302060295], [-0.0, -0.9807822137843655, -0.19510573831704547, 1.6], [0.0, 0.0, 0.0, 1.0]]}, "target_region": {"type": "circle", "params": {"center": [-3.351000006207017, -0.9345000168725965], "radius": 5.102492219999402, "object_center": [-3.351000006207017, -0.9345000168725965, 1.225], "object_height": 2.4500000007868055, "occupancy_ratio": 0.3, "fov_vertical": 90.0, "sample_distance": 5.102492219999402, "min_distance": 2.4500000007868055}, "sample_point": [-0.9466282961944881, 3.565991460204751, 1.5], "sample_forward": [-0.47053228325689367, -0.8807400792768267, -0.05381712709262056], "height": 1.5}, "sample_target": [-0.9466282961944881, 3.565991460204751, 1.5], "camera_params": {"forward": [-0.47053228325689367, -0.8807400792768267, -0.05381712709262056]}, "task_type": "screen_occupancy", "task_description": "Position where wardrobe occupies 30% of vertical FOV", "target_object": {"label": "wardrobe", "id": "130", "bbox_min": [-4.210000065960488, -1.689000255600888, -3.9340284274658187e-10], "bbox_max": [-2.491999946453548, -0.1799997781443051, 2.450000000393403], "center": [-3.351000006207018, -0.9345000168725965, 1.225]}}
{"scene_id": "0287_840756", "object_label": "wardrobe", "preset": "occupancy_50", "distance": 2.9574116148567997, "init_camera": {"intrinsics": [[320.0, 0.0, 320.0], [0.0, 320.0, 240.0], [0.0, 0.0, 1.0]], "extrinsics": [[0.6427876096865397, 0.1494596666583981, -0.7513227647794424, -1.9069315783760767], [0.7660444431189778, -0.12541155116894118, 0.6304346548215249, -2.146217302060295], [-0.0, -0.9807822137843655, -0.19510573831704547, 1.6], [0.0, 0.0, 0.0, 1.0]]}, "target_region": {"type": "circle", "params": {"center": [-3.351000006207017, -0.9345000168725965], "radius": 2.9574116148567997, "object_center": [-3.351000006207017, -0.9345000168725965, 1.225], "object_height": 2.4500000007868055, "occupancy_ratio": 0.5, "fov_vertical": 90.0, "sample_distance": 2.9574116148567997, "min_distance": 2.4500000007868055}, "sample_point": [-6.281584114429339, -0.5370578898595193, 1.5], "sample_forward": [0.9866722563502861, -0.13381124913917697, -0.09258730016826541], "height": 1.5}, "sample_target": [-6.281584114429339, -0.5370578898595193, 1.5], "camera_params": {"forward": [0.9866722563502861, -0.13381124913917697, -0.09258730016826541]}, "task_type": "screen_occupancy", "task_description": "Position where wardrobe occupies 50% of vertical FOV", "target_object": {"label": "wardrobe", "id": "130", "bbox_min": [-4.210000065960488, -1.689000255600888, -3.9340284274658187e-10], "bbox_max": [-2.491999946453548, -0.1799997781443051, 2.450000000393403], "center": [-3.351000006207018, -0.9345000168725965, 1.225]}}
{"scene_id": "0287_840756", "object_label": "wardrobe", "preset": "occupancy_30", "distance": 5.102492219999402, "init_camera": {"intrinsics": [[320.0, 0.0, 320.0], [0.0, 320.0, 240.0], [0.0, 0.0, 1.0]], "extrinsics": [[0.9848077530122081, 0.02729144876371305, -0.17149013508485927, -2.941820334629783], [0.17364817766692991, -0.15477749720467446, 0.97256888535055, -3.2550732492457213], [-0.0, -0.9875723280770046, -0.1571651895826979, 1.6], [0.0, 0.0, 0.0, 1.0]]}, "target_region": {"type": "circle", "params": {"center": [-3.351000006207017, -0.9345000168725965], "radius": 5.102492219999402, "object_center": [-3.351000006207017, -0.9345000168725965, 1.225], "object_height": 2.4500000007868055, "occupancy_ratio": 0.3, "fov_vertical": 90.0, "sample_distance": 5.102492219999402, "min_distance": 2.4500000007868055}, "sample_point": [0.35678677957495264, -4.439887870781924, 1.5], "sample_forward": [-0.7256088461191542, 0.6859996496100609, -0.053817127092620556], "height": 1.5}, "sample_target": [0.35678677957495264, -4.439887870781924, 1.5], "camera_params": {"forward": [-0.7256088461191542, 0.6859996496100609, -0.053817127092620556]}, "task_type": "screen_occupancy", "task_description": "Position where wardrobe occupies 30% of vertical FOV", "target_object": {"label": "wardrobe", "id": "130", "bbox_min": [-4.210000065960488, -1.689000255600888, -3.9340284274658187e-10], "bbox_max": [-2.491999946453548, -0.1799997781443051, 2.450000000393403], "center": [-3.351000006207018, -0.9345000168725965, 1.225]}}
{"scene_id": "0287_840756", "object_label": "wardrobe", "preset": "occupancy_20", "distance": 7.734345607960776, "init_camera": {"intrinsics": [[320.0, 0.0, 320.0], [0.0, 320.0, 240.0], [0.0, 0.0, 1.0]], "extrinsics": [[0.8660254037844386, 0.07858259479134899, -0.4937861640385024, -2.172814098716321], [0.5000000000000001, -0.13610904676921384, 0.855262724189226, -2.975177869408128], [-0.0, -0.9875723280770046, -0.15716518958269796, 1.6], [0.0, 0.0, 0.0, 1.0]]}, "target_region": {"type": "circle", "params": {"center": [-3.351000006207017, -0.9345000168725965], "radius": 7.734345607960776, "object_center": [-3.351000006207017, -0.9345000168725965, 1.225], "object_height": 2.4500000007868055, "occupancy_ratio": 0.2, "fov_vertical": 90.0, "sample_distance": 7.734345607960776, "min_distance": 2.4500000007868055}, "sample_point": [-5.952928455805955, -8.218047938493612, 1.5], "sample_forward": [0.33619978352667895, 0.941120127624042, -0.03553323708193733], "height": 1.5}, "sample_target": [-5.952928455805955, -8.218047938493612, 1.5], "camera_params": {"forward": [0.33619978352667895, 0.941120127624042, -0.03553323708193733]}, "task_type": "screen_occupancy", "task_description": "Position where wardrobe occupies 20% of vertical FOV", "target_object": {"label": "wardrobe", "id": "130", "bbox_min": [-4.210000065960488, -1.689000255600888, -3.9340284274658187e-10], "bbox_max": [-2.491999946453548, -0.1799997781443051, 2.450000000393403], "center": [-3.351000006207018, -0.9345000168725965, 1.225]}}
{"scene_id": "0287_840756", "object_label": "wardrobe", "preset": "occupancy_30", "distance": 5.102492219999402, "init_camera": {"intrinsics": [[320.0, 0.0, 320.0], [0.0, 320.0, 240.0], [0.0, 0.0, 1.0]], "extrinsics": [[0.8660254037844386, 0.07858259479134899, -0.4937861640385024, -2.172814098716321], [0.5000000000000001, -0.13610904676921384, 0.855262724189226, -2.975177869408128], [-0.0, -0.9875723280770046, -0.15716518958269796, 1.6], [0.0, 0.0, 0.0, 1.0]]}, "target_region": {"type": "circle", "params": {"center": [-3.351000006207017, -0.9345000168725965], "radius": 5.102492219999402, "object_center": [-3.351000006207017, -0.9345000168725965, 1.225], "object_height": 2.4500000007868055, "occupancy_ratio": 0.3, "fov_vertical": 90.0, "sample_distance": 5.102492219999402, "min_distance": 2.4500000007868055}, "sample_point": [-0.7814288652905224, -5.342757156255861, 1.5], "sample_forward": [-0.5028615878699384, 0.8626899444623317, -0.05381712709262056], "height": 1.5}, "sample_target": [-0.7814288652905224, -5.342757156255861, 1.5], "camera_params": {"forward": [-0.5028615878699384, 0.8626899444623317, -0.05381712709262056]}, "task_type": "screen_occupancy", "task_description": "Position where wardrobe occupies 30% of vertical FOV", "target_object": {"label": "wardrobe", "id": "130", "bbox_min": [-4.210000065960488, -1.689000255600888, -3.9340284274658187e-10], "bbox_max": [-2.491999946453548, -0.1799997781443051, 2.450000000393403], "center": [-3.351000006207018, -0.9345000168725965, 1.225]}}
{"scene_id": "0287_840756", "object_label": "wardrobe", "preset": "occupancy_20", "distance": 7.734345607960776, "init_camera": {"intrinsics": [[320.0, 0.0, 320.0], [0.0, 320.0, 240.0], [0.0, 0.0, 1.0]], "extrinsics": [[1.0, -4.5962797878267994e-17, 2.3105160844381284e-16, -3.3510000062070184], [-2.3557891364311775e-16, -0.1951057383170455, 0.9807822137843654, -2.8195974688577112], [0.0, -0.9807822137843654, -0.1951057383170455, 1.6], [0.0, 0.0, 0.0, 1.0]]}, "target_region": {"type": "circle", "params": {"center": [-3.351000006207017, -0.9345000168725965], "radius": 7.734345607960776, "object_center": [-3.351000006207017, -0.9345000168725965, 1.225], "object_height": 2.4500000007868055, "occupancy_ratio": 0.2, "fov_vertical": 90.0, "sample_distance": 7.734345607960776, "min_distance": 2.4500000007868055}, "sample_point": [-9.72460850856259, -5.315962859586534, 1.5], "sample_forward": [0.8235452435696443, 0.5661365743849218, -0.035533237081937334], "height": 1.5}, "sample_target": [-9.72460850856259, -5.315962859586534, 1.5], "camera_params": {"forward": [0.8235452435696443, 0.5661365743849218, -0.035533237081937334]}, "task_type": "screen_occupancy", "task_description": "Position where wardrobe occupies 20% of vertical FOV", "target_object": {"label": "wardrobe", "id": "130", "bbox_min": [-4.210000065960488, -1.689000255600888, -3.9340284274658187e-10], "bbox_max": [-2.491999946453548, -0.1799997781443051, 2.450000000393403], "center": [-3.351000006207018, -0.9345000168725965, 1.225]}}
{"scene_id": "0287_840756", "object_label": "wardrobe", "preset": "occupancy_30", "distance": 5.102492219999402, "init_camera": {"intrinsics": [[320.0, 0.0, 320.0], [0.0, 320.0, 240.0], [0.0, 0.0, 1.0]], "extrinsics": [[1.0, -4.5962797878267994e-17, 2.3105160844381284e-16, -3.3510000062070184], [-2.3557891364311775e-16, -0.1951057383170455, 0.9807822137843654, -2.8195974688577112], [0.0, -0.9807822137843654, -0.1951057383170455, 1.6], [0.0, 0.0, 0.0, 1.0]]}, "target_region": {"type": "circle", "params": {"center": [-3.351000006207017, -0.9345000168725965], "radius": 5.102492219999402, "object_center": [-3.351000006207017, -0.9345000168725965, 1.225], "object_height": 2.4500000007868055, "occupancy_ratio": 0.3, "fov_vertical": 90.0, "sample_distance": 5.102492219999402, "min_distance": 2.4500000007868055}, "sample_point": [-2.73901016280021, -6.00015844265708, 1.5], "sample_forward": [-0.1197655824800622, 0.991342484757265, -0.05381712709262058], "height": 1.5}, "sample_target": [-2.73901016280021, -6.00015844265708, 1.5], "camera_params": {"forward": [-0.1197655824800622, 0.991342484757265, -0.05381712709262058]}, "task_type": "screen_occupancy", "task_description": "Position where wardrobe occupies 30% of vertical FOV", "target_object": {"label": "wardrobe", "id": "130", "bbox_min": [-4.210000065960488, -1.689000255600888, -3.9340284274658187e-10], "bbox_max": [-2.491999946453548, -0.1799997781443051, 2.450000000393403], "center": [-3.351000006207018, -0.9345000168725965, 1.225]}}
{"scene_id": "0287_840756", "object_label": "wardrobe", "preset": "occupancy_50", "distance": 2.9574116148567997, "init_camera": {"intrinsics": [[320.0, 0.0, 320.0], [0.0, 320.0, 240.0], [0.0, 0.0, 1.0]], "extrinsics": [[1.0, -4.5962797878267994e-17, 2.3105160844381284e-16, -3.3510000062070184], [-2.3557891364311775e-16, -0.1951057383170455, 0.9807822137843654, -2.8195974688577112], [0.0, -0.9807822137843654, -0.1951057383170455, 1.6], [0.0, 0.0, 0.0, 1.0]]}, "target_region": {"type": "circle", "params": {"center": [-3.351000006207017, -0.9345000168725965], "radius": 2.9574116148567997, "object_center": [-3.351000006207017, -0.9345000168725965, 1.225], "object_height": 2.4500000007868055, "occupancy_ratio": 0.5, "fov_vertical": 90.0, "sample_distance": 2.9574116148567997, "min_distance": 2.4500000007868055}, "sample_point": [-0.4640391252534095, -1.5761699721716371, 1.5], "sample_forward": [-0.9719851405777881, 0.21603814094628998, -0.09258730016826541], "height": 1.5}, "sample_target": [-0.4640391252534095, -1.5761699721716371, 1.5], "camera_params": {"forward": [-0.9719851405777881, 0.21603814094628998, -0.09258730016826541]}, "task_type": "screen_occupancy", "task_description": "Position where wardrobe occupies 50% of vertical FOV", "target_object": {"label": "wardrobe", "id": "130", "bbox_min": [-4.210000065960488, -1.689000255600888, -3.9340284274658187e-10], "bbox_max": [-2.491999946453548, -0.1799997781443051, 2.450000000393403], "center": [-3.351000006207018, -0.9345000168725965, 1.225]}}
{"scene_id": "0287_840756", "object_label": "wardrobe", "preset": "occupancy_20", "distance": 7.734345608236758, "init_camera": {"intrinsics": [[320.0, 0.0, 320.0], [0.0, 320.0, 240.0], [0.0, 0.0, 1.0]], "extrinsics": [[-0.34202014332566866, 0.15877687949744276, -0.9261814747102987, -3.5729600745134444], [0.9396926207859084, 0.05779005802674081, -0.33710248832332407, 3.488155340048496], [0.0, -0.985621738665661, -0.16896682594426493, 1.6], [0.0, 0.0, 0.0, 1.0]]}, "target_region": {"type": "circle", "params": {"center": [-5.628499977541082, 2.74], "radius": 7.734345608236758, "object_center": [-5.628499977541082, 2.74, 1.225], "object_height": 2.450000000874228, "occupancy_ratio": 0.2, "fov_vertical": 90.0, "sample_distance": 7.734345608236758, "min_distance": 2.960000131920975}, "sample_point": [0.8859693669914828, 6.90914753238557, 1.5], "sample_forward": [-0.8417461224510516, -0.5387029370638219, -0.035533237080671014], "height": 1.5}, "sample_target": [0.8859693669914828, 6.90914753238557, 1.5], "camera_params": {"forward": [-0.8417461224510516, -0.5387029370638219, -0.035533237080671014]}, "task_type": "screen_occupancy", "task_description": "Position where wardrobe occupies 20% of vertical FOV", "target_object": {"label": "wardrobe", "id": "136", "bbox_min": [-5.928000060366614, 1.2599999340395125, -4.371140676084906e-10], "bbox_max": [-5.328999894715549, 4.2200000659604875, 2.450000000437114], "center": [-5.6284999775410816, 2.74, 1.225]}}
{"scene_id": "0287_840756", "object_label": "wardrobe", "preset": "occupancy_30", "distance": 5.102492220181472, "init_camera": {"intrinsics": [[320.0, 0.0, 320.0], [0.0, 320.0, 240.0], [0.0, 0.0, 1.0]], "extrinsics": [[-0.34202014332566866, 0.15877687949744276, -0.9261814747102987, -3.5729600745134444], [0.9396926207859084, 0.05779005802674081, -0.33710248832332407, 3.488155340048496], [0.0, -0.985621738665661, -0.16896682594426493, 1.6], [0.0, 0.0, 0.0, 1.0]]}, "target_region": {"type": "circle", "params": {"center": [-5.628499977541082, 2.74], "radius": 5.102492220181472, "object_center": [-5.628499977541082, 2.74, 1.225], "object_height": 2.450000000874228, "occupancy_ratio": 0.3, "fov_vertical": 90.0, "sample_distance": 5.102492220181472, "min_distance": 2.960000131920975}, "sample_point": [-0.6187550835584181, 1.7715564269266537, 1.5], "sample_forward": [-0.9804002823690164, 0.18952309400823827, -0.05381712709070579], "height": 1.5}, "sample_target": [-0.6187550835584181, 1.7715564269266537, 1.5], "camera_params": {"forward": [-0.9804002823690164, 0.18952309400823827, -0.05381712709070579]}, "task_type": "screen_occupancy", "task_description": "Position where wardrobe occupies 30% of vertical FOV", "target_object": {"label": "wardrobe", "id": "136", "bbox_min": [-5.928000060366614, 1.2599999340395125, -4.371140676084906e-10], "bbox_max": [-5.328999894715549, 4.2200000659604875, 2.450000000437114], "center": [-5.6284999775410816, 2.74, 1.225]}}
{"scene_id": "0287_840756", "object_label": "wardrobe", "preset": "occupancy_50", "distance": 2.960000131920975, "init_camera": {"intrinsics": [[320.0, 0.0, 320.0], [0.0, 320.0, 240.0], [0.0, 0.0, 1.0]], "extrinsics": [[-0.34202014332566866, 0.15877687949744276, -0.9261814747102987, -3.5729600745134444], [0.9396926207859084, 0.05779005802674081, -0.33710248832332407, 3.488155340048496], [0.0, -0.985621738665661, -0.16896682594426493, 1.6], [0.0, 0.0, 0.0, 1.0]]}, "target_region": {"type": "circle", "params": {"center": [-5.628499977541082, 2.74], "radius": 2.960000131920975, "object_center": [-5.628499977541082, 2.74, 1.225], "object_height": 2.450000000874228, "occupancy_ratio": 0.5, "fov_vertical": 90.0, "sample_distance": 2.960000131920975, "min_distance": 2.960000131920975}, "sample_point": [-8.563379126736953, 3.1248183475193403, 1.5], "sample_forward": [0.9872616048446271, -0.12944873026533124, -0.09250702585374257], "height": 1.5}, "sample_target": [-8.563379126736953, 3.1248183475193403, 1.5], "camera_params": {"forward": [0.9872616048446271, -0.12944873026533124, -0.09250702585374257]}, "task_type": "screen_occupancy", "task_description": "Position where wardrobe occupies 50% of vertical FOV", "target_object": {"label": "wardrobe", "id": "136", "bbox_min": [-5.928000060366614, 1.2599999340395125, -4.371140676084906e-10], "bbox_max": [-5.328999894715549, 4.2200000659604875, 2.450000000437114], "center": [-5.6284999775410816, 2.74, 1.225]}}
{"scene_id": "0287_840756", "object_label": "wardrobe", "preset": "occupancy_20", "distance": 7.734345608236758, "init_camera": {"intrinsics": [[320.0, 0.0, 320.0], [0.0, 320.0, 240.0], [0.0, 0.0, 1.0]], "extrinsics": [[-0.4999999999999999, 0.14632956366455702, -0.8535734642066496, -3.734104155824706], [0.8660254037844387, 0.08448341297213245, -0.49281086933283036, 3.8337299376196516], [0.0, -0.9856217386656609, -0.16896682594426493, 1.6], [0.0, 0.0, 0.0, 1.0]]}, "target_region": {"type": "circle", "params": {"center": [-5.628499977541082, 2.74], "radius": 7.734345608236758, "object_center": [-5.628499977541082, 2.74, 1.225], "object_height": 2.450000000874228, "occupancy_ratio": 0.2, "fov_vertical": 90.0, "sample_distance": 7.734345608236758, "min_distance": 2.960000131920975}, "sample_point": [-1.7110215413826273, -3.9288428298982074, 1.5], "sample_forward": [-0.506184327383399, 0.8616929939218403, -0.035533237080671014], "height": 1.5}, "sample_target": [-1.7110215413826273, -3.9288428298982074, 1.5], "camera_params": {"forward": [-0.506184327383399, 0.8616929939218403, -0.035533237080671014]}, "task_type": "screen_occupancy", "task_description": "Position where wardrobe occupies 20% of vertical FOV", "target_object": {"label": "wardrobe", "id": "136", "bbox_min": [-5.928000060366614, 1.2599999340395125, -4.371140676084906e-10], "bbox_max": [-5.328999894715549, 4.2200000659604875, 2.450000000437114], "center": [-5.6284999775410816, 2.74, 1.225]}}
{"scene_id": "0287_840756", "object_label": "wardrobe", "preset": "occupancy_30", "distance": 5.102492220181472, "init_camera": {"intrinsics": [[320.0, 0.0, 320.0], [0.0, 320.0, 240.0], [0.0, 0.0, 1.0]], "extrinsics": [[-0.4999999999999999, 0.14632956366455702, -0.8535734642066496, -3.734104155824706], [0.8660254037844387, 0.08448341297213245, -0.49281086933283036, 3.8337299376196516], [0.0, -0.9856217386656609, -0.16896682594426493, 1.6], [0.0, 0.0, 0.0, 1.0]]}, "target_region": {"type": "circle", "params": {"center": [-5.628499977541082, 2.74], "radius": 5.102492220181472, "object_center": [-5.628499977541082, 2.74, 1.225], "object_height": 2.450000000874228, "occupancy_ratio": 0.3, "fov_vertical": 90.0, "sample_distance": 5.102492220181472, "min_distance": 2.960000131920975}, "sample_point": [-1.1542993151435823, 5.192948285148756, 1.5], "sample_forward": [-0.8755950024638777, -0.48003865312283434, -0.05381712709070579], "height": 1.5}, "sample_target": [-1.1542993151435823, 5.192948285148756, 1.5], "camera_params": {"forward": [-0.8755950024638777, -0.48003865312283434, -0.05381712709070579]}, "task_type": "screen_occupancy", "task_description": "Position where wardrobe occupies 30% of vertical FOV", "target_object": {"label": "wardrobe", "id": "136", "bbox_min": [-5.928000060366614, 1.2599999340395125, -4.371140676084906e-10], "bbox_max": [-5.328999894715549, 4.2200000659604875, 2.450000000437114], "center": [-5.6284999775410816, 2.74, 1.225]}}
{"scene_id": "0287_840756", "object_label": "wardrobe", "preset": "occupancy_20", "distance": 7.734345608236758, "init_camera": {"intrinsics": [[320.0, 0.0, 320.0], [0.0, 320.0, 240.0], [0.0, 0.0, 1.0]], "extrinsics": [[0.5000000000000004, 0.14632956366455696, -0.8535734642066494, -3.734104155824707], [0.8660254037844385, -0.08448341297213253, 0.49281086933283097, 1.6462700623803477], [-0.0, -0.9856217386656609, -0.16896682594426496, 1.6], [0.0, 0.0, 0.0, 1.0]]}, "target_region": {"type": "circle", "params": {"center": [-5.628499977541082, 2.74], "radius": 7.734345608236758, "object_center": [-5.628499977541082, 2.74, 1.225], "object_height": 2.450000000874228, "occupancy_ratio": 0.2, "fov_vertical": 90.0, "sample_distance": 7.734345608236758, "min_distance": 2.960000131920975}, "sample_point": [-0.2379382109193129, -2.80634526764128, 1.5], "sample_forward": [-0.6965240336413533, 0.7166530957322014, -0.035533237080671014], "height": 1.5}, "sample_target": [-0.2379382109193129, -2.80634526764128, 1.5], "camera_params": {"forward": [-0.6965240336413533, 0.7166530957322014, -0.035533237080671014]}, "task_type": "screen_occupancy", "task_description": "Position where wardrobe occupies 20% of vertical FOV", "target_object": {"label": "wardrobe", "id": "136", "bbox_min": [-5.928000060366614, 1.2599999340395125, -4.371140676084906e-10], "bbox_max": [-5.328999894715549, 4.2200000659604875, 2.450000000437114], "center": [-5.6284999775410816, 2.74, 1.225]}}
{"scene_id": "0287_840756", "object_label": "wardrobe", "preset": "occupancy_30", "distance": 5.102492220181472, "init_camera": {"intrinsics": [[320.0, 0.0, 320.0], [0.0, 320.0, 240.0], [0.0, 0.0, 1.0]], "extrinsics": [[0.5000000000000004, 0.14632956366455696, -0.8535734642066494, -3.734104155824707], [0.8660254037844385, -0.08448341297213253, 0.49281086933283097, 1.6462700623803477], [-0.0, -0.9856217386656609, -0.16896682594426496, 1.6], [0.0, 0.0, 0.0, 1.0]]}, "target_region": {"type": "circle", "params": {"center": [-5.628499977541082, 2.74], "radius": 5.102492220181472, "object_center": [-5.628499977541082, 2.74, 1.225], "object_height": 2.450000000874228, "occupancy_ratio": 0.3, "fov_vertical": 90.0, "sample_distance": 5.102492220181472, "min_distance": 2.960000131920975}, "sample_point": [-10.729114693613383, 2.6015934423550404, 1.5], "sample_forward": [0.9981833833294086, 0.027085975647148736, -0.053817127090705796], "height": 1.5}, "sample_target": [-10.729114693613383, 2.6015934423550404, 1.5], "camera_params": {"forward": [0.9981833833294086, 0.027085975647148736, -0.053817127090705796]}, "task_type": "screen_occupancy", "task_description": "Position where wardrobe occupies 30% of vertical FOV", "target_object": {"label": "wardrobe", "id": "136", "bbox_min": [-5.928000060366614, 1.2599999340395125, -4.371140676084906e-10], "bbox_max": [-5.328999894715549, 4.2200000659604875, 2.450000000437114], "center": [-5.6284999775410816, 2.74, 1.225]}}
{"scene_id": "0287_840756", "object_label": "wardrobe", "preset": "occupancy_20", "distance": 7.734345608236758, "init_camera": {"intrinsics": [[320.0, 0.0, 320.0], [0.0, 320.0, 240.0], [0.0, 0.0, 1.0]], "extrinsics": [[0.34202014332566943, 0.1587768794974427, -0.9261814747102984, -3.572960074513445], [0.9396926207859082, -0.057790058026740934, 0.33710248832332484, 1.9918446599515027], [-0.0, -0.985621738665661, -0.16896682594426493, 1.6], [0.0, 0.0, 0.0, 1.0]]}, "target_region": {"type": "circle", "params": {"center": [-5.628499977541082, 2.74], "radius": 7.734345608236758, "object_center": [-5.628499977541082, 2.74, 1.225], "object_height": 2.450000000874228, "occupancy_ratio": 0.2, "fov_vertical": 90.0, "sample_distance": 7.734345608236758, "min_distance": 2.960000131920975}, "sample_point": [-11.860525848130482, -1.840606459406401, 1.5], "sample_forward": [0.8052511009182851, 0.5918682738012392, -0.035533237080671014], "height": 1.5}, "sample_target": [-11.860525848130482, -1.840606459406401, 1.5], "camera_params": {"forward": [0.8052511009182851, 0.5918682738012392, -0.035533237080671014]}, "task_type": "screen_occupancy", "task_description": "Position where wardrobe occupies 20% of vertical FOV", "target_object": {"label": "wardrobe", "id": "136", "bbox_min": [-5.928000060366614, 1.2599999340395125, -4.371140676084906e-10], "bbox_max": [-5.328999894715549, 4.2200000659604875, 2.450000000437114], "center": [-5.6284999775410816, 2.74, 1.225]}}
{"scene_id": "0287_840756", "object_label": "wardrobe", "preset": "occupancy_30", "distance": 5.102492220181472, "init_camera": {"intrinsics": [[320.0, 0.0, 320.0], [0.0, 320.0, 240.0], [0.0, 0.0, 1.0]], "extrinsics": [[0.34202014332566943, 0.1587768794974427, -0.9261814747102984, -3.572960074513445], [0.9396926207859082, -0.057790058026740934, 0.33710248832332484, 1.9918446599515027], [-0.0, -0.985621738665661, -0.16896682594426493, 1.6], [0.0, 0.0, 0.0, 1.0]]}, "target_region": {"type": "circle", "params": {"center": [-5.628499977541082, 2.74], "radius": 5.102492220181472, "object_center": [-5.628499977541082, 2.74, 1.225], "object_height": 2.450000000874228, "occupancy_ratio": 0.3, "fov_vertical": 90.0, "sample_distance": 5.102492220181472, "min_distance": 2.960000131920975}, "sample_point": [-3.1566590920986024, -1.7237909330598562, 1.5], "sample_forward": [-0.4837359093813117, 0.8735578325484457, -0.05381712709070579], "height": 1.5}, "sample_target": [-3.1566590920986024, -1.7237909330598562, 1.5], "camera_params": {"forward": [-0.4837359093813117, 0.8735578325484457, -0.05381712709070579]}, "task_type": "screen_occupancy", "task_description": "Position where wardrobe occupies 30% of vertical FOV", "target_object": {"label": "wardrobe", "id": "136", "bbox_min": [-5.928000060366614, 1.2599999340395125, -4.371140676084906e-10], "bbox_max": [-5.328999894715549, 4.2200000659604875, 2.450000000437114], "center": [-5.6284999775410816, 2.74, 1.225]}}
{"scene_id": "0287_840756", "object_label": "wardrobe", "preset": "occupancy_50", "distance": 2.960000131920975, "init_camera": {"intrinsics": [[320.0, 0.0, 320.0], [0.0, 320.0, 240.0], [0.0, 0.0, 1.0]], "extrinsics": [[0.34202014332566943, 0.1587768794974427, -0.9261814747102984, -3.572960074513445], [0.9396926207859082, -0.057790058026740934, 0.33710248832332484, 1.9918446599515027], [-0.0, -0.985621738665661, -0.16896682594426493, 1.6], [0.0, 0.0, 0.0, 1.0]]}, "target_region": {"type": "circle", "params": {"center": [-5.628499977541082, 2.74], "radius": 2.960000131920975, "object_center": [-5.628499977541082, 2.74, 1.225], "object_height": 2.450000000874228, "occupancy_ratio": 0.5, "fov_vertical": 90.0, "sample_distance": 2.960000131920975, "min_distance": 2.960000131920975}, "sample_point": [-8.150008476774142, 1.1896465985886853, 1.5], "sample_forward": [0.8482081888326702, 0.5215221170428884, -0.09250702585374258], "height": 1.5}, "sample_target": [-8.150008476774142, 1.1896465985886853, 1.5], "camera_params": {"forward": [0.8482081888326702, 0.5215221170428884, -0.09250702585374258]}, "task_type": "screen_occupancy", "task_description": "Position where wardrobe occupies 50% of vertical FOV", "target_object": {"label": "wardrobe", "id": "136", "bbox_min": [-5.928000060366614, 1.2599999340395125, -4.371140676084906e-10], "bbox_max": [-5.328999894715549, 4.2200000659604875, 2.450000000437114], "center": [-5.6284999775410816, 2.74, 1.225]}}
{"scene_id": "0287_840756", "object_label": "plant", "preset": "occupancy_20", "distance": 3.1923229432212574, "init_camera": {"intrinsics": [[320.0, 0.0, 320.0], [0.0, 320.0, 240.0], [0.0, 0.0, 1.0]], "extrinsics": [[0.9396926207859084, -0.07939899596055564, -0.3326763861186521, -6.576597360394946], [0.34202014332566844, 0.21814694852899555, 0.9140208588467645, 3.499085051760625], [-0.0, -0.9726806815640698, 0.23214713375800394, 1.6], [0.0, 0.0, 0.0, 1.0]]}, "target_region": {"type": "circle", "params": {"center": [-6.941141252360606, 4.500661163336381], "radius": 3.1923229432212574, "object_center": [-6.941141252360606, 4.500661163336381, 1.8543848111258252], "object_height": 1.0112285653945505, "occupancy_ratio": 0.2, "fov_vertical": 90.0, "sample_distance": 3.1923229432212574, "min_distance": 1.1177175482601864}, "sample_point": [-3.799553979996469, 3.9337791792016854, 1.5], "sample_forward": [-0.9780985951037471, 0.17649246199502136, 0.11033380767023293], "height": 1.5}, "sample_target": [-3.799553979996469, 3.9337791792016854, 1.5], "camera_params": {"forward": [-0.9780985951037471, 0.17649246199502136, 0.11033380767023293]}, "task_type": "screen_occupancy", "task_description": "Position where plant occupies 20% of vertical FOV", "target_object": {"label": "plant", "id": "157", "bbox_min": [-7.500000026490699, 4.420000326335927, 1.34877052842855], "bbox_max": [-6.382282478230513, 4.581322000336836, 2.3599990938231006], "center": [-6.941141252360606, 4.500661163336382, 1.8543848111258252]}}
{"scene_id": "0287_840756", "object_label": "plant", "preset": "occupancy_50", "distance": 1.220660858617306, "init_camera": {"intrinsics": [[320.0, 0.0, 320.0], [0.0, 320.0, 240.0], [0.0, 0.0, 1.0]], "extrinsics": [[0.9396926207859084, -0.07939899596055564, -0.3326763861186521, -6.576597360394946], [0.34202014332566844, 0.21814694852899555, 0.9140208588467645, 3.499085051760625], [-0.0, -0.9726806815640698, 0.23214713375800394, 1.6], [0.0, 0.0, 0.0, 1.0]]}, "target_region": {"type": "circle", "params": {"center": [-6.941141252360606, 4.500661163336381], "radius": 1.220660858617306, "object_center": [-6.941141252360606, 4.500661163336381, 1.8543848111258252], "object_height": 1.0112285653945505, "occupancy_ratio": 0.5, "fov_vertical": 90.0, "sample_distance": 1.220660858617306, "min_distance": 1.1177175482601864}, "sample_point": [-6.231729809911865, 5.494013234398366, 1.5], "sample_forward": [-0.5581244673673473, -0.7815127617000363, 0.27880975991865353], "height": 1.5}, "sample_target": [-6.231729809911865, 5.494013234398366, 1.5], "camera_params": {"forward": [-0.5581244673673473, -0.7815127617000363, 0.27880975991865353]}, "task_type": "screen_occupancy", "task_description": "Position where plant occupies 50% of vertical FOV", "target_object": {"label": "plant", "id": "157", "bbox_min": [-7.500000026490699, 4.420000326335927, 1.34877052842855], "bbox_max": [-6.382282478230513, 4.581322000336836, 2.3599990938231006], "center": [-6.941141252360606, 4.500661163336382, 1.8543848111258252]}}
{"scene_id": "0287_840756", "object_label": "plant", "preset": "occupancy_20", "distance": 3.1923229432212574, "init_camera": {"intrinsics": [[320.0, 0.0, 320.0], [0.0, 320.0, 240.0], [0.0, 0.0, 1.0]], "extrinsics": [[0.9396926207859084, -0.06175938708418596, -0.3363979140058637, -6.467234192805249], [0.34202014332566844, 0.16968252145315854, 0.9242456726827493, 3.1986122182878987], [-0.0, -0.9835617011760289, 0.1805723677081184, 1.6], [0.0, 0.0, 0.0, 1.0]]}, "target_region": {"type": "circle", "params": {"center": [-6.941141252360606, 4.500661163336381], "radius": 3.1923229432212574, "object_center": [-6.941141252360606, 4.500661163336381, 1.8543848111258252], "object_height": 1.0112285653945505, "occupancy_ratio": 0.2, "fov_vertical": 90.0, "sample_distance": 3.1923229432212574, "min_distance": 1.1177175482601864}, "sample_point": [-10.133351769434496, 4.473869588174024, 1.5], "sample_forward": [0.9938595847683573, 0.008341261838382106, 0.11033380767023294], "height": 1.5}, "sample_target": [-10.133351769434496, 4.473869588174024, 1.5], "camera_params": {"forward": [0.9938595847683573, 0.008341261838382106, 0.11033380767023294]}, "task_type": "screen_occupancy", "task_description": "Position where plant occupies 20% of vertical FOV", "target_object": {"label": "plant", "id": "157", "bbox_min": [-7.500000026490699, 4.420000326335927, 1.34877052842855], "bbox_max": [-6.382282478230513, 4.581322000336836, 2.3599990938231006], "center": [-6.941141252360606, 4.500661163336382, 1.8543848111258252]}}
{"scene_id": "0287_840756", "object_label": "plant", "preset": "occupancy_30", "distance": 2.106035055473392, "init_camera": {"intrinsics": [[320.0, 0.0, 320.0], [0.0, 320.0, 240.0], [0.0, 0.0, 1.0]], "extrinsics": [[0.9396926207859084, -0.06175938708418596, -0.3363979140058637, -6.467234192805249], [0.34202014332566844, 0.16968252145315854, 0.9242456726827493, 3.1986122182878987], [-0.0, -0.9835617011760289, 0.1805723677081184, 1.6], [0.0, 0.0, 0.0, 1.0]]}, "target_region": {"type": "circle", "params": {"center": [-6.941141252360606, 4.500661163336381], "radius": 2.106035055473392, "object_center": [-6.941141252360606, 4.500661163336381, 1.8543848111258252], "object_height": 1.0112285653945505, "occupancy_ratio": 0.3, "fov_vertical": 90.0, "sample_distance": 2.106035055473392, "min_distance": 1.1177175482601864}, "sample_point": [-7.203213443663511, 2.410995682588683, 1.5], "sample_forward": [0.1227134666637227, 0.9784712144970807, 0.1659382038590852], "height": 1.5}, "sample_target": [-7.203213443663511, 2.410995682588683, 1.5], "camera_params": {"forward": [0.1227134666637227, 0.9784712144970807, 0.1659382038590852]}, "task_type": "screen_occupancy", "task_description": "Position where plant occupies 30% of vertical FOV", "target_object": {"label": "plant", "id": "157", "bbox_min": [-7.500000026490699, 4.420000326335927, 1.34877052842855], "bbox_max": [-6.382282478230513, 4.581322000336836, 2.3599990938231006], "center": [-6.941141252360606, 4.500661163336382, 1.8543848111258252]}}
