{"scene_id": "0323_840504", "object_label": "wardrobe", "preset": "right", "distance": 2.5000000007868053, "init_camera": {"intrinsics": [[320.0, 0.0, 320.0], [0.0, 320.0, 240.0], [0.0, 0.0, 1.0]], "extrinsics": [[0.6427876096865391, -0.16720175117624042, 0.7475745201898363, -3.2257552384959753], [-0.7660444431189781, -0.14029892774417863, 0.6272895041688235, 3.378213004847874], [0.0, -0.9758892279748929, -0.21826638477458607, 1.6], [0.0, 0.0, 0.0, 1.0]]}, "target_region": {"type": "circle", "params": {"center": [-2.0269857503278366, 4.384100040236335], "radius": 2.5000000007868053, "object_center": [-2.0269857503278366, 4.384100040236335, 1.2499999996065974], "sample_distance": 2.5000000007868053, "min_distance": 2.5000000007868053, "requested_distance": 0.8}, "sample_point": [-2.9266364165423866, 6.716615567025759, 1.5], "sample_forward": [0.35807434831511126, -0.9283758780553364, -0.09950371914502276], "height": 1.5}, "sample_target": [-2.9266364165423866, 6.716615567025759, 1.5], "camera_params": {"forward": [0.35807434831511126, -0.9283758780553364, -0.09950371914502276]}, "task_type": "absolute_positioning", "task_description": "Move to any position 2.5m from wardrobe", "target_object": {"label": "wardrobe", "id": "127", "bbox_min": [-2.3574858215060064, 3.8710999711941945, -7.868052307458129e-10], "bbox_max": [-1.6964856791496667, 4.897100109278475, 2.5], "center": [-2.0269857503278366, 4.384100040236335, 1.2499999996065974]}}
{"scene_id": "0323_840504", "object_label": "wardrobe", "preset": "right", "distance": 2.5000000007868053, "init_camera": {"intrinsics": [[320.0, 0.0, 320.0], [0.0, 320.0, 240.0], [0.0, 0.0, 1.0]], "extrinsics": [[0.6427876096865391, -0.16720175117624042, 0.7475745201898363, -3.2257552384959753], [-0.7660444431189781, -0.14029892774417863, 0.6272895041688235, 3.378213004847874], [0.0, -0.9758892279748929, -0.21826638477458607, 1.6], [0.0, 0.0, 0.0, 1.0]]}, "target_region": {"type": "circle", "params": {"center": [-2.0269857503278366, 4.384100040236335], "radius": 2.5000000007868053, "object_center": [-2.0269857503278366, 4.384100040236335, 1.2499999996065974], "sample_distance": 2.5000000007868053, "min_distance": 2.5000000007868053, "requested_distance": 1.0}, "sample_point": [-3.2774940045320893, 6.548870030351003, 1.5], "sample_forward": [0.497720887676272, -0.8616106590839347, -0.09950371914502278], "height": 1.5}, "sample_target": [-3.2774940045320893, 6.548870030351003, 1.5], "camera_params": {"forward": [0.497720887676272, -0.8616106590839347, -0.09950371914502278]}, "task_type": "absolute_positioning", "task_description": "Move to any position 2.5m from wardrobe", "target_object": {"label": "wardrobe", "id": "127", "bbox_min": [-2.3574858215060064, 3.8710999711941945, -7.868052307458129e-10], "bbox_max": [-1.6964856791496667, 4.897100109278475, 2.5], "center": [-2.0269857503278366, 4.384100040236335, 1.2499999996065974]}}
{"scene_id": "0323_840504", "object_label": "wardrobe", "preset": "right", "distance": 2.5000000007868053, "init_camera": {"intrinsics": [[320.0, 0.0, 320.0], [0.0, 320.0, 240.0], [0.0, 0.0, 1.0]], "extrinsics": [[0.6427876096865391, -0.16720175117624042, 0.7475745201898363, -3.2257552384959753], [-0.7660444431189781, -0.14029892774417863, 0.6272895041688235, 3.378213004847874], [0.0, -0.9758892279748929, -0.21826638477458607, 1.6], [0.0, 0.0, 0.0, 1.0]]}, "target_region": {"type": "circle", "params": {"center": [-2.0269857503278366, 4.384100040236335], "radius": 2.5000000007868053, "object_center": [-2.0269857503278366, 4.384100040236335, 1.2499999996065974], "sample_distance": 2.5000000007868053, "min_distance": 2.5000000007868053, "requested_distance": 1.2}, "sample_point": [-1.038474174589275, 6.680367635392635, 1.5], "sample_forward": [-0.3934423121964498, -0.9139486620427975, -0.09950371914502272], "height": 1.5}, "sample_target": [-1.038474174589275, 6.680367635392635, 1.5], "camera_params": {"forward": [-0.3934423121964498, -0.9139486620427975, -0.09950371914502272]}, "task_type": "absolute_positioning", "task_description": "Move to any position 2.5m from wardrobe", "target_object": {"label": "wardrobe", "id": "127", "bbox_min": [-2.3574858215060064, 3.8710999711941945, -7.868052307458129e-10], "bbox_max": [-1.6964856791496667, 4.897100109278475, 2.5], "center": [-2.0269857503278366, 4.384100040236335, 1.2499999996065974]}}
{"scene_id": "0323_840504", "object_label": "wardrobe", "preset": "left", "distance": 2.5000000007868053, "init_camera": {"intrinsics": [[320.0, 0.0, 320.0], [0.0, 320.0, 240.0], [0.0, 0.0, 1.0]], "extrinsics": [[0.6427876096865391, -0.16720175117624042, 0.7475745201898363, -3.2257552384959753], [-0.7660444431189781, -0.14029892774417863, 0.6272895041688235, 3.378213004847874], [0.0, -0.9758892279748929, -0.21826638477458607, 1.6], [0.0, 0.0, 0.0, 1.0]]}, "target_region": {"type": "circle", "params": {"center": [-2.0269857503278366, 4.384100040236335], "radius": 2.5000000007868053, "object_center": [-2.0269857503278366, 4.384100040236335, 1.2499999996065974], "sample_distance": 2.5000000007868053, "min_distance": 2.5000000007868053, "requested_distance": 1.5}, "sample_point": [-3.6177258813064306, 2.4554876272232304, 1.5], "sample_forward": [0.63313823590613, 0.7676164303283133, -0.09950371914502278], "height": 1.5}, "sample_target": [-3.6177258813064306, 2.4554876272232304, 1.5], "camera_params": {"forward": [0.63313823590613, 0.7676164303283133, -0.09950371914502278]}, "task_type": "absolute_positioning", "task_description": "Move to any position 2.5m from wardrobe", "target_object": {"label": "wardrobe", "id": "127", "bbox_min": [-2.3574858215060064, 3.8710999711941945, -7.868052307458129e-10], "bbox_max": [-1.6964856791496667, 4.897100109278475, 2.5], "center": [-2.0269857503278366, 4.384100040236335, 1.2499999996065974]}}
{"scene_id": "0323_840504", "object_label": "wardrobe", "preset": "occupancy_20", "distance": 7.892189395827652, "init_camera": {"intrinsics": [[320.0, 0.0, 320.0], [0.0, 320.0, 240.0], [0.0, 0.0, 1.0]], "extrinsics": [[0.6427876096865391, -0.16720175117624042, 0.7475745201898363, -3.2257552384959753], [-0.7660444431189781, -0.14029892774417863, 0.6272895041688235, 3.378213004847874], [0.0, -0.9758892279748929, -0.21826638477458607, 1.6], [0.0, 0.0, 0.0, 1.0]]}, "target_region": {"type": "circle", "params": {"center": [-2.0269857503278366, 4.384100040236335], "radius": 7.892189395827652, "object_center": [-2.0269857503278366, 4.384100040236335, 1.2499999996065974], "object_height": 2.5000000007868053, "occupancy_ratio": 0.2, "fov_vertical": 90.0, "sample_distance": 7.892189395827652, "min_distance": 2.5000000007868053}, "sample_point": [-5.788852092011677, -2.5538402223286774, 1.5], "sample_forward": [0.4764179109851288, 0.8786487094996935, -0.03166100736061617], "height": 1.5}, "sample_target": [-5.788852092011677, -2.5538402223286774, 1.5], "camera_params": {"forward": [0.4764179109851288, 0.8786487094996935, -0.03166100736061617]}, "task_type": "screen_occupancy", "task_description": "Position where wardrobe occupies 20% of vertical FOV", "target_object": {"label": "wardrobe", "id": "127", "bbox_min": [-2.3574858215060064, 3.8710999711941945, -7.868052307458129e-10], "bbox_max": [-1.6964856791496667, 4.897100109278475, 2.5], "center": [-2.0269857503278366, 4.384100040236335, 1.2499999996065974]}}
{"scene_id": "0323_840504", "object_label": "wardrobe", "preset": "occupancy_30", "distance": 5.206624714251662, "init_camera": {"intrinsics": [[320.0, 0.0, 320.0], [0.0, 320.0, 240.0], [0.0, 0.0, 1.0]], "extrinsics": [[0.6427876096865391, -0.16720175117624042, 0.7475745201898363, -3.2257552384959753], [-0.7660444431189781, -0.14029892774417863, 0.6272895041688235, 3.378213004847874], [0.0, -0.9758892279748929, -0.21826638477458607, 1.6], [0.0, 0.0, 0.0, 1.0]]}, "target_region": {"type": "circle", "params": {"center": [-2.0269857503278366, 4.384100040236335], "radius": 5.206624714251662, "object_center": [-2.0269857503278366, 4.384100040236335, 1.2499999996065974], "object_height": 2.5000000007868053, "occupancy_ratio": 0.3, "fov_vertical": 90.0, "sample_distance": 5.206624714251662, "min_distance": 2.5000000007868053}, "sample_point": [-7.0235709585561885, 5.848025301979517, 1.5], "sample_forward": [0.9585548369499031, -0.2808423317321218, -0.04796049694498113], "height": 1.5}, "sample_target": [-7.0235709585561885, 5.848025301979517, 1.5], "camera_params": {"forward": [0.9585548369499031, -0.2808423317321218, -0.04796049694498113]}, "task_type": "screen_occupancy", "task_description": "Position where wardrobe occupies 30% of vertical FOV", "target_object": {"label": "wardrobe", "id": "127", "bbox_min": [-2.3574858215060064, 3.8710999711941945, -7.868052307458129e-10], "bbox_max": [-1.6964856791496667, 4.897100109278475, 2.5], "center": [-2.0269857503278366, 4.384100040236335, 1.2499999996065974]}}
{"scene_id": "0323_840504", "object_label": "wardrobe", "preset": "occupancy_50", "distance": 3.017766953916127, "init_camera": {"intrinsics": [[320.0, 0.0, 320.0], [0.0, 320.0, 240.0], [0.0, 0.0, 1.0]], "extrinsics": [[0.6427876096865391, -0.16720175117624042, 0.7475745201898363, -3.2257552384959753], [-0.7660444431189781, -0.14029892774417863, 0.6272895041688235, 3.378213004847874], [0.0, -0.9758892279748929, -0.21826638477458607, 1.6], [0.0, 0.0, 0.0, 1.0]]}, "target_region": {"type": "circle", "params": {"center": [-2.0269857503278366, 4.384100040236335], "radius": 3.017766953916127, "object_center": [-2.0269857503278366, 4.384100040236335, 1.2499999996065974], "object_height": 2.5000000007868053, "occupancy_ratio": 0.5, "fov_vertical": 90.0, "sample_distance": 3.017766953916127, "min_distance": 2.5000000007868053}, "sample_point": [-2.357170351281716, 7.383749272636875, 1.5], "sample_forward": [0.10904002536695269, -0.9906029156053888, -0.08255989620921934], "height": 1.5}, "sample_target": [-2.357170351281716, 7.383749272636875, 1.5], "camera_params": {"forward": [0.10904002536695269, -0.9906029156053888, -0.08255989620921934]}, "task_type": "screen_occupancy", "task_description": "Position where wardrobe occupies 50% of vertical FOV", "target_object": {"label": "wardrobe", "id": "127", "bbox_min": [-2.3574858215060064, 3.8710999711941945, -7.868052307458129e-10], "bbox_max": [-1.6964856791496667, 4.897100109278475, 2.5], "center": [-2.0269857503278366, 4.384100040236335, 1.2499999996065974]}}
{"scene_id": "0323_840504", "object_label": "wardrobe", "preset": "front", "distance": 2.5000000007868053, "init_camera": {"intrinsics": [[320.0, 0.0, 320.0], [0.0, 320.0, 240.0], [0.0, 0.0, 1.0]], "extrinsics": [[-0.17364817766693091, -0.21495042794795813, 0.9610632777907726, -3.5680940980573443], [-0.984807753012208, 0.037901559962056026, -0.16946138604262825, 4.6558390221360915], [0.0, -0.975889227974893, -0.21826638477458607, 1.6], [0.0, 0.0, 0.0, 1.0]]}, "target_region": {"type": "circle", "params": {"center": [-2.0269857503278366, 4.384100040236335], "radius": 2.5000000007868053, "object_center": [-2.0269857503278366, 4.384100040236335, 1.2499999996065974], "sample_distance": 2.5000000007868053, "min_distance": 2.5000000007868053, "requested_distance": 0.8}, "sample_point": [0.2085498983368308, 5.50319805537329, 1.5], "sample_forward": [-0.8897764438934997, -0.44541765767484603, -0.09950371914502276], "height": 1.5}, "sample_target": [0.2085498983368308, 5.50319805537329, 1.5], "camera_params": {"forward": [-0.8897764438934997, -0.44541765767484603, -0.09950371914502276]}, "task_type": "absolute_positioning", "task_description": "Move to any position 2.5m from wardrobe", "target_object": {"label": "wardrobe", "id": "127", "bbox_min": [-2.3574858215060064, 3.8710999711941945, -7.868052307458129e-10], "bbox_max": [-1.6964856791496667, 4.897100109278475, 2.5], "center": [-2.0269857503278366, 4.384100040236335, 1.2499999996065974]}}
{"scene_id": "0323_840504", "object_label": "wardrobe", "preset": "front", "distance": 2.5000000007868053, "init_camera": {"intrinsics": [[320.0, 0.0, 320.0], [0.0, 320.0, 240.0], [0.0, 0.0, 1.0]], "extrinsics": [[-0.17364817766693091, -0.21495042794795813, 0.9610632777907726, -3.5680940980573443], [-0.984807753012208, 0.037901559962056026, -0.16946138604262825, 4.6558390221360915], [0.0, -0.975889227974893, -0.21826638477458607, 1.6], [0.0, 0.0, 0.0, 1.0]]}, "target_region": {"type": "circle", "params": {"center": [-2.0269857503278366, 4.384100040236335], "radius": 2.5000000007868053, "object_center": [-2.0269857503278366, 4.384100040236335, 1.2499999996065974], "sample_distance": 2.5000000007868053, "min_distance": 2.5000000007868053, "requested_distance": 1.2}, "sample_point": [0.28611097148128994, 5.332563829471275, 1.5], "sample_forward": [-0.9206469047999328, -0.3775026974189878, -0.09950371914502275], "height": 1.5}, "sample_target": [0.28611097148128994, 5.332563829471275, 1.5], "camera_params": {"forward": [-0.9206469047999328, -0.3775026974189878, -0.09950371914502275]}, "task_type": "absolute_positioning", "task_description": "Move to any position 2.5m from wardrobe", "target_object": {"label": "wardrobe", "id": "127", "bbox_min": [-2.3574858215060064, 3.8710999711941945, -7.868052307458129e-10], "bbox_max": [-1.6964856791496667, 4.897100109278475, 2.5], "center": [-2.0269857503278366, 4.384100040236335, 1.2499999996065974]}}
{"scene_id": "0323_840504", "object_label": "wardrobe", "preset": "left", "distance": 2.5000000007868053, "init_camera": {"intrinsics": [[320.0, 0.0, 320.0], [0.0, 320.0, 240.0], [0.0, 0.0, 1.0]], "extrinsics": [[-0.17364817766693091, -0.21495042794795813, 0.9610632777907726, -3.5680940980573443], [-0.984807753012208, 0.037901559962056026, -0.16946138604262825, 4.6558390221360915], [0.0, -0.975889227974893, -0.21826638477458607, 1.6], [0.0, 0.0, 0.0, 1.0]]}, "target_region": {"type": "circle", "params": {"center": [-2.0269857503278366, 4.384100040236335], "radius": 2.5000000007868053, "object_center": [-2.0269857503278366, 4.384100040236335, 1.2499999996065974], "sample_distance": 2.5000000007868053, "min_distance": 2.5000000007868053, "requested_distance": 1.5}, "sample_point": [-3.253737459097163, 2.2057795291623647, 1.5], "sample_forward": [0.48826542919189964, 0.8670039680026607, -0.09950371914502276], "height": 1.5}, "sample_target": [-3.253737459097163, 2.2057795291623647, 1.5], "camera_params": {"forward": [0.48826542919189964, 0.8670039680026607, -0.09950371914502276]}, "task_type": "absolute_positioning", "task_description": "Move to any position 2.5m from wardrobe", "target_object": {"label": "wardrobe", "id": "127", "bbox_min": [-2.3574858215060064, 3.8710999711941945, -7.868052307458129e-10], "bbox_max": [-1.6964856791496667, 4.897100109278475, 2.5], "center": [-2.0269857503278366, 4.384100040236335, 1.2499999996065974]}}
{"scene_id": "0323_840504", "object_label": "wardrobe", "preset": "occupancy_20", "distance": 7.892189395827652, "init_camera": {"intrinsics": [[320.0, 0.0, 320.0], [0.0, 320.0, 240.0], [0.0, 0.0, 1.0]], "extrinsics": [[-0.17364817766693091, -0.21495042794795813, 0.9610632777907726, -3.5680940980573443], [-0.984807753012208, 0.037901559962056026, -0.16946138604262825, 4.6558390221360915], [0.0, -0.975889227974893, -0.21826638477458607, 1.6], [0.0, 0.0, 0.0, 1.0]]}, "target_region": {"type": "circle", "params": {"center": [-2.0269857503278366, 4.384100040236335], "radius": 7.892189395827652, "object_center": [-2.0269857503278366, 4.384100040236335, 1.2499999996065974], "object_height": 2.5000000007868053, "occupancy_ratio": 0.2, "fov_vertical": 90.0, "sample_distance": 7.892189395827652, "min_distance": 2.5000000007868053}, "sample_point": [-4.316559350473527, -3.1686813142800485, 1.5], "sample_forward": [0.2899608259712552, 0.9565146627286895, -0.03166100736061617], "height": 1.5}, "sample_target": [-4.316559350473527, -3.1686813142800485, 1.5], "camera_params": {"forward": [0.2899608259712552, 0.9565146627286895, -0.03166100736061617]}, "task_type": "screen_occupancy", "task_description": "Position where wardrobe occupies 20% of vertical FOV", "target_object": {"label": "wardrobe", "id": "127", "bbox_min": [-2.3574858215060064, 3.8710999711941945, -7.868052307458129e-10], "bbox_max": [-1.6964856791496667, 4.897100109278475, 2.5], "center": [-2.0269857503278366, 4.384100040236335, 1.2499999996065974]}}
{"scene_id": "0323_840504", "object_label": "wardrobe", "preset": "occupancy_30", "distance": 5.206624714251662, "init_camera": {"intrinsics": [[320.0, 0.0, 320.0], [0.0, 320.0, 240.0], [0.0, 0.0, 1.0]], "extrinsics": [[-0.17364817766693091, -0.21495042794795813, 0.9610632777907726, -3.5680940980573443], [-0.984807753012208, 0.037901559962056026, -0.16946138604262825, 4.6558390221360915], [0.0, -0.975889227974893, -0.21826638477458607, 1.6], [0.0, 0.0, 0.0, 1.0]]}, "target_region": {"type": "circle", "params": {"center": [-2.0269857503278366, 4.384100040236335], "radius": 5.206624714251662, "object_center": [-2.0269857503278366, 4.384100040236335, 1.2499999996065974], "object_height": 2.5000000007868053, "occupancy_ratio": 0.3, "fov_vertical": 90.0, "sample_distance": 5.206624714251662, "min_distance": 2.5000000007868053}, "sample_point": [-0.7460987015369873, -0.6625096418468814, 1.5], "sample_forward": [-0.24572791717491765, 0.9681516314367636, -0.04796049694498113], "height": 1.5}, "sample_target": [-0.7460987015369873, -0.6625096418468814, 1.5], "camera_params": {"forward": [-0.24572791717491765, 0.9681516314367636, -0.04796049694498113]}, "task_type": "screen_occupancy", "task_description": "Position where wardrobe occupies 30% of vertical FOV", "target_object": {"label": "wardrobe", "id": "127", "bbox_min": [-2.3574858215060064, 3.8710999711941945, -7.868052307458129e-10], "bbox_max": [-1.6964856791496667, 4.897100109278475, 2.5], "center": [-2.0269857503278366, 4.384100040236335, 1.2499999996065974]}}
{"scene_id": "0323_840504", "object_label": "wardrobe", "preset": "occupancy_50", "distance": 3.017766953916127, "init_camera": {"intrinsics": [[320.0, 0.0, 320.0], [0.0, 320.0, 240.0], [0.0, 0.0, 1.0]], "extrinsics": [[-0.17364817766693091, -0.21495042794795813, 0.9610632777907726, -3.5680940980573443], [-0.984807753012208, 0.037901559962056026, -0.16946138604262825, 4.6558390221360915], [0.0, -0.975889227974893, -0.21826638477458607, 1.6], [0.0, 0.0, 0.0, 1.0]]}, "target_region": {"type": "circle", "params": {"center": [-2.0269857503278366, 4.384100040236335], "radius": 3.017766953916127, "object_center": [-2.0269857503278366, 4.384100040236335, 1.2499999996065974], "object_height": 2.5000000007868053, "occupancy_ratio": 0.5, "fov_vertical": 90.0, "sample_distance": 3.017766953916127, "min_distance": 2.5000000007868053}, "sample_point": [-4.723648910153166, 5.738694145711879, 1.5], "sample_forward": [0.890544920944248, -0.44734059431078493, -0.08255989620921936], "height": 1.5}, "sample_target": [-4.723648910153166, 5.738694145711879, 1.5], "camera_params": {"forward": [0.890544920944248, -0.44734059431078493, -0.08255989620921936]}, "task_type": "screen_occupancy", "task_description": "Position where wardrobe occupies 50% of vertical FOV", "target_object": {"label": "wardrobe", "id": "127", "bbox_min": [-2.3574858215060064, 3.8710999711941945, -7.868052307458129e-10], "bbox_max": [-1.6964856791496667, 4.897100109278475, 2.5], "center": [-2.0269857503278366, 4.384100040236335, 1.2499999996065974]}}
{"scene_id": "0323_840504", "object_label": "wardrobe", "preset": "right", "distance": 2.5000000007868053, "init_camera": {"intrinsics": [[320.0, 0.0, 320.0], [0.0, 320.0, 240.0], [0.0, 0.0, 1.0]], "extrinsics": [[0.34202014332566855, -0.2051033111382963, 0.9170359062324639, -3.4974942203957307], [-0.9396926207859085, -0.07465150020377945, 0.3337737736219488, 3.8488787278952894], [0.0, -0.9758892279748929, -0.21826638477458604, 1.6], [0.0, 0.0, 0.0, 1.0]]}, "target_region": {"type": "circle", "params": {"center": [-2.0269857503278366, 4.384100040236335], "radius": 2.5000000007868053, "object_center": [-2.0269857503278366, 4.384100040236335, 1.2499999996065974], "sample_distance": 2.5000000007868053, "min_distance": 2.5000000007868053, "requested_distance": 0.8}, "sample_point": [-1.521835719790464, 6.832532896285715, 1.5], "sample_forward": [-0.20105722674237578, -0.9745126994816299, -0.09950371914502275], "height": 1.5}, "sample_target": [-1.521835719790464, 6.832532896285715, 1.5], "camera_params": {"forward": [-0.20105722674237578, -0.9745126994816299, -0.09950371914502275]}, "task_type": "absolute_positioning", "task_description": "Move to any position 2.5m from wardrobe", "target_object": {"label": "wardrobe", "id": "127", "bbox_min": [-2.3574858215060064, 3.8710999711941945, -7.868052307458129e-10], "bbox_max": [-1.6964856791496667, 4.897100109278475, 2.5], "center": [-2.0269857503278366, 4.384100040236335, 1.2499999996065974]}}
{"scene_id": "0323_840504", "object_label": "wardrobe", "preset": "back", "distance": 2.5000000007868053, "init_camera": {"intrinsics": [[320.0, 0.0, 320.0], [0.0, 320.0, 240.0], [0.0, 0.0, 1.0]], "extrinsics": [[0.34202014332566855, -0.2051033111382963, 0.9170359062324639, -3.4974942203957307], [-0.9396926207859085, -0.07465150020377945, 0.3337737736219488, 3.8488787278952894], [0.0, -0.9758892279748929, -0.21826638477458604, 1.6], [0.0, 0.0, 0.0, 1.0]]}, "target_region": {"type": "circle", "params": {"center": [-2.0269857503278366, 4.384100040236335], "radius": 2.5000000007868053, "object_center": [-2.0269857503278366, 4.384100040236335, 1.2499999996065974], "sample_distance": 2.5000000007868053, "min_distance": 2.5000000007868053, "requested_distance": 1.0}, "sample_point": [-4.09783256213108, 2.9835310537246507, 1.5], "sample_forward": [0.8242278369191294, 0.5574472914311465, -0.09950371914502278], "height": 1.5}, "sample_target": [-4.09783256213108, 2.9835310537246507, 1.5], "camera_params": {"forward": [0.8242278369191294, 0.5574472914311465, -0.09950371914502278]}, "task_type": "absolute_positioning", "task_description": "Move to any position 2.5m from wardrobe", "target_object": {"label": "wardrobe", "id": "127", "bbox_min": [-2.3574858215060064, 3.8710999711941945, -7.868052307458129e-10], "bbox_max": [-1.6964856791496667, 4.897100109278475, 2.5], "center": [-2.0269857503278366, 4.384100040236335, 1.2499999996065974]}}
{"scene_id": "0323_840504", "object_label": "wardrobe", "preset": "right", "distance": 2.5000000007868053, "init_camera": {"intrinsics": [[320.0, 0.0, 320.0], [0.0, 320.0, 240.0], [0.0, 0.0, 1.0]], "extrinsics": [[0.34202014332566855, -0.2051033111382963, 0.9170359062324639, -3.4974942203957307], [-0.9396926207859085, -0.07465150020377945, 0.3337737736219488, 3.8488787278952894], [0.0, -0.9758892279748929, -0.21826638477458604, 1.6], [0.0, 0.0, 0.0, 1.0]]}, "target_region": {"type": "circle", "params": {"center": [-2.0269857503278366, 4.384100040236335], "radius": 2.5000000007868053, "object_center": [-2.0269857503278366, 4.384100040236335, 1.2499999996065974], "sample_distance": 2.5000000007868053, "min_distance": 2.5000000007868053, "requested_distance": 1.2}, "sample_point": [-3.402212533068475, 6.471862311177847, 1.5], "sample_forward": [0.5473607173408185, -0.8309604412897483, -0.09950371914502278], "height": 1.5}, "sample_target": [-3.402212533068475, 6.471862311177847, 1.5], "camera_params": {"forward": [0.5473607173408185, -0.8309604412897483, -0.09950371914502278]}, "task_type": "absolute_positioning", "task_description": "Move to any position 2.5m from wardrobe", "target_object": {"label": "wardrobe", "id": "127", "bbox_min": [-2.3574858215060064, 3.8710999711941945, -7.868052307458129e-10], "bbox_max": [-1.6964856791496667, 4.897100109278475, 2.5], "center": [-2.0269857503278366, 4.384100040236335, 1.2499999996065974]}}
{"scene_id": "0323_840504", "object_label": "wardrobe", "preset": "occupancy_20", "distance": 7.892189395827652, "init_camera": {"intrinsics": [[320.0, 0.0, 320.0], [0.0, 320.0, 240.0], [0.0, 0.0, 1.0]], "extrinsics": [[0.34202014332566855, -0.2051033111382963, 0.9170359062324639, -3.4974942203957307], [-0.9396926207859085, -0.07465150020377945, 0.3337737736219488, 3.8488787278952894], [0.0, -0.9758892279748929, -0.21826638477458604, 1.6], [0.0, 0.0, 0.0, 1.0]]}, "target_region": {"type": "circle", "params": {"center": [-2.0269857503278366, 4.384100040236335], "radius": 7.892189395827652, "object_center": [-2.0269857503278366, 4.384100040236335, 1.2499999996065974], "object_height": 2.5000000007868053, "occupancy_ratio": 0.2, "fov_vertical": 90.0, "sample_distance": 7.892189395827652, "min_distance": 2.5000000007868053}, "sample_point": [-8.811214396456432, 0.35162001714104285, 1.5], "sample_forward": [0.859182051052704, 0.5106895179674044, -0.03166100736061617], "height": 1.5}, "sample_target": [-8.811214396456432, 0.35162001714104285, 1.5], "camera_params": {"forward": [0.859182051052704, 0.5106895179674044, -0.03166100736061617]}, "task_type": "screen_occupancy", "task_description": "Position where wardrobe occupies 20% of vertical FOV", "target_object": {"label": "wardrobe", "id": "127", "bbox_min": [-2.3574858215060064, 3.8710999711941945, -7.868052307458129e-10], "bbox_max": [-1.6964856791496667, 4.897100109278475, 2.5], "center": [-2.0269857503278366, 4.384100040236335, 1.2499999996065974]}}
{"scene_id": "0323_840504", "object_label": "wardrobe", "preset": "occupancy_30", "distance": 5.206624714251662, "init_camera": {"intrinsics": [[320.0, 0.0, 320.0], [0.0, 320.0, 240.0], [0.0, 0.0, 1.0]], "extrinsics": [[0.34202014332566855, -0.2051033111382963, 0.9170359062324639, -3.4974942203957307], [-0.9396926207859085, -0.07465150020377945, 0.3337737736219488, 3.8488787278952894], [0.0, -0.9758892279748929, -0.21826638477458604, 1.6], [0.0, 0.0, 0.0, 1.0]]}, "target_region": {"type": "circle", "params": {"center": [-2.0269857503278366, 4.384100040236335], "radius": 5.206624714251662, "object_center": [-2.0269857503278366, 4.384100040236335, 1.2499999996065974], "object_height": 2.5000000007868053, "occupancy_ratio": 0.3, "fov_vertical": 90.0, "sample_distance": 5.206624714251662, "min_distance": 2.5000000007868053}, "sample_point": [1.3836657245478303, 0.45009477435467415, 1.5], "sample_forward": [-0.6543061575350562, 0.7547073889558129, -0.04796049694498113], "height": 1.5}, "sample_target": [1.3836657245478303, 0.45009477435467415, 1.5], "camera_params": {"forward": [-0.6543061575350562, 0.7547073889558129, -0.04796049694498113]}, "task_type": "screen_occupancy", "task_description": "Position where wardrobe occupies 30% of vertical FOV", "target_object": {"label": "wardrobe", "id": "127", "bbox_min": [-2.3574858215060064, 3.8710999711941945, -7.868052307458129e-10], "bbox_max": [-1.6964856791496667, 4.897100109278475, 2.5], "center": [-2.0269857503278366, 4.384100040236335, 1.2499999996065974]}}
{"scene_id": "0323_840504", "object_label": "wardrobe", "preset": "occupancy_50", "distance": 3.017766953916127, "init_camera": {"intrinsics": [[320.0, 0.0, 320.0], [0.0, 320.0, 240.0], [0.0, 0.0, 1.0]], "extrinsics": [[0.34202014332566855, -0.2051033111382963, 0.9170359062324639, -3.4974942203957307], [-0.9396926207859085, -0.07465150020377945, 0.3337737736219488, 3.8488787278952894], [0.0, -0.9758892279748929, -0.21826638477458604, 1.6], [0.0, 0.0, 0.0, 1.0]]}, "target_region": {"type": "circle", "params": {"center": [-2.0269857503278366, 4.384100040236335], "radius": 3.017766953916127, "object_center": [-2.0269857503278366, 4.384100040236335, 1.2499999996065974], "object_height": 2.5000000007868053, "occupancy_ratio": 0.5, "fov_vertical": 90.0, "sample_distance": 3.017766953916127, "min_distance": 2.5000000007868053}, "sample_point": [-0.35444672507854813, 6.895977942755957, 1.5], "sample_forward": [-0.552338592452635, -0.8295215143836627, -0.08255989620921937], "height": 1.5}, "sample_target": [-0.35444672507854813, 6.895977942755957, 1.5], "camera_params": {"forward": [-0.552338592452635, -0.8295215143836627, -0.08255989620921937]}, "task_type": "screen_occupancy", "task_description": "Position where wardrobe occupies 50% of vertical FOV", "target_object": {"label": "wardrobe", "id": "127", "bbox_min": [-2.3574858215060064, 3.8710999711941945, -7.868052307458129e-10], "bbox_max": [-1.6964856791496667, 4.897100109278475, 2.5], "center": [-2.0269857503278366, 4.384100040236335, 1.2499999996065974]}}
{"scene_id": "0323_840504", "object_label": "wardrobe", "preset": "right", "distance": 2.5000000007868053, "init_camera": {"intrinsics": [[320.0, 0.0, 320.0], [0.0, 320.0, 240.0], [0.0, 0.0, 1.0]], "extrinsics": [[-0.6427876096865393, -0.16720175117624045, 0.7475745201898362, -3.225755238495975], [-0.7660444431189781, 0.14029892774417868, -0.6272895041688235, 5.389987075624797], [0.0, -0.9758892279748929, -0.2182663847745861, 1.6], [0.0, 0.0, 0.0, 1.0]]}, "target_region": {"type": "circle", "params": {"center": [-2.0269857503278366, 4.384100040236335], "radius": 2.5000000007868053, "object_center": [-2.0269857503278366, 4.384100040236335, 1.2499999996065974], "sample_distance": 2.5000000007868053, "min_distance": 2.5000000007868053, "requested_distance": 0.8}, "sample_point": [-0.9384387083449985, 6.634670043885286, 1.5], "sample_forward": [-0.43325791588464324, -0.8957603408276144, -0.09950371914502276], "height": 1.5}, "sample_target": [-0.9384387083449985, 6.634670043885286, 1.5], "camera_params": {"forward": [-0.43325791588464324, -0.8957603408276144, -0.09950371914502276]}, "task_type": "absolute_positioning", "task_description": "Move to any position 2.5m from wardrobe", "target_object": {"label": "wardrobe", "id": "127", "bbox_min": [-2.3574858215060064, 3.8710999711941945, -7.868052307458129e-10], "bbox_max": [-1.6964856791496667, 4.897100109278475, 2.5], "center": [-2.0269857503278366, 4.384100040236335, 1.2499999996065974]}}
{"scene_id": "0323_840504", "object_label": "wardrobe", "preset": "right", "distance": 2.5000000007868053, "init_camera": {"intrinsics": [[320.0, 0.0, 320.0], [0.0, 320.0, 240.0], [0.0, 0.0, 1.0]], "extrinsics": [[-0.6427876096865393, -0.16720175117624045, 0.7475745201898362, -3.225755238495975], [-0.7660444431189781, 0.14029892774417868, -0.6272895041688235, 5.389987075624797], [0.0, -0.9758892279748929, -0.2182663847745861, 1.6], [0.0, 0.0, 0.0, 1.0]]}, "target_region": {"type": "circle", "params": {"center": [-2.0269857503278366, 4.384100040236335], "radius": 2.5000000007868053, "object_center": [-2.0269857503278366, 4.384100040236335, 1.2499999996065974], "sample_distance": 2.5000000007868053, "min_distance": 2.5000000007868053, "requested_distance": 1.0}, "sample_point": [-2.500149127048069, 6.838914987002127, 1.5], "sample_forward": [0.18832606269117044, -0.9770528665264483, -0.09950371914502272], "height": 1.5}, "sample_target": [-2.500149127048069, 6.838914987002127, 1.5], "camera_params": {"forward": [0.18832606269117044, -0.9770528665264483, -0.09950371914502272]}, "task_type": "absolute_positioning", "task_description": "Move to any position 2.5m from wardrobe", "target_object": {"label": "wardrobe", "id": "127", "bbox_min": [-2.3574858215060064, 3.8710999711941945, -7.868052307458129e-10], "bbox_max": [-1.6964856791496667, 4.897100109278475, 2.5], "center": [-2.0269857503278366, 4.384100040236335, 1.2499999996065974]}}
{"scene_id": "0323_840504", "object_label": "wardrobe", "preset": "left", "distance": 2.5000000007868053, "init_camera": {"intrinsics": [[320.0, 0.0, 320.0], [0.0, 320.0, 240.0], [0.0, 0.0, 1.0]], "extrinsics": [[-0.6427876096865393, -0.16720175117624045, 0.7475745201898362, -3.225755238495975], [-0.7660444431189781, 0.14029892774417868, -0.6272895041688235, 5.389987075624797], [0.0, -0.9758892279748929, -0.2182663847745861, 1.6], [0.0, 0.0, 0.0, 1.0]]}, "target_region": {"type": "circle", "params": {"center": [-2.0269857503278366, 4.384100040236335], "radius": 2.5000000007868053, "object_center": [-2.0269857503278366, 4.384100040236335, 1.2499999996065974], "sample_distance": 2.5000000007868053, "min_distance": 2.5000000007868053, "requested_distance": 1.2}, "sample_point": [-2.7585424062927224, 1.9935300531731035, 1.5], "sample_forward": [0.2911704316770193, 0.9514824168597793, -0.09950371914502276], "height": 1.5}, "sample_target": [-2.7585424062927224, 1.9935300531731035, 1.5], "camera_params": {"forward": [0.2911704316770193, 0.9514824168597793, -0.09950371914502276]}, "task_type": "absolute_positioning", "task_description": "Move to any position 2.5m from wardrobe", "target_object": {"label": "wardrobe", "id": "127", "bbox_min": [-2.3574858215060064, 3.8710999711941945, -7.868052307458129e-10], "bbox_max": [-1.6964856791496667, 4.897100109278475, 2.5], "center": [-2.0269857503278366, 4.384100040236335, 1.2499999996065974]}}
{"scene_id": "0323_840504", "object_label": "wardrobe", "preset": "back", "distance": 2.5000000007868053, "init_camera": {"intrinsics": [[320.0, 0.0, 320.0], [0.0, 320.0, 240.0], [0.0, 0.0, 1.0]], "extrinsics": [[-0.6427876096865393, -0.16720175117624045, 0.7475745201898362, -3.225755238495975], [-0.7660444431189781, 0.14029892774417868, -0.6272895041688235, 5.389987075624797], [0.0, -0.9758892279748929, -0.2182663847745861, 1.6], [0.0, 0.0, 0.0, 1.0]]}, "target_region": {"type": "circle", "params": {"center": [-2.0269857503278366, 4.384100040236335], "radius": 2.5000000007868053, "object_center": [-2.0269857503278366, 4.384100040236335, 1.2499999996065974], "sample_distance": 2.5000000007868053, "min_distance": 2.5000000007868053, "requested_distance": 1.5}, "sample_point": [-4.251803430118597, 3.2438429220281284, 1.5], "sample_forward": [0.8855105328416754, 0.45383929545904333, -0.09950371914502275], "height": 1.5}, "sample_target": [-4.251803430118597, 3.2438429220281284, 1.5], "camera_params": {"forward": [0.8855105328416754, 0.45383929545904333, -0.09950371914502275]}, "task_type": "absolute_positioning", "task_description": "Move to any position 2.5m from wardrobe", "target_object": {"label": "wardrobe", "id": "127", "bbox_min": [-2.3574858215060064, 3.8710999711941945, -7.868052307458129e-10], "bbox_max": [-1.6964856791496667, 4.897100109278475, 2.5], "center": [-2.0269857503278366, 4.384100040236335, 1.2499999996065974]}}
{"scene_id": "0323_840504", "object_label": "wardrobe", "preset": "occupancy_20", "distance": 7.892189395827652, "init_camera": {"intrinsics": [[320.0, 0.0, 320.0], [0.0, 320.0, 240.0], [0.0, 0.0, 1.0]], "extrinsics": [[-0.6427876096865393, -0.16720175117624045, 0.7475745201898362, -3.225755238495975], [-0.7660444431189781, 0.14029892774417868, -0.6272895041688235, 5.389987075624797], [0.0, -0.9758892279748929, -0.2182663847745861, 1.6], [0.0, 0.0, 0.0, 1.0]]}, "target_region": {"type": "circle", "params": {"center": [-2.0269857503278366, 4.384100040236335], "radius": 7.892189395827652, "object_center": [-2.0269857503278366, 4.384100040236335, 1.2499999996065974], "object_height": 2.5000000007868053, "occupancy_ratio": 0.2, "fov_vertical": 90.0, "sample_distance": 7.892189395827652, "min_distance": 2.5000000007868053}, "sample_point": [3.6868457340431893, 9.828251326509047, 1.5], "sample_forward": [-0.7236226415972655, -0.6894692547029971, -0.03166100736061617], "height": 1.5}, "sample_target": [3.6868457340431893, 9.828251326509047, 1.5], "camera_params": {"forward": [-0.7236226415972655, -0.6894692547029971, -0.03166100736061617]}, "task_type": "screen_occupancy", "task_description": "Position where wardrobe occupies 20% of vertical FOV", "target_object": {"label": "wardrobe", "id": "127", "bbox_min": [-2.3574858215060064, 3.8710999711941945, -7.868052307458129e-10], "bbox_max": [-1.6964856791496667, 4.897100109278475, 2.5], "center": [-2.0269857503278366, 4.384100040236335, 1.2499999996065974]}}
{"scene_id": "0323_840504", "object_label": "wardrobe", "preset": "occupancy_30", "distance": 5.206624714251662, "init_camera": {"intrinsics": [[320.0, 0.0, 320.0], [0.0, 320.0, 240.0], [0.0, 0.0, 1.0]], "extrinsics": [[-0.6427876096865393, -0.16720175117624045, 0.7475745201898362, -3.225755238495975], [-0.7660444431189781, 0.14029892774417868, -0.6272895041688235, 5.389987075624797], [0.0, -0.9758892279748929, -0.2182663847745861, 1.6], [0.0, 0.0, 0.0, 1.0]]}, "target_region": {"type": "circle", "params": {"center": [-2.0269857503278366, 4.384100040236335], "radius": 5.206624714251662, "object_center": [-2.0269857503278366, 4.384100040236335, 1.2499999996065974], "object_height": 2.5000000007868053, "occupancy_ratio": 0.3, "fov_vertical": 90.0, "sample_distance": 5.206624714251662, "min_distance": 2.5000000007868053}, "sample_point": [-2.4656463707738685, -0.8040130825787504, 1.5], "sample_forward": [0.0841535252547169, 0.9952979327417465, -0.04796049694498113], "height": 1.5}, "sample_target": [-2.4656463707738685, -0.8040130825787504, 1.5], "camera_params": {"forward": [0.0841535252547169, 0.9952979327417465, -0.04796049694498113]}, "task_type": "screen_occupancy", "task_description": "Position where wardrobe occupies 30% of vertical FOV", "target_object": {"label": "wardrobe", "id": "127", "bbox_min": [-2.3574858215060064, 3.8710999711941945, -7.868052307458129e-10], "bbox_max": [-1.6964856791496667, 4.897100109278475, 2.5], "center": [-2.0269857503278366, 4.384100040236335, 1.2499999996065974]}}
{"scene_id": "0323_840504", "object_label": "wardrobe", "preset": "occupancy_50", "distance": 3.017766953916127, "init_camera": {"intrinsics": [[320.0, 0.0, 320.0], [0.0, 320.0, 240.0], [0.0, 0.0, 1.0]], "extrinsics": [[-0.6427876096865393, -0.16720175117624045, 0.7475745201898362, -3.225755238495975], [-0.7660444431189781, 0.14029892774417868, -0.6272895041688235, 5.389987075624797], [0.0, -0.9758892279748929, -0.2182663847745861, 1.6], [0.0, 0.0, 0.0, 1.0]]}, "target_region": {"type": "circle", "params": {"center": [-2.0269857503278366, 4.384100040236335], "radius": 3.017766953916127, "object_center": [-2.0269857503278366, 4.384100040236335, 1.2499999996065974], "object_height": 2.5000000007868053, "occupancy_ratio": 0.5, "fov_vertical": 90.0, "sample_distance": 3.017766953916127, "min_distance": 2.5000000007868053}, "sample_point": [-5.03062970602234, 4.675716870285785, 1.5], "sample_forward": [0.99192213136545, -0.09630342073543251, -0.08255989620921936], "height": 1.5}, "sample_target": [-5.03062970602234, 4.675716870285785, 1.5], "camera_params": {"forward": [0.99192213136545, -0.09630342073543251, -0.08255989620921936]}, "task_type": "screen_occupancy", "task_description": "Position where wardrobe occupies 50% of vertical FOV", "target_object": {"label": "wardrobe", "id": "127", "bbox_min": [-2.3574858215060064, 3.8710999711941945, -7.868052307458129e-10], "bbox_max": [-1.6964856791496667, 4.897100109278475, 2.5], "center": [-2.0269857503278366, 4.384100040236335, 1.2499999996065974]}}
