[
  {
    "scene_id": "0316_840531",
    "object_label": "wardrobe",
    "preset": "occupancy_20",
    "distance": 7.8921893958276526,
    "init_camera": {
      "intrinsics": [
        [
          320.0,
          0.0,
          320.0
        ],
        [
          0.0,
          320.0,
          240.0
        ],
        [
          0.0,
          0.0,
          1.0
        ]
      ],
      "extrinsics": [
        [
          0.6427876096865391,
          -0.11297893792643149,
          0.7576673732044168,
          1.5717601325648651
        ],
        [
          -0.7660444431189781,
          -0.09480058514486943,
          0.6357584134108845,
          5.87815535319899
        ],
        [
          0.0,
          -0.9890645118702854,
          -0.14748352911018267,
          1.6
        ],
        [
          0.0,
          0.0,
          0.0,
          1.0
        ]
      ]
    },
    "target_region": {
      "type": "circle",
      "params": {
        "center": [
          3.3698157,
          7.386903116670065
        ],
        "radius": 7.8921893958276526,
        "object_center": [
          3.3698157,
          7.386903116670065,
          1.25
        ],
        "object_height": 2.5000000007868057,
        "occupancy_ratio": 0.2,
        "fov_vertical": 90.0,
        "sample_distance": 7.8921893958276526,
        "min_distance": 2.5000000007868057
      },
      "sample_point": [
        -0.9565206400466097,
        0.7861859334840933,
        1.5
      ],
      "sample_forward": [
        0.5479046659655433,
        0.8359414199746589,
        -0.03166100731084401
      ],
      "height": 1.5
    },
    "sample_target": [
      -0.9565206400466097,
      0.7861859334840933,
      1.5
    ],
    "camera_params": {
      "forward": [
        0.5479046659655433,
        0.8359414199746589,
        -0.03166100731084401
      ]
    },
    "task_type": "screen_occupancy",
    "task_description": "Position where wardrobe occupies 20% of vertical FOV",
    "target_object": {
      "label": "wardrobe",
      "id": "117",
      "bbox_min": [
        2.7268156963785115,
        6.48690293334013,
        -3.9340284274658187e-10
      ],
      "bbox_max": [
        4.012815703621489,
        8.2869033,
        2.500000000393403
      ],
      "center": [
        3.3698157,
        7.386903116670066,
        1.2500000000000002
      ]
    }
  },
  {
    "scene_id": "0316_840531",
    "object_label": "wardrobe",
    "preset": "occupancy_30",
    "distance": 5.206624714251663,
    "init_camera": {
      "intrinsics": [
        [
          320.0,
          0.0,
          320.0
        ],
        [
          0.0,
          320.0,
          240.0
        ],
        [
          0.0,
          0.0,
          1.0
        ]
      ],
      "extrinsics": [
        [
          0.6427876096865391,
          -0.11297893792643149,
          0.7576673732044168,
          1.5717601325648651
        ],
        [
          -0.7660444431189781,
          -0.09480058514486943,
          0.6357584134108845,
          5.87815535319899
        ],
        [
          0.0,
          -0.9890645118702854,
          -0.14748352911018267,
          1.6
        ],
        [
          0.0,
          0.0,
          0.0,
          1.0
        ]
      ]
    },
    "target_region": {
      "type": "circle",
      "params": {
        "center": [
          3.3698157,
          7.386903116670065
        ],
        "radius": 5.206624714251663,
        "object_center": [
          3.3698157,
          7.386903116670065,
          1.25
        ],
        "object_height": 2.5000000007868057,
        "occupancy_ratio": 0.3,
        "fov_vertical": 90.0,
        "sample_distance": 5.206624714251663,
        "min_distance": 2.5000000007868057
      },
      "sample_point": [
        0.09887584303826946,
        3.3359904581207127,
        1.5
      ],
      "sample_forward": [
        0.6275036030829454,
        0.7771351355188711,
        -0.04796049686968358
      ],
      "height": 1.5
    },
    "sample_target": [
      0.09887584303826946,
      3.3359904581207127,
      1.5
    ],
    "camera_params": {
      "forward": [
        0.6275036030829454,
        0.7771351355188711,
        -0.04796049686968358
      ]
    },
    "task_type": "screen_occupancy",
    "task_description": "Position where wardrobe occupies 30% of vertical FOV",
    "target_object": {
      "label": "wardrobe",
      "id": "117",
      "bbox_min": [
        2.7268156963785115,
        6.48690293334013,
        -3.9340284274658187e-10
      ],
      "bbox_max": [
        4.012815703621489,
        8.2869033,
        2.500000000393403
      ],
      "center": [
        3.3698157,
        7.386903116670066,
        1.2500000000000002
      ]
    }
  },
  {
    "scene_id": "0316_840531",
    "object_label": "wardrobe",
    "preset": "occupancy_50",
    "distance": 3.0177669539161274,
    "init_camera": {
      "intrinsics": [
        [
          320.0,
          0.0,
          320.0
        ],
        [
          0.0,
          320.0,
          240.0
        ],
        [
          0.0,
          0.0,
          1.0
        ]
      ],
      "extrinsics": [
        [
          0.6427876096865391,
          -0.11297893792643149,
          0.7576673732044168,
          1.5717601325648651
        ],
        [
          -0.7660444431189781,
          -0.09480058514486943,
          0.6357584134108845,
          5.87815535319899
        ],
        [
          0.0,
          -0.9890645118702854,
          -0.14748352911018267,
          1.6
        ],
        [
          0.0,
          0.0,
          0.0,
          1.0
        ]
      ]
    },
    "target_region": {
      "type": "circle",
      "params": {
        "center": [
          3.3698157,
          7.386903116670065
        ],
        "radius": 3.0177669539161274,
        "object_center": [
          3.3698157,
          7.386903116670065,
          1.25
        ],
        "object_height": 2.5000000007868057,
        "occupancy_ratio": 0.5,
        "fov_vertical": 90.0,
        "sample_distance": 3.0177669539161274,
        "min_distance": 2.5000000007868057
      },
      "sample_point": [
        2.976674299733503,
        10.378952118198068,
        1.5
      ],
      "sample_forward": [
        0.129830852603286,
        -0.9880930185319257,
        -0.08255989608018773
      ],
      "height": 1.5
    },
    "sample_target": [
      2.976674299733503,
      10.378952118198068,
      1.5
    ],
    "camera_params": {
      "forward": [
        0.129830852603286,
        -0.9880930185319257,
        -0.08255989608018773
      ]
    },
    "task_type": "screen_occupancy",
    "task_description": "Position where wardrobe occupies 50% of vertical FOV",
    "target_object": {
      "label": "wardrobe",
      "id": "117",
      "bbox_min": [
        2.7268156963785115,
        6.48690293334013,
        -3.9340284274658187e-10
      ],
      "bbox_max": [
        4.012815703621489,
        8.2869033,
        2.500000000393403
      ],
      "center": [
        3.3698157,
        7.386903116670066,
        1.2500000000000002
      ]
    }
  },
  {
    "scene_id": "0316_840531",
    "object_label": "wardrobe",
    "preset": "occupancy_20",
    "distance": 7.8921893958276526,
    "init_camera": {
      "intrinsics": [
        [
          320.0,
          0.0,
          320.0
        ],
        [
          0.0,
          320.0,
          240.0
        ],
        [
          0.0,
          0.0,
          1.0
        ]
      ],
      "extrinsics": [
        [
          0.17364817766693005,
          -0.18045307394035723,
          0.968133770973015,
          1.5205871555596726
        ],
        [
          -0.9848077530122081,
          -0.03181874568746451,
          0.17070810475757198,
          7.060834230788994
        ],
        [
          0.0,
          -0.9830687949112984,
          -0.18323685347562474,
          1.6
        ],
        [
          0.0,
          0.0,
          0.0,
          1.0
        ]
      ]
    },
    "target_region": {
      "type": "circle",
      "params": {
        "center": [
          3.3698157,
          7.386903116670065
        ],
        "radius": 7.8921893958276526,
        "object_center": [
          3.3698157,
          7.386903116670065,
          1.25
        ],
        "object_height": 2.5000000007868057,
        "occupancy_ratio": 0.2,
        "fov_vertical": 90.0,
        "sample_distance": 7.8921893958276526,
        "min_distance": 2.5000000007868057
      },
      "sample_point": [
        6.675176465000949,
        14.55357903182116,
        1.5
      ],
      "sample_forward": [
        -0.418604205382688,
        -0.9076167141761939,
        -0.03166100731084401
      ],
      "height": 1.5
    },
    "sample_target": [
      6.675176465000949,
      14.55357903182116,
      1.5
    ],
    "camera_params": {
      "forward": [
        -0.418604205382688,
        -0.9076167141761939,
        -0.03166100731084401
      ]
    },
    "task_type": "screen_occupancy",
    "task_description": "Position where wardrobe occupies 20% of vertical FOV",
    "target_object": {
      "label": "wardrobe",
      "id": "117",
      "bbox_min": [
        2.7268156963785115,
        6.48690293334013,
        -3.9340284274658187e-10
      ],
      "bbox_max": [
        4.012815703621489,
        8.2869033,
        2.500000000393403
      ],
      "center": [
        3.3698157,
        7.386903116670066,
        1.2500000000000002
      ]
    }
  },
  {
    "scene_id": "0316_840531",
    "object_label": "wardrobe",
    "preset": "occupancy_30",
    "distance": 5.206624714251663,
    "init_camera": {
      "intrinsics": [
        [
          320.0,
          0.0,
          320.0
        ],
        [
          0.0,
          320.0,
          240.0
        ],
        [
          0.0,
          0.0,
          1.0
        ]
      ],
      "extrinsics": [
        [
          0.17364817766693005,
          -0.18045307394035723,
          0.968133770973015,
          1.5205871555596726
        ],
        [
          -0.9848077530122081,
          -0.03181874568746451,
          0.17070810475757198,
          7.060834230788994
        ],
        [
          0.0,
          -0.9830687949112984,
          -0.18323685347562474,
          1.6
        ],
        [
          0.0,
          0.0,
          0.0,
          1.0
        ]
      ]
    },
    "target_region": {
      "type": "circle",
      "params": {
        "center": [
          3.3698157,
          7.386903116670065
        ],
        "radius": 5.206624714251663,
        "object_center": [
          3.3698157,
          7.386903116670065,
          1.25
        ],
        "object_height": 2.5000000007868057,
        "occupancy_ratio": 0.3,
        "fov_vertical": 90.0,
        "sample_distance": 5.206624714251663,
        "min_distance": 2.5000000007868057
      },
      "sample_point": [
        7.657178070789515,
        10.341131411266527,
        1.5
      ],
      "sample_forward": [
        -0.8224961182537988,
        -0.5667450275012972,
        -0.04796049686968358
      ],
      "height": 1.5
    },
    "sample_target": [
      7.657178070789515,
      10.341131411266527,
      1.5
    ],
    "camera_params": {
      "forward": [
        -0.8224961182537988,
        -0.5667450275012972,
        -0.04796049686968358
      ]
    },
    "task_type": "screen_occupancy",
    "task_description": "Position where wardrobe occupies 30% of vertical FOV",
    "target_object": {
      "label": "wardrobe",
      "id": "117",
      "bbox_min": [
        2.7268156963785115,
        6.48690293334013,
        -3.9340284274658187e-10
      ],
      "bbox_max": [
        4.012815703621489,
        8.2869033,
        2.500000000393403
      ],
      "center": [
        3.3698157,
        7.386903116670066,
        1.2500000000000002
      ]
    }
  },
  {
    "scene_id": "0316_840531",
    "object_label": "wardrobe",
    "preset": "occupancy_50",
    "distance": 3.0177669539161274,
    "init_camera": {
      "intrinsics": [
        [
          320.0,
          0.0,
          320.0
        ],
        [
          0.0,
          320.0,
          240.0
        ],
        [
          0.0,
          0.0,
          1.0
        ]
      ],
      "extrinsics": [
        [
          0.17364817766693005,
          -0.18045307394035723,
          0.968133770973015,
          1.5205871555596726
        ],
        [
          -0.9848077530122081,
          -0.03181874568746451,
          0.17070810475757198,
          7.060834230788994
        ],
        [
          0.0,
          -0.9830687949112984,
          -0.18323685347562474,
          1.6
        ],
        [
          0.0,
          0.0,
          0.0,
          1.0
        ]
      ]
    },
    "target_region": {
      "type": "circle",
      "params": {
        "center": [
          3.3698157,
          7.386903116670065
        ],
        "radius": 3.0177669539161274,
        "object_center": [
          3.3698157,
          7.386903116670065,
          1.25
        ],
        "object_height": 2.5000000007868057,
        "occupancy_ratio": 0.5,
        "fov_vertical": 90.0,
        "sample_distance": 3.0177669539161274,
        "min_distance": 2.5000000007868057
      },
      "sample_point": [
        0.48332583641208027,
        8.267297150925415,
        1.5
      ],
      "sample_forward": [
        0.953233212697336,
        -0.29074095991095594,
        -0.08255989608018775
      ],
      "height": 1.5
    },
    "sample_target": [
      0.48332583641208027,
      8.267297150925415,
      1.5
    ],
    "camera_params": {
      "forward": [
        0.953233212697336,
        -0.29074095991095594,
        -0.08255989608018775
      ]
    },
    "task_type": "screen_occupancy",
    "task_description": "Position where wardrobe occupies 50% of vertical FOV",
    "target_object": {
      "label": "wardrobe",
      "id": "117",
      "bbox_min": [
        2.7268156963785115,
        6.48690293334013,
        -3.9340284274658187e-10
      ],
      "bbox_max": [
        4.012815703621489,
        8.2869033,
        2.500000000393403
      ],
      "center": [
        3.3698157,
        7.386903116670066,
        1.2500000000000002
      ]
    }
  },
  {
    "scene_id": "0316_840531",
    "object_label": "wardrobe",
    "preset": "occupancy_20",
    "distance": 7.8921893958276526,
    "init_camera": {
      "intrinsics": [
        [
          320.0,
          0.0,
          320.0
        ],
        [
          0.0,
          320.0,
          240.0
        ],
        [
          0.0,
          0.0,
          1.0
        ]
      ],
      "extrinsics": [
        [
          0.766044443118978,
          -0.1177823790520795,
          0.6319044408384603,
          2.1628174892231384
        ],
        [
          -0.6427876096865395,
          -0.14036757337960873,
          0.7530743875454703,
          5.948458662721958
        ],
        [
          0.0,
          -0.9830687949112984,
          -0.18323685347562474,
          1.6
        ],
        [
          0.0,
          0.0,
          0.0,
          1.0
        ]
      ]
    },
    "target_region": {
      "type": "circle",
      "params": {
        "center": [
          3.3698157,
          7.386903116670065
        ],
        "radius": 7.8921893958276526,
        "object_center": [
          3.3698157,
          7.386903116670065,
          1.25
        ],
        "object_height": 2.5000000007868057,
        "occupancy_ratio": 0.2,
        "fov_vertical": 90.0,
        "sample_distance": 7.8921893958276526,
        "min_distance": 2.5000000007868057
      },
      "sample_point": [
        4.665257915117311,
        -0.398241899763887,
        1.5
      ],
      "sample_forward": [
        -0.16406002177442058,
        0.9859421331251846,
        -0.03166100731084401
      ],
      "height": 1.5
    },
    "sample_target": [
      4.665257915117311,
      -0.398241899763887,
      1.5
    ],
    "camera_params": {
      "forward": [
        -0.16406002177442058,
        0.9859421331251846,
        -0.03166100731084401
      ]
    },
    "task_type": "screen_occupancy",
    "task_description": "Position where wardrobe occupies 20% of vertical FOV",
    "target_object": {
      "label": "wardrobe",
      "id": "117",
      "bbox_min": [
        2.7268156963785115,
        6.48690293334013,
        -3.9340284274658187e-10
      ],
      "bbox_max": [
        4.012815703621489,
        8.2869033,
        2.500000000393403
      ],
      "center": [
        3.3698157,
        7.386903116670066,
        1.2500000000000002
      ]
    }
  },
  {
    "scene_id": "0316_840531",
    "object_label": "wardrobe",
    "preset": "occupancy_50",
    "distance": 3.0177669539161274,
    "init_camera": {
      "intrinsics": [
        [
          320.0,
          0.0,
          320.0
        ],
        [
          0.0,
          320.0,
          240.0
        ],
        [
          0.0,
          0.0,
          1.0
        ]
      ],
      "extrinsics": [
        [
          0.766044443118978,
          -0.1177823790520795,
          0.6319044408384603,
          2.1628174892231384
        ],
        [
          -0.6427876096865395,
          -0.14036757337960873,
          0.7530743875454703,
          5.948458662721958
        ],
        [
          0.0,
          -0.9830687949112984,
          -0.18323685347562474,
          1.6
        ],
        [
          0.0,
          0.0,
          0.0,
          1.0
        ]
      ]
    },
    "target_region": {
      "type": "circle",
      "params": {
        "center": [
          3.3698157,
          7.386903116670065
        ],
        "radius": 3.0177669539161274,
        "object_center": [
          3.3698157,
          7.386903116670065,
          1.25
        ],
        "object_height": 2.5000000007868057,
        "occupancy_ratio": 0.5,
        "fov_vertical": 90.0,
        "sample_distance": 3.0177669539161274,
        "min_distance": 2.5000000007868057
      },
      "sample_point": [
        1.2606924978937641,
        9.545262842592823,
        1.5
      ],
      "sample_forward": [
        0.6965159695448144,
        -0.7127758187033815,
        -0.08255989608018773
      ],
      "height": 1.5
    },
    "sample_target": [
      1.2606924978937641,
      9.545262842592823,
      1.5
    ],
    "camera_params": {
      "forward": [
        0.6965159695448144,
        -0.7127758187033815,
        -0.08255989608018773
      ]
    },
    "task_type": "screen_occupancy",
    "task_description": "Position where wardrobe occupies 50% of vertical FOV",
    "target_object": {
      "label": "wardrobe",
      "id": "117",
      "bbox_min": [
        2.7268156963785115,
        6.48690293334013,
        -3.9340284274658187e-10
      ],
      "bbox_max": [
        4.012815703621489,
        8.2869033,
        2.500000000393403
      ],
      "center": [
        3.3698157,
        7.386903116670066,
        1.2500000000000002
      ]
    }
  },
  {
    "scene_id": "0316_840531",
    "object_label": "wardrobe",
    "preset": "occupancy_20",
    "distance": 7.8921893958276526,
    "init_camera": {
      "intrinsics": [
        [
          320.0,
          0.0,
          320.0
        ],
        [
          0.0,
          320.0,
          240.0
        ],
        [
          0.0,
          0.0,
          1.0
        ]
      ],
      "extrinsics": [
        [
          0.8660254037844384,
          -0.09161842673781247,
          0.4915343974556497,
          2.4309377622582744
        ],
        [
          -0.5000000000000006,
          -0.1586877700194179,
          0.8513625500609384,
          5.76071882639591
        ],
        [
          0.0,
          -0.9830687949112985,
          -0.18323685347562474,
          1.6
        ],
        [
          0.0,
          0.0,
          0.0,
          1.0
        ]
      ]
    },
    "target_region": {
      "type": "circle",
      "params": {
        "center": [
          3.3698157,
          7.386903116670065
        ],
        "radius": 7.8921893958276526,
        "object_center": [
          3.3698157,
          7.386903116670065,
          1.25
        ],
        "object_height": 2.5000000007868057,
        "occupancy_ratio": 0.2,
        "fov_vertical": 90.0,
        "sample_distance": 7.8921893958276526,
        "min_distance": 2.5000000007868057
      },
      "sample_point": [
        4.524618371624889,
        15.194148741679085,
        1.5
      ],
      "sample_forward": [
        -0.14624886331559123,
        -0.9887410432438618,
        -0.03166100731084401
      ],
      "height": 1.5
    },
    "sample_target": [
      4.524618371624889,
      15.194148741679085,
      1.5
    ],
    "camera_params": {
      "forward": [
        -0.14624886331559123,
        -0.9887410432438618,
        -0.03166100731084401
      ]
    },
    "task_type": "screen_occupancy",
    "task_description": "Position where wardrobe occupies 20% of vertical FOV",
    "target_object": {
      "label": "wardrobe",
      "id": "117",
      "bbox_min": [
        2.7268156963785115,
        6.48690293334013,
        -3.9340284274658187e-10
      ],
      "bbox_max": [
        4.012815703621489,
        8.2869033,
        2.500000000393403
      ],
      "center": [
        3.3698157,
        7.386903116670066,
        1.2500000000000002
      ]
    }
  },
  {
    "scene_id": "0316_840531",
    "object_label": "wardrobe",
    "preset": "occupancy_30",
    "distance": 5.206624714251663,
    "init_camera": {
      "intrinsics": [
        [
          320.0,
          0.0,
          320.0
        ],
        [
          0.0,
          320.0,
          240.0
        ],
        [
          0.0,
          0.0,
          1.0
        ]
      ],
      "extrinsics": [
        [
          0.8660254037844384,
          -0.09161842673781247,
          0.4915343974556497,
          2.4309377622582744
        ],
        [
          -0.5000000000000006,
          -0.1586877700194179,
          0.8513625500609384,
          5.76071882639591
        ],
        [
          0.0,
          -0.9830687949112985,
          -0.18323685347562474,
          1.6
        ],
        [
          0.0,
          0.0,
          0.0,
          1.0
        ]
      ]
    },
    "target_region": {
      "type": "circle",
      "params": {
        "center": [
          3.3698157,
          7.386903116670065
        ],
        "radius": 5.206624714251663,
        "object_center": [
          3.3698157,
          7.386903116670065,
          1.25
        ],
        "object_height": 2.5000000007868057,
        "occupancy_ratio": 0.3,
        "fov_vertical": 90.0,
        "sample_distance": 5.206624714251663,
        "min_distance": 2.5000000007868057
      },
      "sample_point": [
        0.16848504200635173,
        3.2807585827738013,
        1.5
      ],
      "sample_forward": [
        0.6141496360061058,
        0.7877309282576004,
        -0.04796049686968358
      ],
      "height": 1.5
    },
    "sample_target": [
      0.16848504200635173,
      3.2807585827738013,
      1.5
    ],
    "camera_params": {
      "forward": [
        0.6141496360061058,
        0.7877309282576004,
        -0.04796049686968358
      ]
    },
    "task_type": "screen_occupancy",
    "task_description": "Position where wardrobe occupies 30% of vertical FOV",
    "target_object": {
      "label": "wardrobe",
      "id": "117",
      "bbox_min": [
        2.7268156963785115,
        6.48690293334013,
        -3.9340284274658187e-10
      ],
      "bbox_max": [
        4.012815703621489,
        8.2869033,
        2.500000000393403
      ],
      "center": [
        3.3698157,
        7.386903116670066,
        1.2500000000000002
      ]
    }
  },
  {
    "scene_id": "0316_840531",
    "object_label": "wardrobe",
    "preset": "occupancy_50",
    "distance": 3.0177669539161274,
    "init_camera": {
      "intrinsics": [
        [
          320.0,
          0.0,
          320.0
        ],
        [
          0.0,
          320.0,
          240.0
        ],
        [
          0.0,
          0.0,
          1.0
        ]
      ],
      "extrinsics": [
        [
          0.8660254037844384,
          -0.09161842673781247,
          0.4915343974556497,
          2.4309377622582744
        ],
        [
          -0.5000000000000006,
          -0.1586877700194179,
          0.8513625500609384,
          5.76071882639591
        ],
        [
          0.0,
          -0.9830687949112985,
          -0.18323685347562474,
          1.6
        ],
        [
          0.0,
          0.0,
          0.0,
          1.0
        ]
      ]
    },
    "target_region": {
      "type": "circle",
      "params": {
        "center": [
          3.3698157,
          7.386903116670065
        ],
        "radius": 3.0177669539161274,
        "object_center": [
          3.3698157,
          7.386903116670065,
          1.25
        ],
        "object_height": 2.5000000007868057,
        "occupancy_ratio": 0.5,
        "fov_vertical": 90.0,
        "sample_distance": 3.0177669539161274,
        "min_distance": 2.5000000007868057
      },
      "sample_point": [
        0.6313647599435797,
        6.118911067384136,
        1.5
      ],
      "sample_forward": [
        0.9043449001270021,
        0.41874116727820226,
        -0.08255989608018774
      ],
      "height": 1.5
    },
    "sample_target": [
      0.6313647599435797,
      6.118911067384136,
      1.5
    ],
    "camera_params": {
      "forward": [
        0.9043449001270021,
        0.41874116727820226,
        -0.08255989608018774
      ]
    },
    "task_type": "screen_occupancy",
    "task_description": "Position where wardrobe occupies 50% of vertical FOV",
    "target_object": {
      "label": "wardrobe",
      "id": "117",
      "bbox_min": [
        2.7268156963785115,
        6.48690293334013,
        -3.9340284274658187e-10
      ],
      "bbox_max": [
        4.012815703621489,
        8.2869033,
        2.500000000393403
      ],
      "center": [
        3.3698157,
        7.386903116670066,
        1.2500000000000002
      ]
    }
  },
  {
    "scene_id": "0316_840531",
    "object_label": "wardrobe",
    "preset": "occupancy_20",
    "distance": 7.8921893958276526,
    "init_camera": {
      "intrinsics": [
        [
          320.0,
          0.0,
          320.0
        ],
        [
          0.0,
          320.0,
          240.0
        ],
        [
          0.0,
          0.0,
          1.0
        ]
      ],
      "extrinsics": [
        [
          0.3420201433256689,
          -0.1721863190670733,
          0.9237824923030427,
          1.6053023601708196
        ],
        [
          -0.9396926207859084,
          -0.06267069488827776,
          0.33622933013455486,
          6.7446727830066
        ],
        [
          0.0,
          -0.9830687949112985,
          -0.18323685347562474,
          1.6
        ],
        [
          0.0,
          0.0,
          0.0,
          1.0
        ]
      ]
    },
    "target_region": {
      "type": "circle",
      "params": {
        "center": [
          3.3698157,
          7.386903116670065
        ],
        "radius": 7.8921893958276526,
        "object_center": [
          3.3698157,
          7.386903116670065,
          1.25
        ],
        "object_height": 2.5000000007868057,
        "occupancy_ratio": 0.2,
        "fov_vertical": 90.0,
        "sample_distance": 7.8921893958276526,
        "min_distance": 2.5000000007868057
      },
      "sample_point": [
        0.5569422614317823,
        0.013003437517123295,
        1.5
      ],
      "sample_forward": [
        0.3562336260119491,
        0.9338603666043663,
        -0.03166100731084401
      ],
      "height": 1.5
    },
    "sample_target": [
      0.5569422614317823,
      0.013003437517123295,
      1.5
    ],
    "camera_params": {
      "forward": [
        0.3562336260119491,
        0.9338603666043663,
        -0.03166100731084401
      ]
    },
    "task_type": "screen_occupancy",
    "task_description": "Position where wardrobe occupies 20% of vertical FOV",
    "target_object": {
      "label": "wardrobe",
      "id": "117",
      "bbox_min": [
        2.7268156963785115,
        6.48690293334013,
        -3.9340284274658187e-10
      ],
      "bbox_max": [
        4.012815703621489,
        8.2869033,
        2.500000000393403
      ],
      "center": [
        3.3698157,
        7.386903116670066,
        1.2500000000000002
      ]
    }
  },
  {
    "scene_id": "0316_840531",
    "object_label": "wardrobe",
    "preset": "occupancy_30",
    "distance": 5.206624714251663,
    "init_camera": {
      "intrinsics": [
        [
          320.0,
          0.0,
          320.0
        ],
        [
          0.0,
          320.0,
          240.0
        ],
        [
          0.0,
          0.0,
          1.0
        ]
      ],
      "extrinsics": [
        [
          0.3420201433256689,
          -0.1721863190670733,
          0.9237824923030427,
          1.6053023601708196
        ],
        [
          -0.9396926207859084,
          -0.06267069488827776,
          0.33622933013455486,
          6.7446727830066
        ],
        [
          0.0,
          -0.9830687949112985,
          -0.18323685347562474,
          1.6
        ],
        [
          0.0,
          0.0,
          0.0,
          1.0
        ]
      ]
    },
    "target_region": {
      "type": "circle",
      "params": {
        "center": [
          3.3698157,
          7.386903116670065
        ],
        "radius": 5.206624714251663,
        "object_center": [
          3.3698157,
          7.386903116670065,
          1.25
        ],
        "object_height": 2.5000000007868057,
        "occupancy_ratio": 0.3,
        "fov_vertical": 90.0,
        "sample_distance": 5.206624714251663,
        "min_distance": 2.5000000007868057
      },
      "sample_point": [
        7.158721279474133,
        3.815749882085193,
        1.5
      ],
      "sample_forward": [
        -0.7268711767355832,
        0.6850971341138726,
        -0.04796049686968359
      ],
      "height": 1.5
    },
    "sample_target": [
      7.158721279474133,
      3.815749882085193,
      1.5
    ],
    "camera_params": {
      "forward": [
        -0.7268711767355832,
        0.6850971341138726,
        -0.04796049686968359
      ]
    },
    "task_type": "screen_occupancy",
    "task_description": "Position where wardrobe occupies 30% of vertical FOV",
    "target_object": {
      "label": "wardrobe",
      "id": "117",
      "bbox_min": [
        2.7268156963785115,
        6.48690293334013,
        -3.9340284274658187e-10
      ],
      "bbox_max": [
        4.012815703621489,
        8.2869033,
        2.500000000393403
      ],
      "center": [
        3.3698157,
        7.386903116670066,
        1.2500000000000002
      ]
    }
  },
  {
    "scene_id": "0316_840531",
    "object_label": "wardrobe",
    "preset": "occupancy_50",
    "distance": 3.0177669539161274,
    "init_camera": {
      "intrinsics": [
        [
          320.0,
          0.0,
          320.0
        ],
        [
          0.0,
          320.0,
          240.0
        ],
        [
          0.0,
          0.0,
          1.0
        ]
      ],
      "extrinsics": [
        [
          0.3420201433256689,
          -0.1721863190670733,
          0.9237824923030427,
          1.6053023601708196
        ],
        [
          -0.9396926207859084,
          -0.06267069488827776,
          0.33622933013455486,
          6.7446727830066
        ],
        [
          0.0,
          -0.9830687949112985,
          -0.18323685347562474,
          1.6
        ],
        [
          0.0,
          0.0,
          0.0,
          1.0
        ]
      ]
    },
    "target_region": {
      "type": "circle",
      "params": {
        "center": [
          3.3698157,
          7.386903116670065
        ],
        "radius": 3.0177669539161274,
        "object_center": [
          3.3698157,
          7.386903116670065,
          1.25
        ],
        "object_height": 2.5000000007868057,
        "occupancy_ratio": 0.5,
        "fov_vertical": 90.0,
        "sample_distance": 3.0177669539161274,
        "min_distance": 2.5000000007868057
      },
      "sample_point": [
        2.030521287924748,
        4.682608778782226,
        1.5
      ],
      "sample_forward": [
        0.44228802992683597,
        0.8930650380250404,
        -0.08255989608018775
      ],
      "height": 1.5
    },
    "sample_target": [
      2.030521287924748,
      4.682608778782226,
      1.5
    ],
    "camera_params": {
      "forward": [
        0.44228802992683597,
        0.8930650380250404,
        -0.08255989608018775
      ]
    },
    "task_type": "screen_occupancy",
    "task_description": "Position where wardrobe occupies 50% of vertical FOV",
    "target_object": {
      "label": "wardrobe",
      "id": "117",
      "bbox_min": [
        2.7268156963785115,
        6.48690293334013,
        -3.9340284274658187e-10
      ],
      "bbox_max": [
        4.012815703621489,
        8.2869033,
        2.500000000393403
      ],
      "center": [
        3.3698157,
        7.386903116670066,
        1.2500000000000002
      ]
    }
  },
  {
    "scene_id": "0316_840531",
    "object_label": "tv cabinet",
    "preset": "front",
    "distance": 2.110100051206752,
    "init_camera": {
      "intrinsics": [
        [
          320.0,
          0.0,
          320.0
        ],
        [
          0.0,
          320.0,
          240.0
        ],
        [
          0.0,
          0.0,
          1.0
        ]
      ],
      "extrinsics": [
        [
          -0.4999999999999997,
          0.21494289127821373,
          -0.8389276211264963,
          10.08095328023755
        ],
        [
          0.8660254037844387,
          0.12409733613987307,
          -0.4843550878879947,
          2.029135477555603
        ],
        [
          0.0,
          -0.96871017577599,
          -0.24819467227974623,
          0.528262
        ],
        [
          0.0,
          0.0,
          0.0,
          1.0
        ]
      ]
    },
    "target_region": {
      "type": "circle",
      "params": {
        "center": [
          9.019153000112869,
          1.4161048000000003
        ],
        "radius": 2.110100051206752,
        "object_center": [
          9.019153000112869,
          1.4161048000000003,
          0.21413100000000002
        ],
        "sample_distance": 2.110100051206752,
        "min_distance": 2.110100051206752,
        "requested_distance": 0.8
      },
      "sample_point": [
        11.112079341614908,
        1.6847710523459711,
        1.5
      ],
      "sample_forward": [
        -0.8469859548190103,
        -0.10872649350267426,
        -0.520378075969715
      ],
      "height": 1.5
    },
    "sample_target": [
      11.112079341614908,
      1.6847710523459711,
      1.5
    ],
    "camera_params": {
      "forward": [
        -0.8469859548190103,
        -0.10872649350267426,
        -0.520378075969715
      ]
    },
    "task_type": "absolute_positioning",
    "task_description": "Move to any position 2.1m from tv cabinet",
    "target_object": {
      "label": "tv cabinet",
      "id": "164",
      "bbox_min": [
        7.964102974509494,
        1.2465411406918814,
        0.0
      ],
      "bbox_max": [
        10.074203025716246,
        1.585668459308119,
        0.42826200000000003
      ],
      "center": [
        9.019153000112869,
        1.4161048000000003,
        0.21413100000000002
      ]
    }
  },
  {
    "scene_id": "0316_840531",
    "object_label": "tv cabinet",
    "preset": "front",
    "distance": 2.110100051206752,
    "init_camera": {
      "intrinsics": [
        [
          320.0,
          0.0,
          320.0
        ],
        [
          0.0,
          320.0,
          240.0
        ],
        [
          0.0,
          0.0,
          1.0
        ]
      ],
      "extrinsics": [
        [
          -0.4999999999999997,
          0.21494289127821373,
          -0.8389276211264963,
          10.08095328023755
        ],
        [
          0.8660254037844387,
          0.12409733613987307,
          -0.4843550878879947,
          2.029135477555603
        ],
        [
          0.0,
          -0.96871017577599,
          -0.24819467227974623,
          0.528262
        ],
        [
          0.0,
          0.0,
          0.0,
          1.0
        ]
      ]
    },
    "target_region": {
      "type": "circle",
      "params": {
        "center": [
          9.019153000112869,
          1.4161048000000003
        ],
        "radius": 2.110100051206752,
        "object_center": [
          9.019153000112869,
          1.4161048000000003,
          0.21413100000000002
        ],
        "sample_distance": 2.110100051206752,
        "min_distance": 2.110100051206752,
        "requested_distance": 1.5
      },
      "sample_point": [
        10.613973132222664,
        2.797796144808974,
        1.5
      ],
      "sample_forward": [
        -0.6454074496430525,
        -0.5591564020873838,
        -0.5203780759697151
      ],
      "height": 1.5
    },
    "sample_target": [
      10.613973132222664,
      2.797796144808974,
      1.5
    ],
    "camera_params": {
      "forward": [
        -0.6454074496430525,
        -0.5591564020873838,
        -0.5203780759697151
      ]
    },
    "task_type": "absolute_positioning",
    "task_description": "Move to any position 2.1m from tv cabinet",
    "target_object": {
      "label": "tv cabinet",
      "id": "164",
      "bbox_min": [
        7.964102974509494,
        1.2465411406918814,
        0.0
      ],
      "bbox_max": [
        10.074203025716246,
        1.585668459308119,
        0.42826200000000003
      ],
      "center": [
        9.019153000112869,
        1.4161048000000003,
        0.21413100000000002
      ]
    }
  },
  {
    "scene_id": "0316_840531",
    "object_label": "tv cabinet",
    "preset": "right",
    "distance": 2.110100051206752,
    "init_camera": {
      "intrinsics": [
        [
          320.0,
          0.0,
          320.0
        ],
        [
          0.0,
          320.0,
          240.0
        ],
        [
          0.0,
          0.0,
          1.0
        ]
      ],
      "extrinsics": [
        [
          -0.6427876096865391,
          0.19012814951163542,
          -0.7420750471460058,
          9.958370488118735
        ],
        [
          0.7660444431189782,
          0.15953646013163197,
          -0.6226748983660758,
          2.204201847780972
        ],
        [
          0.0,
          -0.96871017577599,
          -0.2481946722797462,
          0.528262
        ],
        [
          0.0,
          0.0,
          0.0,
          1.0
        ]
      ]
    },
    "target_region": {
      "type": "circle",
      "params": {
        "center": [
          9.019153000112869,
          1.4161048000000003
        ],
        "radius": 2.110100051206752,
        "object_center": [
          9.019153000112869,
          1.4161048000000003,
          0.21413100000000002
        ],
        "sample_distance": 2.110100051206752,
        "min_distance": 2.110100051206752,
        "requested_distance": 0.8
      },
      "sample_point": [
        7.601314892823414,
        2.9788771211077787,
        1.5
      ],
      "sample_forward": [
        0.5737846283780301,
        -0.63243802723045,
        -0.5203780759697151
      ],
      "height": 1.5
    },
    "sample_target": [
      7.601314892823414,
      2.9788771211077787,
      1.5
    ],
    "camera_params": {
      "forward": [
        0.5737846283780301,
        -0.63243802723045,
        -0.5203780759697151
      ]
    },
    "task_type": "absolute_positioning",
    "task_description": "Move to any position 2.1m from tv cabinet",
