[
  {
    "scene_id": "0346_840384",
    "object_label": "wardrobe",
    "preset": "occupancy_30",
    "distance": 5.456542700457087,
    "init_camera": {
      "intrinsics": [
        [
          320.0,
          0.0,
          320.0
        ],
        [
          0.0,
          320.0,
          240.0
        ],
        [
          0.0,
          0.0,
          1.0
        ]
      ],
      "extrinsics": [
        [
          0.8660254037844385,
          0.07489445515045287,
          -0.4943589997033704,
          1.7707577205729217
        ],
        [
          0.5000000000000001,
          -0.1297210015257729,
          0.8562549046651647,
          2.04074019524709
        ],
        [
          -0.0,
          -0.9887179994067404,
          -0.1497889103009057,
          1.6
        ],
        [
          0.0,
          0.0,
          0.0,
          1.0
        ]
      ]
    },
    "target_region": {
      "type": "circle",
      "params": {
        "center": [
          0.8136500840597893,
          3.69849925
        ],
        "radius": 5.456542700457087,
        "object_center": [
          0.8136500840597893,
          3.69849925,
          1.31
        ],
        "object_height": 2.6200000007868054,
        "occupancy_ratio": 0.3,
        "fov_vertical": 90.0,
        "sample_distance": 5.456542700457087,
        "min_distance": 2.6200000007868054
      },
      "sample_point": [
        2.330037041082861,
        8.940104809223417,
        1.5
      ],
      "sample_forward": [
        -0.27773419657672715,
        -0.9600274534284807,
        -0.03479949303519053
      ],
      "height": 1.5
    },
    "sample_target": [
      2.330037041082861,
      8.940104809223417,
      1.5
    ],
    "camera_params": {
      "forward": [
        -0.27773419657672715,
        -0.9600274534284807,
        -0.03479949303519053
      ]
    },
    "task_type": "screen_occupancy",
    "task_description": "Position where wardrobe occupies 30% of vertical FOV",
    "target_object": {
      "label": "wardrobe",
      "id": "82",
      "bbox_min": [
        0.5169999396065951,
        2.6539491307174465,
        -3.9340284274658187e-10
      ],
      "bbox_max": [
        1.1103002285129837,
        4.743049369282553,
        2.6200000003934028
      ],
      "center": [
        0.8136500840597893,
        3.69849925,
        1.31
      ]
    }
  },
  {
    "scene_id": "0346_840384",
    "object_label": "wardrobe",
    "preset": "occupancy_50",
    "distance": 3.1626197676585126,
    "init_camera": {
      "intrinsics": [
        [
          320.0,
          0.0,
          320.0
        ],
        [
          0.0,
          320.0,
          240.0
        ],
        [
          0.0,
          0.0,
          1.0
        ]
      ],
      "extrinsics": [
        [
          0.8660254037844385,
          0.07489445515045287,
          -0.4943589997033704,
          1.7707577205729217
        ],
        [
          0.5000000000000001,
          -0.1297210015257729,
          0.8562549046651647,
          2.04074019524709
        ],
        [
          -0.0,
          -0.9887179994067404,
          -0.1497889103009057,
          1.6
        ],
        [
          0.0,
          0.0,
          0.0,
          1.0
        ]
      ]
    },
    "target_region": {
      "type": "circle",
      "params": {
        "center": [
          0.8136500840597893,
          3.69849925
        ],
        "radius": 3.1626197676585126,
        "object_center": [
          0.8136500840597893,
          3.69849925,
          1.31
        ],
        "object_height": 2.6200000007868054,
        "occupancy_ratio": 0.5,
        "fov_vertical": 90.0,
        "sample_distance": 3.1626197676585126,
        "min_distance": 2.6200000007868054
      },
      "sample_point": [
        -1.965460433407971,
        5.208038426863078,
        1.5
      ],
      "sample_forward": [
        0.8771553481007353,
        -0.4764475373795175,
        -0.05996865367232486
      ],
      "height": 1.5
    },
    "sample_target": [
      -1.965460433407971,
      5.208038426863078,
      1.5
    ],
    "camera_params": {
      "forward": [
        0.8771553481007353,
        -0.4764475373795175,
        -0.05996865367232486
      ]
    },
    "task_type": "screen_occupancy",
    "task_description": "Position where wardrobe occupies 50% of vertical FOV",
    "target_object": {
      "label": "wardrobe",
      "id": "82",
      "bbox_min": [
        0.5169999396065951,
        2.6539491307174465,
        -3.9340284274658187e-10
      ],
      "bbox_max": [
        1.1103002285129837,
        4.743049369282553,
        2.6200000003934028
      ],
      "center": [
        0.8136500840597893,
        3.69849925,
        1.31
      ]
    }
  },
  {
    "scene_id": "0346_840384",
    "object_label": "wardrobe",
    "preset": "occupancy_30",
    "distance": 5.456542700457087,
    "init_camera": {
      "intrinsics": [
        [
          320.0,
          0.0,
          320.0
        ],
        [
          0.0,
          320.0,
          240.0
        ],
        [
          0.0,
          0.0,
          1.0
        ]
      ],
      "extrinsics": [
        [
          0.17364817766693033,
          0.1475132801795821,
          -0.9736971513584777,
          2.698784125870435
        ],
        [
          0.984807753012208,
          -0.02601057130846756,
          0.1716890788234736,
          3.3660992561767835
        ],
        [
          -0.0,
          -0.9887179994067404,
          -0.1497889103009057,
          1.6
        ],
        [
          0.0,
          0.0,
          0.0,
          1.0
        ]
      ]
    },
    "target_region": {
      "type": "circle",
      "params": {
        "center": [
          0.8136500840597893,
          3.69849925
        ],
        "radius": 5.456542700457087,
        "object_center": [
          0.8136500840597893,
          3.69849925,
          1.31
        ],
        "object_height": 2.6200000007868054,
        "occupancy_ratio": 0.3,
        "fov_vertical": 90.0,
        "sample_distance": 5.456542700457087,
        "min_distance": 2.6200000007868054
      },
      "sample_point": [
        -1.2143186078461325,
        -1.3671893731351514,
        1.5
      ],
      "sample_forward": [
        0.3714330651029716,
        0.9278073471538718,
        -0.03479949303519053
      ],
      "height": 1.5
    },
    "sample_target": [
      -1.2143186078461325,
      -1.3671893731351514,
      1.5
    ],
    "camera_params": {
      "forward": [
        0.3714330651029716,
        0.9278073471538718,
        -0.03479949303519053
      ]
    },
    "task_type": "screen_occupancy",
    "task_description": "Position where wardrobe occupies 30% of vertical FOV",
    "target_object": {
      "label": "wardrobe",
      "id": "82",
      "bbox_min": [
        0.5169999396065951,
        2.6539491307174465,
        -3.9340284274658187e-10
      ],
      "bbox_max": [
        1.1103002285129837,
        4.743049369282553,
        2.6200000003934028
      ],
      "center": [
        0.8136500840597893,
        3.69849925,
        1.31
      ]
    }
  },
  {
    "scene_id": "0346_840384",
    "object_label": "wardrobe",
    "preset": "occupancy_50",
    "distance": 3.1626197676585126,
    "init_camera": {
      "intrinsics": [
        [
          320.0,
          0.0,
          320.0
        ],
        [
          0.0,
          320.0,
          240.0
        ],
        [
          0.0,
          0.0,
          1.0
        ]
      ],
      "extrinsics": [
        [
          0.17364817766693033,
          0.1475132801795821,
          -0.9736971513584777,
          2.698784125870435
        ],
        [
          0.984807753012208,
          -0.02601057130846756,
          0.1716890788234736,
          3.3660992561767835
        ],
        [
          -0.0,
          -0.9887179994067404,
          -0.1497889103009057,
          1.6
        ],
        [
          0.0,
          0.0,
          0.0,
          1.0
        ]
      ]
    },
    "target_region": {
      "type": "circle",
      "params": {
        "center": [
          0.8136500840597893,
          3.69849925
        ],
        "radius": 3.1626197676585126,
        "object_center": [
          0.8136500840597893,
          3.69849925,
          1.31
        ],
        "object_height": 2.6200000007868054,
        "occupancy_ratio": 0.5,
        "fov_vertical": 90.0,
        "sample_distance": 3.1626197676585126,
        "min_distance": 2.6200000007868054
      },
      "sample_point": [
        3.8467677507224685,
        4.594245316116469,
        1.5
      ],
      "sample_forward": [
        -0.9573262257868649,
        -0.28271939798571555,
        -0.05996865367232486
      ],
      "height": 1.5
    },
    "sample_target": [
      3.8467677507224685,
      4.594245316116469,
      1.5
    ],
    "camera_params": {
      "forward": [
        -0.9573262257868649,
        -0.28271939798571555,
        -0.05996865367232486
      ]
    },
    "task_type": "screen_occupancy",
    "task_description": "Position where wardrobe occupies 50% of vertical FOV",
    "target_object": {
      "label": "wardrobe",
      "id": "82",
      "bbox_min": [
        0.5169999396065951,
        2.6539491307174465,
        -3.9340284274658187e-10
      ],
      "bbox_max": [
        1.1103002285129837,
        4.743049369282553,
        2.6200000003934028
      ],
      "center": [
        0.8136500840597893,
        3.69849925,
        1.31
      ]
    }
  },
  {
    "scene_id": "0346_840384",
    "object_label": "wardrobe",
    "preset": "closer",
    "distance": 2.6200000007868054,
    "init_camera": {
      "intrinsics": [
        [
          320.0,
          0.0,
          320.0
        ],
        [
          0.0,
          320.0,
          240.0
        ],
        [
          0.0,
          0.0,
          1.0
        ]
      ],
      "extrinsics": [
        [
          0.0,
          0.09282706497760773,
          -0.995682246506205,
          3.9242499027274684
        ],
        [
          1.0,
          -0.0,
          0.0,
          3.69849925
        ],
        [
          -0.0,
          -0.995682246506205,
          -0.09282706497760773,
          1.6
        ],
        [
          0.0,
          0.0,
          0.0,
          1.0
        ]
      ]
    },
    "target_region": {
      "type": "point",
      "params": {
        "delta": 0.5,
        "start_position": [
          3.9242499027274684,
          3.69849925,
          1.6
        ],
        "sample_distance": 2.6200000007868054,
        "min_distance": 2.6200000007868054,
        "min_distance_enforced": true
      },
      "sample_point": [
        3.4336500848465947,
        3.69849925,
        1.6
      ],
      "sample_forward": [
        -0.993929911187337,
        0.0,
        -0.11001514280830811
      ],
      "height": 1.6
    },
    "sample_target": [
      3.4336500848465947,
      3.69849925,
      1.6
    ],
    "camera_params": {
      "forward": [
        -0.993929911187337,
        0.0,
        -0.11001514280830811
      ]
    },
    "task_type": "delta_control",
    "task_description": "Move 0.5m toward wardrobe",
    "target_object": {
      "label": "wardrobe",
      "id": "82",
      "bbox_min": [
        0.5169999396065951,
        2.6539491307174465,
        -3.9340284274658187e-10
      ],
      "bbox_max": [
        1.1103002285129837,
        4.743049369282553,
        2.6200000003934028
      ],
      "center": [
        0.8136500840597893,
        3.69849925,
        1.31
      ]
    }
  },
  {
    "scene_id": "0346_840384",
    "object_label": "wardrobe",
    "preset": "closer",
    "distance": 2.6200000007868054,
    "init_camera": {
      "intrinsics": [
        [
          320.0,
          0.0,
          320.0
        ],
        [
          0.0,
          320.0,
          240.0
        ],
        [
          0.0,
          0.0,
          1.0
        ]
      ],
      "extrinsics": [
        [
          0.0,
          0.09282706497760773,
          -0.995682246506205,
          3.9242499027274684
        ],
        [
          1.0,
          -0.0,
          0.0,
          3.69849925
        ],
        [
          -0.0,
          -0.995682246506205,
          -0.09282706497760773,
          1.6
        ],
        [
          0.0,
          0.0,
          0.0,
          1.0
        ]
      ]
    },
    "target_region": {
      "type": "point",
      "params": {
        "delta": 0.7,
        "start_position": [
          3.9242499027274684,
          3.69849925,
          1.6
        ],
        "sample_distance": 2.6200000007868054,
        "min_distance": 2.6200000007868054,
        "min_distance_enforced": true
      },
      "sample_point": [
        3.4336500848465947,
        3.69849925,
        1.6
      ],
      "sample_forward": [
        -0.993929911187337,
        0.0,
        -0.11001514280830811
      ],
      "height": 1.6
    },
    "sample_target": [
      3.4336500848465947,
      3.69849925,
      1.6
    ],
    "camera_params": {
      "forward": [
        -0.993929911187337,
        0.0,
        -0.11001514280830811
      ]
    },
    "task_type": "delta_control",
    "task_description": "Move 0.7m toward wardrobe",
    "target_object": {
      "label": "wardrobe",
      "id": "82",
      "bbox_min": [
        0.5169999396065951,
        2.6539491307174465,
        -3.9340284274658187e-10
      ],
      "bbox_max": [
        1.1103002285129837,
        4.743049369282553,
        2.6200000003934028
      ],
      "center": [
        0.8136500840597893,
        3.69849925,
        1.31
      ]
    }
  },
  {
    "scene_id": "0346_840384",
    "object_label": "wardrobe",
    "preset": "closer",
    "distance": 2.6200000007868054,
    "init_camera": {
      "intrinsics": [
        [
          320.0,
          0.0,
          320.0
        ],
        [
          0.0,
          320.0,
          240.0
        ],
        [
          0.0,
          0.0,
          1.0
        ]
      ],
      "extrinsics": [
        [
          0.0,
          0.09282706497760773,
          -0.995682246506205,
          3.9242499027274684
        ],
        [
          1.0,
          -0.0,
          0.0,
          3.69849925
        ],
        [
          -0.0,
          -0.995682246506205,
          -0.09282706497760773,
          1.6
        ],
        [
          0.0,
          0.0,
          0.0,
          1.0
        ]
      ]
    },
    "target_region": {
      "type": "point",
      "params": {
        "delta": 1.0,
        "start_position": [
          3.9242499027274684,
          3.69849925,
          1.6
        ],
        "sample_distance": 2.6200000007868054,
        "min_distance": 2.6200000007868054,
        "min_distance_enforced": true
      },
      "sample_point": [
        3.4336500848465947,
        3.69849925,
        1.6
      ],
      "sample_forward": [
        -0.993929911187337,
        0.0,
        -0.11001514280830811
      ],
      "height": 1.6
    },
    "sample_target": [
      3.4336500848465947,
      3.69849925,
      1.6
    ],
    "camera_params": {
      "forward": [
        -0.993929911187337,
        0.0,
        -0.11001514280830811
      ]
    },
    "task_type": "delta_control",
    "task_description": "Move 1.0m toward wardrobe",
    "target_object": {
      "label": "wardrobe",
      "id": "82",
      "bbox_min": [
        0.5169999396065951,
        2.6539491307174465,
        -3.9340284274658187e-10
      ],
      "bbox_max": [
        1.1103002285129837,
        4.743049369282553,
        2.6200000003934028
      ],
      "center": [
        0.8136500840597893,
        3.69849925,
        1.31
      ]
    }
  },
  {
    "scene_id": "0346_840384",
    "object_label": "wardrobe",
    "preset": "closer",
    "distance": 2.6200000007868054,
    "init_camera": {
      "intrinsics": [
        [
          320.0,
          0.0,
          320.0
        ],
        [
          0.0,
          320.0,
          240.0
        ],
        [
          0.0,
          0.0,
          1.0
        ]
      ],
      "extrinsics": [
        [
          0.0,
          0.09282706497760773,
          -0.995682246506205,
          3.9242499027274684
        ],
        [
          1.0,
          -0.0,
          0.0,
          3.69849925
        ],
        [
          -0.0,
          -0.995682246506205,
          -0.09282706497760773,
          1.6
        ],
        [
          0.0,
          0.0,
          0.0,
          1.0
        ]
      ]
    },
    "target_region": {
      "type": "point",
      "params": {
        "delta": 1.5,
        "start_position": [
          3.9242499027274684,
          3.69849925,
          1.6
        ],
        "sample_distance": 2.6200000007868054,
        "min_distance": 2.6200000007868054,
        "min_distance_enforced": true
      },
      "sample_point": [
        3.4336500848465947,
        3.69849925,
        1.6
      ],
      "sample_forward": [
        -0.993929911187337,
        0.0,
        -0.11001514280830811
      ],
      "height": 1.6
    },
    "sample_target": [
      3.4336500848465947,
      3.69849925,
      1.6
    ],
    "camera_params": {
      "forward": [
        -0.993929911187337,
        0.0,
        -0.11001514280830811
      ]
    },
    "task_type": "delta_control",
    "task_description": "Move 1.5m toward wardrobe",
    "target_object": {
      "label": "wardrobe",
      "id": "82",
      "bbox_min": [
        0.5169999396065951,
        2.6539491307174465,
        -3.9340284274658187e-10
      ],
      "bbox_max": [
        1.1103002285129837,
        4.743049369282553,
        2.6200000003934028
      ],
      "center": [
        0.8136500840597893,
        3.69849925,
        1.31
      ]
    }
  },
  {
    "scene_id": "0346_840384",
    "object_label": "wardrobe",
    "preset": "occupancy_30",
    "distance": 5.456542700457087,
    "init_camera": {
      "intrinsics": [
        [
          320.0,
          0.0,
          320.0
        ],
        [
          0.0,
          320.0,
          240.0
        ],
        [
          0.0,
          0.0,
          1.0
        ]
      ],
      "extrinsics": [
        [
          0.0,
          0.09282706497760773,
          -0.995682246506205,
          3.9242499027274684
        ],
        [
          1.0,
          -0.0,
          0.0,
          3.69849925
        ],
        [
          -0.0,
          -0.995682246506205,
          -0.09282706497760773,
          1.6
        ],
        [
          0.0,
          0.0,
          0.0,
          1.0
        ]
      ]
    },
    "target_region": {
      "type": "circle",
      "params": {
        "center": [
          0.8136500840597893,
          3.69849925
        ],
        "radius": 5.456542700457087,
        "object_center": [
          0.8136500840597893,
          3.69849925,
          1.31
        ],
        "object_height": 2.6200000007868054,
        "occupancy_ratio": 0.3,
        "fov_vertical": 90.0,
        "sample_distance": 5.456542700457087,
        "min_distance": 2.6200000007868054
      },
      "sample_point": [
        2.5361380826761026,
        -1.4790381314714547,
        1.5
      ],
      "sample_forward": [
        -0.31548267953182996,
        0.9482930318208135,
        -0.03479949303519053
      ],
      "height": 1.5
    },
    "sample_target": [
      2.5361380826761026,
      -1.4790381314714547,
      1.5
    ],
    "camera_params": {
      "forward": [
        -0.31548267953182996,
        0.9482930318208135,
        -0.03479949303519053
      ]
    },
    "task_type": "screen_occupancy",
    "task_description": "Position where wardrobe occupies 30% of vertical FOV",
    "target_object": {
      "label": "wardrobe",
      "id": "82",
      "bbox_min": [
        0.5169999396065951,
        2.6539491307174465,
        -3.9340284274658187e-10
      ],
      "bbox_max": [
        1.1103002285129837,
        4.743049369282553,
        2.6200000003934028
      ],
      "center": [
        0.8136500840597893,
        3.69849925,
        1.31
      ]
    }
  },
  {
    "scene_id": "0346_840384",
    "object_label": "wardrobe",
    "preset": "occupancy_50",
    "distance": 3.1626197676585126,
    "init_camera": {
      "intrinsics": [
        [
          320.0,
          0.0,
          320.0
        ],
        [
          0.0,
          320.0,
          240.0
        ],
        [
          0.0,
          0.0,
          1.0
        ]
      ],
      "extrinsics": [
        [
          0.0,
          0.09282706497760773,
          -0.995682246506205,
          3.9242499027274684
        ],
        [
          1.0,
          -0.0,
          0.0,
          3.69849925
        ],
        [
          -0.0,
          -0.995682246506205,
          -0.09282706497760773,
          1.6
        ],
        [
          0.0,
          0.0,
          0.0,
          1.0
        ]
      ]
    },
    "target_region": {
      "type": "circle",
      "params": {
        "center": [
          0.8136500840597893,
          3.69849925
        ],
        "radius": 3.1626197676585126,
        "object_center": [
          0.8136500840597893,
          3.69849925,
          1.31
        ],
        "object_height": 2.6200000007868054,
        "occupancy_ratio": 0.5,
        "fov_vertical": 90.0,
        "sample_distance": 3.1626197676585126,
        "min_distance": 2.6200000007868054
      },
      "sample_point": [
        2.4229995807148965,
        6.421027118066797,
        1.5
      ],
      "sample_forward": [
        -0.5079501189612656,
        -0.8592964780702669,
        -0.05996865367232485
      ],
      "height": 1.5
    },
    "sample_target": [
      2.4229995807148965,
      6.421027118066797,
      1.5
    ],
    "camera_params": {
      "forward": [
        -0.5079501189612656,
        -0.8592964780702669,
        -0.05996865367232485
      ]
    },
    "task_type": "screen_occupancy",
    "task_description": "Position where wardrobe occupies 50% of vertical FOV",
    "target_object": {
      "label": "wardrobe",
      "id": "82",
      "bbox_min": [
        0.5169999396065951,
        2.6539491307174465,
        -3.9340284274658187e-10
      ],
      "bbox_max": [
        1.1103002285129837,
        4.743049369282553,
        2.6200000003934028
      ],
      "center": [
        0.8136500840597893,
        3.69849925,
        1.31
      ]
    }
  },
  {
    "scene_id": "0346_840384",
    "object_label": "wardrobe",
    "preset": "occupancy_30",
    "distance": 5.456542700457087,
    "init_camera": {
      "intrinsics": [
        [
          320.0,
          0.0,
          320.0
        ],
        [
          0.0,
          320.0,
          240.0
        ],
        [
          0.0,
          0.0,
          1.0
        ]
      ],
      "extrinsics": [
        [
          0.3420201433256695,
          0.11306196582457148,
          -0.9328661283610699,
          3.0621175423828677
        ],
        [
          0.9396926207859081,
          -0.04115119018776675,
          0.3395355032785846,
          2.8801240224542144
        ],
        [
          -0.0,
          -0.9927353984975119,
          -0.12031803094294022,
          1.6
        ],
        [
          0.0,
          0.0,
          0.0,
          1.0
        ]
      ]
    },
    "target_region": {
      "type": "circle",
      "params": {
        "center": [
          0.8136500840597893,
          3.69849925
        ],
        "radius": 5.456542700457087,
        "object_center": [
          0.8136500840597893,
          3.69849925,
          1.31
        ],
        "object_height": 2.6200000007868054,
        "occupancy_ratio": 0.3,
        "fov_vertical": 90.0,
        "sample_distance": 5.456542700457087,
        "min_distance": 2.6200000007868054
      },
      "sample_point": [
        -1.6940963895486068,
        8.54463852431065,
        1.5
      ],
      "sample_forward": [
        0.459306873380837,
        -0.887595736441773,
        -0.03479949303519053
      ],
      "height": 1.5
    },
    "sample_target": [
      -1.6940963895486068,
      8.54463852431065,
      1.5
    ],
    "camera_params": {
      "forward": [
        0.459306873380837,
        -0.887595736441773,
        -0.03479949303519053
      ]
    },
    "task_type": "screen_occupancy",
    "task_description": "Position where wardrobe occupies 30% of vertical FOV",
    "target_object": {
      "label": "wardrobe",
      "id": "82",
      "bbox_min": [
        0.5169999396065951,
        2.6539491307174465,
        -3.9340284274658187e-10
      ],
      "bbox_max": [
        1.1103002285129837,
        4.743049369282553,
        2.6200000003934028
      ],
      "center": [
        0.8136500840597893,
        3.69849925,
        1.31
      ]
    }
  },
  {
    "scene_id": "0346_840384",
    "object_label": "wardrobe",
    "preset": "occupancy_50",
    "distance": 3.1626197676585126,
    "init_camera": {
      "intrinsics": [
        [
          320.0,
          0.0,
          320.0
        ],
        [
          0.0,
          320.0,
          240.0
        ],
        [
          0.0,
          0.0,
          1.0
        ]
      ],
      "extrinsics": [
        [
          0.3420201433256695,
          0.11306196582457148,
          -0.9328661283610699,
          3.0621175423828677
        ],
        [
          0.9396926207859081,
          -0.04115119018776675,
          0.3395355032785846,
          2.8801240224542144
        ],
        [
          -0.0,
          -0.9927353984975119,
          -0.12031803094294022,
          1.6
        ],
        [
          0.0,
          0.0,
          0.0,
          1.0
        ]
      ]
    },
    "target_region": {
      "type": "circle",
      "params": {
        "center": [
          0.8136500840597893,
          3.69849925
        ],
        "radius": 3.1626197676585126,
        "object_center": [
          0.8136500840597893,
          3.69849925,
          1.31
        ],
        "object_height": 2.6200000007868054,
        "occupancy_ratio": 0.5,
        "fov_vertical": 90.0,
        "sample_distance": 3.1626197676585126,
        "min_distance": 2.6200000007868054
      },
      "sample_point": [
        3.1970786238850444,
        1.6196937780207583,
        1.5
      ],
      "sample_forward": [
        -0.7522684245132405,
        0.6561219231645105,
        -0.05996865367232486
      ],
      "height": 1.5
    },
    "sample_target": [
      3.1970786238850444,
      1.6196937780207583,
      1.5
    ],
    "camera_params": {
      "forward": [
        -0.7522684245132405,
        0.6561219231645105,
        -0.05996865367232486
      ]
    },
    "task_type": "screen_occupancy",
    "task_description": "Position where wardrobe occupies 50% of vertical FOV",
    "target_object": {
      "label": "wardrobe",
      "id": "82",
      "bbox_min": [
        0.5169999396065951,
        2.6539491307174465,
        -3.9340284274658187e-10
      ],
      "bbox_max": [
        1.1103002285129837,
        4.743049369282553,
        2.6200000003934028
      ],
      "center": [
        0.8136500840597893,
        3.69849925,
        1.31
      ]
    }
  },
  {
    "scene_id": "0346_840384",
    "object_label": "wardrobe",
    "preset": "occupancy_30",
    "distance": 5.456542700457087,
    "init_camera": {
      "intrinsics": [
        [
          320.0,
          0.0,
          320.0
        ],
        [
          0.0,
          320.0,
          240.0
        ],
        [
          0.0,
          0.0,
          1.0
        ]
      ],
      "extrinsics": [
        [
          0.3420201433256686,
          -0.14006448759860077,
          0.9291954373936792,
          -4.373851878836293
        ],
        [
          -0.9396926207859085,
          -0.05097930436363828,
          0.3381994810272636,
          1.7104957262839098
        ],
        [
          0.0,
          -0.9888291307603864,
          -0.14905351441565895,
          1.6
        ],
        [
          0.0,
          0.0,
          0.0,
          1.0
        ]
      ]
    },
    "target_region": {
      "type": "circle",
      "params": {
        "center": [
          -2.5659999948966954,
          2.3685
        ],
        "radius": 5.456542700457087,
        "object_center": [
          -2.5659999948966954,
          2.3685,
          1.31
        ],
        "object_height": 2.6200000007868054,
        "occupancy_ratio": 0.3,
        "fov_vertical": 90.0,
        "sample_distance": 5.456542700457087,
        "min_distance": 2.6200000007868054
      },
      "sample_point": [
        -2.7431069831303745,
        7.822167697671936,
        1.5
      ],
      "sample_forward": [
        0.03243807054484994,
        -0.9988677424283062,
        -0.03479949303519053
      ],
      "height": 1.5
    },
    "sample_target": [
      -2.7431069831303745,
      7.822167697671936,
      1.5
    ],
    "camera_params": {
      "forward": [
        0.03243807054484994,
        -0.9988677424283062,
        -0.03479949303519053
      ]
    },
    "task_type": "screen_occupancy",
    "task_description": "Position where wardrobe occupies 30% of vertical FOV",
    "target_object": {
      "label": "wardrobe",
      "id": "88",
      "bbox_min": [
        -3.2160000277567327,
        1.4819999307174467,
        -3.9340284274658187e-10
      ],
      "bbox_max": [
        -1.9159999620366577,
        3.2550000692825534,
        2.6200000003934028
      ],
      "center": [
        -2.5659999948966954,
        2.3685,
        1.31
      ]
    }
  },
  {
    "scene_id": "0346_840384",
    "object_label": "wardrobe",
    "preset": "occupancy_50",
    "distance": 3.1626197676585126,
    "init_camera": {
      "intrinsics": [
        [
          320.0,
          0.0,
          320.0
        ],
        [
          0.0,
          320.0,
          240.0
        ],
        [
          0.0,
          0.0,
          1.0
        ]
      ],
      "extrinsics": [
        [
          0.3420201433256686,
          -0.14006448759860077,
          0.9291954373936792,
          -4.373851878836293
        ],
        [
          -0.9396926207859085,
          -0.05097930436363828,
          0.3381994810272636,
          1.7104957262839098
        ],
        [
          0.0,
          -0.9888291307603864,
          -0.14905351441565895,
          1.6
        ],
        [
          0.0,
          0.0,
          0.0,
          1.0
        ]
      ]
    },
    "target_region": {
      "type": "circle",
      "params": {
        "center": [
          -2.5659999948966954,
          2.3685
        ],
        "radius": 3.1626197676585126,
        "object_center": [
          -2.5659999948966954,
          2.3685,
          1.31
        ],
        "object_height": 2.6200000007868054,
        "occupancy_ratio": 0.5,
        "fov_vertical": 90.0,
        "sample_distance": 3.1626197676585126,
        "min_distance": 2.6200000007868054
      },
      "sample_point": [
        -1.5731993559682165,
        5.37125052012777,
        1.5
      ],
      "sample_forward": [
        -0.3133521983240252,
        -0.9477416105575557,
        -0.05996865367232484
      ],
      "height": 1.5
    },
    "sample_target": [
      -1.5731993559682165,
      5.37125052012777,
      1.5
    ],
    "camera_params": {
      "forward": [
        -0.3133521983240252,
        -0.9477416105575557,
        -0.05996865367232484
      ]
    },
    "task_type": "screen_occupancy",
    "task_description": "Position where wardrobe occupies 50% of vertical FOV",
    "target_object": {
      "label": "wardrobe",
      "id": "88",
      "bbox_min": [
        -3.2160000277567327,
        1.4819999307174467,
        -3.9340284274658187e-10
      ],
      "bbox_max": [
        -1.9159999620366577,
        3.2550000692825534,
        2.6200000003934028
      ],
      "center": [
        -2.5659999948966954,
        2.3685,
        1.31
      ]
    }
  },
  {
    "scene_id": "0346_840384",
    "object_label": "wardrobe",
    "preset": "occupancy_30",
    "distance": 5.456542700457087,
    "init_camera": {
      "intrinsics": [
        [
          320.0,
          0.0,
          320.0
        ],
        [
          0.0,
          320.0,
          240.0
        ],
        [
          0.0,
          0.0,
          1.0
        ]
      ],
      "extrinsics": [
        [
          0.17364817766693014,
          -0.1467890566102579,
          0.9738065943771508,
          -4.460647789525988
        ],
        [
          -0.9848077530122081,
          -0.02588287115313068,
          0.17170837658051563,
          2.0344224748670654
        ],
        [
          0.0,
          -0.9888291307603863,
          -0.14905351441565895,
          1.6
        ],
        [
          0.0,
          0.0,
          0.0,
          1.0
        ]
      ]
    },
    "target_region": {
      "type": "circle",
      "params": {
        "center": [
          -2.5659999948966954,
          2.3685
        ],
        "radius": 5.456542700457087,
        "object_center": [
          -2.5659999948966954,
          2.3685,
          1.31
        ],
        "object_height": 2.6200000007868054,
        "occupancy_ratio": 0.3,
        "fov_vertical": 90.0,
        "sample_distance": 5.456542700457087,
        "min_distance": 2.6200000007868054
      },
      "sample_point": [
        2.581473427608148,
        0.5581476568032979,
        1.5
      ],
      "sample_forward": [
        -0.942786660606767,
        0.33157549346481324,
        -0.03479949303519053
      ],
      "height": 1.5
    },
    "sample_target": [
      2.581473427608148,
      0.5581476568032979,
      1.5
    ],
    "camera_params": {
      "forward": [
        -0.942786660606767,
        0.33157549346481324,
        -0.03479949303519053
      ]
    },
    "task_type": "screen_occupancy",
    "task_description": "Position where wardrobe occupies 30% of vertical FOV",
    "target_object": {
      "label": "wardrobe",
      "id": "88",
      "bbox_min": [
        -3.2160000277567327,
        1.4819999307174467,
        -3.9340284274658187e-10
      ],
      "bbox_max": [
        -1.9159999620366577,
        3.2550000692825534,
        2.6200000003934028
      ],
      "center": [
        -2.5659999948966954,
        2.3685,
        1.31
      ]
    }
  },
  {
    "scene_id": "0346_840384",
    "object_label": "wardrobe",
    "preset": "occupancy_30",
    "distance": 5.456542700457087,
    "init_camera": {
      "intrinsics": [
        [
          320.0,
          0.0,
          320.0
        ],
        [
          0.0,
          320.0,
          240.0
        ],
        [
          0.0,
          0.0,
          1.0
        ]
      ],
      "extrinsics": [
        [
          -2.3083049954146095e-16,
          -0.14905351441565895,
          0.9888291307603861,
          -4.4898757857139175
        ],
        [
          -1.0,
          3.4406097190976906e-17,
          -2.2825192221456854e-16,
          2.3685000000000005
        ],
        [
          0.0,
          -0.9888291307603863,
          -0.14905351441565892,
          1.6
        ],
        [
          0.0,
          0.0,
          0.0,
          1.0
        ]
      ]
    },
    "target_region": {
      "type": "circle",
      "params": {
        "center": [
          -2.5659999948966954,
          2.3685
        ],
        "radius": 5.456542700457087,
        "object_center": [
          -2.5659999948966954,
          2.3685,
          1.31
        ],
        "object_height": 2.6200000007868054,
        "occupancy_ratio": 0.3,
        "fov_vertical": 90.0,
        "sample_distance": 5.456542700457087,
        "min_distance": 2.6200000007868054
      },
      "sample_point": [
        -6.3578745589193595,
        -1.5552157813263494,
        1.5
      ],
      "sample_forward": [
        0.6945016446369625,
        0.7186490526543869,
        -0.03479949303519053
      ],
      "height": 1.5
    },
    "sample_target": [
      -6.3578745589193595,
      -1.5552157813263494,
      1.5
    ],
    "camera_params": {
      "forward": [
        0.6945016446369625,
        0.7186490526543869,
        -0.03479949303519053
      ]
    },
    "task_type": "screen_occupancy",
    "task_description": "Position where wardrobe occupies 30% of vertical FOV",
    "target_object": {
      "label": "wardrobe",
      "id": "88",
      "bbox_min": [
        -3.2160000277567327,
        1.4819999307174467,
        -3.9340284274658187e-10
      ],
      "bbox_max": [
        -1.9159999620366577,
        3.2550000692825534,
        2.6200000003934028
      ],
      "center": [
        -2.5659999948966954,
        2.3685,
        1.31
      ]
    }
  },
  {
    "scene_id": "0346_840384",
    "object_label": "wardrobe",
    "preset": "occupancy_50",
    "distance": 3.1626197676585126,
    "init_camera": {
      "intrinsics": [
        [
          320.0,
          0.0,
          320.0
        ],
        [
          0.0,
          320.0,
          240.0
        ],
        [
          0.0,
          0.0,
          1.0
        ]
      ],
      "extrinsics": [
        [
          -2.3083049954146095e-16,
          -0.14905351441565895,
          0.9888291307603861,
          -4.4898757857139175
        ],
        [
          -1.0,
          3.4406097190976906e-17,
          -2.2825192221456854e-16,
          2.3685000000000005
        ],
        [
          0.0,
          -0.9888291307603863,
          -0.14905351441565892,
          1.6
        ],
        [
          0.0,
          0.0,
          0.0,
          1.0
        ]
      ]
    },
    "target_region": {
      "type": "circle",
      "params": {
        "center": [
          -2.5659999948966954,
          2.3685
        ],
        "radius": 3.1626197676585126,
        "object_center": [
          -2.5659999948966954,
          2.3685,
          1.31
        ],
        "object_height": 2.6200000007868054,
        "occupancy_ratio": 0.5,
        "fov_vertical": 90.0,
        "sample_distance": 3.1626197676585126,
        "min_distance": 2.6200000007868054
      },
      "sample_point": [
        -0.6666308399673688,
        4.897246845393473,
        1.5
      ],
      "sample_forward": [
        -0.5994874265676481,
        -0.7981344410336065,
        -0.05996865367232485
      ],
      "height": 1.5
    },
    "sample_target": [
      -0.6666308399673688,
      4.897246845393473,
      1.5
    ],
    "camera_params": {
      "forward": [
        -0.5994874265676481,
        -0.7981344410336065,
        -0.05996865367232485
      ]
    },
    "task_type": "screen_occupancy",
    "task_description": "Position where wardrobe occupies 50% of vertical FOV",
    "target_object": {
      "label": "wardrobe",
      "id": "88",
      "bbox_min": [
        -3.2160000277567327,
        1.4819999307174467,
        -3.9340284274658187e-10
      ],
      "bbox_max": [
        -1.9159999620366577,
        3.2550000692825534,
        2.6200000003934028
      ],
      "center": [
        -2.5659999948966954,
        2.3685,
        1.31
      ]
    }
  },
  {
    "scene_id": "0346_840384",
    "object_label": "wardrobe",
    "preset": "occupancy_30",
    "distance": 5.456542700457087,
    "init_camera": {
      "intrinsics": [
        [
          320.0,
          0.0,
          320.0
        ],
        [
          0.0,
          320.0,
          240.0
        ],
        [
          0.0,
          0.0,
          1.0
        ]
      ],
      "extrinsics": [
        [
          0.7660444431189779,
          -0.09580975224661957,
          0.6356071133498873,
          -3.8026435158098986
        ],
        [
          -0.6427876096865396,
          -0.11418161644546998,
          0.757487060813163,
          0.894725641193338
        ],
        [
          0.0,
          -0.9888291307603863,
          -0.14905351441565892,
          1.6
        ],
        [
