[
  {
    "scene_id": "0073_839935",
    "object_label": "door",
    "preset": "back",
    "distance": 2.1410000041525823,
    "init_camera": {
      "intrinsics": [
        [
          320.0,
          0.0,
          320.0
        ],
        [
          0.0,
          320.0,
          240.0
        ],
        [
          0.0,
          0.0,
          1.0
        ]
      ],
      "extrinsics": [
        [
          0.6427876096865393,
          -0.28279679990419604,
          0.7119340269978751,
          5.12072520753112
        ],
        [
          -0.766044443118978,
          -0.23729469049772595,
          0.5973835794764727,
          -0.9914989053971315
        ],
        [
          0.0,
          -0.9293638683667096,
          -0.3691650039947793,
          1.6
        ],
        [
          0.0,
          0.0,
          0.0,
          1.0
        ]
      ]
    },
    "target_region": {
      "type": "circle",
      "params": {
        "center": [
          6.141864978734408,
          -0.13466089999999997
        ],
        "radius": 2.1410000041525823,
        "object_center": [
          6.141864978734408,
          -0.13466089999999997,
          1.070499999409896
        ],
        "sample_distance": 2.1410000041525823,
        "min_distance": 2.1410000041525823,
        "requested_distance": 0.8
      },
      "sample_point": [
        4.235630497558497,
        -1.1094178546083593,
        1.5
      ],
      "sample_forward": [
        0.8729556910628448,
        0.4463877027360989,
        -0.1966885362368108
      ],
      "height": 1.5
    },
    "sample_target": [
      4.235630497558497,
      -1.1094178546083593,
      1.5
    ],
    "camera_params": {
      "forward": [
        0.8729556910628448,
        0.4463877027360989,
        -0.1966885362368108
      ]
    },
    "task_type": "absolute_positioning",
    "task_description": "Move to any position 2.1m from door",
    "target_object": {
      "label": "door",
      "id": "19",
      "bbox_min": [
        5.995864853882731,
        -0.621160993586086,
        -2.6663951757655014e-09
      ],
      "bbox_max": [
        6.2878651035860855,
        0.351839193586086,
        2.141000001486187
      ],
      "center": [
        6.141864978734408,
        -0.1346609,
        1.070499999409896
      ]
    }
  },
  {
    "scene_id": "0073_839935",
    "object_label": "door",
    "preset": "right",
    "distance": 2.1410000041525823,
    "init_camera": {
      "intrinsics": [
        [
          320.0,
          0.0,
          320.0
        ],
        [
          0.0,
          320.0,
          240.0
        ],
        [
          0.0,
          0.0,
          1.0
        ]
      ],
      "extrinsics": [
        [
          0.6427876096865393,
          -0.28279679990419604,
          0.7119340269978751,
          5.12072520753112
        ],
        [
          -0.766044443118978,
          -0.23729469049772595,
          0.5973835794764727,
          -0.9914989053971315
        ],
        [
          0.0,
          -0.9293638683667096,
          -0.3691650039947793,
          1.6
        ],
        [
          0.0,
          0.0,
          0.0,
          1.0
        ]
      ]
    },
    "target_region": {
      "type": "circle",
      "params": {
        "center": [
          6.141864978734408,
          -0.13466089999999997
        ],
        "radius": 2.1410000041525823,
        "object_center": [
          6.141864978734408,
          -0.13466089999999997,
          1.070499999409896
        ],
        "sample_distance": 2.1410000041525823,
        "min_distance": 2.1410000041525823,
        "requested_distance": 1.2
      },
      "sample_point": [
        5.133925550853915,
        1.7542380193456868,
        1.5
      ],
      "sample_forward": [
        0.4615835399599544,
        -0.8650169104422513,
        -0.19668853623681076
      ],
      "height": 1.5
    },
    "sample_target": [
      5.133925550853915,
      1.7542380193456868,
      1.5
    ],
    "camera_params": {
      "forward": [
        0.4615835399599544,
        -0.8650169104422513,
        -0.19668853623681076
      ]
    },
    "task_type": "absolute_positioning",
    "task_description": "Move to any position 2.1m from door",
    "target_object": {
      "label": "door",
      "id": "19",
      "bbox_min": [
        5.995864853882731,
        -0.621160993586086,
        -2.6663951757655014e-09
      ],
      "bbox_max": [
        6.2878651035860855,
        0.351839193586086,
        2.141000001486187
      ],
      "center": [
        6.141864978734408,
        -0.1346609,
        1.070499999409896
      ]
    }
  },
  {
    "scene_id": "0073_839935",
    "object_label": "door",
    "preset": "right",
    "distance": 2.1410000041525823,
    "init_camera": {
      "intrinsics": [
        [
          320.0,
          0.0,
          320.0
        ],
        [
          0.0,
          320.0,
          240.0
        ],
        [
          0.0,
          0.0,
          1.0
        ]
      ],
      "extrinsics": [
        [
          0.6427876096865393,
          -0.28279679990419604,
          0.7119340269978751,
          5.12072520753112
        ],
        [
          -0.766044443118978,
          -0.23729469049772595,
          0.5973835794764727,
          -0.9914989053971315
        ],
        [
          0.0,
          -0.9293638683667096,
          -0.3691650039947793,
          1.6
        ],
        [
          0.0,
          0.0,
          0.0,
          1.0
        ]
      ]
    },
    "target_region": {
      "type": "circle",
      "params": {
        "center": [
          6.141864978734408,
          -0.13466089999999997
        ],
        "radius": 2.1410000041525823,
        "object_center": [
          6.141864978734408,
          -0.13466089999999997,
          1.070499999409896
        ],
        "sample_distance": 2.1410000041525823,
        "min_distance": 2.1410000041525823,
        "requested_distance": 1.5
      },
      "sample_point": [
        6.580809293750444,
        1.9608602538174602,
        1.5
      ],
      "sample_forward": [
        -0.20101353828022064,
        -0.9596390869181429,
        -0.19668853623681085
      ],
      "height": 1.5
    },
    "sample_target": [
      6.580809293750444,
      1.9608602538174602,
      1.5
    ],
    "camera_params": {
      "forward": [
        -0.20101353828022064,
        -0.9596390869181429,
        -0.19668853623681085
      ]
    },
    "task_type": "absolute_positioning",
    "task_description": "Move to any position 2.1m from door",
    "target_object": {
      "label": "door",
      "id": "19",
      "bbox_min": [
        5.995864853882731,
        -0.621160993586086,
        -2.6663951757655014e-09
      ],
      "bbox_max": [
        6.2878651035860855,
        0.351839193586086,
        2.141000001486187
      ],
      "center": [
        6.141864978734408,
        -0.1346609,
        1.070499999409896
      ]
    }
  },
  {
    "scene_id": "0073_839935",
    "object_label": "door",
    "preset": "occupancy_20",
    "distance": 6.7588710095688205,
    "init_camera": {
      "intrinsics": [
        [
          320.0,
          0.0,
          320.0
        ],
        [
          0.0,
          320.0,
          240.0
        ],
        [
          0.0,
          0.0,
          1.0
        ]
      ],
      "extrinsics": [
        [
          0.6427876096865393,
          -0.28279679990419604,
          0.7119340269978751,
          5.12072520753112
        ],
        [
          -0.766044443118978,
          -0.23729469049772595,
          0.5973835794764727,
          -0.9914989053971315
        ],
        [
          0.0,
          -0.9293638683667096,
          -0.3691650039947793,
          1.6
        ],
        [
          0.0,
          0.0,
          0.0,
          1.0
        ]
      ]
    },
    "target_region": {
      "type": "circle",
      "params": {
        "center": [
          6.141864978734408,
          -0.13466089999999997
        ],
        "radius": 6.7588710095688205,
        "object_center": [
          6.141864978734408,
          -0.13466089999999997,
          1.070499999409896
        ],
        "object_height": 2.1410000041525823,
        "occupancy_ratio": 0.2,
        "fov_vertical": 90.0,
        "sample_distance": 6.7588710095688205,
        "min_distance": 2.1410000041525823
      },
      "sample_point": [
        1.1218620670234554,
        -4.660355110881178,
        1.5
      ],
      "sample_forward": [
        0.7412329424944646,
        0.668245356777748,
        -0.06341820011619705
      ],
      "height": 1.5
    },
    "sample_target": [
      1.1218620670234554,
      -4.660355110881178,
      1.5
    ],
    "camera_params": {
      "forward": [
        0.7412329424944646,
        0.668245356777748,
        -0.06341820011619705
      ]
    },
    "task_type": "screen_occupancy",
    "task_description": "Position where door occupies 20% of vertical FOV",
    "target_object": {
      "label": "door",
      "id": "19",
      "bbox_min": [
        5.995864853882731,
        -0.621160993586086,
        -2.6663951757655014e-09
      ],
      "bbox_max": [
        6.2878651035860855,
        0.351839193586086,
        2.141000001486187
      ],
      "center": [
        6.141864978734408,
        -0.1346609,
        1.070499999409896
      ]
    }
  },
  {
    "scene_id": "0073_839935",
    "object_label": "door",
    "preset": "occupancy_30",
    "distance": 4.458953412530167,
    "init_camera": {
      "intrinsics": [
        [
          320.0,
          0.0,
          320.0
        ],
        [
          0.0,
          320.0,
          240.0
        ],
        [
          0.0,
          0.0,
          1.0
        ]
      ],
      "extrinsics": [
        [
          0.6427876096865393,
          -0.28279679990419604,
          0.7119340269978751,
          5.12072520753112
        ],
        [
          -0.766044443118978,
          -0.23729469049772595,
          0.5973835794764727,
          -0.9914989053971315
        ],
        [
          0.0,
          -0.9293638683667096,
          -0.3691650039947793,
          1.6
        ],
        [
          0.0,
          0.0,
          0.0,
          1.0
        ]
      ]
    },
    "target_region": {
      "type": "circle",
      "params": {
        "center": [
          6.141864978734408,
          -0.13466089999999997
        ],
        "radius": 4.458953412530167,
        "object_center": [
          6.141864978734408,
          -0.13466089999999997,
          1.070499999409896
        ],
        "object_height": 2.1410000041525823,
        "occupancy_ratio": 0.3,
        "fov_vertical": 90.0,
        "sample_distance": 4.458953412530167,
        "min_distance": 2.1410000041525823
      },
      "sample_point": [
        7.693113991312008,
        -4.315078586797749,
        1.5
      ],
      "sample_forward": [
        -0.34629255273353415,
        0.933214139390913,
        -0.09587928849428443
      ],
      "height": 1.5
    },
    "sample_target": [
      7.693113991312008,
      -4.315078586797749,
      1.5
    ],
    "camera_params": {
      "forward": [
        -0.34629255273353415,
        0.933214139390913,
        -0.09587928849428443
      ]
    },
    "task_type": "screen_occupancy",
    "task_description": "Position where door occupies 30% of vertical FOV",
    "target_object": {
      "label": "door",
      "id": "19",
      "bbox_min": [
        5.995864853882731,
        -0.621160993586086,
        -2.6663951757655014e-09
      ],
      "bbox_max": [
        6.2878651035860855,
        0.351839193586086,
        2.141000001486187
      ],
      "center": [
        6.141864978734408,
        -0.1346609,
        1.070499999409896
      ]
    }
  },
  {
    "scene_id": "0073_839935",
    "object_label": "door",
    "preset": "occupancy_50",
    "distance": 2.5844156235330087,
    "init_camera": {
      "intrinsics": [
        [
          320.0,
          0.0,
          320.0
        ],
        [
          0.0,
          320.0,
          240.0
        ],
        [
          0.0,
          0.0,
          1.0
        ]
      ],
      "extrinsics": [
        [
          0.6427876096865393,
          -0.28279679990419604,
          0.7119340269978751,
          5.12072520753112
        ],
        [
          -0.766044443118978,
          -0.23729469049772595,
          0.5973835794764727,
          -0.9914989053971315
        ],
        [
          0.0,
          -0.9293638683667096,
          -0.3691650039947793,
          1.6
        ],
        [
          0.0,
          0.0,
          0.0,
          1.0
        ]
      ]
    },
    "target_region": {
      "type": "circle",
      "params": {
        "center": [
          6.141864978734408,
          -0.13466089999999997
        ],
        "radius": 2.5844156235330087,
        "object_center": [
          6.141864978734408,
          -0.13466089999999997,
          1.070499999409896
        ],
        "object_height": 2.1410000041525823,
        "occupancy_ratio": 0.5,
        "fov_vertical": 90.0,
        "sample_distance": 2.5844156235330087,
        "min_distance": 2.1410000041525823
      },
      "sample_point": [
        3.7131862155138156,
        -1.0182465383185517,
        1.5
      ],
      "sample_forward": [
        0.927025626323847,
        0.33726425337817045,
        -0.16393996319428839
      ],
      "height": 1.5
    },
    "sample_target": [
      3.7131862155138156,
      -1.0182465383185517,
      1.5
    ],
    "camera_params": {
      "forward": [
        0.927025626323847,
        0.33726425337817045,
        -0.16393996319428839
      ]
    },
    "task_type": "screen_occupancy",
    "task_description": "Position where door occupies 50% of vertical FOV",
    "target_object": {
      "label": "door",
      "id": "19",
      "bbox_min": [
        5.995864853882731,
        -0.621160993586086,
        -2.6663951757655014e-09
      ],
      "bbox_max": [
        6.2878651035860855,
        0.351839193586086,
        2.141000001486187
      ],
      "center": [
        6.141864978734408,
        -0.1346609,
        1.070499999409896
      ]
    }
  },
  {
    "scene_id": "0073_839935",
    "object_label": "door",
    "preset": "left",
    "distance": 2.1410000041525823,
    "init_camera": {
      "intrinsics": [
        [
          320.0,
          0.0,
          320.0
        ],
        [
          0.0,
          320.0,
          240.0
        ],
        [
          0.0,
          0.0,
          1.0
        ]
      ],
      "extrinsics": [
        [
          0.766044443118978,
          -0.23729469049772597,
          0.5973835794764728,
          5.285026973337277
        ],
        [
          -0.6427876096865393,
          -0.2827967999041961,
          0.7119340269978752,
          -1.1558006712032884
        ],
        [
          0.0,
          -0.9293638683667096,
          -0.3691650039947794,
          1.6
        ],
        [
          0.0,
          0.0,
          0.0,
          1.0
        ]
      ]
    },
    "target_region": {
      "type": "circle",
      "params": {
        "center": [
          6.141864978734408,
          -0.13466089999999997
        ],
        "radius": 2.1410000041525823,
        "object_center": [
          6.141864978734408,
          -0.13466089999999997,
          1.070499999409896
        ],
        "sample_distance": 2.1410000041525823,
        "min_distance": 2.1410000041525823,
        "requested_distance": 0.8
      },
      "sample_point": [
        7.477628733557774,
        -1.8078662696667185,
        1.5
      ],
      "sample_forward": [
        -0.6117099355842179,
        0.766240546056245,
        -0.19668853623681085
      ],
      "height": 1.5
    },
    "sample_target": [
      7.477628733557774,
      -1.8078662696667185,
      1.5
    ],
    "camera_params": {
      "forward": [
        -0.6117099355842179,
        0.766240546056245,
        -0.19668853623681085
      ]
    },
    "task_type": "absolute_positioning",
    "task_description": "Move to any position 2.1m from door",
    "target_object": {
      "label": "door",
      "id": "19",
      "bbox_min": [
        5.995864853882731,
        -0.621160993586086,
        -2.6663951757655014e-09
      ],
      "bbox_max": [
        6.2878651035860855,
        0.351839193586086,
        2.141000001486187
      ],
      "center": [
        6.141864978734408,
        -0.1346609,
        1.070499999409896
      ]
    }
  },
  {
    "scene_id": "0073_839935",
    "object_label": "door",
    "preset": "front",
    "distance": 2.1410000041525823,
    "init_camera": {
      "intrinsics": [
        [
          320.0,
          0.0,
          320.0
        ],
        [
          0.0,
          320.0,
          240.0
        ],
        [
          0.0,
          0.0,
          1.0
        ]
      ],
      "extrinsics": [
        [
          0.766044443118978,
          -0.23729469049772597,
          0.5973835794764728,
          5.285026973337277
        ],
        [
          -0.6427876096865393,
          -0.2827967999041961,
          0.7119340269978752,
          -1.1558006712032884
        ],
        [
          0.0,
          -0.9293638683667096,
          -0.3691650039947794,
          1.6
        ],
        [
          0.0,
          0.0,
          0.0,
          1.0
        ]
      ]
    },
    "target_region": {
      "type": "circle",
      "params": {
        "center": [
          6.141864978734408,
          -0.13466089999999997
        ],
        "radius": 2.1410000041525823,
        "object_center": [
          6.141864978734408,
          -0.13466089999999997,
          1.070499999409896
        ],
        "sample_distance": 2.1410000041525823,
        "min_distance": 2.1410000041525823,
        "requested_distance": 1.0
      },
      "sample_point": [
        8.272730558668792,
        -0.34273035482761377,
        1.5
      ],
      "sample_forward": [
        -0.9758249854688213,
        0.09528492770525394,
        -0.1966885362368108
      ],
      "height": 1.5
    },
    "sample_target": [
      8.272730558668792,
      -0.34273035482761377,
      1.5
    ],
    "camera_params": {
      "forward": [
        -0.9758249854688213,
        0.09528492770525394,
        -0.1966885362368108
      ]
    },
    "task_type": "absolute_positioning",
    "task_description": "Move to any position 2.1m from door",
    "target_object": {
      "label": "door",
      "id": "19",
      "bbox_min": [
        5.995864853882731,
        -0.621160993586086,
        -2.6663951757655014e-09
      ],
      "bbox_max": [
        6.2878651035860855,
        0.351839193586086,
        2.141000001486187
      ],
      "center": [
        6.141864978734408,
        -0.1346609,
        1.070499999409896
      ]
    }
  },
  {
    "scene_id": "0073_839935",
    "object_label": "door",
    "preset": "front",
    "distance": 2.1410000041525823,
    "init_camera": {
      "intrinsics": [
        [
          320.0,
          0.0,
          320.0
        ],
        [
          0.0,
          320.0,
          240.0
        ],
        [
          0.0,
          0.0,
          1.0
        ]
      ],
      "extrinsics": [
        [
          0.766044443118978,
          -0.23729469049772597,
          0.5973835794764728,
          5.285026973337277
        ],
        [
          -0.6427876096865393,
          -0.2827967999041961,
          0.7119340269978752,
          -1.1558006712032884
        ],
        [
          0.0,
          -0.9293638683667096,
          -0.3691650039947794,
          1.6
        ],
        [
          0.0,
          0.0,
          0.0,
          1.0
        ]
      ]
    },
    "target_region": {
      "type": "circle",
      "params": {
        "center": [
          6.141864978734408,
          -0.13466089999999997
        ],
        "radius": 2.1410000041525823,
        "object_center": [
          6.141864978734408,
          -0.13466089999999997,
          1.070499999409896
        ],
        "sample_distance": 2.1410000041525823,
        "min_distance": 2.1410000041525823,
        "requested_distance": 1.2
      },
      "sample_point": [
        8.077727375319965,
        0.7798432275288937,
        1.5
      ],
      "sample_forward": [
        -0.8865237266988509,
        -0.41879505932257793,
        -0.1966885362368108
      ],
      "height": 1.5
    },
    "sample_target": [
      8.077727375319965,
      0.7798432275288937,
      1.5
    ],
    "camera_params": {
      "forward": [
        -0.8865237266988509,
        -0.41879505932257793,
        -0.1966885362368108
      ]
    },
    "task_type": "absolute_positioning",
    "task_description": "Move to any position 2.1m from door",
    "target_object": {
      "label": "door",
      "id": "19",
      "bbox_min": [
        5.995864853882731,
        -0.621160993586086,
        -2.6663951757655014e-09
      ],
      "bbox_max": [
        6.2878651035860855,
        0.351839193586086,
        2.141000001486187
      ],
      "center": [
        6.141864978734408,
        -0.1346609,
        1.070499999409896
      ]
    }
  },
  {
    "scene_id": "0073_839935",
    "object_label": "door",
    "preset": "back",
    "distance": 2.1410000041525823,
    "init_camera": {
      "intrinsics": [
        [
          320.0,
          0.0,
          320.0
        ],
        [
          0.0,
          320.0,
          240.0
        ],
        [
          0.0,
          0.0,
          1.0
        ]
      ],
      "extrinsics": [
        [
          0.766044443118978,
          -0.23729469049772597,
          0.5973835794764728,
          5.285026973337277
        ],
        [
          -0.6427876096865393,
          -0.2827967999041961,
          0.7119340269978752,
          -1.1558006712032884
        ],
        [
          0.0,
          -0.9293638683667096,
          -0.3691650039947794,
          1.6
        ],
        [
          0.0,
          0.0,
          0.0,
          1.0
        ]
      ]
    },
    "target_region": {
      "type": "circle",
      "params": {
        "center": [
          6.141864978734408,
          -0.13466089999999997
        ],
        "radius": 2.1410000041525823,
        "object_center": [
          6.141864978734408,
          -0.13466089999999997,
          1.070499999409896
        ],
        "sample_distance": 2.1410000041525823,
        "min_distance": 2.1410000041525823,
        "requested_distance": 1.5
      },
      "sample_point": [
        4.5197998759231925,
        -1.5320820319510653,
        1.5
      ],
      "sample_forward": [
        0.742820978613291,
        0.6399457894579925,
        -0.19668853623681085
      ],
      "height": 1.5
    },
    "sample_target": [
      4.5197998759231925,
      -1.5320820319510653,
      1.5
    ],
    "camera_params": {
      "forward": [
        0.742820978613291,
        0.6399457894579925,
        -0.19668853623681085
      ]
    },
    "task_type": "absolute_positioning",
    "task_description": "Move to any position 2.1m from door",
    "target_object": {
      "label": "door",
      "id": "19",
      "bbox_min": [
        5.995864853882731,
        -0.621160993586086,
        -2.6663951757655014e-09
      ],
      "bbox_max": [
        6.2878651035860855,
        0.351839193586086,
        2.141000001486187
      ],
      "center": [
        6.141864978734408,
        -0.1346609,
        1.070499999409896
      ]
    }
  },
  {
    "scene_id": "0073_839935",
    "object_label": "door",
    "preset": "occupancy_20",
    "distance": 6.7588710095688205,
    "init_camera": {
      "intrinsics": [
        [
          320.0,
          0.0,
          320.0
        ],
        [
          0.0,
          320.0,
          240.0
        ],
        [
          0.0,
          0.0,
          1.0
        ]
      ],
      "extrinsics": [
        [
          0.766044443118978,
          -0.23729469049772597,
          0.5973835794764728,
          5.285026973337277
        ],
        [
          -0.6427876096865393,
          -0.2827967999041961,
          0.7119340269978752,
          -1.1558006712032884
        ],
        [
          0.0,
          -0.9293638683667096,
          -0.3691650039947794,
          1.6
        ],
        [
          0.0,
          0.0,
          0.0,
          1.0
        ]
      ]
    },
    "target_region": {
      "type": "circle",
      "params": {
        "center": [
          6.141864978734408,
          -0.13466089999999997
        ],
        "radius": 6.7588710095688205,
        "object_center": [
          6.141864978734408,
          -0.13466089999999997,
          1.070499999409896
        ],
        "object_height": 2.1410000041525823,
        "occupancy_ratio": 0.2,
        "fov_vertical": 90.0,
        "sample_distance": 6.7588710095688205,
        "min_distance": 2.1410000041525823
      },
      "sample_point": [
        -0.4972843486571543,
        1.1318435542306249,
        1.5
      ],
      "sample_forward": [
        0.9803094297260737,
        -0.18700682844260588,
        -0.06341820011619705
      ],
      "height": 1.5
    },
    "sample_target": [
      -0.4972843486571543,
      1.1318435542306249,
      1.5
    ],
    "camera_params": {
      "forward": [
        0.9803094297260737,
        -0.18700682844260588,
        -0.06341820011619705
      ]
    },
    "task_type": "screen_occupancy",
    "task_description": "Position where door occupies 20% of vertical FOV",
    "target_object": {
      "label": "door",
      "id": "19",
      "bbox_min": [
        5.995864853882731,
        -0.621160993586086,
        -2.6663951757655014e-09
      ],
      "bbox_max": [
        6.2878651035860855,
        0.351839193586086,
        2.141000001486187
      ],
      "center": [
        6.141864978734408,
        -0.1346609,
        1.070499999409896
      ]
    }
  },
  {
    "scene_id": "0073_839935",
    "object_label": "door",
    "preset": "occupancy_30",
    "distance": 4.458953412530167,
    "init_camera": {
      "intrinsics": [
        [
          320.0,
          0.0,
          320.0
        ],
        [
          0.0,
          320.0,
          240.0
        ],
        [
          0.0,
          0.0,
          1.0
        ]
      ],
      "extrinsics": [
        [
          0.766044443118978,
          -0.23729469049772597,
          0.5973835794764728,
          5.285026973337277
        ],
        [
          -0.6427876096865393,
          -0.2827967999041961,
          0.7119340269978752,
          -1.1558006712032884
        ],
        [
          0.0,
          -0.9293638683667096,
          -0.3691650039947794,
          1.6
        ],
        [
          0.0,
          0.0,
          0.0,
          1.0
        ]
      ]
    },
    "target_region": {
      "type": "circle",
      "params": {
        "center": [
          6.141864978734408,
          -0.13466089999999997
        ],
        "radius": 4.458953412530167,
        "object_center": [
          6.141864978734408,
          -0.13466089999999997,
          1.070499999409896
        ],
        "object_height": 2.1410000041525823,
        "occupancy_ratio": 0.3,
        "fov_vertical": 90.0,
        "sample_distance": 4.458953412530167,
        "min_distance": 2.1410000041525823
      },
      "sample_point": [
        6.065430815651977,
        4.323637357612236,
        1.5
      ],
      "sample_forward": [
        0.01706275474489124,
        -0.9952467153617466,
        -0.09587928849428443
      ],
      "height": 1.5
    },
    "sample_target": [
      6.065430815651977,
      4.323637357612236,
      1.5
    ],
    "camera_params": {
      "forward": [
        0.01706275474489124,
        -0.9952467153617466,
        -0.09587928849428443
      ]
    },
    "task_type": "screen_occupancy",
    "task_description": "Position where door occupies 30% of vertical FOV",
    "target_object": {
      "label": "door",
      "id": "19",
      "bbox_min": [
        5.995864853882731,
        -0.621160993586086,
        -2.6663951757655014e-09
      ],
      "bbox_max": [
        6.2878651035860855,
        0.351839193586086,
        2.141000001486187
      ],
      "center": [
        6.141864978734408,
        -0.1346609,
        1.070499999409896
      ]
    }
  },
  {
    "scene_id": "0073_839935",
    "object_label": "door",
    "preset": "occupancy_50",
    "distance": 2.5844156235330087,
    "init_camera": {
      "intrinsics": [
        [
          320.0,
          0.0,
          320.0
        ],
        [
          0.0,
          320.0,
          240.0
        ],
        [
          0.0,
          0.0,
          1.0
        ]
      ],
      "extrinsics": [
        [
          0.766044443118978,
          -0.23729469049772597,
          0.5973835794764728,
          5.285026973337277
        ],
        [
          -0.6427876096865393,
          -0.2827967999041961,
          0.7119340269978752,
          -1.1558006712032884
        ],
        [
          0.0,
          -0.9293638683667096,
          -0.3691650039947794,
          1.6
        ],
        [
          0.0,
          0.0,
          0.0,
          1.0
        ]
      ]
    },
    "target_region": {
      "type": "circle",
      "params": {
        "center": [
          6.141864978734408,
          -0.13466089999999997
        ],
        "radius": 2.5844156235330087,
        "object_center": [
          6.141864978734408,
          -0.13466089999999997,
          1.070499999409896
        ],
        "object_height": 2.1410000041525823,
        "occupancy_ratio": 0.5,
        "fov_vertical": 90.0,
        "sample_distance": 2.5844156235330087,
        "min_distance": 2.1410000041525823
      },
      "sample_point": [
        3.9620730281813548,
        -1.5230812857137885,
        1.5
      ],
      "sample_forward": [
        0.832025638309411,
        0.5299594566225541,
        -0.16393996319428839
      ],
      "height": 1.5
    },
    "sample_target": [
      3.9620730281813548,
      -1.5230812857137885,
      1.5
    ],
    "camera_params": {
      "forward": [
        0.832025638309411,
        0.5299594566225541,
        -0.16393996319428839
      ]
    },
    "task_type": "screen_occupancy",
    "task_description": "Position where door occupies 50% of vertical FOV",
    "target_object": {
      "label": "door",
      "id": "19",
      "bbox_min": [
        5.995864853882731,
        -0.621160993586086,
        -2.6663951757655014e-09
      ],
      "bbox_max": [
        6.2878651035860855,
        0.351839193586086,
        2.141000001486187
      ],
      "center": [
        6.141864978734408,
        -0.1346609,
        1.070499999409896
      ]
    }
  },
  {
    "scene_id": "0073_839935",
    "object_label": "door",
    "preset": "occupancy_20",
    "distance": 6.7588710095688205,
    "init_camera": {
      "intrinsics": [
        [
          320.0,
          0.0,
          320.0
        ],
        [
          0.0,
          320.0,
          240.0
        ],
        [
          0.0,
          0.0,
          1.0
        ]
      ],
      "extrinsics": [
        [
          0.3420201433256686,
          -0.2845903583959203,
          0.8955615832914958,
          4.576098272229973
        ],
        [
          -0.9396926207859084,
          -0.10358241941526555,
          0.3259577592704167,
          -0.7045533749726393
        ],
        [
          0.0,
          -0.953036730822145,
          -0.30285473366589194,
          1.6
        ],
        [
          0.0,
          0.0,
          0.0,
          1.0
        ]
      ]
    },
    "target_region": {
      "type": "circle",
      "params": {
        "center": [
          6.141864978734408,
          -0.13466089999999997
        ],
        "radius": 6.7588710095688205,
        "object_center": [
          6.141864978734408,
          -0.13466089999999997,
          1.070499999409896
        ],
        "object_height": 2.1410000041525823,
        "occupancy_ratio": 0.2,
        "fov_vertical": 90.0,
        "sample_distance": 6.7588710095688205,
        "min_distance": 2.1410000041525823
      },
      "sample_point": [
        5.792718500552358,
        6.615186065729143,
        1.5
      ],
      "sample_forward": [
        0.05155353013455825,
        -0.9966545868176633,
        -0.06341820011619705
      ],
      "height": 1.5
    },
    "sample_target": [
      5.792718500552358,
      6.615186065729143,
      1.5
    ],
    "camera_params": {
      "forward": [
        0.05155353013455825,
        -0.9966545868176633,
        -0.06341820011619705
      ]
    },
    "task_type": "screen_occupancy",
    "task_description": "Position where door occupies 20% of vertical FOV",
    "target_object": {
      "label": "door",
      "id": "19",
      "bbox_min": [
        5.995864853882731,
        -0.621160993586086,
        -2.6663951757655014e-09
      ],
      "bbox_max": [
        6.2878651035860855,
        0.351839193586086,
        2.141000001486187
      ],
      "center": [
        6.141864978734408,
        -0.1346609,
        1.070499999409896
      ]
    }
  },
  {
    "scene_id": "0073_839935",
    "object_label": "door",
    "preset": "occupancy_30",
    "distance": 4.458953412530167,
    "init_camera": {
      "intrinsics": [
        [
          320.0,
          0.0,
          320.0
        ],
        [
          0.0,
          320.0,
          240.0
        ],
        [
          0.0,
          0.0,
          1.0
        ]
      ],
      "extrinsics": [
        [
          0.3420201433256686,
          -0.2845903583959203,
          0.8955615832914958,
          4.576098272229973
        ],
        [
          -0.9396926207859084,
          -0.10358241941526555,
          0.3259577592704167,
          -0.7045533749726393
        ],
        [
          0.0,
          -0.953036730822145,
          -0.30285473366589194,
          1.6
        ],
        [
          0.0,
          0.0,
          0.0,
          1.0
        ]
      ]
    },
    "target_region": {
      "type": "circle",
      "params": {
        "center": [
          6.141864978734408,
          -0.13466089999999997
        ],
        "radius": 4.458953412530167,
        "object_center": [
          6.141864978734408,
          -0.13466089999999997,
          1.070499999409896
        ],
        "object_height": 2.1410000041525823,
        "occupancy_ratio": 0.3,
        "fov_vertical": 90.0,
        "sample_distance": 4.458953412530167,
        "min_distance": 2.1410000041525823
      },
      "sample_point": [
        4.140610609583064,
        -4.1192871666738355,
        1.5
      ],
      "sample_forward": [
        0.4467493474893607,
        0.8895067074258971,
        -0.09587928849428444
      ],
      "height": 1.5
    },
    "sample_target": [
      4.140610609583064,
      -4.1192871666738355,
      1.5
    ],
    "camera_params": {
      "forward": [
        0.4467493474893607,
        0.8895067074258971,
        -0.09587928849428444
      ]
    },
    "task_type": "screen_occupancy",
    "task_description": "Position where door occupies 30% of vertical FOV",
    "target_object": {
      "label": "door",
      "id": "19",
      "bbox_min": [
        5.995864853882731,
        -0.621160993586086,
        -2.6663951757655014e-09
      ],
      "bbox_max": [
        6.2878651035860855,
        0.351839193586086,
        2.141000001486187
      ],
      "center": [
        6.141864978734408,
        -0.1346609,
        1.070499999409896
      ]
    }
  },
  {
    "scene_id": "0073_839935",
    "object_label": "door",
    "preset": "occupancy_50",
    "distance": 2.5844156235330087,
    "init_camera": {
      "intrinsics": [
        [
          320.0,
          0.0,
          320.0
        ],
        [
          0.0,
          320.0,
          240.0
        ],
        [
          0.0,
          0.0,
          1.0
        ]
      ],
      "extrinsics": [
        [
          0.3420201433256686,
          -0.2845903583959203,
          0.8955615832914958,
          4.576098272229973
        ],
        [
          -0.9396926207859084,
          -0.10358241941526555,
          0.3259577592704167,
          -0.7045533749726393
        ],
        [
          0.0,
          -0.953036730822145,
          -0.30285473366589194,
          1.6
        ],
        [
          0.0,
          0.0,
          0.0,
          1.0
        ]
      ]
    },
    "target_region": {
      "type": "circle",
      "params": {
        "center": [
          6.141864978734408,
          -0.13466089999999997
        ],
        "radius": 2.5844156235330087,
        "object_center": [
          6.141864978734408,
          -0.13466089999999997,
          1.070499999409896
        ],
        "object_height": 2.1410000041525823,
        "occupancy_ratio": 0.5,
        "fov_vertical": 90.0,
        "sample_distance": 2.5844156235330087,
        "min_distance": 2.1410000041525823
      },
      "sample_point": [
        7.436172250331267,
        -2.371617046609273,
        1.5
      ],
      "sample_forward": [
        -0.4940365219468123,
        0.8538451870512314,
        -0.16393996319428836
      ],
      "height": 1.5
    },
    "sample_target": [
      7.436172250331267,
      -2.371617046609273,
      1.5
    ],
    "camera_params": {
      "forward": [
        -0.4940365219468123,
        0.8538451870512314,
        -0.16393996319428836
      ]
    },
    "task_type": "screen_occupancy",
    "task_description": "Position where door occupies 50% of vertical FOV",
    "target_object": {
      "label": "door",
      "id": "19",
      "bbox_min": [
        5.995864853882731,
        -0.621160993586086,
        -2.6663951757655014e-09
      ],
      "bbox_max": [
        6.2878651035860855,
        0.351839193586086,
        2.141000001486187
      ],
      "center": [
        6.141864978734408,
        -0.1346609,
        1.070499999409896
      ]
    }
  },
  {
    "scene_id": "0073_839935",
    "object_label": "door",
    "preset": "occupancy_20",
    "distance": 6.7588710095688205,
    "init_camera": {
      "intrinsics": [
        [
          320.0,
          0.0,
          320.0
        ],
        [
          0.0,
          320.0,
          240.0
        ],
        [
          0.0,
          0.0,
          1.0
        ]
      ],
      "extrinsics": [
        [
          0.6427876096865394,
          -0.23200018579703463,
          0.7300684917345814,
          4.865440264730298
        ],
        [
          -0.766044443118978,
          -0.19467127033535223,
          0.6126002021486404,
          -1.2057084067464143
        ],
        [
          0.0,
          -0.953036730822145,
          -0.302854733665892,
          1.6
        ],
        [
          0.0,
          0.0,
          0.0,
          1.0
        ]
      ]
    },
    "target_region": {
      "type": "circle",
      "params": {
        "center": [
          6.141864978734408,
          -0.13466089999999997
        ],
        "radius": 6.7588710095688205,
        "object_center": [
          6.141864978734408,
          -0.13466089999999997,
          1.070499999409896
        ],
        "object_height": 2.1410000041525823,
        "occupancy_ratio": 0.2,
        "fov_vertical": 90.0,
        "sample_distance": 6.7588710095688205,
        "min_distance": 2.1410000041525823
      },
      "sample_point": [
        -0.6095428485271688,
        -0.4521977860163596,
        1.5
      ],
      "sample_forward": [
        0.9968850571992269,
        0.04688618801860727,
        -0.06341820011619705
      ],
      "height": 1.5
    },
    "sample_target": [
      -0.6095428485271688,
      -0.4521977860163596,
      1.5
    ],
    "camera_params": {
      "forward": [
        0.9968850571992269,
        0.04688618801860727,
        -0.06341820011619705
      ]
    },
    "task_type": "screen_occupancy",
