[
  {
    "scene_id": "0338_840412",
    "object_label": "cabinet",
    "preset": "right",
    "distance": 2.5200000003934027,
    "init_camera": {
      "intrinsics": [
        [
          320.0,
          0.0,
          320.0
        ],
        [
          0.0,
          320.0,
          240.0
        ],
        [
          0.0,
          0.0,
          1.0
        ]
      ],
      "extrinsics": [
        [
          -0.9848077530122081,
          0.03753292473820343,
          -0.16954341381381424,
          6.65838427096416
        ],
        [
          0.1736481776669306,
          0.21285979370485258,
          -0.9615284803982053,
          -1.52551647348639
        ],
        [
          0.0,
          -0.9763616070823985,
          -0.21614349912841713,
          1.6
        ],
        [
          0.0,
          0.0,
          0.0,
          1.0
        ]
      ]
    },
    "target_region": {
      "type": "circle",
      "params": {
        "center": [
          6.375999516457338,
          -3.126999997858141
        ],
        "radius": 2.5200000003934027,
        "object_center": [
          6.375999516457338,
          -3.126999997858141,
          1.2400000001967013
        ],
        "sample_distance": 2.5200000003934027,
        "min_distance": 2.5200000003934027,
        "requested_distance": 1.0
      },
      "sample_point": [
        4.6210980476401335,
        -1.3184865650283026,
        1.5
      ],
      "sample_forward": [
        0.6927122710681419,
        -0.7138745220591594,
        -0.10262980203831587
      ],
      "height": 1.5
    },
    "sample_target": [
      4.6210980476401335,
      -1.3184865650283026,
      1.5
    ],
    "camera_params": {
      "forward": [
        0.6927122710681419,
        -0.7138745220591594,
        -0.10262980203831587
      ]
    },
    "task_type": "absolute_positioning",
    "task_description": "Move to any position 2.5m from cabinet",
    "target_object": {
      "label": "cabinet",
      "id": "76",
      "bbox_min": [
        5.730999470494812,
        -3.4200000268387933,
        -0.02
      ],
      "bbox_max": [
        7.020999562419864,
        -2.83399996887749,
        2.5000000003934026
      ],
      "center": [
        6.3759995164573375,
        -3.1269999978581415,
        1.2400000001967013
      ]
    }
  },
  {
    "scene_id": "0338_840412",
    "object_label": "cabinet",
    "preset": "front",
    "distance": 2.5200000003934027,
    "init_camera": {
      "intrinsics": [
        [
          320.0,
          0.0,
          320.0
        ],
        [
          0.0,
          320.0,
          240.0
        ],
        [
          0.0,
          0.0,
          1.0
        ]
      ],
      "extrinsics": [
        [
          -0.9848077530122081,
          0.03753292473820343,
          -0.16954341381381424,
          6.65838427096416
        ],
        [
          0.1736481776669306,
          0.21285979370485258,
          -0.9615284803982053,
          -1.52551647348639
        ],
        [
          0.0,
          -0.9763616070823985,
          -0.21614349912841713,
          1.6
        ],
        [
          0.0,
          0.0,
          0.0,
          1.0
        ]
      ]
    },
    "target_region": {
      "type": "circle",
      "params": {
        "center": [
          6.375999516457338,
          -3.126999997858141
        ],
        "radius": 2.5200000003934027,
        "object_center": [
          6.375999516457338,
          -3.126999997858141,
          1.2400000001967013
        ],
        "sample_distance": 2.5200000003934027,
        "min_distance": 2.5200000003934027,
        "requested_distance": 1.2
      },
      "sample_point": [
        8.66542657831911,
        -4.180054474320646,
        1.5
      ],
      "sample_forward": [
        -0.9037055627607574,
        0.4156722020641252,
        -0.10262980203831591
      ],
      "height": 1.5
    },
    "sample_target": [
      8.66542657831911,
      -4.180054474320646,
      1.5
    ],
    "camera_params": {
      "forward": [
        -0.9037055627607574,
        0.4156722020641252,
        -0.10262980203831591
      ]
    },
    "task_type": "absolute_positioning",
    "task_description": "Move to any position 2.5m from cabinet",
    "target_object": {
      "label": "cabinet",
      "id": "76",
      "bbox_min": [
        5.730999470494812,
        -3.4200000268387933,
        -0.02
      ],
      "bbox_max": [
        7.020999562419864,
        -2.83399996887749,
        2.5000000003934026
      ],
      "center": [
        6.3759995164573375,
        -3.1269999978581415,
        1.2400000001967013
      ]
    }
  },
  {
    "scene_id": "0338_840412",
    "object_label": "cabinet",
    "preset": "occupancy_20",
    "distance": 7.955326909732479,
    "init_camera": {
      "intrinsics": [
        [
          320.0,
          0.0,
          320.0
        ],
        [
          0.0,
          320.0,
          240.0
        ],
        [
          0.0,
          0.0,
          1.0
        ]
      ],
      "extrinsics": [
        [
          -0.9848077530122081,
          0.03753292473820343,
          -0.16954341381381424,
          6.65838427096416
        ],
        [
          0.1736481776669306,
          0.21285979370485258,
          -0.9615284803982053,
          -1.52551647348639
        ],
        [
          0.0,
          -0.9763616070823985,
          -0.21614349912841713,
          1.6
        ],
        [
          0.0,
          0.0,
          0.0,
          1.0
        ]
      ]
    },
    "target_region": {
      "type": "circle",
      "params": {
        "center": [
          6.375999516457338,
          -3.126999997858141
        ],
        "radius": 7.955326909732479,
        "object_center": [
          6.375999516457338,
          -3.126999997858141,
          1.2400000001967013
        ],
        "object_height": 2.5200000003934027,
        "occupancy_ratio": 0.2,
        "fov_vertical": 90.0,
        "sample_distance": 7.955326909732479,
        "min_distance": 2.5200000003934027
      },
      "sample_point": [
        12.985103810533797,
        -7.55497545744843,
        1.5
      ],
      "sample_forward": [
        -0.830333869361504,
        0.5563080613048734,
        -0.0326650626566986
      ],
      "height": 1.5
    },
    "sample_target": [
      12.985103810533797,
      -7.55497545744843,
      1.5
    ],
    "camera_params": {
      "forward": [
        -0.830333869361504,
        0.5563080613048734,
        -0.0326650626566986
      ]
    },
    "task_type": "screen_occupancy",
    "task_description": "Position where cabinet occupies 20% of vertical FOV",
    "target_object": {
      "label": "cabinet",
      "id": "76",
      "bbox_min": [
        5.730999470494812,
        -3.4200000268387933,
        -0.02
      ],
      "bbox_max": [
        7.020999562419864,
        -2.83399996887749,
        2.5000000003934026
      ],
      "center": [
        6.3759995164573375,
        -3.1269999978581415,
        1.2400000001967013
      ]
    }
  },
  {
    "scene_id": "0338_840412",
    "object_label": "cabinet",
    "preset": "occupancy_30",
    "distance": 5.248277711133246,
    "init_camera": {
      "intrinsics": [
        [
          320.0,
          0.0,
          320.0
        ],
        [
          0.0,
          320.0,
          240.0
        ],
        [
          0.0,
          0.0,
          1.0
        ]
      ],
      "extrinsics": [
        [
          -0.9848077530122081,
          0.03753292473820343,
          -0.16954341381381424,
          6.65838427096416
        ],
        [
          0.1736481776669306,
          0.21285979370485258,
          -0.9615284803982053,
          -1.52551647348639
        ],
        [
          0.0,
          -0.9763616070823985,
          -0.21614349912841713,
          1.6
        ],
        [
          0.0,
          0.0,
          0.0,
          1.0
        ]
      ]
    },
    "target_region": {
      "type": "circle",
      "params": {
        "center": [
          6.375999516457338,
          -3.126999997858141
        ],
        "radius": 5.248277711133246,
        "object_center": [
          6.375999516457338,
          -3.126999997858141,
          1.2400000001967013
        ],
        "object_height": 2.5200000003934027,
        "occupancy_ratio": 0.3,
        "fov_vertical": 90.0,
        "sample_distance": 5.248277711133246,
        "min_distance": 2.5200000003934027
      },
      "sample_point": [
        2.1313633898006676,
        -6.213662124729023,
        1.5
      ],
      "sample_forward": [
        0.8077768169396696,
        0.58740820965869,
        -0.049479381972571866
      ],
      "height": 1.5
    },
    "sample_target": [
      2.1313633898006676,
      -6.213662124729023,
      1.5
    ],
    "camera_params": {
      "forward": [
        0.8077768169396696,
        0.58740820965869,
        -0.049479381972571866
      ]
    },
    "task_type": "screen_occupancy",
    "task_description": "Position where cabinet occupies 30% of vertical FOV",
    "target_object": {
      "label": "cabinet",
      "id": "76",
      "bbox_min": [
        5.730999470494812,
        -3.4200000268387933,
        -0.02
      ],
      "bbox_max": [
        7.020999562419864,
        -2.83399996887749,
        2.5000000003934026
      ],
      "center": [
        6.3759995164573375,
        -3.1269999978581415,
        1.2400000001967013
      ]
    }
  },
  {
    "scene_id": "0338_840412",
    "object_label": "cabinet",
    "preset": "occupancy_50",
    "distance": 3.041909089064979,
    "init_camera": {
      "intrinsics": [
        [
          320.0,
          0.0,
          320.0
        ],
        [
          0.0,
          320.0,
          240.0
        ],
        [
          0.0,
          0.0,
          1.0
        ]
      ],
      "extrinsics": [
        [
          -0.9848077530122081,
          0.03753292473820343,
          -0.16954341381381424,
          6.65838427096416
        ],
        [
          0.1736481776669306,
          0.21285979370485258,
          -0.9615284803982053,
          -1.52551647348639
        ],
        [
          0.0,
          -0.9763616070823985,
          -0.21614349912841713,
          1.6
        ],
        [
          0.0,
          0.0,
          0.0,
          1.0
        ]
      ]
    },
    "target_region": {
      "type": "circle",
      "params": {
        "center": [
          6.375999516457338,
          -3.126999997858141
        ],
        "radius": 3.041909089064979,
        "object_center": [
          6.375999516457338,
          -3.126999997858141,
          1.2400000001967013
        ],
        "object_height": 2.5200000003934027,
        "occupancy_ratio": 0.5,
        "fov_vertical": 90.0,
        "sample_distance": 3.041909089064979,
        "min_distance": 2.5200000003934027
      },
      "sample_point": [
        7.437707542672335,
        -0.27638831381438367,
        1.5
      ],
      "sample_forward": [
        -0.3477588986765297,
        -0.9337082845003947,
        -0.0851621268323948
      ],
      "height": 1.5
    },
    "sample_target": [
      7.437707542672335,
      -0.27638831381438367,
      1.5
    ],
    "camera_params": {
      "forward": [
        -0.3477588986765297,
        -0.9337082845003947,
        -0.0851621268323948
      ]
    },
    "task_type": "screen_occupancy",
    "task_description": "Position where cabinet occupies 50% of vertical FOV",
    "target_object": {
      "label": "cabinet",
      "id": "76",
      "bbox_min": [
        5.730999470494812,
        -3.4200000268387933,
        -0.02
      ],
      "bbox_max": [
        7.020999562419864,
        -2.83399996887749,
        2.5000000003934026
      ],
      "center": [
        6.3759995164573375,
        -3.1269999978581415,
        1.2400000001967013
      ]
    }
  },
  {
    "scene_id": "0338_840412",
    "object_label": "cabinet",
    "preset": "right",
    "distance": 2.5200000003934027,
    "init_camera": {
      "intrinsics": [
        [
          320.0,
          0.0,
          320.0
        ],
        [
          0.0,
          320.0,
          240.0
        ],
        [
          0.0,
          0.0,
          1.0
        ]
      ],
      "extrinsics": [
        [
          -1.0,
          -0.0,
          0.0,
          6.3759995164573375
        ],
        [
          -0.0,
          0.21614349912841713,
          -0.9763616070823985,
          -1.500811008714492
        ],
        [
          0.0,
          -0.9763616070823985,
          -0.21614349912841713,
          1.6
        ],
        [
          0.0,
          0.0,
          0.0,
          1.0
        ]
      ]
    },
    "target_region": {
      "type": "circle",
      "params": {
        "center": [
          6.375999516457338,
          -3.126999997858141
        ],
        "radius": 2.5200000003934027,
        "object_center": [
          6.375999516457338,
          -3.126999997858141,
          1.2400000001967013
        ],
        "sample_distance": 2.5200000003934027,
        "min_distance": 2.5200000003934027,
        "requested_distance": 0.8
      },
      "sample_point": [
        5.8495183349550395,
        -0.6626101002350615,
        1.5
      ],
      "sample_forward": [
        0.20781792105906788,
        -0.9727686443447194,
        -0.10262980203831587
      ],
      "height": 1.5
    },
    "sample_target": [
      5.8495183349550395,
      -0.6626101002350615,
      1.5
    ],
    "camera_params": {
      "forward": [
        0.20781792105906788,
        -0.9727686443447194,
        -0.10262980203831587
      ]
    },
    "task_type": "absolute_positioning",
    "task_description": "Move to any position 2.5m from cabinet",
    "target_object": {
      "label": "cabinet",
      "id": "76",
      "bbox_min": [
        5.730999470494812,
        -3.4200000268387933,
        -0.02
      ],
      "bbox_max": [
        7.020999562419864,
        -2.83399996887749,
        2.5000000003934026
      ],
      "center": [
        6.3759995164573375,
        -3.1269999978581415,
        1.2400000001967013
      ]
    }
  },
  {
    "scene_id": "0338_840412",
    "object_label": "cabinet",
    "preset": "front",
    "distance": 2.5200000003934027,
    "init_camera": {
      "intrinsics": [
        [
          320.0,
          0.0,
          320.0
        ],
        [
          0.0,
          320.0,
          240.0
        ],
        [
          0.0,
          0.0,
          1.0
        ]
      ],
      "extrinsics": [
        [
          -1.0,
          -0.0,
          0.0,
          6.3759995164573375
        ],
        [
          -0.0,
          0.21614349912841713,
          -0.9763616070823985,
          -1.500811008714492
        ],
        [
          0.0,
          -0.9763616070823985,
          -0.21614349912841713,
          1.6
        ],
        [
          0.0,
          0.0,
          0.0,
          1.0
        ]
      ]
    },
    "target_region": {
      "type": "circle",
      "params": {
        "center": [
          6.375999516457338,
          -3.126999997858141
        ],
        "radius": 2.5200000003934027,
        "object_center": [
          6.375999516457338,
          -3.126999997858141,
          1.2400000001967013
        ],
        "sample_distance": 2.5200000003934027,
        "min_distance": 2.5200000003934027,
        "requested_distance": 1.0
      },
      "sample_point": [
        8.4042772248948,
        -1.631510265550217,
        1.5
      ],
      "sample_forward": [
        -0.8006220763582657,
        -0.5903146742046612,
        -0.10262980203831587
      ],
      "height": 1.5
    },
    "sample_target": [
      8.4042772248948,
      -1.631510265550217,
      1.5
    ],
    "camera_params": {
      "forward": [
        -0.8006220763582657,
        -0.5903146742046612,
        -0.10262980203831587
      ]
    },
    "task_type": "absolute_positioning",
    "task_description": "Move to any position 2.5m from cabinet",
    "target_object": {
      "label": "cabinet",
      "id": "76",
      "bbox_min": [
        5.730999470494812,
        -3.4200000268387933,
        -0.02
      ],
      "bbox_max": [
        7.020999562419864,
        -2.83399996887749,
        2.5000000003934026
      ],
      "center": [
        6.3759995164573375,
        -3.1269999978581415,
        1.2400000001967013
      ]
    }
  },
  {
    "scene_id": "0338_840412",
    "object_label": "cabinet",
    "preset": "right",
    "distance": 2.5200000003934027,
    "init_camera": {
      "intrinsics": [
        [
          320.0,
          0.0,
          320.0
        ],
        [
          0.0,
          320.0,
          240.0
        ],
        [
          0.0,
          0.0,
          1.0
        ]
      ],
      "extrinsics": [
        [
          -1.0,
          -0.0,
          0.0,
          6.3759995164573375
        ],
        [
          -0.0,
          0.21614349912841713,
          -0.9763616070823985,
          -1.500811008714492
        ],
        [
          0.0,
          -0.9763616070823985,
          -0.21614349912841713,
          1.6
        ],
        [
          0.0,
          0.0,
          0.0,
          1.0
        ]
      ]
    },
    "target_region": {
      "type": "circle",
      "params": {
        "center": [
          6.375999516457338,
          -3.126999997858141
        ],
        "radius": 2.5200000003934027,
        "object_center": [
          6.375999516457338,
          -3.126999997858141,
          1.2400000001967013
        ],
        "sample_distance": 2.5200000003934027,
        "min_distance": 2.5200000003934027,
        "requested_distance": 1.2
      },
      "sample_point": [
        5.2913998736233205,
        -0.8523475811695893,
        1.5
      ],
      "sample_forward": [
        0.4281240258426766,
        -0.8978735669512914,
        -0.10262980203831587
      ],
      "height": 1.5
    },
    "sample_target": [
      5.2913998736233205,
      -0.8523475811695893,
      1.5
    ],
    "camera_params": {
      "forward": [
        0.4281240258426766,
        -0.8978735669512914,
        -0.10262980203831587
      ]
    },
    "task_type": "absolute_positioning",
    "task_description": "Move to any position 2.5m from cabinet",
    "target_object": {
      "label": "cabinet",
      "id": "76",
      "bbox_min": [
        5.730999470494812,
        -3.4200000268387933,
        -0.02
      ],
      "bbox_max": [
        7.020999562419864,
        -2.83399996887749,
        2.5000000003934026
      ],
      "center": [
        6.3759995164573375,
        -3.1269999978581415,
        1.2400000001967013
      ]
    }
  },
  {
    "scene_id": "0338_840412",
    "object_label": "cabinet",
    "preset": "right",
    "distance": 2.5200000003934027,
    "init_camera": {
      "intrinsics": [
        [
          320.0,
          0.0,
          320.0
        ],
        [
          0.0,
          320.0,
          240.0
        ],
        [
          0.0,
          0.0,
          1.0
        ]
      ],
      "extrinsics": [
        [
          -1.0,
          -0.0,
          0.0,
          6.3759995164573375
        ],
        [
          -0.0,
          0.21614349912841713,
          -0.9763616070823985,
          -1.500811008714492
        ],
        [
          0.0,
          -0.9763616070823985,
          -0.21614349912841713,
          1.6
        ],
        [
          0.0,
          0.0,
          0.0,
          1.0
        ]
      ]
    },
    "target_region": {
      "type": "circle",
      "params": {
        "center": [
          6.375999516457338,
          -3.126999997858141
        ],
        "radius": 2.5200000003934027,
        "object_center": [
          6.375999516457338,
          -3.126999997858141,
          1.2400000001967013
        ],
        "sample_distance": 2.5200000003934027,
        "min_distance": 2.5200000003934027,
        "requested_distance": 1.5
      },
      "sample_point": [
        5.338883447245676,
        -0.830308842964715,
        1.5
      ],
      "sample_forward": [
        0.4093808344402883,
        -0.9065729182622595,
        -0.10262980203831587
      ],
      "height": 1.5
    },
    "sample_target": [
      5.338883447245676,
      -0.830308842964715,
      1.5
    ],
    "camera_params": {
      "forward": [
        0.4093808344402883,
        -0.9065729182622595,
        -0.10262980203831587
      ]
    },
    "task_type": "absolute_positioning",
    "task_description": "Move to any position 2.5m from cabinet",
    "target_object": {
      "label": "cabinet",
      "id": "76",
      "bbox_min": [
        5.730999470494812,
        -3.4200000268387933,
        -0.02
      ],
      "bbox_max": [
        7.020999562419864,
        -2.83399996887749,
        2.5000000003934026
      ],
      "center": [
        6.3759995164573375,
        -3.1269999978581415,
        1.2400000001967013
      ]
    }
  },
  {
    "scene_id": "0338_840412",
    "object_label": "cabinet",
    "preset": "occupancy_20",
    "distance": 7.955326909732479,
    "init_camera": {
      "intrinsics": [
        [
          320.0,
          0.0,
          320.0
        ],
        [
          0.0,
          320.0,
          240.0
        ],
        [
          0.0,
          0.0,
          1.0
        ]
      ],
      "extrinsics": [
        [
          -1.0,
          -0.0,
          0.0,
          6.3759995164573375
        ],
        [
          -0.0,
          0.21614349912841713,
          -0.9763616070823985,
          -1.500811008714492
        ],
        [
          0.0,
          -0.9763616070823985,
          -0.21614349912841713,
          1.6
        ],
        [
          0.0,
          0.0,
          0.0,
          1.0
        ]
      ]
    },
    "target_region": {
      "type": "circle",
      "params": {
        "center": [
          6.375999516457338,
          -3.126999997858141
        ],
        "radius": 7.955326909732479,
        "object_center": [
          6.375999516457338,
          -3.126999997858141,
          1.2400000001967013
        ],
        "object_height": 2.5200000003934027,
        "occupancy_ratio": 0.2,
        "fov_vertical": 90.0,
        "sample_distance": 7.955326909732479,
        "min_distance": 2.5200000003934027
      },
      "sample_point": [
        -1.2457320513595258,
        -0.84743114632994,
        1.5
      ],
      "sample_forward": [
        0.9575551515524149,
        -0.2863933054683119,
        -0.0326650626566986
      ],
      "height": 1.5
    },
    "sample_target": [
      -1.2457320513595258,
      -0.84743114632994,
      1.5
    ],
    "camera_params": {
      "forward": [
        0.9575551515524149,
        -0.2863933054683119,
        -0.0326650626566986
      ]
    },
    "task_type": "screen_occupancy",
    "task_description": "Position where cabinet occupies 20% of vertical FOV",
    "target_object": {
      "label": "cabinet",
      "id": "76",
      "bbox_min": [
        5.730999470494812,
        -3.4200000268387933,
        -0.02
      ],
      "bbox_max": [
        7.020999562419864,
        -2.83399996887749,
        2.5000000003934026
      ],
      "center": [
        6.3759995164573375,
        -3.1269999978581415,
        1.2400000001967013
      ]
    }
  },
  {
    "scene_id": "0338_840412",
    "object_label": "cabinet",
    "preset": "occupancy_30",
    "distance": 5.248277711133246,
    "init_camera": {
      "intrinsics": [
        [
          320.0,
          0.0,
          320.0
        ],
        [
          0.0,
          320.0,
          240.0
        ],
        [
          0.0,
          0.0,
          1.0
        ]
      ],
      "extrinsics": [
        [
          -1.0,
          -0.0,
          0.0,
          6.3759995164573375
        ],
        [
          -0.0,
          0.21614349912841713,
          -0.9763616070823985,
          -1.500811008714492
        ],
        [
          0.0,
          -0.9763616070823985,
          -0.21614349912841713,
          1.6
        ],
        [
          0.0,
          0.0,
          0.0,
          1.0
        ]
      ]
    },
    "target_region": {
      "type": "circle",
      "params": {
        "center": [
          6.375999516457338,
          -3.126999997858141
        ],
        "radius": 5.248277711133246,
        "object_center": [
          6.375999516457338,
          -3.126999997858141,
          1.2400000001967013
        ],
        "object_height": 2.5200000003934027,
        "occupancy_ratio": 0.3,
        "fov_vertical": 90.0,
        "sample_distance": 5.248277711133246,
        "min_distance": 2.5200000003934027
      },
      "sample_point": [
        4.449398759914901,
        1.7548673147660083,
        1.5
      ],
      "sample_forward": [
        0.36664236466818545,
        -0.9290452987826447,
        -0.049479381972571866
      ],
      "height": 1.5
    },
    "sample_target": [
      4.449398759914901,
      1.7548673147660083,
      1.5
    ],
    "camera_params": {
      "forward": [
        0.36664236466818545,
        -0.9290452987826447,
        -0.049479381972571866
      ]
    },
    "task_type": "screen_occupancy",
    "task_description": "Position where cabinet occupies 30% of vertical FOV",
    "target_object": {
      "label": "cabinet",
      "id": "76",
      "bbox_min": [
        5.730999470494812,
        -3.4200000268387933,
        -0.02
      ],
      "bbox_max": [
        7.020999562419864,
        -2.83399996887749,
        2.5000000003934026
      ],
      "center": [
        6.3759995164573375,
        -3.1269999978581415,
        1.2400000001967013
      ]
    }
  },
  {
    "scene_id": "0338_840412",
    "object_label": "cabinet",
    "preset": "occupancy_50",
    "distance": 3.041909089064979,
    "init_camera": {
      "intrinsics": [
        [
          320.0,
          0.0,
          320.0
        ],
        [
          0.0,
          320.0,
          240.0
        ],
        [
          0.0,
          0.0,
          1.0
        ]
      ],
      "extrinsics": [
        [
          -1.0,
          -0.0,
          0.0,
          6.3759995164573375
        ],
        [
          -0.0,
          0.21614349912841713,
          -0.9763616070823985,
          -1.500811008714492
        ],
        [
          0.0,
          -0.9763616070823985,
          -0.21614349912841713,
          1.6
        ],
        [
          0.0,
          0.0,
          0.0,
          1.0
        ]
      ]
    },
    "target_region": {
      "type": "circle",
      "params": {
        "center": [
          6.375999516457338,
          -3.126999997858141
        ],
        "radius": 3.041909089064979,
        "object_center": [
          6.375999516457338,
          -3.126999997858141,
          1.2400000001967013
        ],
        "object_height": 2.5200000003934027,
        "occupancy_ratio": 0.5,
        "fov_vertical": 90.0,
        "sample_distance": 3.041909089064979,
        "min_distance": 2.5200000003934027
      },
      "sample_point": [
        3.898264960962371,
        -4.891664945841833,
        1.5
      ],
      "sample_forward": [
        0.8115736331988747,
        0.5780100778098611,
        -0.08516212683239482
      ],
      "height": 1.5
    },
    "sample_target": [
      3.898264960962371,
      -4.891664945841833,
      1.5
    ],
    "camera_params": {
      "forward": [
        0.8115736331988747,
        0.5780100778098611,
        -0.08516212683239482
      ]
    },
    "task_type": "screen_occupancy",
    "task_description": "Position where cabinet occupies 50% of vertical FOV",
    "target_object": {
      "label": "cabinet",
      "id": "76",
      "bbox_min": [
        5.730999470494812,
        -3.4200000268387933,
        -0.02
      ],
      "bbox_max": [
        7.020999562419864,
        -2.83399996887749,
        2.5000000003934026
      ],
      "center": [
        6.3759995164573375,
        -3.1269999978581415,
        1.2400000001967013
      ]
    }
  },
  {
    "scene_id": "0338_840412",
    "object_label": "cabinet",
    "preset": "occupancy_20",
    "distance": 7.955326909732479,
    "init_camera": {
      "intrinsics": [
        [
          320.0,
          0.0,
          320.0
        ],
        [
          0.0,
          320.0,
          240.0
        ],
        [
          0.0,
          0.0,
          1.0
        ]
      ],
      "extrinsics": [
        [
          -0.984807753012208,
          0.030282068844953252,
          -0.170987385246735,
          6.728980459590866
        ],
        [
          0.1736481776669305,
          0.17173814650079508,
          -0.9697176493337768,
          -1.125145592393452
        ],
        [
          0.0,
          -0.984677107148806,
          -0.17438748423284006,
          1.6
        ],
        [
          0.0,
          0.0,
          0.0,
          1.0
        ]
      ]
    },
    "target_region": {
      "type": "circle",
      "params": {
        "center": [
          6.375999516457338,
          -3.126999997858141
        ],
        "radius": 7.955326909732479,
        "object_center": [
          6.375999516457338,
          -3.126999997858141,
          1.2400000001967013
        ],
        "object_height": 2.5200000003934027,
        "occupancy_ratio": 0.2,
        "fov_vertical": 90.0,
        "sample_distance": 7.955326909732479,
        "min_distance": 2.5200000003934027
      },
      "sample_point": [
        -1.4027148460009036,
        -1.4600179619622626,
        1.5
      ],
      "sample_forward": [
        0.9772776624249676,
        -0.20943104881278932,
        -0.0326650626566986
      ],
      "height": 1.5
    },
    "sample_target": [
      -1.4027148460009036,
      -1.4600179619622626,
      1.5
    ],
    "camera_params": {
      "forward": [
        0.9772776624249676,
        -0.20943104881278932,
        -0.0326650626566986
      ]
    },
    "task_type": "screen_occupancy",
    "task_description": "Position where cabinet occupies 20% of vertical FOV",
    "target_object": {
      "label": "cabinet",
      "id": "76",
      "bbox_min": [
        5.730999470494812,
        -3.4200000268387933,
        -0.02
      ],
      "bbox_max": [
        7.020999562419864,
        -2.83399996887749,
        2.5000000003934026
      ],
      "center": [
        6.3759995164573375,
        -3.1269999978581415,
        1.2400000001967013
      ]
    }
  },
  {
    "scene_id": "0338_840412",
    "object_label": "cabinet",
    "preset": "occupancy_30",
    "distance": 5.248277711133246,
    "init_camera": {
      "intrinsics": [
        [
          320.0,
          0.0,
          320.0
        ],
        [
          0.0,
          320.0,
          240.0
        ],
        [
          0.0,
          0.0,
          1.0
        ]
      ],
      "extrinsics": [
        [
          -0.984807753012208,
          0.030282068844953252,
          -0.170987385246735,
          6.728980459590866
        ],
        [
          0.1736481776669305,
          0.17173814650079508,
          -0.9697176493337768,
          -1.125145592393452
        ],
        [
          0.0,
          -0.984677107148806,
          -0.17438748423284006,
          1.6
        ],
        [
          0.0,
          0.0,
          0.0,
          1.0
        ]
      ]
    },
    "target_region": {
      "type": "circle",
      "params": {
        "center": [
          6.375999516457338,
          -3.126999997858141
        ],
        "radius": 5.248277711133246,
        "object_center": [
          6.375999516457338,
          -3.126999997858141,
          1.2400000001967013
        ],
        "object_height": 2.5200000003934027,
        "occupancy_ratio": 0.3,
        "fov_vertical": 90.0,
        "sample_distance": 5.248277711133246,
        "min_distance": 2.5200000003934027
      },
      "sample_point": [
        5.249238573895355,
        1.9988978465682243,
        1.5
      ],
      "sample_forward": [
        0.21442859658068408,
        -0.9754856061101316,
        -0.049479381972571866
      ],
      "height": 1.5
    },
    "sample_target": [
      5.249238573895355,
      1.9988978465682243,
      1.5
    ],
    "camera_params": {
      "forward": [
        0.21442859658068408,
        -0.9754856061101316,
        -0.049479381972571866
      ]
    },
    "task_type": "screen_occupancy",
    "task_description": "Position where cabinet occupies 30% of vertical FOV",
    "target_object": {
      "label": "cabinet",
      "id": "76",
      "bbox_min": [
        5.730999470494812,
        -3.4200000268387933,
        -0.02
      ],
      "bbox_max": [
        7.020999562419864,
        -2.83399996887749,
        2.5000000003934026
      ],
      "center": [
        6.3759995164573375,
        -3.1269999978581415,
        1.2400000001967013
      ]
    }
  },
  {
    "scene_id": "0338_840412",
    "object_label": "cabinet",
    "preset": "occupancy_50",
    "distance": 3.041909089064979,
    "init_camera": {
      "intrinsics": [
        [
          320.0,
          0.0,
          320.0
        ],
        [
          0.0,
          320.0,
          240.0
        ],
        [
          0.0,
          0.0,
          1.0
        ]
      ],
      "extrinsics": [
        [
          -0.984807753012208,
          0.030282068844953252,
          -0.170987385246735,
          6.728980459590866
        ],
        [
          0.1736481776669305,
          0.17173814650079508,
          -0.9697176493337768,
          -1.125145592393452
        ],
        [
          0.0,
          -0.984677107148806,
          -0.17438748423284006,
          1.6
        ],
        [
          0.0,
          0.0,
          0.0,
          1.0
        ]
      ]
    },
    "target_region": {
      "type": "circle",
      "params": {
        "center": [
          6.375999516457338,
          -3.126999997858141
        ],
        "radius": 3.041909089064979,
        "object_center": [
          6.375999516457338,
          -3.126999997858141,
          1.2400000001967013
        ],
        "object_height": 2.5200000003934027,
        "occupancy_ratio": 0.5,
        "fov_vertical": 90.0,
        "sample_distance": 3.041909089064979,
        "min_distance": 2.5200000003934027
      },
      "sample_point": [
        3.5271779881574292,
        -4.193502133829325,
        1.5
      ],
      "sample_forward": [
        0.9331219249980001,
        0.349329193228121,
        -0.08516212683239482
      ],
      "height": 1.5
    },
    "sample_target": [
      3.5271779881574292,
      -4.193502133829325,
      1.5
    ],
    "camera_params": {
      "forward": [
        0.9331219249980001,
        0.349329193228121,
        -0.08516212683239482
      ]
    },
    "task_type": "screen_occupancy",
    "task_description": "Position where cabinet occupies 50% of vertical FOV",
    "target_object": {
      "label": "cabinet",
      "id": "76",
      "bbox_min": [
        5.730999470494812,
        -3.4200000268387933,
        -0.02
      ],
      "bbox_max": [
        7.020999562419864,
        -2.83399996887749,
        2.5000000003934026
      ],
      "center": [
        6.3759995164573375,
        -3.1269999978581415,
        1.2400000001967013
      ]
    }
  },
  {
    "scene_id": "0338_840412",
    "object_label": "cabinet",
    "preset": "occupancy_20",
    "distance": 7.955326909732479,
    "init_camera": {
      "intrinsics": [
        [
          320.0,
          0.0,
          320.0
        ],
        [
          0.0,
          320.0,
          240.0
        ],
        [
          0.0,
          0.0,
          1.0
        ]
      ],
      "extrinsics": [
        [
          -1.0,
          -0.0,
          0.0,
          6.3759995164573375
        ],
        [
          -0.0,
          0.17438748423284006,
          -0.9846771071488059,
          -1.0942637614285795
        ],
        [
          0.0,
          -0.9846771071488059,
          -0.17438748423284006,
          1.6
        ],
        [
          0.0,
          0.0,
          0.0,
          1.0
        ]
      ]
    },
    "target_region": {
      "type": "circle",
      "params": {
        "center": [
          6.375999516457338,
          -3.126999997858141
        ],
        "radius": 7.955326909732479,
        "object_center": [
          6.375999516457338,
          -3.126999997858141,
          1.2400000001967013
        ],
        "object_height": 2.5200000003934027,
        "occupancy_ratio": 0.2,
        "fov_vertical": 90.0,
        "sample_distance": 7.955326909732479,
        "min_distance": 2.5200000003934027
      },
      "sample_point": [
        -0.06535625668267553,
        1.5416359961501223,
        1.5
      ],
      "sample_forward": [
        0.8092588080111079,
        -0.5865434130037389,
        -0.0326650626566986
      ],
      "height": 1.5
    },
    "sample_target": [
      -0.06535625668267553,
      1.5416359961501223,
      1.5
    ],
    "camera_params": {
      "forward": [
        0.8092588080111079,
        -0.5865434130037389,
        -0.0326650626566986
      ]
    },
    "task_type": "screen_occupancy",
    "task_description": "Position where cabinet occupies 20% of vertical FOV",
    "target_object": {
      "label": "cabinet",
      "id": "76",
      "bbox_min": [
        5.730999470494812,
        -3.4200000268387933,
        -0.02
      ],
      "bbox_max": [
        7.020999562419864,
        -2.83399996887749,
        2.5000000003934026
      ],
      "center": [
        6.3759995164573375,
        -3.1269999978581415,
        1.2400000001967013
      ]
    }
  },
  {
    "scene_id": "0338_840412",
    "object_label": "cabinet",
    "preset": "occupancy_30",
    "distance": 5.248277711133246,
    "init_camera": {
      "intrinsics": [
        [
          320.0,
          0.0,
          320.0
        ],
        [
          0.0,
          320.0,
          240.0
        ],
        [
          0.0,
          0.0,
          1.0
        ]
      ],
      "extrinsics": [
        [
          -1.0,
          -0.0,
          0.0,
          6.3759995164573375
        ],
        [
          -0.0,
          0.17438748423284006,
          -0.9846771071488059,
          -1.0942637614285795
        ],
        [
          0.0,
          -0.9846771071488059,
          -0.17438748423284006,
          1.6
        ],
        [
          0.0,
          0.0,
          0.0,
          1.0
        ]
      ]
    },
    "target_region": {
      "type": "circle",
      "params": {
        "center": [
          6.375999516457338,
          -3.126999997858141
        ],
        "radius": 5.248277711133246,
        "object_center": [
          6.375999516457338,
          -3.126999997858141,
          1.2400000001967013
        ],
        "object_height": 2.5200000003934027,
        "occupancy_ratio": 0.3,
        "fov_vertical": 90.0,
        "sample_distance": 5.248277711133246,
        "min_distance": 2.5200000003934027
      },
      "sample_point": [
        1.41766144863365,
        -1.4067376520665247,
        1.5
      ],
      "sample_forward": [
        0.9435980899715354,
        -0.32737506832635,
        -0.049479381972571866
      ],
      "height": 1.5
    },
    "sample_target": [
      1.41766144863365,
      -1.4067376520665247,
      1.5
    ],
    "camera_params": {
      "forward": [
        0.9435980899715354,
        -0.32737506832635,
        -0.049479381972571866
      ]
    },
    "task_type": "screen_occupancy",
    "task_description": "Position where cabinet occupies 30% of vertical FOV",
    "target_object": {
      "label": "cabinet",
      "id": "76",
      "bbox_min": [
        5.730999470494812,
        -3.4200000268387933,
        -0.02
      ],
      "bbox_max": [
        7.020999562419864,
        -2.83399996887749,
        2.5000000003934026
      ],
      "center": [
        6.3759995164573375,
        -3.1269999978581415,
