[
  {
    "scene_id": "0276_840780",
    "object_label": "wardrobe",
    "preset": "occupancy_30",
    "distance": 5.206624719804829,
    "init_camera": {
      "intrinsics": [
        [
          320.0,
          0.0,
          320.0
        ],
        [
          0.0,
          320.0,
          240.0
        ],
        [
          0.0,
          0.0,
          1.0
        ]
      ],
      "extrinsics": [
        [
          0.4999999999999997,
          -0.14629680985087468,
          0.8535790786022449,
          -3.0285103206265953
        ],
        [
          -0.8660254037844389,
          -0.08446450254898592,
          0.4928141108056384,
          1.3189501677744428
        ],
        [
          0.0,
          -0.9856282216112775,
          -0.16892900509797193,
          1.6
        ],
        [
          0.0,
          0.0,
          0.0,
          1.0
        ]
      ]
    },
    "target_region": {
      "type": "circle",
      "params": {
        "center": [
          -1.2600000610917654,
          2.340000042181491
        ],
        "radius": 5.206624719804829,
        "object_center": [
          -1.2600000610917654,
          2.340000042181491,
          1.249999998666803
        ],
        "object_height": 2.5000000034532004,
        "occupancy_ratio": 0.3,
        "fov_vertical": 90.0,
        "sample_distance": 5.206624719804829,
        "min_distance": 2.5700001341939678
      },
      "sample_point": [
        -1.648865847144072,
        7.532082897194558,
        1.5
      ],
      "sample_forward": [
        0.07460078517845666,
        -0.9960594929878384,
        -0.04796049707382347
      ],
      "height": 1.5
    },
    "sample_target": [
      -1.648865847144072,
      7.532082897194558,
      1.5
    ],
    "camera_params": {
      "forward": [
        0.07460078517845666,
        -0.9960594929878384,
        -0.04796049707382347
      ]
    },
    "task_type": "screen_occupancy",
    "task_description": "Position where wardrobe occupies 30% of vertical FOV",
    "target_object": {
      "label": "wardrobe",
      "id": "81",
      "bbox_min": [
        -1.5450001534808857,
        1.0549999750845074,
        -3.0597971090173817e-09
      ],
      "bbox_max": [
        -0.9749999687026448,
        3.625000109278475,
        2.500000000393403
      ],
      "center": [
        -1.2600000610917652,
        2.340000042181491,
        1.249999998666803
      ]
    }
  },
  {
    "scene_id": "0276_840780",
    "object_label": "wardrobe",
    "preset": "occupancy_50",
    "distance": 3.0177669571347505,
    "init_camera": {
      "intrinsics": [
        [
          320.0,
          0.0,
          320.0
        ],
        [
          0.0,
          320.0,
          240.0
        ],
        [
          0.0,
          0.0,
          1.0
        ]
      ],
      "extrinsics": [
        [
          0.9848077530122081,
          0.029334213890350343,
          -0.1711525445398953,
          -0.9053931610961017
        ],
        [
          0.17364817766692997,
          -0.16636259392912156,
          0.9706543142304208,
          0.3289243771250847
        ],
        [
          -0.0,
          -0.9856282216112775,
          -0.1689290050979719,
          1.6
        ],
        [
          0.0,
          0.0,
          0.0,
          1.0
        ]
      ]
    },
    "target_region": {
      "type": "circle",
      "params": {
        "center": [
          -1.2600000610917654,
          2.340000042181491
        ],
        "radius": 3.0177669571347505,
        "object_center": [
          -1.2600000610917654,
          2.340000042181491,
          1.249999998666803
        ],
        "object_height": 2.5000000034532004,
        "occupancy_ratio": 0.5,
        "fov_vertical": 90.0,
        "sample_distance": 3.0177669571347505,
        "min_distance": 2.5700001341939678
      },
      "sample_point": [
        -4.147781449748606,
        1.4638516193092563,
        1.5
      ],
      "sample_forward": [
        0.9536597243543709,
        0.28933889065559787,
        -0.0825598964300065
      ],
      "height": 1.5
    },
    "sample_target": [
      -4.147781449748606,
      1.4638516193092563,
      1.5
    ],
    "camera_params": {
      "forward": [
        0.9536597243543709,
        0.28933889065559787,
        -0.0825598964300065
      ]
    },
    "task_type": "screen_occupancy",
    "task_description": "Position where wardrobe occupies 50% of vertical FOV",
    "target_object": {
      "label": "wardrobe",
      "id": "81",
      "bbox_min": [
        -1.5450001534808857,
        1.0549999750845074,
        -3.0597971090173817e-09
      ],
      "bbox_max": [
        -0.9749999687026448,
        3.625000109278475,
        2.500000000393403
      ],
      "center": [
        -1.2600000610917652,
        2.340000042181491,
        1.249999998666803
      ]
    }
  },
  {
    "scene_id": "0276_840780",
    "object_label": "wardrobe",
    "preset": "occupancy_30",
    "distance": 5.206624719804829,
    "init_camera": {
      "intrinsics": [
        [
          320.0,
          0.0,
          320.0
        ],
        [
          0.0,
          320.0,
          240.0
        ],
        [
          0.0,
          0.0,
          1.0
        ]
      ],
      "extrinsics": [
        [
          0.9848077530122081,
          -0.029334213890350402,
          0.17115254453989567,
          -1.6146069610874294
        ],
        [
          -0.17364817766693033,
          -0.16636259392912156,
          0.9706543142304208,
          0.32892437712508515
        ],
        [
          0.0,
          -0.9856282216112774,
          -0.16892900509797193,
          1.6
        ],
        [
          0.0,
          0.0,
          0.0,
          1.0
        ]
      ]
    },
    "target_region": {
      "type": "circle",
      "params": {
        "center": [
          -1.2600000610917654,
          2.340000042181491
        ],
        "radius": 5.206624719804829,
        "object_center": [
          -1.2600000610917654,
          2.340000042181491,
          1.249999998666803
        ],
        "object_height": 2.5000000034532004,
        "occupancy_ratio": 0.3,
        "fov_vertical": 90.0,
        "sample_distance": 5.206624719804829,
        "min_distance": 2.5700001341939678
      },
      "sample_point": [
        -5.746590778376556,
        4.981863912341468,
        1.5
      ],
      "sample_forward": [
        0.8607164792811045,
        -0.5068204149542241,
        -0.04796049707382349
      ],
      "height": 1.5
    },
    "sample_target": [
      -5.746590778376556,
      4.981863912341468,
      1.5
    ],
    "camera_params": {
      "forward": [
        0.8607164792811045,
        -0.5068204149542241,
        -0.04796049707382349
      ]
    },
    "task_type": "screen_occupancy",
    "task_description": "Position where wardrobe occupies 30% of vertical FOV",
    "target_object": {
      "label": "wardrobe",
      "id": "81",
      "bbox_min": [
        -1.5450001534808857,
        1.0549999750845074,
        -3.0597971090173817e-09
      ],
      "bbox_max": [
        -0.9749999687026448,
        3.625000109278475,
        2.500000000393403
      ],
      "center": [
        -1.2600000610917652,
        2.340000042181491,
        1.249999998666803
      ]
    }
  },
  {
    "scene_id": "0276_840780",
    "object_label": "wardrobe",
    "preset": "occupancy_50",
    "distance": 3.0177669571347505,
    "init_camera": {
      "intrinsics": [
        [
          320.0,
          0.0,
          320.0
        ],
        [
          0.0,
          320.0,
          240.0
        ],
        [
          0.0,
          0.0,
          1.0
        ]
      ],
      "extrinsics": [
        [
          0.9848077530122081,
          -0.029334213890350402,
          0.17115254453989567,
          -1.6146069610874294
        ],
        [
          -0.17364817766693033,
          -0.16636259392912156,
          0.9706543142304208,
          0.32892437712508515
        ],
        [
          0.0,
          -0.9856282216112774,
          -0.16892900509797193,
          1.6
        ],
        [
          0.0,
          0.0,
          0.0,
          1.0
        ]
      ]
    },
    "target_region": {
      "type": "circle",
      "params": {
        "center": [
          -1.2600000610917654,
          2.340000042181491
        ],
        "radius": 3.0177669571347505,
        "object_center": [
          -1.2600000610917654,
          2.340000042181491,
          1.249999998666803
        ],
        "object_height": 2.5000000034532004,
        "occupancy_ratio": 0.5,
        "fov_vertical": 90.0,
        "sample_distance": 3.0177669571347505,
        "min_distance": 2.5700001341939678
      },
      "sample_point": [
        -3.1324081190851256,
        4.706644390607309,
        1.5
      ],
      "sample_forward": [
        0.6183432580730721,
        -0.781559645002891,
        -0.08255989643000652
      ],
      "height": 1.5
    },
    "sample_target": [
      -3.1324081190851256,
      4.706644390607309,
      1.5
    ],
    "camera_params": {
      "forward": [
        0.6183432580730721,
        -0.781559645002891,
        -0.08255989643000652
      ]
    },
    "task_type": "screen_occupancy",
    "task_description": "Position where wardrobe occupies 50% of vertical FOV",
    "target_object": {
      "label": "wardrobe",
      "id": "81",
      "bbox_min": [
        -1.5450001534808857,
        1.0549999750845074,
        -3.0597971090173817e-09
      ],
      "bbox_max": [
        -0.9749999687026448,
        3.625000109278475,
        2.500000000393403
      ],
      "center": [
        -1.2600000610917652,
        2.340000042181491,
        1.249999998666803
      ]
    }
  },
  {
    "scene_id": "0276_840780",
    "object_label": "wardrobe",
    "preset": "occupancy_30",
    "distance": 5.206624719804829,
    "init_camera": {
      "intrinsics": [
        [
          320.0,
          0.0,
          320.0
        ],
        [
          0.0,
          320.0,
          240.0
        ],
        [
          0.0,
          0.0,
          1.0
        ]
      ],
      "extrinsics": [
        [
          -2.174669528792397e-16,
          -0.16892900509797193,
          0.9856282216112775,
          -3.302099809905863
        ],
        [
          -1.0,
          3.6736475991577506e-17,
          -2.143415660255885e-16,
          2.3400000421814915
        ],
        [
          0.0,
          -0.9856282216112775,
          -0.16892900509797193,
          1.6
        ],
        [
          0.0,
          0.0,
          0.0,
          1.0
        ]
      ]
    },
    "target_region": {
      "type": "circle",
      "params": {
        "center": [
          -1.2600000610917654,
          2.340000042181491
        ],
        "radius": 5.206624719804829,
        "object_center": [
          -1.2600000610917654,
          2.340000042181491,
          1.249999998666803
        ],
        "object_height": 2.5000000034532004,
        "occupancy_ratio": 0.3,
        "fov_vertical": 90.0,
        "sample_distance": 5.206624719804829,
        "min_distance": 2.5700001341939678
      },
      "sample_point": [
        -6.207564898527759,
        0.7181051157914828,
        1.5
      ],
      "sample_forward": [
        0.9491506705719841,
        0.31114754582542453,
        -0.04796049707382349
      ],
      "height": 1.5
    },
    "sample_target": [
      -6.207564898527759,
      0.7181051157914828,
      1.5
    ],
    "camera_params": {
      "forward": [
        0.9491506705719841,
        0.31114754582542453,
        -0.04796049707382349
      ]
    },
    "task_type": "screen_occupancy",
    "task_description": "Position where wardrobe occupies 30% of vertical FOV",
    "target_object": {
      "label": "wardrobe",
      "id": "81",
      "bbox_min": [
        -1.5450001534808857,
        1.0549999750845074,
        -3.0597971090173817e-09
      ],
      "bbox_max": [
        -0.9749999687026448,
        3.625000109278475,
        2.500000000393403
      ],
      "center": [
        -1.2600000610917652,
        2.340000042181491,
        1.249999998666803
      ]
    }
  },
  {
    "scene_id": "0276_840780",
    "object_label": "wardrobe",
    "preset": "occupancy_50",
    "distance": 3.0177669571347505,
    "init_camera": {
      "intrinsics": [
        [
          320.0,
          0.0,
          320.0
        ],
        [
          0.0,
          320.0,
          240.0
        ],
        [
          0.0,
          0.0,
          1.0
        ]
      ],
      "extrinsics": [
        [
          -2.174669528792397e-16,
          -0.16892900509797193,
          0.9856282216112775,
          -3.302099809905863
        ],
        [
          -1.0,
          3.6736475991577506e-17,
          -2.143415660255885e-16,
          2.3400000421814915
        ],
        [
          0.0,
          -0.9856282216112775,
          -0.16892900509797193,
          1.6
        ],
        [
          0.0,
          0.0,
          0.0,
          1.0
        ]
      ]
    },
    "target_region": {
      "type": "circle",
      "params": {
        "center": [
          -1.2600000610917654,
          2.340000042181491
        ],
        "radius": 3.0177669571347505,
        "object_center": [
          -1.2600000610917654,
          2.340000042181491,
          1.249999998666803
        ],
        "object_height": 2.5000000034532004,
        "occupancy_ratio": 0.5,
        "fov_vertical": 90.0,
        "sample_distance": 3.0177669571347505,
        "min_distance": 2.5700001341939678
      },
      "sample_point": [
        0.7019529820933208,
        4.632958320020647,
        1.5
      ],
      "sample_forward": [
        -0.6479145567283962,
        -0.7572255877087836,
        -0.08255989643000654
      ],
      "height": 1.5
    },
    "sample_target": [
      0.7019529820933208,
      4.632958320020647,
      1.5
    ],
    "camera_params": {
      "forward": [
        -0.6479145567283962,
        -0.7572255877087836,
        -0.08255989643000654
      ]
    },
    "task_type": "screen_occupancy",
    "task_description": "Position where wardrobe occupies 50% of vertical FOV",
    "target_object": {
      "label": "wardrobe",
      "id": "81",
      "bbox_min": [
        -1.5450001534808857,
        1.0549999750845074,
        -3.0597971090173817e-09
      ],
      "bbox_max": [
        -0.9749999687026448,
        3.625000109278475,
        2.500000000393403
      ],
      "center": [
        -1.2600000610917652,
        2.340000042181491,
        1.249999998666803
      ]
    }
  },
  {
    "scene_id": "0276_840780",
    "object_label": "wardrobe",
    "preset": "occupancy_30",
    "distance": 5.206624715253053,
    "init_camera": {
      "intrinsics": [
        [
          320.0,
          0.0,
          320.0
        ],
        [
          0.0,
          320.0,
          240.0
        ],
        [
          0.0,
          0.0,
          1.0
        ]
      ],
      "extrinsics": [
        [
          -0.3420201433256686,
          0.1640037138846927,
          -0.9252702326301852,
          3.797043300153227
        ],
        [
          0.9396926207859084,
          0.0596924701631388,
          -0.3367708233299519,
          3.215358845976615
        ],
        [
          0.0,
          -0.9846520150986595,
          -0.17452910691958906,
          1.6
        ],
        [
          0.0,
          0.0,
          0.0,
          1.0
        ]
      ]
    },
    "target_region": {
      "type": "circle",
      "params": {
        "center": [
          1.9415099317723505,
          2.539999931198272
        ],
        "radius": 5.206624715253053,
        "object_center": [
          1.9415099317723505,
          2.539999931198272,
          1.2499999997595876
        ],
        "object_height": 2.500000001267631,
        "occupancy_ratio": 0.3,
        "fov_vertical": 90.0,
        "sample_distance": 5.206624715253053,
        "min_distance": 2.500000001267631
      },
      "sample_point": [
        3.878942147872617,
        -2.292731939441847,
        1.5
      ],
      "sample_forward": [
        -0.37168084686986075,
        0.9271208868354683,
        -0.047960496906495655
      ],
      "height": 1.5
    },
    "sample_target": [
      3.878942147872617,
      -2.292731939441847,
      1.5
    ],
    "camera_params": {
      "forward": [
        -0.37168084686986075,
        0.9271208868354683,
        -0.047960496906495655
      ]
    },
    "task_type": "screen_occupancy",
    "task_description": "Position where wardrobe occupies 30% of vertical FOV",
    "target_object": {
      "label": "wardrobe",
      "id": "82",
      "bbox_min": [
        1.3575098635447007,
        1.454999862396544,
        -8.742276804696303e-10
      ],
      "bbox_max": [
        2.52551,
        3.625,
        2.500000000393403
      ],
      "center": [
        1.9415099317723503,
        2.539999931198272,
        1.2499999997595876
      ]
    }
  },
  {
    "scene_id": "0276_840780",
    "object_label": "wardrobe",
    "preset": "occupancy_50",
    "distance": 3.0177669544965346,
    "init_camera": {
      "intrinsics": [
        [
          320.0,
          0.0,
          320.0
        ],
        [
          0.0,
          320.0,
          240.0
        ],
        [
          0.0,
          0.0,
          1.0
        ]
      ],
      "extrinsics": [
        [
          -0.3420201433256686,
          0.1640037138846927,
          -0.9252702326301852,
          3.797043300153227
        ],
        [
          0.9396926207859084,
          0.0596924701631388,
          -0.3367708233299519,
          3.215358845976615
        ],
        [
          0.0,
          -0.9846520150986595,
          -0.17452910691958906,
          1.6
        ],
        [
          0.0,
          0.0,
          0.0,
          1.0
        ]
      ]
    },
    "target_region": {
      "type": "circle",
      "params": {
        "center": [
          1.9415099317723505,
          2.539999931198272
        ],
        "radius": 3.0177669544965346,
        "object_center": [
          1.9415099317723505,
          2.539999931198272,
          1.2499999997595876
        ],
        "object_height": 2.500000001267631,
        "occupancy_ratio": 0.5,
        "fov_vertical": 90.0,
        "sample_distance": 3.0177669544965346,
        "min_distance": 2.500000001267631
      },
      "sample_point": [
        4.939398798450621,
        2.1941969024409116,
        1.5
      ],
      "sample_forward": [
        -0.9900215729760369,
        0.11419784845112496,
        -0.08255989614326975
      ],
      "height": 1.5
    },
    "sample_target": [
      4.939398798450621,
      2.1941969024409116,
      1.5
    ],
    "camera_params": {
      "forward": [
        -0.9900215729760369,
        0.11419784845112496,
        -0.08255989614326975
      ]
    },
    "task_type": "screen_occupancy",
    "task_description": "Position where wardrobe occupies 50% of vertical FOV",
    "target_object": {
      "label": "wardrobe",
      "id": "82",
      "bbox_min": [
        1.3575098635447007,
        1.454999862396544,
        -8.742276804696303e-10
      ],
      "bbox_max": [
        2.52551,
        3.625,
        2.500000000393403
      ],
      "center": [
        1.9415099317723503,
        2.539999931198272,
        1.2499999997595876
      ]
    }
  },
  {
    "scene_id": "0276_840780",
    "object_label": "wardrobe",
    "preset": "occupancy_30",
    "distance": 5.206624715253053,
    "init_camera": {
      "intrinsics": [
        [
          320.0,
          0.0,
          320.0
        ],
        [
          0.0,
          320.0,
          240.0
        ],
        [
          0.0,
          0.0,
          1.0
        ]
      ],
      "extrinsics": [
        [
          0.0,
          0.14039517647261932,
          -0.9900955481281704,
          4.409781640170209
        ],
        [
          1.0,
          -0.0,
          0.0,
          2.539999931198272
        ],
        [
          -0.0,
          -0.9900955481281704,
          -0.14039517647261932,
          1.6
        ],
        [
          0.0,
          0.0,
          0.0,
          1.0
        ]
      ]
    },
    "target_region": {
      "type": "circle",
      "params": {
        "center": [
          1.9415099317723505,
          2.539999931198272
        ],
        "radius": 5.206624715253053,
        "object_center": [
          1.9415099317723505,
          2.539999931198272,
          1.2499999997595876
        ],
        "object_height": 2.500000001267631,
        "occupancy_ratio": 0.3,
        "fov_vertical": 90.0,
        "sample_distance": 5.206624715253053,
        "min_distance": 2.500000001267631
      },
      "sample_point": [
        1.2331894946769242,
        -2.6182190525088833,
        1.5
      ],
      "sample_forward": [
        0.13588560039781708,
        0.9895629814928442,
        -0.047960496906495655
      ],
      "height": 1.5
    },
    "sample_target": [
      1.2331894946769242,
      -2.6182190525088833,
      1.5
    ],
    "camera_params": {
      "forward": [
        0.13588560039781708,
        0.9895629814928442,
        -0.047960496906495655
      ]
    },
    "task_type": "screen_occupancy",
    "task_description": "Position where wardrobe occupies 30% of vertical FOV",
    "target_object": {
      "label": "wardrobe",
      "id": "82",
      "bbox_min": [
        1.3575098635447007,
        1.454999862396544,
        -8.742276804696303e-10
      ],
      "bbox_max": [
        2.52551,
        3.625,
        2.500000000393403
      ],
      "center": [
        1.9415099317723503,
        2.539999931198272,
        1.2499999997595876
      ]
    }
  },
  {
    "scene_id": "0276_840780",
    "object_label": "wardrobe",
    "preset": "occupancy_50",
    "distance": 3.0177669544965346,
    "init_camera": {
      "intrinsics": [
        [
          320.0,
          0.0,
          320.0
        ],
        [
          0.0,
          320.0,
          240.0
        ],
        [
          0.0,
          0.0,
          1.0
        ]
      ],
      "extrinsics": [
        [
          0.0,
          0.14039517647261932,
          -0.9900955481281704,
          4.409781640170209
        ],
        [
          1.0,
          -0.0,
          0.0,
          2.539999931198272
        ],
        [
          -0.0,
          -0.9900955481281704,
          -0.14039517647261932,
          1.6
        ],
        [
          0.0,
          0.0,
          0.0,
          1.0
        ]
      ]
    },
    "target_region": {
      "type": "circle",
      "params": {
        "center": [
          1.9415099317723505,
          2.539999931198272
        ],
        "radius": 3.0177669544965346,
        "object_center": [
          1.9415099317723505,
          2.539999931198272,
          1.2499999997595876
        ],
        "object_height": 2.500000001267631,
        "occupancy_ratio": 0.5,
        "fov_vertical": 90.0,
        "sample_distance": 3.0177669544965346,
        "min_distance": 2.500000001267631
      },
      "sample_point": [
        -0.34323942060669954,
        0.5684934542992484,
        1.5
      ],
      "sample_forward": [
        0.7545146762576901,
        0.6510694792881675,
        -0.08255989614326974
      ],
      "height": 1.5
    },
    "sample_target": [
      -0.34323942060669954,
      0.5684934542992484,
      1.5
    ],
    "camera_params": {
      "forward": [
        0.7545146762576901,
        0.6510694792881675,
        -0.08255989614326974
      ]
    },
    "task_type": "screen_occupancy",
    "task_description": "Position where wardrobe occupies 50% of vertical FOV",
    "target_object": {
      "label": "wardrobe",
      "id": "82",
      "bbox_min": [
        1.3575098635447007,
        1.454999862396544,
        -8.742276804696303e-10
      ],
      "bbox_max": [
        2.52551,
        3.625,
        2.500000000393403
      ],
      "center": [
        1.9415099317723503,
        2.539999931198272,
        1.2499999997595876
      ]
    }
  },
  {
    "scene_id": "0276_840780",
    "object_label": "wardrobe",
    "preset": "occupancy_30",
    "distance": 5.206624715253053,
    "init_camera": {
      "intrinsics": [
        [
          320.0,
          0.0,
          320.0
        ],
        [
          0.0,
          320.0,
          240.0
        ],
        [
          0.0,
          0.0,
          1.0
        ]
      ],
      "extrinsics": [
        [
          0.5000000000000006,
          0.15114664029217456,
          -0.8527336589629775,
          3.6515787341043193
        ],
        [
          0.8660254037844385,
          -0.08726455345979463,
          0.4923260075493302,
          1.5526912478391277
        ],
        [
          -0.0,
          -0.9846520150986594,
          -0.1745291069195891,
          1.6
        ],
        [
          0.0,
          0.0,
          0.0,
          1.0
        ]
      ]
    },
    "target_region": {
      "type": "circle",
      "params": {
        "center": [
          1.9415099317723505,
          2.539999931198272
        ],
        "radius": 5.206624715253053,
        "object_center": [
          1.9415099317723505,
          2.539999931198272,
          1.2499999997595876
        ],
        "object_height": 2.500000001267631,
        "occupancy_ratio": 0.3,
        "fov_vertical": 90.0,
        "sample_distance": 5.206624715253053,
        "min_distance": 2.500000001267631
      },
      "sample_point": [
        -0.3513171008976472,
        7.214599927320039,
        1.5
      ],
      "sample_forward": [
        0.43986049480700457,
        -0.8967845537500181,
        -0.047960496906495655
      ],
      "height": 1.5
    },
    "sample_target": [
      -0.3513171008976472,
      7.214599927320039,
      1.5
    ],
    "camera_params": {
      "forward": [
        0.43986049480700457,
        -0.8967845537500181,
        -0.047960496906495655
      ]
    },
    "task_type": "screen_occupancy",
    "task_description": "Position where wardrobe occupies 30% of vertical FOV",
    "target_object": {
      "label": "wardrobe",
      "id": "82",
      "bbox_min": [
        1.3575098635447007,
        1.454999862396544,
        -8.742276804696303e-10
      ],
      "bbox_max": [
        2.52551,
        3.625,
        2.500000000393403
      ],
      "center": [
        1.9415099317723503,
        2.539999931198272,
        1.2499999997595876
      ]
    }
  },
  {
    "scene_id": "0276_840780",
    "object_label": "wardrobe",
    "preset": "occupancy_50",
    "distance": 3.0177669544965346,
    "init_camera": {
      "intrinsics": [
        [
          320.0,
          0.0,
          320.0
        ],
        [
          0.0,
          320.0,
          240.0
        ],
        [
          0.0,
          0.0,
          1.0
        ]
      ],
      "extrinsics": [
        [
          0.5000000000000006,
          0.15114664029217456,
          -0.8527336589629775,
          3.6515787341043193
        ],
        [
          0.8660254037844385,
          -0.08726455345979463,
          0.4923260075493302,
          1.5526912478391277
        ],
        [
          -0.0,
          -0.9846520150986594,
          -0.1745291069195891,
          1.6
        ],
        [
          0.0,
          0.0,
          0.0,
          1.0
        ]
      ]
    },
    "target_region": {
      "type": "circle",
      "params": {
        "center": [
          1.9415099317723505,
          2.539999931198272
        ],
        "radius": 3.0177669544965346,
        "object_center": [
          1.9415099317723505,
          2.539999931198272,
          1.2499999997595876
        ],
        "object_height": 2.500000001267631,
        "occupancy_ratio": 0.5,
        "fov_vertical": 90.0,
        "sample_distance": 3.0177669544965346,
        "min_distance": 2.500000001267631
      },
      "sample_point": [
        -0.7273691131683588,
        1.1314538598439636,
        1.5
      ],
      "sample_forward": [
        0.8813695062294471,
        0.4651576690087707,
        -0.08255989614326974
      ],
      "height": 1.5
    },
    "sample_target": [
      -0.7273691131683588,
      1.1314538598439636,
      1.5
    ],
    "camera_params": {
      "forward": [
        0.8813695062294471,
        0.4651576690087707,
        -0.08255989614326974
      ]
    },
    "task_type": "screen_occupancy",
    "task_description": "Position where wardrobe occupies 50% of vertical FOV",
    "target_object": {
      "label": "wardrobe",
      "id": "82",
      "bbox_min": [
        1.3575098635447007,
        1.454999862396544,
        -8.742276804696303e-10
      ],
      "bbox_max": [
        2.52551,
        3.625,
        2.500000000393403
      ],
      "center": [
        1.9415099317723503,
        2.539999931198272,
        1.2499999997595876
      ]
    }
  },
  {
    "scene_id": "0276_840780",
    "object_label": "wardrobe",
    "preset": "occupancy_50",
    "distance": 3.0177669544965346,
    "init_camera": {
      "intrinsics": [
        [
          320.0,
          0.0,
          320.0
        ],
        [
          0.0,
          320.0,
          240.0
        ],
        [
          0.0,
          0.0,
          1.0
        ]
      ],
      "extrinsics": [
        [
          -0.17364817766693033,
          0.17187761762070797,
          -0.9696929384882536,
          3.88612842374907
        ],
        [
          0.9848077530122081,
          0.030306661366423487,
          -0.17098302805795298,
          2.8828886385183754
        ],
        [
          0.0,
          -0.9846520150986595,
          -0.1745291069195891,
          1.6
        ],
        [
          0.0,
          0.0,
          0.0,
          1.0
        ]
      ]
    },
    "target_region": {
      "type": "circle",
      "params": {
        "center": [
          1.9415099317723505,
          2.539999931198272
        ],
        "radius": 3.0177669544965346,
        "object_center": [
          1.9415099317723505,
          2.539999931198272,
          1.2499999997595876
        ],
        "object_height": 2.500000001267631,
        "occupancy_ratio": 0.5,
        "fov_vertical": 90.0,
        "sample_distance": 3.0177669544965346,
        "min_distance": 2.500000001267631
      },
      "sample_point": [
        3.4137979290188856,
        5.1742522814515794,
        1.5
      ],
      "sample_forward": [
        -0.4862077761150648,
        -0.8699344009717374,
        -0.08255989614326975
      ],
      "height": 1.5
    },
    "sample_target": [
      3.4137979290188856,
      5.1742522814515794,
      1.5
    ],
    "camera_params": {
      "forward": [
        -0.4862077761150648,
        -0.8699344009717374,
        -0.08255989614326975
      ]
    },
    "task_type": "screen_occupancy",
    "task_description": "Position where wardrobe occupies 50% of vertical FOV",
    "target_object": {
      "label": "wardrobe",
      "id": "82",
      "bbox_min": [
        1.3575098635447007,
        1.454999862396544,
        -8.742276804696303e-10
      ],
      "bbox_max": [
        2.52551,
        3.625,
        2.500000000393403
      ],
      "center": [
        1.9415099317723503,
        2.539999931198272,
        1.2499999997595876
      ]
    }
  },
  {
    "scene_id": "0276_840780",
    "object_label": "wardrobe",
    "preset": "occupancy_30",
    "distance": 5.206624715253053,
    "init_camera": {
      "intrinsics": [
        [
          320.0,
          0.0,
          320.0
        ],
        [
          0.0,
          320.0,
          240.0
        ],
        [
          0.0,
          0.0,
          1.0
        ]
      ],
      "extrinsics": [
        [
          0.34202014332566943,
          0.1319283113252557,
          -0.9303854804490206,
          4.260926642248445
        ],
        [
          0.9396926207859081,
          -0.04801797837939791,
          0.3386326212769041,
          1.6958012877253414
        ],
        [
          -0.0,
          -0.9900955481281704,
          -0.1403951764726193,
          1.6
        ],
        [
          0.0,
          0.0,
          0.0,
          1.0
        ]
      ]
    },
    "target_region": {
      "type": "circle",
      "params": {
        "center": [
          1.9415099317723505,
          2.539999931198272
        ],
        "radius": 5.206624715253053,
        "object_center": [
          1.9415099317723505,
          2.539999931198272,
          1.2499999997595876
        ],
        "object_height": 2.500000001267631,
        "occupancy_ratio": 0.3,
        "fov_vertical": 90.0,
        "sample_distance": 5.206624715253053,
        "min_distance": 2.500000001267631
      },
      "sample_point": [
        -1.3721184324648739,
        -1.4760687919695066,
        1.5
      ],
      "sample_forward": [
        0.6356930510377888,
        0.7704506055541455,
        -0.047960496906495655
      ],
      "height": 1.5
    },
    "sample_target": [
      -1.3721184324648739,
      -1.4760687919695066,
      1.5
    ],
    "camera_params": {
      "forward": [
        0.6356930510377888,
        0.7704506055541455,
        -0.047960496906495655
      ]
    },
    "task_type": "screen_occupancy",
    "task_description": "Position where wardrobe occupies 30% of vertical FOV",
    "target_object": {
      "label": "wardrobe",
      "id": "82",
      "bbox_min": [
        1.3575098635447007,
        1.454999862396544,
        -8.742276804696303e-10
      ],
      "bbox_max": [
        2.52551,
        3.625,
        2.500000000393403
      ],
      "center": [
        1.9415099317723503,
        2.539999931198272,
        1.2499999997595876
      ]
    }
  },
  {
    "scene_id": "0276_840780",
    "object_label": "wardrobe",
    "preset": "occupancy_50",
    "distance": 3.0177669544965346,
    "init_camera": {
      "intrinsics": [
        [
          320.0,
          0.0,
          320.0
        ],
        [
          0.0,
          320.0,
          240.0
        ],
        [
          0.0,
          0.0,
          1.0
        ]
      ],
      "extrinsics": [
        [
          0.34202014332566943,
          0.1319283113252557,
          -0.9303854804490206,
          4.260926642248445
        ],
        [
          0.9396926207859081,
          -0.04801797837939791,
          0.3386326212769041,
          1.6958012877253414
        ],
        [
          -0.0,
          -0.9900955481281704,
          -0.1403951764726193,
          1.6
        ],
        [
          0.0,
          0.0,
          0.0,
          1.0
        ]
      ]
    },
    "target_region": {
      "type": "circle",
      "params": {
        "center": [
          1.9415099317723505,
          2.539999931198272
        ],
        "radius": 3.0177669544965346,
        "object_center": [
          1.9415099317723505,
          2.539999931198272,
          1.2499999997595876
        ],
        "object_height": 2.500000001267631,
        "occupancy_ratio": 0.5,
        "fov_vertical": 90.0,
        "sample_distance": 3.0177669544965346,
        "min_distance": 2.500000001267631
      },
      "sample_point": [
        0.11086136162189542,
        0.14090776867983656,
        1.5
      ],
      "sample_forward": [
        0.6045526227244197,
        0.7922751983407268,
        -0.08255989614326974
      ],
      "height": 1.5
    },
    "sample_target": [
      0.11086136162189542,
      0.14090776867983656,
      1.5
    ],
    "camera_params": {
      "forward": [
        0.6045526227244197,
        0.7922751983407268,
        -0.08255989614326974
      ]
    },
    "task_type": "screen_occupancy",
    "task_description": "Position where wardrobe occupies 50% of vertical FOV",
    "target_object": {
      "label": "wardrobe",
      "id": "82",
      "bbox_min": [
        1.3575098635447007,
        1.454999862396544,
        -8.742276804696303e-10
      ],
      "bbox_max": [
        2.52551,
        3.625,
        2.500000000393403
      ],
      "center": [
        1.9415099317723503,
        2.539999931198272,
        1.2499999997595876
      ]
    }
  },
  {
    "scene_id": "0276_840780",
    "object_label": "window",
    "preset": "front",
    "distance": 1.4999999256736327,
    "init_camera": {
      "intrinsics": [
        [
          320.0,
          0.0,
          320.0
        ],
        [
          0.0,
          320.0,
          240.0
        ],
        [
          0.0,
          0.0,
          1.0
        ]
      ],
      "extrinsics": [
        [
          -0.5,
          0.044411879877754,
          0.8648858797123029,
          4.621742356699377
        ],
        [
          -0.8660254037844387,
          -0.025641210802638596,
          -0.49934209547020436,
          0.026855027355823957
        ],
        [
          0.0,
          -0.9986841909404088,
          0.05128242160527719,
          1.6
        ],
        [
          0.0,
          0.0,
          0.0,
          1.0
        ]
      ]
    },
    "target_region": {
      "type": "circle",
      "params": {
        "center": [
          5.465,
          -0.4600000000000001
        ],
        "radius": 1.4999999256736327,
        "object_center": [
          5.465,
          -0.4600000000000001,
          1.65
        ],
        "sample_distance": 1.4999999256736327,
        "min_distance": 1.4999999256736327,
        "requested_distance": 1.2
      },
      "sample_point": [
        6.690015686952609,
        0.40564215686444594,
        1.5
      ],
      "sample_forward": [
        -0.8126241512732476,
        -0.574230787834415,
        0.09950372390268224
      ],
      "height": 1.5
    },
    "sample_target": [
      6.690015686952609,
      0.40564215686444594,
      1.5
    ],
    "camera_params": {
      "forward": [
        -0.8126241512732476,
        -0.574230787834415,
        0.09950372390268224
      ]
    },
    "task_type": "absolute_positioning",
    "task_description": "Move to any position 1.5m from window",
    "target_object": {
      "label": "window",
      "id": "88",
      "bbox_min": [
        5.3449999850173535,
        -0.8750000081131032,
        0.9000000371631837
      ],
      "bbox_max": [
        5.585000014982646,
        -0.044999991886896906,
        2.3999999628368163
      ],
      "center": [
        5.465,
        -0.4600000000000001,
        1.65
      ]
    }
  },
  {
    "scene_id": "0276_840780",
    "object_label": "window",
    "preset": "right",
    "distance": 1.5,
    "init_camera": {
      "intrinsics": [
        [
          320.0,
          0.0,
          320.0
        ],
        [
          0.0,
          320.0,
          240.0
        ],
        [
          0.0,
          0.0,
          1.0
        ]
      ],
      "extrinsics": [
        [
          -0.5,
          0.044411879877754,
          0.8648858797123029,
          4.621742356699377
        ],
        [
          -0.8660254037844387,
          -0.025641210802638596,
          -0.49934209547020436,
          0.026855027355823957
        ],
        [
          0.0,
          -0.9986841909404088,
          0.05128242160527719,
          1.6
        ],
        [
          0.0,
          0.0,
          0.0,
          1.0
        ]
      ]
    },
    "target_region": {
      "type": "circle",
      "params": {
        "center": [
          5.465,
          -0.4600000000000001
        ],
        "radius": 1.5,
        "object_center": [
          5.465,
          -0.4600000000000001,
          1.65
        ],
        "sample_distance": 1.5,
        "min_distance": 1.4999999256736327,
        "requested_distance": 1.5
      },
      "sample_point": [
        6.521633851538832,
        0.604671265594321,
        1.5
      ],
      "sample_forward": [
        -0.7009266524773055,
        -0.7062583364095243,
        0.09950371902099886
      ],
      "height": 1.5
    },
