[
  {
    "scene_id": "0356_840350",
    "object_label": "storage cabinet",
    "preset": "front",
    "distance": 2.2239999260000003,
    "init_camera": {
      "intrinsics": [
        [
          320.0,
          0.0,
          320.0
        ],
        [
          0.0,
          320.0,
          240.0
        ],
        [
          0.0,
          0.0,
          1.0
        ]
      ],
      "extrinsics": [
        [
          1.0,
          -2.3442723427489834e-17,
          1.683070260772549e-16,
          0.5074378699999997
        ],
        [
          -1.6993179899202958e-16,
          -0.13795371770641576,
          0.9904386764312966,
          4.528888652562764
        ],
        [
          0.0,
          -0.9904386764312966,
          -0.13795371770641576,
          1.6
        ],
        [
          0.0,
          0.0,
          0.0,
          1.0
        ]
      ]
    },
    "target_region": {
      "type": "circle",
      "params": {
        "center": [
          0.50743787,
          5.8355576000000005
        ],
        "radius": 2.2239999260000003,
        "object_center": [
          0.50743787,
          5.8355576000000005,
          1.4180000000000001
        ],
        "sample_distance": 2.2239999260000003,
        "min_distance": 2.2239999260000003,
        "requested_distance": 0.8
      },
      "sample_point": [
        2.2244916713639196,
        7.249029182335393,
        1.5
      ],
      "sample_forward": [
        -0.7715323454593792,
        -0.6351222333820582,
        -0.036845468835871496
      ],
      "height": 1.5
    },
    "sample_target": [
      2.2244916713639196,
      7.249029182335393,
      1.5
    ],
    "camera_params": {
      "forward": [
        -0.7715323454593792,
        -0.6351222333820582,
        -0.036845468835871496
      ]
    },
    "task_type": "absolute_positioning",
    "task_description": "Move to any position 2.2m from storage cabinet",
    "target_object": {
      "label": "storage cabinet",
      "id": "115",
      "bbox_min": [
        0.3574378247012585,
        5.535557583350631,
        0.306000037
      ],
      "bbox_max": [
        0.6574379152987415,
        6.135557616649369,
        2.5299999630000003
      ],
      "center": [
        0.50743787,
        5.8355576,
        1.4180000000000001
      ]
    }
  },
  {
    "scene_id": "0356_840350",
    "object_label": "storage cabinet",
    "preset": "left",
    "distance": 2.2239999260000003,
    "init_camera": {
      "intrinsics": [
        [
          320.0,
          0.0,
          320.0
        ],
        [
          0.0,
          320.0,
          240.0
        ],
        [
          0.0,
          0.0,
          1.0
        ]
      ],
      "extrinsics": [
        [
          1.0,
          -2.3442723427489834e-17,
          1.683070260772549e-16,
          0.5074378699999997
        ],
        [
          -1.6993179899202958e-16,
          -0.13795371770641576,
          0.9904386764312966,
          4.528888652562764
        ],
        [
          0.0,
          -0.9904386764312966,
          -0.13795371770641576,
          1.6
        ],
        [
          0.0,
          0.0,
          0.0,
          1.0
        ]
      ]
    },
    "target_region": {
      "type": "circle",
      "params": {
        "center": [
          0.50743787,
          5.8355576000000005
        ],
        "radius": 2.2239999260000003,
        "object_center": [
          0.50743787,
          5.8355576000000005,
          1.4180000000000001
        ],
        "sample_distance": 2.2239999260000003,
        "min_distance": 2.2239999260000003,
        "requested_distance": 1.0
      },
      "sample_point": [
        1.9104524491430872,
        4.109948791040116,
        1.5
      ],
      "sample_forward": [
        -0.6304235360010986,
        0.7753764096760594,
        -0.0368454688358715
      ],
      "height": 1.5
    },
    "sample_target": [
      1.9104524491430872,
      4.109948791040116,
      1.5
    ],
    "camera_params": {
      "forward": [
        -0.6304235360010986,
        0.7753764096760594,
        -0.0368454688358715
      ]
    },
    "task_type": "absolute_positioning",
    "task_description": "Move to any position 2.2m from storage cabinet",
    "target_object": {
      "label": "storage cabinet",
      "id": "115",
      "bbox_min": [
        0.3574378247012585,
        5.535557583350631,
        0.306000037
      ],
      "bbox_max": [
        0.6574379152987415,
        6.135557616649369,
        2.5299999630000003
      ],
      "center": [
        0.50743787,
        5.8355576,
        1.4180000000000001
      ]
    }
  },
  {
    "scene_id": "0356_840350",
    "object_label": "storage cabinet",
    "preset": "left",
    "distance": 2.2239999260000003,
    "init_camera": {
      "intrinsics": [
        [
          320.0,
          0.0,
          320.0
        ],
        [
          0.0,
          320.0,
          240.0
        ],
        [
          0.0,
          0.0,
          1.0
        ]
      ],
      "extrinsics": [
        [
          1.0,
          -2.3442723427489834e-17,
          1.683070260772549e-16,
          0.5074378699999997
        ],
        [
          -1.6993179899202958e-16,
          -0.13795371770641576,
          0.9904386764312966,
          4.528888652562764
        ],
        [
          0.0,
          -0.9904386764312966,
          -0.13795371770641576,
          1.6
        ],
        [
          0.0,
          0.0,
          0.0,
          1.0
        ]
      ]
    },
    "target_region": {
      "type": "circle",
      "params": {
        "center": [
          0.50743787,
          5.8355576000000005
        ],
        "radius": 2.2239999260000003,
        "object_center": [
          0.50743787,
          5.8355576000000005,
          1.4180000000000001
        ],
        "sample_distance": 2.2239999260000003,
        "min_distance": 2.2239999260000003,
        "requested_distance": 1.2
      },
      "sample_point": [
        -0.5225539875816585,
        3.8644430817227162,
        1.5
      ],
      "sample_forward": [
        0.46281137670398126,
        0.8856907140868253,
        -0.0368454688358715
      ],
      "height": 1.5
    },
    "sample_target": [
      -0.5225539875816585,
      3.8644430817227162,
      1.5
    ],
    "camera_params": {
      "forward": [
        0.46281137670398126,
        0.8856907140868253,
        -0.0368454688358715
      ]
    },
    "task_type": "absolute_positioning",
    "task_description": "Move to any position 2.2m from storage cabinet",
    "target_object": {
      "label": "storage cabinet",
      "id": "115",
      "bbox_min": [
        0.3574378247012585,
        5.535557583350631,
        0.306000037
      ],
      "bbox_max": [
        0.6574379152987415,
        6.135557616649369,
        2.5299999630000003
      ],
      "center": [
        0.50743787,
        5.8355576,
        1.4180000000000001
      ]
    }
  },
  {
    "scene_id": "0356_840350",
    "object_label": "storage cabinet",
    "preset": "back",
    "distance": 2.2239999260000003,
    "init_camera": {
      "intrinsics": [
        [
          320.0,
          0.0,
          320.0
        ],
        [
          0.0,
          320.0,
          240.0
        ],
        [
          0.0,
          0.0,
          1.0
        ]
      ],
      "extrinsics": [
        [
          1.0,
          -2.3442723427489834e-17,
          1.683070260772549e-16,
          0.5074378699999997
        ],
        [
          -1.6993179899202958e-16,
          -0.13795371770641576,
          0.9904386764312966,
          4.528888652562764
        ],
        [
          0.0,
          -0.9904386764312966,
          -0.13795371770641576,
          1.6
        ],
        [
          0.0,
          0.0,
          0.0,
          1.0
        ]
      ]
    },
    "target_region": {
      "type": "circle",
      "params": {
        "center": [
          0.50743787,
          5.8355576000000005
        ],
        "radius": 2.2239999260000003,
        "object_center": [
          0.50743787,
          5.8355576000000005,
          1.4180000000000001
        ],
        "sample_distance": 2.2239999260000003,
        "min_distance": 2.2239999260000003,
        "requested_distance": 1.5
      },
      "sample_point": [
        -1.7143481226468693,
        5.934767850106387,
        1.5
      ],
      "sample_forward": [
        0.9983261774639779,
        -0.04457863632309619,
        -0.036845468835871496
      ],
      "height": 1.5
    },
    "sample_target": [
      -1.7143481226468693,
      5.934767850106387,
      1.5
    ],
    "camera_params": {
      "forward": [
        0.9983261774639779,
        -0.04457863632309619,
        -0.036845468835871496
      ]
    },
    "task_type": "absolute_positioning",
    "task_description": "Move to any position 2.2m from storage cabinet",
    "target_object": {
      "label": "storage cabinet",
      "id": "115",
      "bbox_min": [
        0.3574378247012585,
        5.535557583350631,
        0.306000037
      ],
      "bbox_max": [
        0.6574379152987415,
        6.135557616649369,
        2.5299999630000003
      ],
      "center": [
        0.50743787,
        5.8355576,
        1.4180000000000001
      ]
    }
  },
  {
    "scene_id": "0356_840350",
    "object_label": "storage cabinet",
    "preset": "occupancy_20",
    "distance": 7.020891450709843,
    "init_camera": {
      "intrinsics": [
        [
          320.0,
          0.0,
          320.0
        ],
        [
          0.0,
          320.0,
          240.0
        ],
        [
          0.0,
          0.0,
          1.0
        ]
      ],
      "extrinsics": [
        [
          1.0,
          -2.3442723427489834e-17,
          1.683070260772549e-16,
          0.5074378699999997
        ],
        [
          -1.6993179899202958e-16,
          -0.13795371770641576,
          0.9904386764312966,
          4.528888652562764
        ],
        [
          0.0,
          -0.9904386764312966,
          -0.13795371770641576,
          1.6
        ],
        [
          0.0,
          0.0,
          0.0,
          1.0
        ]
      ]
    },
    "target_region": {
      "type": "circle",
      "params": {
        "center": [
          0.50743787,
          5.8355576000000005
        ],
        "radius": 7.020891450709843,
        "object_center": [
          0.50743787,
          5.8355576000000005,
          1.4180000000000001
        ],
        "object_height": 2.2239999260000003,
        "occupancy_ratio": 0.2,
        "fov_vertical": 90.0,
        "sample_distance": 7.020891450709843,
        "min_distance": 2.2239999260000003
      },
      "sample_point": [
        7.520341099085224,
        6.170378540409347,
        1.5
      ],
      "sample_forward": [
        -0.9987941012202739,
        -0.047685982441469134,
        -0.011678632033647161
      ],
      "height": 1.5
    },
    "sample_target": [
      7.520341099085224,
      6.170378540409347,
      1.5
    ],
    "camera_params": {
      "forward": [
        -0.9987941012202739,
        -0.047685982441469134,
        -0.011678632033647161
      ]
    },
    "task_type": "screen_occupancy",
    "task_description": "Position where storage cabinet occupies 20% of vertical FOV",
    "target_object": {
      "label": "storage cabinet",
      "id": "115",
      "bbox_min": [
        0.3574378247012585,
        5.535557583350631,
        0.306000037
      ],
      "bbox_max": [
        0.6574379152987415,
        6.135557616649369,
        2.5299999630000003
      ],
      "center": [
        0.50743787,
        5.8355576,
        1.4180000000000001
      ]
    }
  },
  {
    "scene_id": "0356_840350",
    "object_label": "storage cabinet",
    "preset": "occupancy_30",
    "distance": 4.631813190224453,
    "init_camera": {
      "intrinsics": [
        [
          320.0,
          0.0,
          320.0
        ],
        [
          0.0,
          320.0,
          240.0
        ],
        [
          0.0,
          0.0,
          1.0
        ]
      ],
      "extrinsics": [
        [
          1.0,
          -2.3442723427489834e-17,
          1.683070260772549e-16,
          0.5074378699999997
        ],
        [
          -1.6993179899202958e-16,
          -0.13795371770641576,
          0.9904386764312966,
          4.528888652562764
        ],
        [
          0.0,
          -0.9904386764312966,
          -0.13795371770641576,
          1.6
        ],
        [
          0.0,
          0.0,
          0.0,
          1.0
        ]
      ]
    },
    "target_region": {
      "type": "circle",
      "params": {
        "center": [
          0.50743787,
          5.8355576000000005
        ],
        "radius": 4.631813190224453,
        "object_center": [
          0.50743787,
          5.8355576000000005,
          1.4180000000000001
        ],
        "object_height": 2.2239999260000003,
        "occupancy_ratio": 0.3,
        "fov_vertical": 90.0,
        "sample_distance": 4.631813190224453,
        "min_distance": 2.2239999260000003
      },
      "sample_point": [
        3.5965336858089265,
        9.286815409826588,
        1.5
      ],
      "sample_forward": [
        -0.666825649419496,
        -0.7450035115693127,
        -0.017700876409390318
      ],
      "height": 1.5
    },
    "sample_target": [
      3.5965336858089265,
      9.286815409826588,
      1.5
    ],
    "camera_params": {
      "forward": [
        -0.666825649419496,
        -0.7450035115693127,
        -0.017700876409390318
      ]
    },
    "task_type": "screen_occupancy",
    "task_description": "Position where storage cabinet occupies 30% of vertical FOV",
    "target_object": {
      "label": "storage cabinet",
      "id": "115",
      "bbox_min": [
        0.3574378247012585,
        5.535557583350631,
        0.306000037
      ],
      "bbox_max": [
        0.6574379152987415,
        6.135557616649369,
        2.5299999630000003
      ],
      "center": [
        0.50743787,
        5.8355576,
        1.4180000000000001
      ]
    }
  },
  {
    "scene_id": "0356_840350",
    "object_label": "storage cabinet",
    "preset": "occupancy_50",
    "distance": 2.68460539203298,
    "init_camera": {
      "intrinsics": [
        [
          320.0,
          0.0,
          320.0
        ],
        [
          0.0,
          320.0,
          240.0
        ],
        [
          0.0,
          0.0,
          1.0
        ]
      ],
      "extrinsics": [
        [
          1.0,
          -2.3442723427489834e-17,
          1.683070260772549e-16,
          0.5074378699999997
        ],
        [
          -1.6993179899202958e-16,
          -0.13795371770641576,
          0.9904386764312966,
          4.528888652562764
        ],
        [
          0.0,
          -0.9904386764312966,
          -0.13795371770641576,
          1.6
        ],
        [
          0.0,
          0.0,
          0.0,
          1.0
        ]
      ]
    },
    "target_region": {
      "type": "circle",
      "params": {
        "center": [
          0.50743787,
          5.8355576000000005
        ],
        "radius": 2.68460539203298,
        "object_center": [
          0.50743787,
          5.8355576000000005,
          1.4180000000000001
        ],
        "object_height": 2.2239999260000003,
        "occupancy_ratio": 0.5,
        "fov_vertical": 90.0,
        "sample_distance": 2.68460539203298,
        "min_distance": 2.2239999260000003
      },
      "sample_point": [
        -1.217807119956855,
        7.892408551226492,
        1.5
      ],
      "sample_forward": [
        0.6423442188252938,
        -0.7658079433337082,
        -0.030530287727420807
      ],
      "height": 1.5
    },
    "sample_target": [
      -1.217807119956855,
      7.892408551226492,
      1.5
    ],
    "camera_params": {
      "forward": [
        0.6423442188252938,
        -0.7658079433337082,
        -0.030530287727420807
      ]
    },
    "task_type": "screen_occupancy",
    "task_description": "Position where storage cabinet occupies 50% of vertical FOV",
    "target_object": {
      "label": "storage cabinet",
      "id": "115",
      "bbox_min": [
        0.3574378247012585,
        5.535557583350631,
        0.306000037
      ],
      "bbox_max": [
        0.6574379152987415,
        6.135557616649369,
        2.5299999630000003
      ],
      "center": [
        0.50743787,
        5.8355576,
        1.4180000000000001
      ]
    }
  },
  {
    "scene_id": "0356_840350",
    "object_label": "storage cabinet",
    "preset": "left",
    "distance": 2.2239999260000003,
    "init_camera": {
      "intrinsics": [
        [
          320.0,
          0.0,
          320.0
        ],
        [
          0.0,
          320.0,
          240.0
        ],
        [
          0.0,
          0.0,
          1.0
        ]
      ],
      "extrinsics": [
        [
          0.6427876096865396,
          0.10567867885660388,
          -0.7587200443303099,
          1.5084043561804188
        ],
        [
          0.7660444431189777,
          -0.08867494045187861,
          0.6366417093643731,
          4.995646990625192
        ],
        [
          -0.0,
          -0.9904386764312966,
          -0.1379537177064157,
          1.6
        ],
        [
          0.0,
          0.0,
          0.0,
          1.0
        ]
      ]
    },
    "target_region": {
      "type": "circle",
      "params": {
        "center": [
          0.50743787,
          5.8355576000000005
        ],
        "radius": 2.2239999260000003,
        "object_center": [
          0.50743787,
          5.8355576000000005,
          1.4180000000000001
        ],
        "sample_distance": 2.2239999260000003,
        "min_distance": 2.2239999260000003,
        "requested_distance": 1.0
      },
      "sample_point": [
        2.0710504092129804,
        4.254010415100371,
        1.5
      ],
      "sample_forward": [
        -0.7025858181091448,
        0.7106444818741426,
        -0.036845468835871496
      ],
      "height": 1.5
    },
    "sample_target": [
      2.0710504092129804,
      4.254010415100371,
      1.5
    ],
    "camera_params": {
      "forward": [
        -0.7025858181091448,
        0.7106444818741426,
        -0.036845468835871496
      ]
    },
    "task_type": "absolute_positioning",
    "task_description": "Move to any position 2.2m from storage cabinet",
    "target_object": {
      "label": "storage cabinet",
      "id": "115",
      "bbox_min": [
        0.3574378247012585,
        5.535557583350631,
        0.306000037
      ],
      "bbox_max": [
        0.6574379152987415,
        6.135557616649369,
        2.5299999630000003
      ],
      "center": [
        0.50743787,
        5.8355576,
        1.4180000000000001
      ]
    }
  },
  {
    "scene_id": "0356_840350",
    "object_label": "storage cabinet",
    "preset": "right",
    "distance": 2.2239999260000003,
    "init_camera": {
      "intrinsics": [
        [
          320.0,
          0.0,
          320.0
        ],
        [
          0.0,
          320.0,
          240.0
        ],
        [
          0.0,
          0.0,
          1.0
        ]
      ],
      "extrinsics": [
        [
          0.6427876096865396,
          0.10567867885660388,
          -0.7587200443303099,
          1.5084043561804188
        ],
        [
          0.7660444431189777,
          -0.08867494045187861,
          0.6366417093643731,
          4.995646990625192
        ],
        [
          -0.0,
          -0.9904386764312966,
          -0.1379537177064157,
          1.6
        ],
        [
          0.0,
          0.0,
          0.0,
          1.0
        ]
      ]
    },
    "target_region": {
      "type": "circle",
      "params": {
        "center": [
          0.50743787,
          5.8355576000000005
        ],
        "radius": 2.2239999260000003,
        "object_center": [
          0.50743787,
          5.8355576000000005,
          1.4180000000000001
        ],
        "sample_distance": 2.2239999260000003,
        "min_distance": 2.2239999260000003,
        "requested_distance": 1.5
      },
      "sample_point": [
        0.870697571420135,
        8.029690244160822,
        1.5
      ],
      "sample_forward": [
        -0.16322529278053172,
        -0.9859005605145859,
        -0.03684546883587151
      ],
      "height": 1.5
    },
    "sample_target": [
      0.870697571420135,
      8.029690244160822,
      1.5
    ],
    "camera_params": {
      "forward": [
        -0.16322529278053172,
        -0.9859005605145859,
        -0.03684546883587151
      ]
    },
    "task_type": "absolute_positioning",
    "task_description": "Move to any position 2.2m from storage cabinet",
    "target_object": {
      "label": "storage cabinet",
      "id": "115",
      "bbox_min": [
        0.3574378247012585,
        5.535557583350631,
        0.306000037
      ],
      "bbox_max": [
        0.6574379152987415,
        6.135557616649369,
        2.5299999630000003
      ],
      "center": [
        0.50743787,
        5.8355576,
        1.4180000000000001
      ]
    }
  },
  {
    "scene_id": "0356_840350",
    "object_label": "storage cabinet",
    "preset": "occupancy_20",
    "distance": 7.020891450709843,
    "init_camera": {
      "intrinsics": [
        [
          320.0,
          0.0,
          320.0
        ],
        [
          0.0,
          320.0,
          240.0
        ],
        [
          0.0,
          0.0,
          1.0
        ]
      ],
      "extrinsics": [
        [
          0.6427876096865396,
          0.10567867885660388,
          -0.7587200443303099,
          1.5084043561804188
        ],
        [
          0.7660444431189777,
          -0.08867494045187861,
          0.6366417093643731,
          4.995646990625192
        ],
        [
          -0.0,
          -0.9904386764312966,
          -0.1379537177064157,
          1.6
        ],
        [
          0.0,
          0.0,
          0.0,
          1.0
        ]
      ]
    },
    "target_region": {
      "type": "circle",
      "params": {
        "center": [
          0.50743787,
          5.8355576000000005
        ],
        "radius": 7.020891450709843,
        "object_center": [
          0.50743787,
          5.8355576000000005,
          1.4180000000000001
        ],
        "object_height": 2.2239999260000003,
        "occupancy_ratio": 0.2,
        "fov_vertical": 90.0,
        "sample_distance": 7.020891450709843,
        "min_distance": 2.2239999260000003
      },
      "sample_point": [
        -0.3472278505979697,
        -1.1331196969255304,
        1.5
      ],
      "sample_forward": [
        0.12172349344677559,
        0.9924953403905408,
        -0.01167863203364716
      ],
      "height": 1.5
    },
    "sample_target": [
      -0.3472278505979697,
      -1.1331196969255304,
      1.5
    ],
    "camera_params": {
      "forward": [
        0.12172349344677559,
        0.9924953403905408,
        -0.01167863203364716
      ]
    },
    "task_type": "screen_occupancy",
    "task_description": "Position where storage cabinet occupies 20% of vertical FOV",
    "target_object": {
      "label": "storage cabinet",
      "id": "115",
      "bbox_min": [
        0.3574378247012585,
        5.535557583350631,
        0.306000037
      ],
      "bbox_max": [
        0.6574379152987415,
        6.135557616649369,
        2.5299999630000003
      ],
      "center": [
        0.50743787,
        5.8355576,
        1.4180000000000001
      ]
    }
  },
  {
    "scene_id": "0356_840350",
    "object_label": "storage cabinet",
    "preset": "occupancy_30",
    "distance": 4.631813190224453,
    "init_camera": {
      "intrinsics": [
        [
          320.0,
          0.0,
          320.0
        ],
        [
          0.0,
          320.0,
          240.0
        ],
        [
          0.0,
          0.0,
          1.0
        ]
      ],
      "extrinsics": [
        [
          0.6427876096865396,
          0.10567867885660388,
          -0.7587200443303099,
          1.5084043561804188
        ],
        [
          0.7660444431189777,
          -0.08867494045187861,
          0.6366417093643731,
          4.995646990625192
        ],
        [
          -0.0,
          -0.9904386764312966,
          -0.1379537177064157,
          1.6
        ],
        [
          0.0,
          0.0,
          0.0,
          1.0
        ]
      ]
    },
    "target_region": {
      "type": "circle",
      "params": {
        "center": [
          0.50743787,
          5.8355576000000005
        ],
        "radius": 4.631813190224453,
        "object_center": [
          0.50743787,
          5.8355576000000005,
          1.4180000000000001
        ],
        "object_height": 2.2239999260000003,
        "occupancy_ratio": 0.3,
        "fov_vertical": 90.0,
        "sample_distance": 4.631813190224453,
        "min_distance": 2.2239999260000003
      },
      "sample_point": [
        -3.9895288426952216,
        4.726060500387585,
        1.5
      ],
      "sample_forward": [
        0.9707347804702502,
        0.23950086630263925,
        -0.017700876409390318
      ],
      "height": 1.5
    },
    "sample_target": [
      -3.9895288426952216,
      4.726060500387585,
      1.5
    ],
    "camera_params": {
      "forward": [
        0.9707347804702502,
        0.23950086630263925,
        -0.017700876409390318
      ]
    },
    "task_type": "screen_occupancy",
    "task_description": "Position where storage cabinet occupies 30% of vertical FOV",
    "target_object": {
      "label": "storage cabinet",
      "id": "115",
      "bbox_min": [
        0.3574378247012585,
        5.535557583350631,
        0.306000037
      ],
      "bbox_max": [
        0.6574379152987415,
        6.135557616649369,
        2.5299999630000003
      ],
      "center": [
        0.50743787,
        5.8355576,
        1.4180000000000001
      ]
    }
  },
  {
    "scene_id": "0356_840350",
    "object_label": "storage cabinet",
    "preset": "occupancy_50",
    "distance": 2.68460539203298,
    "init_camera": {
      "intrinsics": [
        [
          320.0,
          0.0,
          320.0
        ],
        [
          0.0,
          320.0,
          240.0
        ],
        [
          0.0,
          0.0,
          1.0
        ]
      ],
      "extrinsics": [
        [
          0.6427876096865396,
          0.10567867885660388,
          -0.7587200443303099,
          1.5084043561804188
        ],
        [
          0.7660444431189777,
          -0.08867494045187861,
          0.6366417093643731,
          4.995646990625192
        ],
        [
          -0.0,
          -0.9904386764312966,
          -0.1379537177064157,
          1.6
        ],
        [
          0.0,
          0.0,
          0.0,
          1.0
        ]
      ]
    },
    "target_region": {
      "type": "circle",
      "params": {
        "center": [
          0.50743787,
          5.8355576000000005
        ],
        "radius": 2.68460539203298,
        "object_center": [
          0.50743787,
          5.8355576000000005,
          1.4180000000000001
        ],
        "object_height": 2.2239999260000003,
        "occupancy_ratio": 0.5,
        "fov_vertical": 90.0,
        "sample_distance": 2.68460539203298,
        "min_distance": 2.2239999260000003
      },
      "sample_point": [
        2.7085619354202946,
        7.372489270426563,
        1.5
      ],
      "sample_forward": [
        -0.8195237931833163,
        -0.5722312940915674,
        -0.030530287727420807
      ],
      "height": 1.5
    },
    "sample_target": [
      2.7085619354202946,
      7.372489270426563,
      1.5
    ],
    "camera_params": {
      "forward": [
        -0.8195237931833163,
        -0.5722312940915674,
        -0.030530287727420807
      ]
    },
    "task_type": "screen_occupancy",
    "task_description": "Position where storage cabinet occupies 50% of vertical FOV",
    "target_object": {
      "label": "storage cabinet",
      "id": "115",
      "bbox_min": [
        0.3574378247012585,
        5.535557583350631,
        0.306000037
      ],
      "bbox_max": [
        0.6574379152987415,
        6.135557616649369,
        2.5299999630000003
      ],
      "center": [
        0.50743787,
        5.8355576,
        1.4180000000000001
      ]
    }
  },
  {
    "scene_id": "0356_840350",
    "object_label": "storage cabinet",
    "preset": "occupancy_20",
    "distance": 7.020891450709843,
    "init_camera": {
      "intrinsics": [
        [
          320.0,
          0.0,
          320.0
        ],
        [
          0.0,
          320.0,
          240.0
        ],
        [
          0.0,
          0.0,
          1.0
        ]
      ],
      "extrinsics": [
        [
          0.34202014332566955,
          0.104064370223495,
          -0.9339126449564091,
          2.042271829646076
        ],
        [
          0.939692620785908,
          -0.0378763332090104,
          0.33991640416895386,
          5.276923724147894
        ],
        [
          -0.0,
          -0.9938490781967991,
          -0.1107429896985476,
          1.6
        ],
        [
          0.0,
          0.0,
          0.0,
          1.0
        ]
      ]
    },
    "target_region": {
      "type": "circle",
      "params": {
        "center": [
          0.50743787,
          5.8355576000000005
        ],
        "radius": 7.020891450709843,
        "object_center": [
          0.50743787,
          5.8355576000000005,
          1.4180000000000001
        ],
        "object_height": 2.2239999260000003,
        "occupancy_ratio": 0.2,
        "fov_vertical": 90.0,
        "sample_distance": 7.020891450709843,
        "min_distance": 2.2239999260000003
      },
      "sample_point": [
        2.832295897593098,
        -0.7892406546026631,
        1.5
      ],
      "sample_forward": [
        -0.33111172481378726,
        0.9435192818616172,
        -0.011678632033647161
      ],
      "height": 1.5
    },
    "sample_target": [
      2.832295897593098,
      -0.7892406546026631,
      1.5
    ],
    "camera_params": {
      "forward": [
        -0.33111172481378726,
        0.9435192818616172,
        -0.011678632033647161
      ]
    },
    "task_type": "screen_occupancy",
    "task_description": "Position where storage cabinet occupies 20% of vertical FOV",
    "target_object": {
      "label": "storage cabinet",
      "id": "115",
      "bbox_min": [
        0.3574378247012585,
        5.535557583350631,
        0.306000037
      ],
      "bbox_max": [
        0.6574379152987415,
        6.135557616649369,
        2.5299999630000003
      ],
      "center": [
        0.50743787,
        5.8355576,
        1.4180000000000001
      ]
    }
  },
  {
    "scene_id": "0356_840350",
    "object_label": "storage cabinet",
    "preset": "occupancy_30",
    "distance": 4.631813190224453,
    "init_camera": {
      "intrinsics": [
        [
          320.0,
          0.0,
          320.0
        ],
        [
          0.0,
          320.0,
          240.0
        ],
        [
          0.0,
          0.0,
          1.0
        ]
      ],
      "extrinsics": [
        [
          0.34202014332566955,
          0.104064370223495,
          -0.9339126449564091,
          2.042271829646076
        ],
        [
          0.939692620785908,
          -0.0378763332090104,
          0.33991640416895386,
          5.276923724147894
        ],
        [
          -0.0,
          -0.9938490781967991,
          -0.1107429896985476,
          1.6
        ],
        [
          0.0,
          0.0,
          0.0,
          1.0
        ]
      ]
    },
    "target_region": {
      "type": "circle",
      "params": {
        "center": [
          0.50743787,
          5.8355576000000005
        ],
        "radius": 4.631813190224453,
        "object_center": [
          0.50743787,
          5.8355576000000005,
          1.4180000000000001
        ],
        "object_height": 2.2239999260000003,
        "occupancy_ratio": 0.3,
        "fov_vertical": 90.0,
        "sample_distance": 4.631813190224453,
        "min_distance": 2.2239999260000003
      },
      "sample_point": [
        5.129346164041028,
        6.138306919754768,
        1.5
      ],
      "sample_forward": [
        -0.9977052132726394,
        -0.06535278404885547,
        -0.01770087640939032
      ],
      "height": 1.5
    },
    "sample_target": [
      5.129346164041028,
      6.138306919754768,
      1.5
    ],
    "camera_params": {
      "forward": [
        -0.9977052132726394,
        -0.06535278404885547,
        -0.01770087640939032
      ]
    },
    "task_type": "screen_occupancy",
    "task_description": "Position where storage cabinet occupies 30% of vertical FOV",
    "target_object": {
      "label": "storage cabinet",
      "id": "115",
      "bbox_min": [
        0.3574378247012585,
        5.535557583350631,
        0.306000037
      ],
      "bbox_max": [
        0.6574379152987415,
        6.135557616649369,
        2.5299999630000003
      ],
      "center": [
        0.50743787,
        5.8355576,
        1.4180000000000001
      ]
    }
  },
  {
    "scene_id": "0356_840350",
    "object_label": "storage cabinet",
    "preset": "occupancy_50",
    "distance": 2.68460539203298,
    "init_camera": {
      "intrinsics": [
        [
          320.0,
          0.0,
          320.0
        ],
        [
          0.0,
          320.0,
          240.0
        ],
        [
          0.0,
          0.0,
          1.0
        ]
      ],
      "extrinsics": [
        [
          0.34202014332566955,
          0.104064370223495,
          -0.9339126449564091,
          2.042271829646076
        ],
        [
          0.939692620785908,
          -0.0378763332090104,
          0.33991640416895386,
          5.276923724147894
        ],
        [
          -0.0,
          -0.9938490781967991,
          -0.1107429896985476,
          1.6
        ],
        [
          0.0,
          0.0,
          0.0,
          1.0
        ]
      ]
    },
    "target_region": {
      "type": "circle",
      "params": {
        "center": [
          0.50743787,
          5.8355576000000005
        ],
        "radius": 2.68460539203298,
        "object_center": [
          0.50743787,
          5.8355576000000005,
          1.4180000000000001
        ],
        "object_height": 2.2239999260000003,
        "occupancy_ratio": 0.5,
        "fov_vertical": 90.0,
        "sample_distance": 2.68460539203298,
        "min_distance": 2.2239999260000003
      },
      "sample_point": [
        -1.3426096202583682,
        3.890196349558,
        1.5
      ],
      "sample_forward": [
        0.6888107583778149,
        0.7242980330459696,
        -0.030530287727420807
      ],
      "height": 1.5
    },
    "sample_target": [
      -1.3426096202583682,
      3.890196349558,
      1.5
    ],
    "camera_params": {
      "forward": [
        0.6888107583778149,
        0.7242980330459696,
        -0.030530287727420807
      ]
    },
    "task_type": "screen_occupancy",
    "task_description": "Position where storage cabinet occupies 50% of vertical FOV",
    "target_object": {
      "label": "storage cabinet",
      "id": "115",
      "bbox_min": [
        0.3574378247012585,
        5.535557583350631,
        0.306000037
      ],
      "bbox_max": [
        0.6574379152987415,
        6.135557616649369,
        2.5299999630000003
      ],
      "center": [
        0.50743787,
        5.8355576,
        1.4180000000000001
      ]
    }
  },
  {
    "scene_id": "0356_840350",
    "object_label": "storage cabinet",
    "preset": "occupancy_20",
    "distance": 7.020891450709843,
    "init_camera": {
      "intrinsics": [
        [
          320.0,
          0.0,
          320.0
        ],
        [
          0.0,
          320.0,
          240.0
        ],
        [
          0.0,
          0.0,
          1.0
        ]
      ],
      "extrinsics": [
        [
          0.0,
          0.1107429896985476,
          -0.9938490781967991,
          2.1407740542965454
        ],
        [
          1.0,
          -0.0,
          0.0,
          5.8355576000000005
        ],
        [
          -0.0,
          -0.9938490781967991,
          -0.1107429896985476,
          1.6
        ],
        [
          0.0,
          0.0,
          0.0,
          1.0
        ]
      ]
    },
    "target_region": {
      "type": "circle",
      "params": {
        "center": [
          0.50743787,
          5.8355576000000005
        ],
        "radius": 7.020891450709843,
        "object_center": [
          0.50743787,
          5.8355576000000005,
          1.4180000000000001
        ],
        "object_height": 2.2239999260000003,
        "occupancy_ratio": 0.2,
        "fov_vertical": 90.0,
        "sample_distance": 7.020891450709843,
        "min_distance": 2.2239999260000003
      },
      "sample_point": [
        5.829316919728795,
        10.414915649192956,
        1.5
      ],
      "sample_forward": [
        -0.7579544774312014,
        -0.6522028976444502,
        -0.01167863203364716
      ],
      "height": 1.5
    },
    "sample_target": [
      5.829316919728795,
      10.414915649192956,
      1.5
    ],
    "camera_params": {
      "forward": [
        -0.7579544774312014,
        -0.6522028976444502,
        -0.01167863203364716
      ]
    },
    "task_type": "screen_occupancy",
    "task_description": "Position where storage cabinet occupies 20% of vertical FOV",
    "target_object": {
      "label": "storage cabinet",
      "id": "115",
      "bbox_min": [
        0.3574378247012585,
        5.535557583350631,
        0.306000037
      ],
      "bbox_max": [
        0.6574379152987415,
        6.135557616649369,
        2.5299999630000003
      ],
      "center": [
        0.50743787,
        5.8355576,
        1.4180000000000001
      ]
    }
  },
  {
    "scene_id": "0356_840350",
    "object_label": "storage cabinet",
    "preset": "occupancy_30",
    "distance": 4.631813190224453,
    "init_camera": {
      "intrinsics": [
        [
          320.0,
          0.0,
          320.0
        ],
        [
          0.0,
          320.0,
          240.0
        ],
        [
          0.0,
          0.0,
          1.0
        ]
      ],
      "extrinsics": [
        [
          0.0,
          0.1107429896985476,
          -0.9938490781967991,
          2.1407740542965454
        ],
        [
          1.0,
          -0.0,
          0.0,
          5.8355576000000005
        ],
        [
          -0.0,
          -0.9938490781967991,
          -0.1107429896985476,
          1.6
        ],
        [
          0.0,
          0.0,
          0.0,
          1.0
        ]
      ]
    },
    "target_region": {
      "type": "circle",
      "params": {
        "center": [
          0.50743787,
          5.8355576000000005
        ],
        "radius": 4.631813190224453,
        "object_center": [
          0.50743787,
          5.8355576000000005,
          1.4180000000000001
        ],
        "object_height": 2.2239999260000003,
        "occupancy_ratio": 0.3,
        "fov_vertical": 90.0,
        "sample_distance": 4.631813190224453,
        "min_distance": 2.2239999260000003
      },
      "sample_point": [
        5.109374207674197,
        6.360795996474426,
        1.5
      ],
      "sample_forward": [
        -0.9933939799640661,
        -0.11338024318853875,
        -0.01770087640939032
      ],
      "height": 1.5
    },
    "sample_target": [
      5.109374207674197,
      6.360795996474426,
      1.5
    ],
    "camera_params": {
      "forward": [
        -0.9933939799640661,
        -0.11338024318853875,
        -0.01770087640939032
      ]
    },
    "task_type": "screen_occupancy",
    "task_description": "Position where storage cabinet occupies 30% of vertical FOV",
