[
  {
    "scene_id": "0331_840475",
    "object_label": "wardrobe",
    "preset": "occupancy_20",
    "distance": 7.8921893958276526,
    "init_camera": {
      "intrinsics": [
        [
          320.0,
          0.0,
          320.0
        ],
        [
          0.0,
          320.0,
          240.0
        ],
        [
          0.0,
          0.0,
          1.0
        ]
      ],
      "extrinsics": [
        [
          -0.3420201433256689,
          -0.148353630159028,
          0.9279080891867078,
          1.0568277818572613
        ],
        [
          -0.9396926207859083,
          0.05399630552322299,
          -0.3377309245987904,
          1.4107322049988404
        ],
        [
          0.0,
          -0.9874591634130908,
          -0.15787463568134968,
          1.6
        ],
        [
          0.0,
          0.0,
          0.0,
          1.0
        ]
      ]
    },
    "target_region": {
      "type": "circle",
      "params": {
        "center": [
          3.1139526,
          0.6620000030246084
        ],
        "radius": 7.8921893958276526,
        "object_center": [
          3.1139526,
          0.6620000030246084,
          1.25
        ],
        "object_height": 2.5000000007868057,
        "occupancy_ratio": 0.2,
        "fov_vertical": 90.0,
        "sample_distance": 7.8921893958276526,
        "min_distance": 2.5000000007868057
      },
      "sample_point": [
        -4.728653171689619,
        1.5452826132208621,
        1.5
      ],
      "sample_forward": [
        0.9932191946941299,
        -0.11186246871585988,
        -0.03166100731084401
      ],
      "height": 1.5
    },
    "sample_target": [
      -4.728653171689619,
      1.5452826132208621,
      1.5
    ],
    "camera_params": {
      "forward": [
        0.9932191946941299,
        -0.11186246871585988,
        -0.03166100731084401
      ]
    },
    "task_type": "screen_occupancy",
    "task_description": "Position where wardrobe occupies 20% of vertical FOV",
    "target_object": {
      "label": "wardrobe",
      "id": "95",
      "bbox_min": [
        2.2099525453607627,
        0.45300000430076126,
        -3.9340284274658187e-10
      ],
      "bbox_max": [
        4.017952654639238,
        0.8710000017484556,
        2.500000000393403
      ],
      "center": [
        3.1139526,
        0.6620000030246085,
        1.2500000000000002
      ]
    }
  },
  {
    "scene_id": "0331_840475",
    "object_label": "wardrobe",
    "preset": "occupancy_30",
    "distance": 5.206624714251663,
    "init_camera": {
      "intrinsics": [
        [
          320.0,
          0.0,
          320.0
        ],
        [
          0.0,
          320.0,
          240.0
        ],
        [
          0.0,
          0.0,
          1.0
        ]
      ],
      "extrinsics": [
        [
          -0.3420201433256689,
          -0.148353630159028,
          0.9279080891867078,
          1.0568277818572613
        ],
        [
          -0.9396926207859083,
          0.05399630552322299,
          -0.3377309245987904,
          1.4107322049988404
        ],
        [
          0.0,
          -0.9874591634130908,
          -0.15787463568134968,
          1.6
        ],
        [
          0.0,
          0.0,
          0.0,
          1.0
        ]
      ]
    },
    "target_region": {
      "type": "circle",
      "params": {
        "center": [
          3.1139526,
          0.6620000030246084
        ],
        "radius": 5.206624714251663,
        "object_center": [
          3.1139526,
          0.6620000030246084,
          1.25
        ],
        "object_height": 2.5000000007868057,
        "occupancy_ratio": 0.3,
        "fov_vertical": 90.0,
        "sample_distance": 5.206624714251663,
        "min_distance": 2.5000000007868057
      },
      "sample_point": [
        7.894060738727531,
        2.725857337514332,
        1.5
      ],
      "sample_forward": [
        -0.917025445696763,
        -0.3959344929210715,
        -0.04796049686968358
      ],
      "height": 1.5
    },
    "sample_target": [
      7.894060738727531,
      2.725857337514332,
      1.5
    ],
    "camera_params": {
      "forward": [
        -0.917025445696763,
        -0.3959344929210715,
        -0.04796049686968358
      ]
    },
    "task_type": "screen_occupancy",
    "task_description": "Position where wardrobe occupies 30% of vertical FOV",
    "target_object": {
      "label": "wardrobe",
      "id": "95",
      "bbox_min": [
        2.2099525453607627,
        0.45300000430076126,
        -3.9340284274658187e-10
      ],
      "bbox_max": [
        4.017952654639238,
        0.8710000017484556,
        2.500000000393403
      ],
      "center": [
        3.1139526,
        0.6620000030246085,
        1.2500000000000002
      ]
    }
  },
  {
    "scene_id": "0331_840475",
    "object_label": "wardrobe",
    "preset": "occupancy_20",
    "distance": 7.8921893958276526,
    "init_camera": {
      "intrinsics": [
        [
          320.0,
          0.0,
          320.0
        ],
        [
          0.0,
          320.0,
          240.0
        ],
        [
          0.0,
          0.0,
          1.0
        ]
      ],
      "extrinsics": [
        [
          -0.49999999999999994,
          -0.1697187212537562,
          0.8492323331432864,
          1.5972674100900603
        ],
        [
          -0.8660254037844387,
          0.09798714940237518,
          -0.49030451614481024,
          1.5376586056950308
        ],
        [
          0.0,
          -0.9806090322896207,
          -0.19597429880475037,
          1.6
        ],
        [
          0.0,
          0.0,
          0.0,
          1.0
        ]
      ]
    },
    "target_region": {
      "type": "circle",
      "params": {
        "center": [
          3.1139526,
          0.6620000030246084
        ],
        "radius": 7.8921893958276526,
        "object_center": [
          3.1139526,
          0.6620000030246084,
          1.25
        ],
        "object_height": 2.5000000007868057,
        "occupancy_ratio": 0.2,
        "fov_vertical": 90.0,
        "sample_distance": 7.8921893958276526,
        "min_distance": 2.5000000007868057
      },
      "sample_point": [
        10.976635006441434,
        -0.019820233585303382,
        1.5
      ],
      "sample_forward": [
        -0.9957617806127471,
        0.08634846198395123,
        -0.03166100731084401
      ],
      "height": 1.5
    },
    "sample_target": [
      10.976635006441434,
      -0.019820233585303382,
      1.5
    ],
    "camera_params": {
      "forward": [
        -0.9957617806127471,
        0.08634846198395123,
        -0.03166100731084401
      ]
    },
    "task_type": "screen_occupancy",
    "task_description": "Position where wardrobe occupies 20% of vertical FOV",
    "target_object": {
      "label": "wardrobe",
      "id": "95",
      "bbox_min": [
        2.2099525453607627,
        0.45300000430076126,
        -3.9340284274658187e-10
      ],
      "bbox_max": [
        4.017952654639238,
        0.8710000017484556,
        2.500000000393403
      ],
      "center": [
        3.1139526,
        0.6620000030246085,
        1.2500000000000002
      ]
    }
  },
  {
    "scene_id": "0331_840475",
    "object_label": "wardrobe",
    "preset": "occupancy_30",
    "distance": 5.206624714251663,
    "init_camera": {
      "intrinsics": [
        [
          320.0,
          0.0,
          320.0
        ],
        [
          0.0,
          320.0,
          240.0
        ],
        [
          0.0,
          0.0,
          1.0
        ]
      ],
      "extrinsics": [
        [
          -0.49999999999999994,
          -0.1697187212537562,
          0.8492323331432864,
          1.5972674100900603
        ],
        [
          -0.8660254037844387,
          0.09798714940237518,
          -0.49030451614481024,
          1.5376586056950308
        ],
        [
          0.0,
          -0.9806090322896207,
          -0.19597429880475037,
          1.6
        ],
        [
          0.0,
          0.0,
          0.0,
          1.0
        ]
      ]
    },
    "target_region": {
      "type": "circle",
      "params": {
        "center": [
          3.1139526,
          0.6620000030246084
        ],
        "radius": 5.206624714251663,
        "object_center": [
          3.1139526,
          0.6620000030246084,
          1.25
        ],
        "object_height": 2.5000000007868057,
        "occupancy_ratio": 0.3,
        "fov_vertical": 90.0,
        "sample_distance": 5.206624714251663,
        "min_distance": 2.5000000007868057
      },
      "sample_point": [
        0.41730194422144073,
        5.1158765342887245,
        1.5
      ],
      "sample_forward": [
        0.5173308213403911,
        -0.8544405257425992,
        -0.04796049686968358
      ],
      "height": 1.5
    },
    "sample_target": [
      0.41730194422144073,
      5.1158765342887245,
      1.5
    ],
    "camera_params": {
      "forward": [
        0.5173308213403911,
        -0.8544405257425992,
        -0.04796049686968358
      ]
    },
    "task_type": "screen_occupancy",
    "task_description": "Position where wardrobe occupies 30% of vertical FOV",
    "target_object": {
      "label": "wardrobe",
      "id": "95",
      "bbox_min": [
        2.2099525453607627,
        0.45300000430076126,
        -3.9340284274658187e-10
      ],
      "bbox_max": [
        4.017952654639238,
        0.8710000017484556,
        2.500000000393403
      ],
      "center": [
        3.1139526,
        0.6620000030246085,
        1.2500000000000002
      ]
    }
  },
  {
    "scene_id": "0331_840475",
    "object_label": "wardrobe",
    "preset": "occupancy_50",
    "distance": 3.0177669539161274,
    "init_camera": {
      "intrinsics": [
        [
          320.0,
          0.0,
          320.0
        ],
        [
          0.0,
          320.0,
          240.0
        ],
        [
          0.0,
          0.0,
          1.0
        ]
      ],
      "extrinsics": [
        [
          -0.49999999999999994,
          -0.1697187212537562,
          0.8492323331432864,
          1.5972674100900603
        ],
        [
          -0.8660254037844387,
          0.09798714940237518,
          -0.49030451614481024,
          1.5376586056950308
        ],
        [
          0.0,
          -0.9806090322896207,
          -0.19597429880475037,
          1.6
        ],
        [
          0.0,
          0.0,
          0.0,
          1.0
        ]
      ]
    },
    "target_region": {
      "type": "circle",
      "params": {
        "center": [
          3.1139526,
          0.6620000030246084
        ],
        "radius": 3.0177669539161274,
        "object_center": [
          3.1139526,
          0.6620000030246084,
          1.25
        ],
        "object_height": 2.5000000007868057,
        "occupancy_ratio": 0.5,
        "fov_vertical": 90.0,
        "sample_distance": 3.0177669539161274,
        "min_distance": 2.5000000007868057
      },
      "sample_point": [
        2.0241492629877857,
        -2.152115501851704,
        1.5
      ],
      "sample_forward": [
        0.359896201006281,
        0.9293323345609337,
        -0.08255989608018774
      ],
      "height": 1.5
    },
    "sample_target": [
      2.0241492629877857,
      -2.152115501851704,
      1.5
    ],
    "camera_params": {
      "forward": [
        0.359896201006281,
        0.9293323345609337,
        -0.08255989608018774
      ]
    },
    "task_type": "screen_occupancy",
    "task_description": "Position where wardrobe occupies 50% of vertical FOV",
    "target_object": {
      "label": "wardrobe",
      "id": "95",
      "bbox_min": [
        2.2099525453607627,
        0.45300000430076126,
        -3.9340284274658187e-10
      ],
      "bbox_max": [
        4.017952654639238,
        0.8710000017484556,
        2.500000000393403
      ],
      "center": [
        3.1139526,
        0.6620000030246085,
        1.2500000000000002
      ]
    }
  },
  {
    "scene_id": "0331_840475",
    "object_label": "wardrobe",
    "preset": "occupancy_20",
    "distance": 7.8921893958276526,
    "init_camera": {
      "intrinsics": [
        [
          320.0,
          0.0,
          320.0
        ],
        [
          0.0,
          320.0,
          240.0
        ],
        [
          0.0,
          0.0,
          1.0
        ]
      ],
      "extrinsics": [
        [
          -0.49999999999999994,
          -0.13672344511326204,
          0.8551647207154659,
          1.2180961126125756
        ],
        [
          -0.8660254037844387,
          0.07893731784067484,
          -0.4937295817065453,
          1.7565732563626362
        ],
        [
          0.0,
          -0.9874591634130908,
          -0.15787463568134968,
          1.6
        ],
        [
          0.0,
          0.0,
          0.0,
          1.0
        ]
      ]
    },
    "target_region": {
      "type": "circle",
      "params": {
        "center": [
          3.1139526,
          0.6620000030246084
        ],
        "radius": 7.8921893958276526,
        "object_center": [
          3.1139526,
          0.6620000030246084,
          1.25
        ],
        "object_height": 2.5000000007868057,
        "occupancy_ratio": 0.2,
        "fov_vertical": 90.0,
        "sample_distance": 7.8921893958276526,
        "min_distance": 2.5000000007868057
      },
      "sample_point": [
        -4.222146682548035,
        3.5720345004511667,
        1.5
      ],
      "sample_forward": [
        0.9290731720713233,
        -0.3685384939913221,
        -0.03166100731084401
      ],
      "height": 1.5
    },
    "sample_target": [
      -4.222146682548035,
      3.5720345004511667,
      1.5
    ],
    "camera_params": {
      "forward": [
        0.9290731720713233,
        -0.3685384939913221,
        -0.03166100731084401
      ]
    },
    "task_type": "screen_occupancy",
    "task_description": "Position where wardrobe occupies 20% of vertical FOV",
    "target_object": {
      "label": "wardrobe",
      "id": "95",
      "bbox_min": [
        2.2099525453607627,
        0.45300000430076126,
        -3.9340284274658187e-10
      ],
      "bbox_max": [
        4.017952654639238,
        0.8710000017484556,
        2.500000000393403
      ],
      "center": [
        3.1139526,
        0.6620000030246085,
        1.2500000000000002
      ]
    }
  },
  {
    "scene_id": "0331_840475",
    "object_label": "wardrobe",
    "preset": "occupancy_30",
    "distance": 5.206624714251663,
    "init_camera": {
      "intrinsics": [
        [
          320.0,
          0.0,
          320.0
        ],
        [
          0.0,
          320.0,
          240.0
        ],
        [
          0.0,
          0.0,
          1.0
        ]
      ],
      "extrinsics": [
        [
          -0.49999999999999994,
          -0.13672344511326204,
          0.8551647207154659,
          1.2180961126125756
        ],
        [
          -0.8660254037844387,
          0.07893731784067484,
          -0.4937295817065453,
          1.7565732563626362
        ],
        [
          0.0,
          -0.9874591634130908,
          -0.15787463568134968,
          1.6
        ],
        [
          0.0,
          0.0,
          0.0,
          1.0
        ]
      ]
    },
    "target_region": {
      "type": "circle",
      "params": {
        "center": [
          3.1139526,
          0.6620000030246084
        ],
        "radius": 5.206624714251663,
        "object_center": [
          3.1139526,
          0.6620000030246084,
          1.25
        ],
        "object_height": 2.5000000007868057,
        "occupancy_ratio": 0.3,
        "fov_vertical": 90.0,
        "sample_distance": 5.206624714251663,
        "min_distance": 2.5000000007868057
      },
      "sample_point": [
        3.969232386681047,
        -4.4738969392388395,
        1.5
      ],
      "sample_forward": [
        -0.16407857412727994,
        0.9852806768897742,
        -0.04796049686968358
      ],
      "height": 1.5
    },
    "sample_target": [
      3.969232386681047,
      -4.4738969392388395,
      1.5
    ],
    "camera_params": {
      "forward": [
        -0.16407857412727994,
        0.9852806768897742,
        -0.04796049686968358
      ]
    },
    "task_type": "screen_occupancy",
    "task_description": "Position where wardrobe occupies 30% of vertical FOV",
    "target_object": {
      "label": "wardrobe",
      "id": "95",
      "bbox_min": [
        2.2099525453607627,
        0.45300000430076126,
        -3.9340284274658187e-10
      ],
      "bbox_max": [
        4.017952654639238,
        0.8710000017484556,
        2.500000000393403
      ],
      "center": [
        3.1139526,
        0.6620000030246085,
        1.2500000000000002
      ]
    }
  },
  {
    "scene_id": "0331_840475",
    "object_label": "wardrobe",
    "preset": "occupancy_50",
    "distance": 3.0177669539161274,
    "init_camera": {
      "intrinsics": [
        [
          320.0,
          0.0,
          320.0
        ],
        [
          0.0,
          320.0,
          240.0
        ],
        [
          0.0,
          0.0,
          1.0
        ]
      ],
      "extrinsics": [
        [
          -0.49999999999999994,
          -0.13672344511326204,
          0.8551647207154659,
          1.2180961126125756
        ],
        [
          -0.8660254037844387,
          0.07893731784067484,
          -0.4937295817065453,
          1.7565732563626362
        ],
        [
          0.0,
          -0.9874591634130908,
          -0.15787463568134968,
          1.6
        ],
        [
          0.0,
          0.0,
          0.0,
          1.0
        ]
      ]
    },
    "target_region": {
      "type": "circle",
      "params": {
        "center": [
          3.1139526,
          0.6620000030246084
        ],
        "radius": 3.0177669539161274,
        "object_center": [
          3.1139526,
          0.6620000030246084,
          1.25
        ],
        "object_height": 2.5000000007868057,
        "occupancy_ratio": 0.5,
        "fov_vertical": 90.0,
        "sample_distance": 3.0177669539161274,
        "min_distance": 2.5000000007868057
      },
      "sample_point": [
        0.5431895672329752,
        -0.9185362406302814,
        1.5
      ],
      "sample_forward": [
        0.8489677153281354,
        0.521955632108472,
        -0.08255989608018774
      ],
      "height": 1.5
    },
    "sample_target": [
      0.5431895672329752,
      -0.9185362406302814,
      1.5
    ],
    "camera_params": {
      "forward": [
        0.8489677153281354,
        0.521955632108472,
        -0.08255989608018774
      ]
    },
    "task_type": "screen_occupancy",
    "task_description": "Position where wardrobe occupies 50% of vertical FOV",
    "target_object": {
      "label": "wardrobe",
      "id": "95",
      "bbox_min": [
        2.2099525453607627,
        0.45300000430076126,
        -3.9340284274658187e-10
      ],
      "bbox_max": [
        4.017952654639238,
        0.8710000017484556,
        2.500000000393403
      ],
      "center": [
        3.1139526,
        0.6620000030246085,
        1.2500000000000002
      ]
    }
  },
  {
    "scene_id": "0331_840475",
    "object_label": "wardrobe",
    "preset": "occupancy_30",
    "distance": 5.206624714251663,
    "init_camera": {
      "intrinsics": [
        [
          320.0,
          0.0,
          320.0
        ],
        [
          0.0,
          320.0,
          240.0
        ],
        [
          0.0,
          0.0,
          1.0
        ]
      ],
      "extrinsics": [
        [
          -1.0142976006762479e-16,
          -0.1578746356813497,
          0.9874591634130907,
          0.9248060933239444
        ],
        [
          -1.0,
          1.6013186417922978e-17,
          -1.0015774602156729e-16,
          0.6620000030246087
        ],
        [
          0.0,
          -0.9874591634130908,
          -0.15787463568134968,
          1.6
        ],
        [
          0.0,
          0.0,
          0.0,
          1.0
        ]
      ]
    },
    "target_region": {
      "type": "circle",
      "params": {
        "center": [
          3.1139526,
          0.6620000030246084
        ],
        "radius": 5.206624714251663,
        "object_center": [
          3.1139526,
          0.6620000030246084,
          1.25
        ],
        "object_height": 2.5000000007868057,
        "occupancy_ratio": 0.3,
        "fov_vertical": 90.0,
        "sample_distance": 5.206624714251663,
        "min_distance": 2.5000000007868057
      },
      "sample_point": [
        5.969317142082806,
        5.0158298397169485,
        1.5
      ],
      "sample_forward": [
        -0.5477788087294717,
        -0.835247369015272,
        -0.04796049686968359
      ],
      "height": 1.5
    },
    "sample_target": [
      5.969317142082806,
      5.0158298397169485,
      1.5
    ],
    "camera_params": {
      "forward": [
        -0.5477788087294717,
        -0.835247369015272,
        -0.04796049686968359
      ]
    },
    "task_type": "screen_occupancy",
    "task_description": "Position where wardrobe occupies 30% of vertical FOV",
    "target_object": {
      "label": "wardrobe",
      "id": "95",
      "bbox_min": [
        2.2099525453607627,
        0.45300000430076126,
        -3.9340284274658187e-10
      ],
      "bbox_max": [
        4.017952654639238,
        0.8710000017484556,
        2.500000000393403
      ],
      "center": [
        3.1139526,
        0.6620000030246085,
        1.2500000000000002
      ]
    }
  },
  {
    "scene_id": "0331_840475",
    "object_label": "wardrobe",
    "preset": "occupancy_50",
    "distance": 3.0177669539161274,
    "init_camera": {
      "intrinsics": [
        [
          320.0,
          0.0,
          320.0
        ],
        [
          0.0,
          320.0,
          240.0
        ],
        [
          0.0,
          0.0,
          1.0
        ]
      ],
      "extrinsics": [
        [
          -1.0142976006762479e-16,
          -0.1578746356813497,
          0.9874591634130907,
          0.9248060933239444
        ],
        [
          -1.0,
          1.6013186417922978e-17,
          -1.0015774602156729e-16,
          0.6620000030246087
        ],
        [
          0.0,
          -0.9874591634130908,
          -0.15787463568134968,
          1.6
        ],
        [
          0.0,
          0.0,
          0.0,
          1.0
        ]
      ]
    },
    "target_region": {
      "type": "circle",
      "params": {
        "center": [
          3.1139526,
          0.6620000030246084
        ],
        "radius": 3.0177669539161274,
        "object_center": [
          3.1139526,
          0.6620000030246084,
          1.25
        ],
        "object_height": 2.5000000007868057,
        "occupancy_ratio": 0.5,
        "fov_vertical": 90.0,
        "sample_distance": 3.0177669539161274,
        "min_distance": 2.5000000007868057
      },
      "sample_point": [
        1.811112500646958,
        -2.060044277229843,
        1.5
      ],
      "sample_forward": [
        0.4302493728467546,
        0.8989267716139079,
        -0.08255989608018774
      ],
      "height": 1.5
    },
    "sample_target": [
      1.811112500646958,
      -2.060044277229843,
      1.5
    ],
    "camera_params": {
      "forward": [
        0.4302493728467546,
        0.8989267716139079,
        -0.08255989608018774
      ]
    },
    "task_type": "screen_occupancy",
    "task_description": "Position where wardrobe occupies 50% of vertical FOV",
    "target_object": {
      "label": "wardrobe",
      "id": "95",
      "bbox_min": [
        2.2099525453607627,
        0.45300000430076126,
        -3.9340284274658187e-10
      ],
      "bbox_max": [
        4.017952654639238,
        0.8710000017484556,
        2.500000000393403
      ],
      "center": [
        3.1139526,
        0.6620000030246085,
        1.2500000000000002
      ]
    }
  },
  {
    "scene_id": "0331_840475",
    "object_label": "wardrobe",
    "preset": "occupancy_20",
    "distance": 7.8921893958276526,
    "init_camera": {
      "intrinsics": [
        [
          320.0,
          0.0,
          320.0
        ],
        [
          0.0,
          320.0,
          240.0
        ],
        [
          0.0,
          0.0,
          1.0
        ]
      ],
      "extrinsics": [
        [
          0.6427876096865393,
          -0.15012502259351723,
          0.7511901000577424,
          1.7723657867099878
        ],
        [
          -0.766044443118978,
          -0.12596985108870115,
          0.6303233359024757,
          -0.4637249971993431
        ],
        [
          0.0,
          -0.9806090322896207,
          -0.1959742988047504,
          1.6
        ],
        [
          0.0,
          0.0,
          0.0,
          1.0
        ]
      ]
    },
    "target_region": {
      "type": "circle",
      "params": {
        "center": [
          3.1139526,
          0.6620000030246084
        ],
        "radius": 7.8921893958276526,
        "object_center": [
          3.1139526,
          0.6620000030246084,
          1.25
        ],
        "object_height": 2.5000000007868057,
        "occupancy_ratio": 0.2,
        "fov_vertical": 90.0,
        "sample_distance": 7.8921893958276526,
        "min_distance": 2.5000000007868057
      },
      "sample_point": [
        -4.308688692474095,
        -2.0196132619472333,
        1.5
      ],
      "sample_forward": [
        0.9400332009071798,
        0.33961030874851905,
        -0.03166100731084401
      ],
      "height": 1.5
    },
    "sample_target": [
      -4.308688692474095,
      -2.0196132619472333,
      1.5
    ],
    "camera_params": {
      "forward": [
        0.9400332009071798,
        0.33961030874851905,
        -0.03166100731084401
      ]
    },
    "task_type": "screen_occupancy",
    "task_description": "Position where wardrobe occupies 20% of vertical FOV",
    "target_object": {
      "label": "wardrobe",
      "id": "95",
      "bbox_min": [
        2.2099525453607627,
        0.45300000430076126,
        -3.9340284274658187e-10
      ],
      "bbox_max": [
        4.017952654639238,
        0.8710000017484556,
        2.500000000393403
      ],
      "center": [
        3.1139526,
        0.6620000030246085,
        1.2500000000000002
      ]
    }
  },
  {
    "scene_id": "0331_840475",
    "object_label": "wardrobe",
    "preset": "occupancy_30",
    "distance": 5.206624714251663,
    "init_camera": {
      "intrinsics": [
        [
          320.0,
          0.0,
          320.0
        ],
        [
          0.0,
          320.0,
          240.0
        ],
        [
          0.0,
          0.0,
          1.0
        ]
      ],
      "extrinsics": [
        [
          0.6427876096865393,
          -0.15012502259351723,
          0.7511901000577424,
          1.7723657867099878
        ],
        [
          -0.766044443118978,
          -0.12596985108870115,
          0.6303233359024757,
          -0.4637249971993431
        ],
        [
          0.0,
          -0.9806090322896207,
          -0.1959742988047504,
          1.6
        ],
        [
          0.0,
          0.0,
          0.0,
          1.0
        ]
      ]
    },
    "target_region": {
      "type": "circle",
      "params": {
        "center": [
          3.1139526,
          0.6620000030246084
        ],
        "radius": 5.206624714251663,
        "object_center": [
          3.1139526,
          0.6620000030246084,
          1.25
        ],
        "object_height": 2.5000000007868057,
        "occupancy_ratio": 0.3,
        "fov_vertical": 90.0,
        "sample_distance": 5.206624714251663,
        "min_distance": 2.5000000007868057
      },
      "sample_point": [
        6.100534539265549,
        -3.6028879480368317,
        1.5
      ],
      "sample_forward": [
        -0.5729518149967955,
        0.8181845809057336,
        -0.04796049686968358
      ],
      "height": 1.5
    },
    "sample_target": [
      6.100534539265549,
      -3.6028879480368317,
      1.5
    ],
    "camera_params": {
      "forward": [
        -0.5729518149967955,
        0.8181845809057336,
        -0.04796049686968358
      ]
    },
    "task_type": "screen_occupancy",
    "task_description": "Position where wardrobe occupies 30% of vertical FOV",
    "target_object": {
      "label": "wardrobe",
      "id": "95",
      "bbox_min": [
        2.2099525453607627,
        0.45300000430076126,
        -3.9340284274658187e-10
      ],
      "bbox_max": [
        4.017952654639238,
        0.8710000017484556,
        2.500000000393403
      ],
      "center": [
        3.1139526,
        0.6620000030246085,
        1.2500000000000002
      ]
    }
  },
  {
    "scene_id": "0331_840475",
    "object_label": "wardrobe",
    "preset": "occupancy_50",
    "distance": 3.0177669539161274,
    "init_camera": {
      "intrinsics": [
        [
          320.0,
          0.0,
          320.0
        ],
        [
          0.0,
          320.0,
          240.0
        ],
        [
          0.0,
          0.0,
          1.0
        ]
      ],
      "extrinsics": [
        [
          0.6427876096865393,
          -0.15012502259351723,
          0.7511901000577424,
          1.7723657867099878
        ],
        [
          -0.766044443118978,
          -0.12596985108870115,
          0.6303233359024757,
          -0.4637249971993431
        ],
        [
          0.0,
          -0.9806090322896207,
          -0.1959742988047504,
          1.6
        ],
        [
          0.0,
          0.0,
          0.0,
          1.0
        ]
      ]
    },
    "target_region": {
      "type": "circle",
      "params": {
        "center": [
          3.1139526,
          0.6620000030246084
        ],
        "radius": 3.0177669539161274,
        "object_center": [
          3.1139526,
          0.6620000030246084,
          1.25
        ],
        "object_height": 2.5000000007868057,
        "occupancy_ratio": 0.5,
        "fov_vertical": 90.0,
        "sample_distance": 3.0177669539161274,
        "min_distance": 2.5000000007868057
      },
      "sample_point": [
        0.2632187399692514,
        1.6520676004251147,
        1.5
      ],
      "sample_forward": [
        0.9414251649456442,
        -0.3269595118149878,
        -0.08255989608018773
      ],
      "height": 1.5
    },
    "sample_target": [
      0.2632187399692514,
      1.6520676004251147,
      1.5
    ],
    "camera_params": {
      "forward": [
        0.9414251649456442,
        -0.3269595118149878,
        -0.08255989608018773
      ]
    },
    "task_type": "screen_occupancy",
    "task_description": "Position where wardrobe occupies 50% of vertical FOV",
    "target_object": {
      "label": "wardrobe",
      "id": "95",
      "bbox_min": [
        2.2099525453607627,
        0.45300000430076126,
        -3.9340284274658187e-10
      ],
      "bbox_max": [
        4.017952654639238,
        0.8710000017484556,
        2.500000000393403
      ],
      "center": [
        3.1139526,
        0.6620000030246085,
        1.2500000000000002
      ]
    }
  },
  {
    "scene_id": "0331_840475",
    "object_label": "wardrobe",
    "preset": "occupancy_30",
    "distance": 5.206624714251663,
    "init_camera": {
      "intrinsics": [
        [
          320.0,
          0.0,
          320.0
        ],
        [
          0.0,
          320.0,
          240.0
        ],
        [
          0.0,
          0.0,
          1.0
        ]
      ],
      "extrinsics": [
        [
          0.9848077530122082,
          0.030805717567602652,
          -0.170893818999374,
          -3.289842131090391
        ],
        [
          0.17364817766693005,
          -0.17470790598142313,
          0.969187008776191,
          -5.135117298844829
        ],
        [
          -0.0,
          -0.9841382806052875,
          -0.17740305704036974,
          1.6
        ],
        [
          0.0,
          0.0,
          0.0,
          1.0
        ]
      ]
    },
    "target_region": {
      "type": "circle",
      "params": {
        "center": [
          -3.627,
          -3.223000006556709
        ],
        "radius": 5.206624714251663,
        "object_center": [
          -3.627,
          -3.223000006556709,
          1.25
        ],
        "object_height": 2.5000000007868057,
        "occupancy_ratio": 0.3,
        "fov_vertical": 90.0,
        "sample_distance": 5.206624714251663,
        "min_distance": 2.5000000007868057
      },
      "sample_point": [
        -8.273053690433219,
        -0.8728668144443805,
        1.5
      ],
      "sample_forward": [
        0.891308173905617,
        -0.4508542224145712,
        -0.04796049686968358
      ],
      "height": 1.5
    },
    "sample_target": [
      -8.273053690433219,
      -0.8728668144443805,
      1.5
    ],
    "camera_params": {
      "forward": [
        0.891308173905617,
        -0.4508542224145712,
        -0.04796049686968358
      ]
    },
    "task_type": "screen_occupancy",
    "task_description": "Position where wardrobe occupies 30% of vertical FOV",
    "target_object": {
      "label": "wardrobe",
      "id": "98",
      "bbox_min": [
        -4.508000054639238,
        -4.023000014861873,
        -3.9340284274658187e-10
      ],
      "bbox_max": [
        -2.7459999453607624,
        -2.422999998251544,
        2.500000000393403
      ],
      "center": [
        -3.6270000000000002,
        -3.223000006556709,
        1.2500000000000002
      ]
    }
  },
  {
    "scene_id": "0331_840475",
    "object_label": "wardrobe",
    "preset": "occupancy_50",
    "distance": 3.0177669539161274,
    "init_camera": {
      "intrinsics": [
        [
          320.0,
          0.0,
          320.0
        ],
        [
          0.0,
          320.0,
          240.0
        ],
        [
          0.0,
          0.0,
          1.0
        ]
      ],
      "extrinsics": [
        [
          0.9848077530122082,
          0.030805717567602652,
          -0.170893818999374,
          -3.289842131090391
        ],
        [
          0.17364817766693005,
          -0.17470790598142313,
          0.969187008776191,
          -5.135117298844829
        ],
        [
          -0.0,
          -0.9841382806052875,
          -0.17740305704036974,
          1.6
        ],
        [
          0.0,
          0.0,
          0.0,
          1.0
        ]
      ]
    },
    "target_region": {
      "type": "circle",
      "params": {
        "center": [
          -3.627,
          -3.223000006556709
        ],
        "radius": 3.0177669539161274,
        "object_center": [
          -3.627,
          -3.223000006556709,
          1.25
        ],
        "object_height": 2.5000000007868057,
        "occupancy_ratio": 0.5,
        "fov_vertical": 90.0,
        "sample_distance": 3.0177669539161274,
        "min_distance": 2.5000000007868057
      },
      "sample_point": [
        -4.537077979411845,
        -6.100268756523919,
        1.5
      ],
      "sample_forward": [
        0.3005437736204368,
        0.9501880359682585,
        -0.08255989608018777
      ],
      "height": 1.5
    },
    "sample_target": [
      -4.537077979411845,
      -6.100268756523919,
      1.5
    ],
    "camera_params": {
      "forward": [
        0.3005437736204368,
        0.9501880359682585,
        -0.08255989608018777
      ]
    },
    "task_type": "screen_occupancy",
    "task_description": "Position where wardrobe occupies 50% of vertical FOV",
    "target_object": {
      "label": "wardrobe",
      "id": "98",
      "bbox_min": [
        -4.508000054639238,
        -4.023000014861873,
        -3.9340284274658187e-10
      ],
      "bbox_max": [
        -2.7459999453607624,
        -2.422999998251544,
        2.500000000393403
      ],
      "center": [
        -3.6270000000000002,
        -3.223000006556709,
        1.2500000000000002
      ]
    }
  },
  {
    "scene_id": "0331_840475",
    "object_label": "wardrobe",
    "preset": "occupancy_20",
    "distance": 7.8921893958276526,
    "init_camera": {
      "intrinsics": [
        [
          320.0,
          0.0,
          320.0
        ],
        [
          0.0,
          320.0,
          240.0
        ],
        [
          0.0,
          0.0,
          1.0
        ]
      ],
      "extrinsics": [
        [
          0.766044443118978,
          0.11403248698606408,
          -0.6325918929912934,
          -2.378954074294395
        ],
        [
          0.6427876096865394,
          -0.13589862603809436,
          0.7538936611183459,
          -4.7103632222389304
        ],
        [
          -0.0,
          -0.9841382806052874,
          -0.17740305704036977,
          1.6
        ],
        [
          0.0,
          0.0,
          0.0,
          1.0
        ]
      ]
    },
    "target_region": {
      "type": "circle",
      "params": {
        "center": [
          -3.627,
          -3.223000006556709
        ],
        "radius": 7.8921893958276526,
        "object_center": [
          -3.627,
          -3.223000006556709,
          1.25
        ],
        "object_height": 2.5000000007868057,
        "occupancy_ratio": 0.2,
        "fov_vertical": 90.0,
        "sample_distance": 7.8921893958276526,
        "min_distance": 2.5000000007868057
      },
      "sample_point": [
        -2.7949962649005093,
        4.625211461312576,
        1.5
      ],
      "sample_forward": [
        -0.10536830535853794,
        -0.9939291226450367,
        -0.03166100731084401
      ],
      "height": 1.5
    },
    "sample_target": [
      -2.7949962649005093,
      4.625211461312576,
      1.5
    ],
    "camera_params": {
      "forward": [
        -0.10536830535853794,
        -0.9939291226450367,
        -0.03166100731084401
      ]
    },
    "task_type": "screen_occupancy",
    "task_description": "Position where wardrobe occupies 20% of vertical FOV",
    "target_object": {
      "label": "wardrobe",
      "id": "98",
      "bbox_min": [
        -4.508000054639238,
        -4.023000014861873,
        -3.9340284274658187e-10
      ],
      "bbox_max": [
        -2.7459999453607624,
        -2.422999998251544,
        2.500000000393403
      ],
      "center": [
        -3.6270000000000002,
        -3.223000006556709,
        1.2500000000000002
      ]
    }
  },
  {
    "scene_id": "0331_840475",
    "object_label": "wardrobe",
    "preset": "occupancy_30",
    "distance": 5.206624714251663,
    "init_camera": {
      "intrinsics": [
        [
          320.0,
          0.0,
          320.0
        ],
        [
          0.0,
          320.0,
          240.0
        ],
        [
          0.0,
          0.0,
          1.0
        ]
      ],
      "extrinsics": [
        [
          0.766044443118978,
          0.11403248698606408,
          -0.6325918929912934,
          -2.378954074294395
        ],
        [
          0.6427876096865394,
          -0.13589862603809436,
          0.7538936611183459,
          -4.7103632222389304
        ],
        [
          -0.0,
          -0.9841382806052874,
          -0.17740305704036977,
          1.6
        ],
        [
          0.0,
          0.0,
          0.0,
          1.0
        ]
      ]
    },
    "target_region": {
      "type": "circle",
      "params": {
        "center": [
          -3.627,
          -3.223000006556709
        ],
        "radius": 5.206624714251663,
        "object_center": [
          -3.627,
          -3.223000006556709,
          1.25
        ],
        "object_height": 2.5000000007868057,
        "occupancy_ratio": 0.3,
        "fov_vertical": 90.0,
        "sample_distance": 5.206624714251663,
        "min_distance": 2.5000000007868057
      },
      "sample_point": [
        -8.686680453638113,
        -1.9947595487763008,
        1.5
      ],
      "sample_forward": [
        0.9706591542332397,
