[
  {
    "scene_id": "0354_840359",
    "object_label": "wardrobe",
    "preset": "closer",
    "distance": 0.8603000890042793,
    "init_camera": {
      "intrinsics": [
        [
          320.0,
          0.0,
          320.0
        ],
        [
          0.0,
          320.0,
          240.0
        ],
        [
          0.0,
          0.0,
          1.0
        ]
      ],
      "extrinsics": [
        [
          -0.3420201433256687,
          0.2700186879150132,
          -0.9000622921421293,
          1.258791297021681
        ],
        [
          0.9396926207859084,
          0.09827876509667992,
          -0.32759588332514583,
          -1.4491865965941102
        ],
        [
          0.0,
          -0.9578262851413749,
          -0.28734788583226717,
          0.9800000003934025
        ],
        [
          0.0,
          0.0,
          0.0,
          1.0
        ]
      ]
    },
    "target_region": {
      "type": "point",
      "params": {
        "delta": 0.5,
        "start_position": [
          1.258791297021681,
          -1.4491865965941102,
          0.9800000003934025
        ],
        "sample_distance": 0.8603000890042793,
        "min_distance": 0.8603000890042793,
        "min_distance_enforced": true
      },
      "sample_point": [
        0.8456085352987814,
        -1.5995728231731505,
        0.9800000003934025
      ],
      "sample_forward": [
        -0.8558560429910379,
        -0.3115061244655931,
        -0.4128854176356308
      ],
      "height": 0.9800000003934025
    },
    "sample_target": [
      0.8456085352987814,
      -1.5995728231731505,
      0.9800000003934025
    ],
    "camera_params": {
      "forward": [
        -0.8558560429910379,
        -0.3115061244655931,
        -0.4128854176356308
      ]
    },
    "task_type": "delta_control",
    "task_description": "Move 0.5m toward wardrobe",
    "target_object": {
      "label": "wardrobe",
      "id": "105",
      "bbox_min": [
        -0.39295915450213964,
        -2.179812901358964,
        0.2999999996065975
      ],
      "bbox_max": [
        0.4673409345021397,
        -1.6078126644759951,
        0.8800000003934025
      ],
      "center": [
        0.03719089000000003,
        -1.8938127829174796,
        0.5900000000000001
      ]
    }
  },
  {
    "scene_id": "0354_840359",
    "object_label": "wardrobe",
    "preset": "closer",
    "distance": 0.8603000890042793,
    "init_camera": {
      "intrinsics": [
        [
          320.0,
          0.0,
          320.0
        ],
        [
          0.0,
          320.0,
          240.0
        ],
        [
          0.0,
          0.0,
          1.0
        ]
      ],
      "extrinsics": [
        [
          -0.3420201433256687,
          0.2700186879150132,
          -0.9000622921421293,
          1.258791297021681
        ],
        [
          0.9396926207859084,
          0.09827876509667992,
          -0.32759588332514583,
          -1.4491865965941102
        ],
        [
          0.0,
          -0.9578262851413749,
          -0.28734788583226717,
          0.9800000003934025
        ],
        [
          0.0,
          0.0,
          0.0,
          1.0
        ]
      ]
    },
    "target_region": {
      "type": "point",
      "params": {
        "delta": 0.7,
        "start_position": [
          1.258791297021681,
          -1.4491865965941102,
          0.9800000003934025
        ],
        "sample_distance": 0.8603000890042793,
        "min_distance": 0.8603000890042793,
        "min_distance_enforced": true
      },
      "sample_point": [
        0.8456085352987814,
        -1.5995728231731505,
        0.9800000003934025
      ],
      "sample_forward": [
        -0.8558560429910379,
        -0.3115061244655931,
        -0.4128854176356308
      ],
      "height": 0.9800000003934025
    },
    "sample_target": [
      0.8456085352987814,
      -1.5995728231731505,
      0.9800000003934025
    ],
    "camera_params": {
      "forward": [
        -0.8558560429910379,
        -0.3115061244655931,
        -0.4128854176356308
      ]
    },
    "task_type": "delta_control",
    "task_description": "Move 0.7m toward wardrobe",
    "target_object": {
      "label": "wardrobe",
      "id": "105",
      "bbox_min": [
        -0.39295915450213964,
        -2.179812901358964,
        0.2999999996065975
      ],
      "bbox_max": [
        0.4673409345021397,
        -1.6078126644759951,
        0.8800000003934025
      ],
      "center": [
        0.03719089000000003,
        -1.8938127829174796,
        0.5900000000000001
      ]
    }
  },
  {
    "scene_id": "0354_840359",
    "object_label": "wardrobe",
    "preset": "closer",
    "distance": 0.8603000890042793,
    "init_camera": {
      "intrinsics": [
        [
          320.0,
          0.0,
          320.0
        ],
        [
          0.0,
          320.0,
          240.0
        ],
        [
          0.0,
          0.0,
          1.0
        ]
      ],
      "extrinsics": [
        [
          -0.3420201433256687,
          0.2700186879150132,
          -0.9000622921421293,
          1.258791297021681
        ],
        [
          0.9396926207859084,
          0.09827876509667992,
          -0.32759588332514583,
          -1.4491865965941102
        ],
        [
          0.0,
          -0.9578262851413749,
          -0.28734788583226717,
          0.9800000003934025
        ],
        [
          0.0,
          0.0,
          0.0,
          1.0
        ]
      ]
    },
    "target_region": {
      "type": "point",
      "params": {
        "delta": 1.0,
        "start_position": [
          1.258791297021681,
          -1.4491865965941102,
          0.9800000003934025
        ],
        "sample_distance": 0.8603000890042793,
        "min_distance": 0.8603000890042793,
        "min_distance_enforced": true
      },
      "sample_point": [
        0.8456085352987814,
        -1.5995728231731505,
        0.9800000003934025
      ],
      "sample_forward": [
        -0.8558560429910379,
        -0.3115061244655931,
        -0.4128854176356308
      ],
      "height": 0.9800000003934025
    },
    "sample_target": [
      0.8456085352987814,
      -1.5995728231731505,
      0.9800000003934025
    ],
    "camera_params": {
      "forward": [
        -0.8558560429910379,
        -0.3115061244655931,
        -0.4128854176356308
      ]
    },
    "task_type": "delta_control",
    "task_description": "Move 1.0m toward wardrobe",
    "target_object": {
      "label": "wardrobe",
      "id": "105",
      "bbox_min": [
        -0.39295915450213964,
        -2.179812901358964,
        0.2999999996065975
      ],
      "bbox_max": [
        0.4673409345021397,
        -1.6078126644759951,
        0.8800000003934025
      ],
      "center": [
        0.03719089000000003,
        -1.8938127829174796,
        0.5900000000000001
      ]
    }
  },
  {
    "scene_id": "0354_840359",
    "object_label": "wardrobe",
    "preset": "closer",
    "distance": 0.8603000890042793,
    "init_camera": {
      "intrinsics": [
        [
          320.0,
          0.0,
          320.0
        ],
        [
          0.0,
          320.0,
          240.0
        ],
        [
          0.0,
          0.0,
          1.0
        ]
      ],
      "extrinsics": [
        [
          -0.3420201433256687,
          0.2700186879150132,
          -0.9000622921421293,
          1.258791297021681
        ],
        [
          0.9396926207859084,
          0.09827876509667992,
          -0.32759588332514583,
          -1.4491865965941102
        ],
        [
          0.0,
          -0.9578262851413749,
          -0.28734788583226717,
          0.9800000003934025
        ],
        [
          0.0,
          0.0,
          0.0,
          1.0
        ]
      ]
    },
    "target_region": {
      "type": "point",
      "params": {
        "delta": 1.5,
        "start_position": [
          1.258791297021681,
          -1.4491865965941102,
          0.9800000003934025
        ],
        "sample_distance": 0.8603000890042793,
        "min_distance": 0.8603000890042793,
        "min_distance_enforced": true
      },
      "sample_point": [
        0.8456085352987814,
        -1.5995728231731505,
        0.9800000003934025
      ],
      "sample_forward": [
        -0.8558560429910379,
        -0.3115061244655931,
        -0.4128854176356308
      ],
      "height": 0.9800000003934025
    },
    "sample_target": [
      0.8456085352987814,
      -1.5995728231731505,
      0.9800000003934025
    ],
    "camera_params": {
      "forward": [
        -0.8558560429910379,
        -0.3115061244655931,
        -0.4128854176356308
      ]
    },
    "task_type": "delta_control",
    "task_description": "Move 1.5m toward wardrobe",
    "target_object": {
      "label": "wardrobe",
      "id": "105",
      "bbox_min": [
        -0.39295915450213964,
        -2.179812901358964,
        0.2999999996065975
      ],
      "bbox_max": [
        0.4673409345021397,
        -1.6078126644759951,
        0.8800000003934025
      ],
      "center": [
        0.03719089000000003,
        -1.8938127829174796,
        0.5900000000000001
      ]
    }
  },
  {
    "scene_id": "0354_840359",
    "object_label": "wardrobe",
    "preset": "occupancy_20",
    "distance": 1.8309879417396084,
    "init_camera": {
      "intrinsics": [
        [
          320.0,
          0.0,
          320.0
        ],
        [
          0.0,
          320.0,
          240.0
        ],
        [
          0.0,
          0.0,
          1.0
        ]
      ],
      "extrinsics": [
        [
          -0.3420201433256687,
          0.2700186879150132,
          -0.9000622921421293,
          1.258791297021681
        ],
        [
          0.9396926207859084,
          0.09827876509667992,
          -0.32759588332514583,
          -1.4491865965941102
        ],
        [
          0.0,
          -0.9578262851413749,
          -0.28734788583226717,
          0.9800000003934025
        ],
        [
          0.0,
          0.0,
          0.0,
          1.0
        ]
      ]
    },
    "target_region": {
      "type": "circle",
      "params": {
        "center": [
          0.03719089000000003,
          -1.8938127829174798
        ],
        "radius": 1.8309879417396084,
        "object_center": [
          0.03719089000000003,
          -1.8938127829174798,
          0.5900000000000001
        ],
        "object_height": 0.580000000786805,
        "occupancy_ratio": 0.2,
        "fov_vertical": 90.0,
        "sample_distance": 1.8309879417396084,
        "min_distance": 0.8603000890042793
      },
      "sample_point": [
        0.947494282447005,
        -3.4824803304224075,
        1.5
      ],
      "sample_forward": [
        -0.44521109451778135,
        0.7769853694033384,
        -0.44506271136934944
      ],
      "height": 1.5
    },
    "sample_target": [
      0.947494282447005,
      -3.4824803304224075,
      1.5
    ],
    "camera_params": {
      "forward": [
        -0.44521109451778135,
        0.7769853694033384,
        -0.44506271136934944
      ]
    },
    "task_type": "screen_occupancy",
    "task_description": "Position where wardrobe occupies 20% of vertical FOV",
    "target_object": {
      "label": "wardrobe",
      "id": "105",
      "bbox_min": [
        -0.39295915450213964,
        -2.179812901358964,
        0.2999999996065975
      ],
      "bbox_max": [
        0.4673409345021397,
        -1.6078126644759951,
        0.8800000003934025
      ],
      "center": [
        0.03719089000000003,
        -1.8938127829174796,
        0.5900000000000001
      ]
    }
  },
  {
    "scene_id": "0354_840359",
    "object_label": "wardrobe",
    "preset": "occupancy_30",
    "distance": 1.2079369349648605,
    "init_camera": {
      "intrinsics": [
        [
          320.0,
          0.0,
          320.0
        ],
        [
          0.0,
          320.0,
          240.0
        ],
        [
          0.0,
          0.0,
          1.0
        ]
      ],
      "extrinsics": [
        [
          -0.3420201433256687,
          0.2700186879150132,
          -0.9000622921421293,
          1.258791297021681
        ],
        [
          0.9396926207859084,
          0.09827876509667992,
          -0.32759588332514583,
          -1.4491865965941102
        ],
        [
          0.0,
          -0.9578262851413749,
          -0.28734788583226717,
          0.9800000003934025
        ],
        [
          0.0,
          0.0,
          0.0,
          1.0
        ]
      ]
    },
    "target_region": {
      "type": "circle",
      "params": {
        "center": [
          0.03719089000000003,
          -1.8938127829174798
        ],
        "radius": 1.2079369349648605,
        "object_center": [
          0.03719089000000003,
          -1.8938127829174798,
          0.5900000000000001
        ],
        "object_height": 0.580000000786805,
        "occupancy_ratio": 0.3,
        "fov_vertical": 90.0,
        "sample_distance": 1.2079369349648605,
        "min_distance": 0.8603000890042793
      },
      "sample_point": [
        -0.18844658584831891,
        -3.0804885466984295,
        1.5
      ],
      "sample_forward": [
        0.149196301236967,
        0.7846552708411249,
        -0.6017113673834402
      ],
      "height": 1.5
    },
    "sample_target": [
      -0.18844658584831891,
      -3.0804885466984295,
      1.5
    ],
    "camera_params": {
      "forward": [
        0.149196301236967,
        0.7846552708411249,
        -0.6017113673834402
      ]
    },
    "task_type": "screen_occupancy",
    "task_description": "Position where wardrobe occupies 30% of vertical FOV",
    "target_object": {
      "label": "wardrobe",
      "id": "105",
      "bbox_min": [
        -0.39295915450213964,
        -2.179812901358964,
        0.2999999996065975
      ],
      "bbox_max": [
        0.4673409345021397,
        -1.6078126644759951,
        0.8800000003934025
      ],
      "center": [
        0.03719089000000003,
        -1.8938127829174796,
        0.5900000000000001
      ]
    }
  },
  {
    "scene_id": "0354_840359",
    "object_label": "wardrobe",
    "preset": "left",
    "distance": 1.5,
    "init_camera": {
      "intrinsics": [
        [
          320.0,
          0.0,
          320.0
        ],
        [
          0.0,
          320.0,
          240.0
        ],
        [
          0.0,
          0.0,
          1.0
        ]
      ],
      "extrinsics": [
        [
          -0.6427876096865393,
          0.33568239669651345,
          -0.6885792745803129,
          0.6500264444951824
        ],
        [
          0.7660444431189781,
          0.2816709752607498,
          -0.5777866153366594,
          -1.3795826951682482
        ],
        [
          0.0,
          -0.8988764043202728,
          -0.43820224754815823,
          0.9800000003934025
        ],
        [
          0.0,
          0.0,
          0.0,
          1.0
        ]
      ]
    },
    "target_region": {
      "type": "circle",
      "params": {
        "center": [
          0.03719089000000003,
          -1.8938127829174798
        ],
        "radius": 1.5,
        "object_center": [
          0.03719089000000003,
          -1.8938127829174798,
          0.5900000000000001
        ],
        "sample_distance": 1.5,
        "min_distance": 0.8603000890042793,
        "requested_distance": 1.5
      },
      "sample_point": [
        0.4115381032323504,
        -3.3463499301000135,
        1.5
      ],
      "sample_forward": [
        -0.21336994339068632,
        0.8279152559761138,
        -0.518680630233539
      ],
      "height": 1.5
    },
    "sample_target": [
      0.4115381032323504,
      -3.3463499301000135,
      1.5
    ],
    "camera_params": {
      "forward": [
        -0.21336994339068632,
        0.8279152559761138,
        -0.518680630233539
      ]
    },
    "task_type": "absolute_positioning",
    "task_description": "Move to any position 1.5m from wardrobe",
    "target_object": {
      "label": "wardrobe",
      "id": "105",
      "bbox_min": [
        -0.39295915450213964,
        -2.179812901358964,
        0.2999999996065975
      ],
      "bbox_max": [
        0.4673409345021397,
        -1.6078126644759951,
        0.8800000003934025
      ],
      "center": [
        0.03719089000000003,
        -1.8938127829174796,
        0.5900000000000001
      ]
    }
  },
  {
    "scene_id": "0354_840359",
    "object_label": "wardrobe",
    "preset": "occupancy_20",
    "distance": 1.8309879417396084,
    "init_camera": {
      "intrinsics": [
        [
          320.0,
          0.0,
          320.0
        ],
        [
          0.0,
          320.0,
          240.0
        ],
        [
          0.0,
          0.0,
          1.0
        ]
      ],
      "extrinsics": [
        [
          -0.6427876096865393,
          0.33568239669651345,
          -0.6885792745803129,
          0.6500264444951824
        ],
        [
          0.7660444431189781,
          0.2816709752607498,
          -0.5777866153366594,
          -1.3795826951682482
        ],
        [
          0.0,
          -0.8988764043202728,
          -0.43820224754815823,
          0.9800000003934025
        ],
        [
          0.0,
          0.0,
          0.0,
          1.0
        ]
      ]
    },
    "target_region": {
      "type": "circle",
      "params": {
        "center": [
          0.03719089000000003,
          -1.8938127829174798
        ],
        "radius": 1.8309879417396084,
        "object_center": [
          0.03719089000000003,
          -1.8938127829174798,
          0.5900000000000001
        ],
        "object_height": 0.580000000786805,
        "occupancy_ratio": 0.2,
        "fov_vertical": 90.0,
        "sample_distance": 1.8309879417396084,
        "min_distance": 0.8603000890042793
      },
      "sample_point": [
        -0.14964593864638973,
        -0.07238234442766256,
        1.5
      ],
      "sample_forward": [
        0.0913781379571569,
        -0.8908250214559793,
        -0.44506271136934944
      ],
      "height": 1.5
    },
    "sample_target": [
      -0.14964593864638973,
      -0.07238234442766256,
      1.5
    ],
    "camera_params": {
      "forward": [
        0.0913781379571569,
        -0.8908250214559793,
        -0.44506271136934944
      ]
    },
    "task_type": "screen_occupancy",
    "task_description": "Position where wardrobe occupies 20% of vertical FOV",
    "target_object": {
      "label": "wardrobe",
      "id": "105",
      "bbox_min": [
        -0.39295915450213964,
        -2.179812901358964,
        0.2999999996065975
      ],
      "bbox_max": [
        0.4673409345021397,
        -1.6078126644759951,
        0.8800000003934025
      ],
      "center": [
        0.03719089000000003,
        -1.8938127829174796,
        0.5900000000000001
      ]
    }
  },
  {
    "scene_id": "0354_840359",
    "object_label": "wardrobe",
    "preset": "occupancy_30",
    "distance": 1.2079369349648605,
    "init_camera": {
      "intrinsics": [
        [
          320.0,
          0.0,
          320.0
        ],
        [
          0.0,
          320.0,
          240.0
        ],
        [
          0.0,
          0.0,
          1.0
        ]
      ],
      "extrinsics": [
        [
          -0.6427876096865393,
          0.33568239669651345,
          -0.6885792745803129,
          0.6500264444951824
        ],
        [
          0.7660444431189781,
          0.2816709752607498,
          -0.5777866153366594,
          -1.3795826951682482
        ],
        [
          0.0,
          -0.8988764043202728,
          -0.43820224754815823,
          0.9800000003934025
        ],
        [
          0.0,
          0.0,
          0.0,
          1.0
        ]
      ]
    },
    "target_region": {
      "type": "circle",
      "params": {
        "center": [
          0.03719089000000003,
          -1.8938127829174798
        ],
        "radius": 1.2079369349648605,
        "object_center": [
          0.03719089000000003,
          -1.8938127829174798,
          0.5900000000000001
        ],
        "object_height": 0.580000000786805,
        "occupancy_ratio": 0.3,
        "fov_vertical": 90.0,
        "sample_distance": 1.2079369349648605,
        "min_distance": 0.8603000890042793
      },
      "sample_point": [
        0.6804384772608925,
        -2.916233528176173,
        1.5
      ],
      "sample_forward": [
        -0.4253289948317038,
        0.6760463567811037,
        -0.6017113673834402
      ],
      "height": 1.5
    },
    "sample_target": [
      0.6804384772608925,
      -2.916233528176173,
      1.5
    ],
    "camera_params": {
      "forward": [
        -0.4253289948317038,
        0.6760463567811037,
        -0.6017113673834402
      ]
    },
    "task_type": "screen_occupancy",
    "task_description": "Position where wardrobe occupies 30% of vertical FOV",
    "target_object": {
      "label": "wardrobe",
      "id": "105",
      "bbox_min": [
        -0.39295915450213964,
        -2.179812901358964,
        0.2999999996065975
      ],
      "bbox_max": [
        0.4673409345021397,
        -1.6078126644759951,
        0.8800000003934025
      ],
      "center": [
        0.03719089000000003,
        -1.8938127829174796,
        0.5900000000000001
      ]
    }
  },
  {
    "scene_id": "0354_840359",
    "object_label": "wardrobe",
    "preset": "occupancy_20",
    "distance": 1.8309879417396084,
    "init_camera": {
      "intrinsics": [
        [
          320.0,
          0.0,
          320.0
        ],
        [
          0.0,
          320.0,
          240.0
        ],
        [
          0.0,
          0.0,
          1.0
        ]
      ],
      "extrinsics": [
        [
          -0.34202014332566866,
          0.3414328754155559,
          -0.8754689104388315,
          0.9768835107859084
        ],
        [
          0.9396926207859084,
          0.12427140365118292,
          -0.3186446244251983,
          -1.551792639591811
        ],
        [
          0.0,
          -0.9316545549827095,
          -0.36334527680977186,
          0.9800000003934025
        ],
        [
          0.0,
          0.0,
          0.0,
          1.0
        ]
      ]
    },
    "target_region": {
      "type": "circle",
      "params": {
        "center": [
          0.03719089000000003,
          -1.8938127829174798
        ],
        "radius": 1.8309879417396084,
        "object_center": [
          0.03719089000000003,
          -1.8938127829174798,
          0.5900000000000001
        ],
        "object_height": 0.580000000786805,
        "occupancy_ratio": 0.2,
        "fov_vertical": 90.0,
        "sample_distance": 1.8309879417396084,
        "min_distance": 0.8603000890042793
      },
      "sample_point": [
        -1.0732686814569175,
        -3.3496274630727414,
        1.5
      ],
      "sample_forward": [
        0.5431034590534742,
        0.712009701979344,
        -0.44506271136934944
      ],
      "height": 1.5
    },
    "sample_target": [
      -1.0732686814569175,
      -3.3496274630727414,
      1.5
    ],
    "camera_params": {
      "forward": [
        0.5431034590534742,
        0.712009701979344,
        -0.44506271136934944
      ]
    },
    "task_type": "screen_occupancy",
    "task_description": "Position where wardrobe occupies 20% of vertical FOV",
    "target_object": {
      "label": "wardrobe",
      "id": "105",
      "bbox_min": [
        -0.39295915450213964,
        -2.179812901358964,
        0.2999999996065975
      ],
      "bbox_max": [
        0.4673409345021397,
        -1.6078126644759951,
        0.8800000003934025
      ],
      "center": [
        0.03719089000000003,
        -1.8938127829174796,
        0.5900000000000001
      ]
    }
  },
  {
    "scene_id": "0354_840359",
    "object_label": "wardrobe",
    "preset": "occupancy_30",
    "distance": 1.2079369349648605,
    "init_camera": {
      "intrinsics": [
        [
          320.0,
          0.0,
          320.0
        ],
        [
          0.0,
          320.0,
          240.0
        ],
        [
          0.0,
          0.0,
          1.0
        ]
      ],
      "extrinsics": [
        [
          -0.34202014332566866,
          0.3414328754155559,
          -0.8754689104388315,
          0.9768835107859084
        ],
        [
          0.9396926207859084,
          0.12427140365118292,
          -0.3186446244251983,
          -1.551792639591811
        ],
        [
          0.0,
          -0.9316545549827095,
          -0.36334527680977186,
          0.9800000003934025
        ],
        [
          0.0,
          0.0,
          0.0,
          1.0
        ]
      ]
    },
    "target_region": {
      "type": "circle",
      "params": {
        "center": [
          0.03719089000000003,
          -1.8938127829174798
        ],
        "radius": 1.2079369349648605,
        "object_center": [
          0.03719089000000003,
          -1.8938127829174798,
          0.5900000000000001
        ],
        "object_height": 0.580000000786805,
        "occupancy_ratio": 0.3,
        "fov_vertical": 90.0,
        "sample_distance": 1.2079369349648605,
        "min_distance": 0.8603000890042793
      },
      "sample_point": [
        -0.8349076663475439,
        -1.0580163083683036,
        1.5
      ],
      "sample_forward": [
        0.576650126190115,
        -0.552646417093674,
        -0.60171136738344
      ],
      "height": 1.5
    },
    "sample_target": [
      -0.8349076663475439,
      -1.0580163083683036,
      1.5
    ],
    "camera_params": {
      "forward": [
        0.576650126190115,
        -0.552646417093674,
        -0.60171136738344
      ]
    },
    "task_type": "screen_occupancy",
    "task_description": "Position where wardrobe occupies 30% of vertical FOV",
    "target_object": {
      "label": "wardrobe",
      "id": "105",
      "bbox_min": [
        -0.39295915450213964,
        -2.179812901358964,
        0.2999999996065975
      ],
      "bbox_max": [
        0.4673409345021397,
        -1.6078126644759951,
        0.8800000003934025
      ],
      "center": [
        0.03719089000000003,
        -1.8938127829174796,
        0.5900000000000001
      ]
    }
  },
  {
    "scene_id": "0354_840359",
    "object_label": "wardrobe",
    "preset": "occupancy_20",
    "distance": 1.8309879417396084,
    "init_camera": {
      "intrinsics": [
        [
          320.0,
          0.0,
          320.0
        ],
        [
          0.0,
          320.0,
          240.0
        ],
        [
          0.0,
          0.0,
          1.0
        ]
      ],
      "extrinsics": [
        [
          -0.49999999999999994,
          0.3146662400623512,
          -0.8068365121665124,
          0.9032162937844388
        ],
        [
          0.8660254037844387,
          0.18167263840488584,
          -0.4658272774913546,
          -1.3938127829174796
        ],
        [
          0.0,
          -0.9316545549827094,
          -0.36334527680977174,
          0.9800000003934025
        ],
        [
          0.0,
          0.0,
          0.0,
          1.0
        ]
      ]
    },
    "target_region": {
      "type": "circle",
      "params": {
        "center": [
          0.03719089000000003,
          -1.8938127829174798
        ],
        "radius": 1.8309879417396084,
        "object_center": [
          0.03719089000000003,
          -1.8938127829174798,
          0.5900000000000001
        ],
        "object_height": 0.580000000786805,
        "occupancy_ratio": 0.2,
        "fov_vertical": 90.0,
        "sample_distance": 1.8309879417396084,
        "min_distance": 0.8603000890042793
      },
      "sample_point": [
        -1.3304831406802833,
        -0.6764448892228108,
        1.5
      ],
      "sample_forward": [
        0.6689018817186964,
        -0.5953901708810366,
        -0.44506271136934944
      ],
      "height": 1.5
    },
    "sample_target": [
      -1.3304831406802833,
      -0.6764448892228108,
      1.5
    ],
    "camera_params": {
      "forward": [
        0.6689018817186964,
        -0.5953901708810366,
        -0.44506271136934944
      ]
    },
    "task_type": "screen_occupancy",
    "task_description": "Position where wardrobe occupies 20% of vertical FOV",
    "target_object": {
      "label": "wardrobe",
      "id": "105",
      "bbox_min": [
        -0.39295915450213964,
        -2.179812901358964,
        0.2999999996065975
      ],
      "bbox_max": [
        0.4673409345021397,
        -1.6078126644759951,
        0.8800000003934025
      ],
      "center": [
        0.03719089000000003,
        -1.8938127829174796,
        0.5900000000000001
      ]
    }
  },
  {
    "scene_id": "0354_840359",
    "object_label": "wardrobe",
    "preset": "occupancy_30",
    "distance": 1.2079369349648605,
    "init_camera": {
      "intrinsics": [
        [
          320.0,
          0.0,
          320.0
        ],
        [
          0.0,
          320.0,
          240.0
        ],
        [
          0.0,
          0.0,
          1.0
        ]
      ],
      "extrinsics": [
        [
          -0.49999999999999994,
          0.3146662400623512,
          -0.8068365121665124,
          0.9032162937844388
        ],
        [
          0.8660254037844387,
          0.18167263840488584,
          -0.4658272774913546,
          -1.3938127829174796
        ],
        [
          0.0,
          -0.9316545549827094,
          -0.36334527680977174,
          0.9800000003934025
        ],
        [
          0.0,
          0.0,
          0.0,
          1.0
        ]
      ]
    },
    "target_region": {
      "type": "circle",
      "params": {
        "center": [
          0.03719089000000003,
          -1.8938127829174798
        ],
        "radius": 1.2079369349648605,
        "object_center": [
          0.03719089000000003,
          -1.8938127829174798,
          0.5900000000000001
        ],
        "object_height": 0.580000000786805,
        "occupancy_ratio": 0.3,
        "fov_vertical": 90.0,
        "sample_distance": 1.2079369349648605,
        "min_distance": 0.8603000890042793
      },
      "sample_point": [
        0.020722490305000084,
        -3.1016374517596867,
        1.5
      ],
      "sample_forward": [
        0.010889256372632362,
        0.7986393769763684,
        -0.6017113673834402
      ],
      "height": 1.5
    },
    "sample_target": [
      0.020722490305000084,
      -3.1016374517596867,
      1.5
    ],
    "camera_params": {
      "forward": [
        0.010889256372632362,
        0.7986393769763684,
        -0.6017113673834402
      ]
    },
    "task_type": "screen_occupancy",
    "task_description": "Position where wardrobe occupies 30% of vertical FOV",
    "target_object": {
      "label": "wardrobe",
      "id": "105",
      "bbox_min": [
        -0.39295915450213964,
        -2.179812901358964,
        0.2999999996065975
      ],
      "bbox_max": [
        0.4673409345021397,
        -1.6078126644759951,
        0.8800000003934025
      ],
      "center": [
        0.03719089000000003,
        -1.8938127829174796,
        0.5900000000000001
      ]
    }
  },
  {
    "scene_id": "0354_840359",
    "object_label": "wardrobe",
    "preset": "occupancy_20",
    "distance": 7.89218939582765,
    "init_camera": {
      "intrinsics": [
        [
          320.0,
          0.0,
          320.0
        ],
        [
          0.0,
          320.0,
          240.0
        ],
        [
          0.0,
          0.0,
          1.0
        ]
      ],
      "extrinsics": [
        [
          0.9396926207859082,
          -0.06278117813141856,
          0.3362087180799191,
          0.047495773500626726
        ],
        [
          -0.3420201433256693,
          -0.1724898692828305,
          0.9237258611483609,
          -0.08672076891298053
        ],
        [
          0.0,
          -0.9830085292952566,
          -0.18355988486806385,
          1.6
        ],
        [
          0.0,
          0.0,
          0.0,
          1.0
        ]
      ]
    },
    "target_region": {
      "type": "circle",
      "params": {
        "center": [
          0.6885565997525942,
          1.6745793757112197
        ],
        "radius": 7.89218939582765,
        "object_center": [
          0.6885565997525942,
          1.6745793757112197,
          1.2499999996065976
        ],
        "object_height": 2.500000000786805,
        "occupancy_ratio": 0.2,
        "fov_vertical": 90.0,
        "sample_distance": 7.89218939582765,
        "min_distance": 2.500000000786805
      },
      "sample_point": [
        -6.2881999110936455,
        -2.0148002534376985,
        1.5
      ],
      "sample_forward": [
        0.8835645555821319,
        0.4672379016431146,
        -0.031661007360616146
      ],
      "height": 1.5
    },
    "sample_target": [
      -6.2881999110936455,
      -2.0148002534376985,
      1.5
    ],
    "camera_params": {
      "forward": [
        0.8835645555821319,
        0.4672379016431146,
        -0.031661007360616146
      ]
    },
    "task_type": "screen_occupancy",
    "task_description": "Position where wardrobe occupies 20% of vertical FOV",
    "target_object": {
      "label": "wardrobe",
      "id": "106",
      "bbox_min": [
        -0.3929382540412646,
        1.4655794355770604,
        -7.86804775998462e-10
      ],
      "bbox_max": [
        1.7700514535464529,
        1.8835793158453789,
        2.5
      ],
      "center": [
        0.6885565997525942,
        1.6745793757112195,
        1.2499999996065976
      ]
    }
  },
  {
    "scene_id": "0354_840359",
    "object_label": "wardrobe",
    "preset": "occupancy_30",
    "distance": 5.206624714251661,
    "init_camera": {
      "intrinsics": [
        [
          320.0,
          0.0,
          320.0
        ],
        [
          0.0,
          320.0,
          240.0
        ],
        [
          0.0,
          0.0,
          1.0
        ]
      ],
      "extrinsics": [
        [
          0.9396926207859082,
          -0.06278117813141856,
          0.3362087180799191,
          0.047495773500626726
        ],
        [
          -0.3420201433256693,
          -0.1724898692828305,
          0.9237258611483609,
          -0.08672076891298053
        ],
        [
          0.0,
          -0.9830085292952566,
          -0.18355988486806385,
          1.6
        ],
        [
          0.0,
          0.0,
          0.0,
          1.0
        ]
      ]
    },
    "target_region": {
      "type": "circle",
      "params": {
        "center": [
          0.6885565997525942,
          1.6745793757112197
        ],
        "radius": 5.206624714251661,
        "object_center": [
          0.6885565997525942,
          1.6745793757112197,
          1.2499999996065976
        ],
        "object_height": 2.500000000786805,
        "occupancy_ratio": 0.3,
        "fov_vertical": 90.0,
        "sample_distance": 5.206624714251661,
        "min_distance": 2.500000000786805
      },
      "sample_point": [
        -4.366555959798652,
        0.4276720313895024,
        1.5
      ],
      "sample_forward": [
        0.9697828403495129,
        0.23920918313564302,
        -0.0479604969449811
      ],
      "height": 1.5
    },
    "sample_target": [
      -4.366555959798652,
      0.4276720313895024,
      1.5
    ],
    "camera_params": {
      "forward": [
        0.9697828403495129,
        0.23920918313564302,
        -0.0479604969449811
      ]
    },
    "task_type": "screen_occupancy",
    "task_description": "Position where wardrobe occupies 30% of vertical FOV",
    "target_object": {
      "label": "wardrobe",
      "id": "106",
      "bbox_min": [
        -0.3929382540412646,
        1.4655794355770604,
        -7.86804775998462e-10
      ],
      "bbox_max": [
        1.7700514535464529,
        1.8835793158453789,
        2.5
      ],
      "center": [
        0.6885565997525942,
        1.6745793757112195,
        1.2499999996065976
      ]
    }
  },
  {
    "scene_id": "0354_840359",
    "object_label": "wardrobe",
    "preset": "occupancy_20",
    "distance": 7.89218939582765,
    "init_camera": {
      "intrinsics": [
        [
          320.0,
          0.0,
          320.0
        ],
        [
          0.0,
          320.0,
          240.0
        ],
        [
          0.0,
          0.0,
          1.0
        ]
      ],
      "extrinsics": [
        [
          0.984807753012208,
          -0.031874839500090825,
          0.1706976397431706,
          0.36308148834573906
        ],
        [
          -0.1736481776669303,
          -0.1807711977600976,
          0.968074420927097,
          -0.1712817063485268
        ],
        [
          0.0,
          -0.9830085292952565,
          -0.18355988486806388,
          1.6
        ],
        [
          0.0,
          0.0,
          0.0,
          1.0
        ]
      ]
    },
    "target_region": {
      "type": "circle",
      "params": {
        "center": [
          0.6885565997525942,
          1.6745793757112197
        ],
        "radius": 7.89218939582765,
        "object_center": [
          0.6885565997525942,
          1.6745793757112197,
          1.2499999996065976
        ],
        "object_height": 2.500000000786805,
        "occupancy_ratio": 0.2,
        "fov_vertical": 90.0,
        "sample_distance": 7.89218939582765,
        "min_distance": 2.500000000786805
      },
      "sample_point": [
        8.401694940117958,
        0.003008138222301282,
        1.5
      ],
      "sample_forward": [
        -0.9768229175338956,
        0.21169451668259903,
        -0.03166100736061615
      ],
      "height": 1.5
    },
    "sample_target": [
      8.401694940117958,
      0.003008138222301282,
      1.5
    ],
    "camera_params": {
      "forward": [
        -0.9768229175338956,
        0.21169451668259903,
        -0.03166100736061615
      ]
    },
    "task_type": "screen_occupancy",
    "task_description": "Position where wardrobe occupies 20% of vertical FOV",
    "target_object": {
      "label": "wardrobe",
      "id": "106",
      "bbox_min": [
        -0.3929382540412646,
        1.4655794355770604,
        -7.86804775998462e-10
      ],
      "bbox_max": [
        1.7700514535464529,
        1.8835793158453789,
        2.5
      ],
      "center": [
        0.6885565997525942,
        1.6745793757112195,
        1.2499999996065976
      ]
    }
  },
  {
    "scene_id": "0354_840359",
    "object_label": "wardrobe",
    "preset": "occupancy_30",
    "distance": 5.206624714251661,
    "init_camera": {
      "intrinsics": [
        [
          320.0,
          0.0,
          320.0
        ],
        [
          0.0,
          320.0,
          240.0
        ],
        [
          0.0,
          0.0,
          1.0
        ]
      ],
      "extrinsics": [
        [
          0.984807753012208,
          -0.031874839500090825,
          0.1706976397431706,
          0.36308148834573906
        ],
        [
          -0.1736481776669303,
          -0.1807711977600976,
          0.968074420927097,
          -0.1712817063485268
        ],
        [
          0.0,
          -0.9830085292952565,
          -0.18355988486806388,
          1.6
        ],
        [
          0.0,
          0.0,
          0.0,
          1.0
        ]
      ]
    },
    "target_region": {
      "type": "circle",
      "params": {
        "center": [
          0.6885565997525942,
          1.6745793757112197
        ],
        "radius": 5.206624714251661,
        "object_center": [
          0.6885565997525942,
          1.6745793757112197,
          1.2499999996065976
        ],
        "object_height": 2.500000000786805,
        "occupancy_ratio": 0.3,
        "fov_vertical": 90.0,
        "sample_distance": 5.206624714251661,
        "min_distance": 2.500000000786805
      },
      "sample_point": [
