[
  {
    "scene_id": "0305_840555",
    "object_label": "cabinet",
    "preset": "occupancy_20",
    "distance": 7.576501820093899,
    "init_camera": {
      "intrinsics": [
        [
          320.0,
          0.0,
          320.0
        ],
        [
          0.0,
          320.0,
          240.0
        ],
        [
          0.0,
          0.0,
          1.0
        ]
      ],
      "extrinsics": [
        [
          0.17364817766693003,
          -0.1193799821911745,
          0.9775452573896459,
          2.0864668915599265
        ],
        [
          -0.9848077530122081,
          -0.021049911816800077,
          0.1723676037413952,
          -0.007349272823117037
        ],
        [
          0.0,
          -0.9926254686761466,
          -0.12122161084336489,
          1.6
        ],
        [
          0.0,
          0.0,
          0.0,
          1.0
        ]
      ]
    },
    "target_region": {
      "type": "circle",
      "params": {
        "center": [
          4.505702002994232,
          0.41922715000000005
        ],
        "radius": 7.576501820093899,
        "object_center": [
          4.505702002994232,
          0.41922715000000005,
          1.3000000000000003
        ],
        "object_height": 2.400000000786805,
        "occupancy_ratio": 0.2,
        "fov_vertical": 90.0,
        "sample_distance": 7.576501820093899,
        "min_distance": 2.4299629
      },
      "sample_point": [
        -2.0974608159076533,
        4.134280395507779,
        1.5
      ],
      "sample_forward": [
        0.8712283794231127,
        -0.4901681069091945,
        -0.026388214354768798
      ],
      "height": 1.5
    },
    "sample_target": [
      -2.0974608159076533,
      4.134280395507779,
      1.5
    ],
    "camera_params": {
      "forward": [
        0.8712283794231127,
        -0.4901681069091945,
        -0.026388214354768798
      ]
    },
    "task_type": "screen_occupancy",
    "task_description": "Position where cabinet occupies 20% of vertical FOV",
    "target_object": {
      "label": "cabinet",
      "id": "133",
      "bbox_min": [
        4.137702000000001,
        -0.7957543,
        0.09999999960659761
      ],
      "bbox_max": [
        4.873702005988462,
        1.6342086,
        2.5000000003934026
      ],
      "center": [
        4.505702002994232,
        0.41922715,
        1.3
      ]
    }
  },
  {
    "scene_id": "0305_840555",
    "object_label": "cabinet",
    "preset": "occupancy_30",
    "distance": 4.99835972574714,
    "init_camera": {
      "intrinsics": [
        [
          320.0,
          0.0,
          320.0
        ],
        [
          0.0,
          320.0,
          240.0
        ],
        [
          0.0,
          0.0,
          1.0
        ]
      ],
      "extrinsics": [
        [
          0.17364817766693003,
          -0.1193799821911745,
          0.9775452573896459,
          2.0864668915599265
        ],
        [
          -0.9848077530122081,
          -0.021049911816800077,
          0.1723676037413952,
          -0.007349272823117037
        ],
        [
          0.0,
          -0.9926254686761466,
          -0.12122161084336489,
          1.6
        ],
        [
          0.0,
          0.0,
          0.0,
          1.0
        ]
      ]
    },
    "target_region": {
      "type": "circle",
      "params": {
        "center": [
          4.505702002994232,
          0.41922715000000005
        ],
        "radius": 4.99835972574714,
        "object_center": [
          4.505702002994232,
          0.41922715000000005,
          1.3000000000000003
        ],
        "object_height": 2.400000000786805,
        "occupancy_ratio": 0.3,
        "fov_vertical": 90.0,
        "sample_distance": 4.99835972574714,
        "min_distance": 2.4299629
      },
      "sample_point": [
        9.327554456311907,
        -0.8973361285420351,
        1.5
      ],
      "sample_forward": [
        -0.9639156308101902,
        0.26318846033212906,
        -0.03998113339809753
      ],
      "height": 1.5
    },
    "sample_target": [
      9.327554456311907,
      -0.8973361285420351,
      1.5
    ],
    "camera_params": {
      "forward": [
        -0.9639156308101902,
        0.26318846033212906,
        -0.03998113339809753
      ]
    },
    "task_type": "screen_occupancy",
    "task_description": "Position where cabinet occupies 30% of vertical FOV",
    "target_object": {
      "label": "cabinet",
      "id": "133",
      "bbox_min": [
        4.137702000000001,
        -0.7957543,
        0.09999999960659761
      ],
      "bbox_max": [
        4.873702005988462,
        1.6342086,
        2.5000000003934026
      ],
      "center": [
        4.505702002994232,
        0.41922715,
        1.3
      ]
    }
  },
  {
    "scene_id": "0305_840555",
    "object_label": "cabinet",
    "preset": "occupancy_20",
    "distance": 7.576501820093899,
    "init_camera": {
      "intrinsics": [
        [
          320.0,
          0.0,
          320.0
        ],
        [
          0.0,
          320.0,
          240.0
        ],
        [
          0.0,
          0.0,
          1.0
        ]
      ],
      "extrinsics": [
        [
          -1.1298573638583785e-16,
          -0.12122161084336489,
          0.9926254686761466,
          2.0491462904354627
        ],
        [
          -1.0,
          1.3696312967015048e-17,
          -1.1215251953371184e-16,
          0.41922715000000027
        ],
        [
          0.0,
          -0.9926254686761466,
          -0.12122161084336489,
          1.6
        ],
        [
          0.0,
          0.0,
          0.0,
          1.0
        ]
      ]
    },
    "target_region": {
      "type": "circle",
      "params": {
        "center": [
          4.505702002994232,
          0.41922715000000005
        ],
        "radius": 7.576501820093899,
        "object_center": [
          4.505702002994232,
          0.41922715000000005,
          1.3000000000000003
        ],
        "object_height": 2.400000000786805,
        "occupancy_ratio": 0.2,
        "fov_vertical": 90.0,
        "sample_distance": 7.576501820093899,
        "min_distance": 2.4299629
      },
      "sample_point": [
        7.973073701804223,
        7.155748012595001,
        1.5
      ],
      "sample_forward": [
        -0.457488738179285,
        -0.8888237826376455,
        -0.026388214354768798
      ],
      "height": 1.5
    },
    "sample_target": [
      7.973073701804223,
      7.155748012595001,
      1.5
    ],
    "camera_params": {
      "forward": [
        -0.457488738179285,
        -0.8888237826376455,
        -0.026388214354768798
      ]
    },
    "task_type": "screen_occupancy",
    "task_description": "Position where cabinet occupies 20% of vertical FOV",
    "target_object": {
      "label": "cabinet",
      "id": "133",
      "bbox_min": [
        4.137702000000001,
        -0.7957543,
        0.09999999960659761
      ],
      "bbox_max": [
        4.873702005988462,
        1.6342086,
        2.5000000003934026
      ],
      "center": [
        4.505702002994232,
        0.41922715,
        1.3
      ]
    }
  },
  {
    "scene_id": "0305_840555",
    "object_label": "cabinet",
    "preset": "occupancy_30",
    "distance": 4.99835972574714,
    "init_camera": {
      "intrinsics": [
        [
          320.0,
          0.0,
          320.0
        ],
        [
          0.0,
          320.0,
          240.0
        ],
        [
          0.0,
          0.0,
          1.0
        ]
      ],
      "extrinsics": [
        [
          -1.1298573638583785e-16,
          -0.12122161084336489,
          0.9926254686761466,
          2.0491462904354627
        ],
        [
          -1.0,
          1.3696312967015048e-17,
          -1.1215251953371184e-16,
          0.41922715000000027
        ],
        [
          0.0,
          -0.9926254686761466,
          -0.12122161084336489,
          1.6
        ],
        [
          0.0,
          0.0,
          0.0,
          1.0
        ]
      ]
    },
    "target_region": {
      "type": "circle",
      "params": {
        "center": [
          4.505702002994232,
          0.41922715000000005
        ],
        "radius": 4.99835972574714,
        "object_center": [
          4.505702002994232,
          0.41922715000000005,
          1.3000000000000003
        ],
        "object_height": 2.400000000786805,
        "occupancy_ratio": 0.3,
        "fov_vertical": 90.0,
        "sample_distance": 4.99835972574714,
        "min_distance": 2.4299629
      },
      "sample_point": [
        -0.4406633795907391,
        -0.2998482632468042,
        1.5
      ],
      "sample_forward": [
        0.9888064709843085,
        0.1437472501015631,
        -0.03998113339809753
      ],
      "height": 1.5
    },
    "sample_target": [
      -0.4406633795907391,
      -0.2998482632468042,
      1.5
    ],
    "camera_params": {
      "forward": [
        0.9888064709843085,
        0.1437472501015631,
        -0.03998113339809753
      ]
    },
    "task_type": "screen_occupancy",
    "task_description": "Position where cabinet occupies 30% of vertical FOV",
    "target_object": {
      "label": "cabinet",
      "id": "133",
      "bbox_min": [
        4.137702000000001,
        -0.7957543,
        0.09999999960659761
      ],
      "bbox_max": [
        4.873702005988462,
        1.6342086,
        2.5000000003934026
      ],
      "center": [
        4.505702002994232,
        0.41922715,
        1.3
      ]
    }
  },
  {
    "scene_id": "0305_840555",
    "object_label": "cabinet",
    "preset": "occupancy_50",
    "distance": 2.897056275797472,
    "init_camera": {
      "intrinsics": [
        [
          320.0,
          0.0,
          320.0
        ],
        [
          0.0,
          320.0,
          240.0
        ],
        [
          0.0,
          0.0,
          1.0
        ]
      ],
      "extrinsics": [
        [
          -1.1298573638583785e-16,
          -0.12122161084336489,
          0.9926254686761466,
          2.0491462904354627
        ],
        [
          -1.0,
          1.3696312967015048e-17,
          -1.1215251953371184e-16,
          0.41922715000000027
        ],
        [
          0.0,
          -0.9926254686761466,
          -0.12122161084336489,
          1.6
        ],
        [
          0.0,
          0.0,
          0.0,
          1.0
        ]
      ]
    },
    "target_region": {
      "type": "circle",
      "params": {
        "center": [
          4.505702002994232,
          0.41922715000000005
        ],
        "radius": 2.897056275797472,
        "object_center": [
          4.505702002994232,
          0.41922715000000005,
          1.3000000000000003
        ],
        "object_height": 2.400000000786805,
        "occupancy_ratio": 0.5,
        "fov_vertical": 90.0,
        "sample_distance": 2.897056275797472,
        "min_distance": 2.4299629
      },
      "sample_point": [
        3.1786597454189813,
        -2.156019228843605,
        1.5
      ],
      "sample_forward": [
        0.45697808606716733,
        0.8868076013688068,
        -0.06887167058299251
      ],
      "height": 1.5
    },
    "sample_target": [
      3.1786597454189813,
      -2.156019228843605,
      1.5
    ],
    "camera_params": {
      "forward": [
        0.45697808606716733,
        0.8868076013688068,
        -0.06887167058299251
      ]
    },
    "task_type": "screen_occupancy",
    "task_description": "Position where cabinet occupies 50% of vertical FOV",
    "target_object": {
      "label": "cabinet",
      "id": "133",
      "bbox_min": [
        4.137702000000001,
        -0.7957543,
        0.09999999960659761
      ],
      "bbox_max": [
        4.873702005988462,
        1.6342086,
        2.5000000003934026
      ],
      "center": [
        4.505702002994232,
        0.41922715,
        1.3
      ]
    }
  },
  {
    "scene_id": "0305_840555",
    "object_label": "cabinet",
    "preset": "occupancy_20",
    "distance": 7.576501820093899,
    "init_camera": {
      "intrinsics": [
        [
          320.0,
          0.0,
          320.0
        ],
        [
          0.0,
          320.0,
          240.0
        ],
        [
          0.0,
          0.0,
          1.0
        ]
      ],
      "extrinsics": [
        [
          0.49999999999999967,
          -0.13068724014364877,
          0.856107963555787,
          2.8037502806840893
        ],
        [
          -0.8660254037844388,
          -0.07545231327658482,
          0.4942741632143155,
          -0.5633951350235071
        ],
        [
          0.0,
          -0.9885483264286317,
          -0.15090462655316975,
          1.6
        ],
        [
          0.0,
          0.0,
          0.0,
          1.0
        ]
      ]
    },
    "target_region": {
      "type": "circle",
      "params": {
        "center": [
          4.505702002994232,
          0.41922715000000005
        ],
        "radius": 7.576501820093899,
        "object_center": [
          4.505702002994232,
          0.41922715000000005,
          1.3000000000000003
        ],
        "object_height": 2.400000000786805,
        "occupancy_ratio": 0.2,
        "fov_vertical": 90.0,
        "sample_distance": 7.576501820093899,
        "min_distance": 2.4299629
      },
      "sample_point": [
        -2.8027688130273987,
        -1.5781797092167917,
        1.5
      ],
      "sample_forward": [
        0.9642874724937553,
        0.26354000177349135,
        -0.026388214354768798
      ],
      "height": 1.5
    },
    "sample_target": [
      -2.8027688130273987,
      -1.5781797092167917,
      1.5
    ],
    "camera_params": {
      "forward": [
        0.9642874724937553,
        0.26354000177349135,
        -0.026388214354768798
      ]
    },
    "task_type": "screen_occupancy",
    "task_description": "Position where cabinet occupies 20% of vertical FOV",
    "target_object": {
      "label": "cabinet",
      "id": "133",
      "bbox_min": [
        4.137702000000001,
        -0.7957543,
        0.09999999960659761
      ],
      "bbox_max": [
        4.873702005988462,
        1.6342086,
        2.5000000003934026
      ],
      "center": [
        4.505702002994232,
        0.41922715,
        1.3
      ]
    }
  },
  {
    "scene_id": "0305_840555",
    "object_label": "cabinet",
    "preset": "occupancy_30",
    "distance": 4.99835972574714,
    "init_camera": {
      "intrinsics": [
        [
          320.0,
          0.0,
          320.0
        ],
        [
          0.0,
          320.0,
          240.0
        ],
        [
          0.0,
          0.0,
          1.0
        ]
      ],
      "extrinsics": [
        [
          0.49999999999999967,
          -0.13068724014364877,
          0.856107963555787,
          2.8037502806840893
        ],
        [
          -0.8660254037844388,
          -0.07545231327658482,
          0.4942741632143155,
          -0.5633951350235071
        ],
        [
          0.0,
          -0.9885483264286317,
          -0.15090462655316975,
          1.6
        ],
        [
          0.0,
          0.0,
          0.0,
          1.0
        ]
      ]
    },
    "target_region": {
      "type": "circle",
      "params": {
        "center": [
          4.505702002994232,
          0.41922715000000005
        ],
        "radius": 4.99835972574714,
        "object_center": [
          4.505702002994232,
          0.41922715000000005,
          1.3000000000000003
        ],
        "object_height": 2.400000000786805,
        "occupancy_ratio": 0.3,
        "fov_vertical": 90.0,
        "sample_distance": 4.99835972574714,
        "min_distance": 2.4299629
      },
      "sample_point": [
        -0.17332516954399146,
        2.177153390380976,
        1.5
      ],
      "sample_forward": [
        0.9353640477928703,
        -0.3514194176034398,
        -0.03998113339809753
      ],
      "height": 1.5
    },
    "sample_target": [
      -0.17332516954399146,
      2.177153390380976,
      1.5
    ],
    "camera_params": {
      "forward": [
        0.9353640477928703,
        -0.3514194176034398,
        -0.03998113339809753
      ]
    },
    "task_type": "screen_occupancy",
    "task_description": "Position where cabinet occupies 30% of vertical FOV",
    "target_object": {
      "label": "cabinet",
      "id": "133",
      "bbox_min": [
        4.137702000000001,
        -0.7957543,
        0.09999999960659761
      ],
      "bbox_max": [
        4.873702005988462,
        1.6342086,
        2.5000000003934026
      ],
      "center": [
        4.505702002994232,
        0.41922715,
        1.3
      ]
    }
  },
  {
    "scene_id": "0305_840555",
    "object_label": "cabinet",
    "preset": "occupancy_50",
    "distance": 2.897056275797472,
    "init_camera": {
      "intrinsics": [
        [
          320.0,
          0.0,
          320.0
        ],
        [
          0.0,
          320.0,
          240.0
        ],
        [
          0.0,
          0.0,
          1.0
        ]
      ],
      "extrinsics": [
        [
          0.49999999999999967,
          -0.13068724014364877,
          0.856107963555787,
          2.8037502806840893
        ],
        [
          -0.8660254037844388,
          -0.07545231327658482,
          0.4942741632143155,
          -0.5633951350235071
        ],
        [
          0.0,
          -0.9885483264286317,
          -0.15090462655316975,
          1.6
        ],
        [
          0.0,
          0.0,
          0.0,
          1.0
        ]
      ]
    },
    "target_region": {
      "type": "circle",
      "params": {
        "center": [
          4.505702002994232,
          0.41922715000000005
        ],
        "radius": 2.897056275797472,
        "object_center": [
          4.505702002994232,
          0.41922715000000005,
          1.3000000000000003
        ],
        "object_height": 2.400000000786805,
        "occupancy_ratio": 0.5,
        "fov_vertical": 90.0,
        "sample_distance": 2.897056275797472,
        "min_distance": 2.4299629
      },
      "sample_point": [
        6.804821832456694,
        -1.343436480676601,
        1.5
      ],
      "sample_forward": [
        -0.7917211176278242,
        0.606987944602903,
        -0.06887167058299251
      ],
      "height": 1.5
    },
    "sample_target": [
      6.804821832456694,
      -1.343436480676601,
      1.5
    ],
    "camera_params": {
      "forward": [
        -0.7917211176278242,
        0.606987944602903,
        -0.06887167058299251
      ]
    },
    "task_type": "screen_occupancy",
    "task_description": "Position where cabinet occupies 50% of vertical FOV",
    "target_object": {
      "label": "cabinet",
      "id": "133",
      "bbox_min": [
        4.137702000000001,
        -0.7957543,
        0.09999999960659761
      ],
      "bbox_max": [
        4.873702005988462,
        1.6342086,
        2.5000000003934026
      ],
      "center": [
        4.505702002994232,
        0.41922715,
        1.3
      ]
    }
  },
  {
    "scene_id": "0305_840555",
    "object_label": "cabinet",
    "preset": "front",
    "distance": 2.4299629,
    "init_camera": {
      "intrinsics": [
        [
          320.0,
          0.0,
          320.0
        ],
        [
          0.0,
          320.0,
          240.0
        ],
        [
          0.0,
          0.0,
          1.0
        ]
      ],
      "extrinsics": [
        [
          -0.34202014332566893,
          -0.08788793003132672,
          0.9355735851948244,
          1.5047725446610043
        ],
        [
          -0.9396926207859083,
          0.031988590482673614,
          -0.34052093697663127,
          1.5114761479658931
        ],
        [
          0.0,
          -0.9956166138799315,
          -0.09352838160825609,
          1.6
        ],
        [
          0.0,
          0.0,
          0.0,
          1.0
        ]
      ]
    },
    "target_region": {
      "type": "circle",
      "params": {
        "center": [
          4.505702002994232,
          0.41922715000000005
        ],
        "radius": 2.4299629,
        "object_center": [
          4.505702002994232,
          0.41922715000000005,
          1.3000000000000003
        ],
        "sample_distance": 2.4299629,
        "min_distance": 2.4299629,
        "requested_distance": 1.0
      },
      "sample_point": [
        6.550119872014528,
        1.7326483589832125,
        1.5
      ],
      "sample_forward": [
        -0.8385017578080177,
        -0.5386892812683698,
        -0.08202841214744756
      ],
      "height": 1.5
    },
    "sample_target": [
      6.550119872014528,
      1.7326483589832125,
      1.5
    ],
    "camera_params": {
      "forward": [
        -0.8385017578080177,
        -0.5386892812683698,
        -0.08202841214744756
      ]
    },
    "task_type": "absolute_positioning",
    "task_description": "Move to any position 2.4m from cabinet",
    "target_object": {
      "label": "cabinet",
      "id": "133",
      "bbox_min": [
        4.137702000000001,
        -0.7957543,
        0.09999999960659761
      ],
      "bbox_max": [
        4.873702005988462,
        1.6342086,
        2.5000000003934026
      ],
      "center": [
        4.505702002994232,
        0.41922715,
        1.3
      ]
    }
  },
  {
    "scene_id": "0305_840555",
    "object_label": "cabinet",
    "preset": "right",
    "distance": 2.4299629,
    "init_camera": {
      "intrinsics": [
        [
          320.0,
          0.0,
          320.0
        ],
        [
          0.0,
          320.0,
          240.0
        ],
        [
          0.0,
          0.0,
          1.0
        ]
      ],
      "extrinsics": [
        [
          -0.34202014332566893,
          -0.08788793003132672,
          0.9355735851948244,
          1.5047725446610043
        ],
        [
          -0.9396926207859083,
          0.031988590482673614,
          -0.34052093697663127,
          1.5114761479658931
        ],
        [
          0.0,
          -0.9956166138799315,
          -0.09352838160825609,
          1.6
        ],
        [
          0.0,
          0.0,
          0.0,
          1.0
        ]
      ]
    },
    "target_region": {
      "type": "circle",
      "params": {
        "center": [
          4.505702002994232,
          0.41922715000000005
        ],
        "radius": 2.4299629,
        "object_center": [
          4.505702002994232,
          0.41922715000000005,
          1.3000000000000003
        ],
        "sample_distance": 2.4299629,
        "min_distance": 2.4299629,
        "requested_distance": 1.2
      },
      "sample_point": [
        2.8357291384702386,
        2.1844212829864937,
        1.5
      ],
      "sample_forward": [
        0.6849261120311396,
        -0.7239803593043633,
        -0.08202841214744756
      ],
      "height": 1.5
    },
    "sample_target": [
      2.8357291384702386,
      2.1844212829864937,
      1.5
    ],
    "camera_params": {
      "forward": [
        0.6849261120311396,
        -0.7239803593043633,
        -0.08202841214744756
      ]
    },
    "task_type": "absolute_positioning",
    "task_description": "Move to any position 2.4m from cabinet",
    "target_object": {
      "label": "cabinet",
      "id": "133",
      "bbox_min": [
        4.137702000000001,
        -0.7957543,
        0.09999999960659761
      ],
      "bbox_max": [
        4.873702005988462,
        1.6342086,
        2.5000000003934026
      ],
      "center": [
        4.505702002994232,
        0.41922715,
        1.3
      ]
    }
  },
  {
    "scene_id": "0305_840555",
    "object_label": "cabinet",
    "preset": "occupancy_20",
    "distance": 7.576501820093899,
    "init_camera": {
      "intrinsics": [
        [
          320.0,
          0.0,
          320.0
        ],
        [
          0.0,
          320.0,
          240.0
        ],
        [
          0.0,
          0.0,
          1.0
        ]
      ],
      "extrinsics": [
        [
          -0.34202014332566893,
          -0.08788793003132672,
          0.9355735851948244,
          1.5047725446610043
        ],
        [
          -0.9396926207859083,
          0.031988590482673614,
          -0.34052093697663127,
          1.5114761479658931
        ],
        [
          0.0,
          -0.9956166138799315,
          -0.09352838160825609,
          1.6
        ],
        [
          0.0,
          0.0,
          0.0,
          1.0
        ]
      ]
    },
    "target_region": {
      "type": "circle",
      "params": {
        "center": [
          4.505702002994232,
          0.41922715000000005
        ],
        "radius": 7.576501820093899,
        "object_center": [
          4.505702002994232,
          0.41922715000000005,
          1.3000000000000003
        ],
        "object_height": 2.400000000786805,
        "occupancy_ratio": 0.2,
        "fov_vertical": 90.0,
        "sample_distance": 7.576501820093899,
        "min_distance": 2.4299629
      },
      "sample_point": [
        -2.6504835404691374,
        -2.0692238335261055,
        1.5
      ],
      "sample_forward": [
        0.9441947904170463,
        0.328328889823111,
        -0.026388214354768798
      ],
      "height": 1.5
    },
    "sample_target": [
      -2.6504835404691374,
      -2.0692238335261055,
      1.5
    ],
    "camera_params": {
      "forward": [
        0.9441947904170463,
        0.328328889823111,
        -0.026388214354768798
      ]
    },
    "task_type": "screen_occupancy",
    "task_description": "Position where cabinet occupies 20% of vertical FOV",
    "target_object": {
      "label": "cabinet",
      "id": "133",
      "bbox_min": [
        4.137702000000001,
        -0.7957543,
        0.09999999960659761
      ],
      "bbox_max": [
        4.873702005988462,
        1.6342086,
        2.5000000003934026
      ],
      "center": [
        4.505702002994232,
        0.41922715,
        1.3
      ]
    }
  },
  {
    "scene_id": "0305_840555",
    "object_label": "cabinet",
    "preset": "occupancy_30",
    "distance": 4.99835972574714,
    "init_camera": {
      "intrinsics": [
        [
          320.0,
          0.0,
          320.0
        ],
        [
          0.0,
          320.0,
          240.0
        ],
        [
          0.0,
          0.0,
          1.0
        ]
      ],
      "extrinsics": [
        [
          -0.34202014332566893,
          -0.08788793003132672,
          0.9355735851948244,
          1.5047725446610043
        ],
        [
          -0.9396926207859083,
          0.031988590482673614,
          -0.34052093697663127,
          1.5114761479658931
        ],
        [
          0.0,
          -0.9956166138799315,
          -0.09352838160825609,
          1.6
        ],
        [
          0.0,
          0.0,
          0.0,
          1.0
        ]
      ]
    },
    "target_region": {
      "type": "circle",
      "params": {
        "center": [
          4.505702002994232,
          0.41922715000000005
        ],
        "radius": 4.99835972574714,
        "object_center": [
          4.505702002994232,
          0.41922715000000005,
          1.3000000000000003
        ],
        "object_height": 2.400000000786805,
        "occupancy_ratio": 0.3,
        "fov_vertical": 90.0,
        "sample_distance": 4.99835972574714,
        "min_distance": 2.4299629
      },
      "sample_point": [
        6.198448920144866,
        -4.283772724808424,
        1.5
      ],
      "sample_forward": [
        -0.3383897015190897,
        0.9401563268297591,
        -0.03998113339809753
      ],
      "height": 1.5
    },
    "sample_target": [
      6.198448920144866,
      -4.283772724808424,
      1.5
    ],
    "camera_params": {
      "forward": [
        -0.3383897015190897,
        0.9401563268297591,
        -0.03998113339809753
      ]
    },
    "task_type": "screen_occupancy",
    "task_description": "Position where cabinet occupies 30% of vertical FOV",
    "target_object": {
      "label": "cabinet",
      "id": "133",
      "bbox_min": [
        4.137702000000001,
        -0.7957543,
        0.09999999960659761
      ],
      "bbox_max": [
        4.873702005988462,
        1.6342086,
        2.5000000003934026
      ],
      "center": [
        4.505702002994232,
        0.41922715,
        1.3
      ]
    }
  },
  {
    "scene_id": "0305_840555",
    "object_label": "cabinet",
    "preset": "occupancy_20",
    "distance": 7.576501820093899,
    "init_camera": {
      "intrinsics": [
        [
          320.0,
          0.0,
          320.0
        ],
        [
          0.0,
          320.0,
          240.0
        ],
        [
          0.0,
          0.0,
          1.0
        ]
      ],
      "extrinsics": [
        [
          -1.1298573638583787e-16,
          -0.15090462655316977,
          0.9885483264286317,
          2.5404574329472167
        ],
        [
          -1.0,
          1.705007035513975e-17,
          -1.1169186061452657e-16,
          0.4192271500000002
        ],
        [
          0.0,
          -0.9885483264286317,
          -0.15090462655316977,
          1.6
        ],
        [
          0.0,
          0.0,
          0.0,
          1.0
        ]
      ]
    },
    "target_region": {
      "type": "circle",
      "params": {
        "center": [
          4.505702002994232,
          0.41922715000000005
        ],
        "radius": 7.576501820093899,
        "object_center": [
          4.505702002994232,
          0.41922715000000005,
          1.3000000000000003
        ],
        "object_height": 2.400000000786805,
        "occupancy_ratio": 0.2,
        "fov_vertical": 90.0,
        "sample_distance": 7.576501820093899,
        "min_distance": 2.4299629
      },
      "sample_point": [
        2.532416926322822,
        7.734247712928861,
        1.5
      ],
      "sample_forward": [
        0.26035734793135806,
        -0.9651516531205427,
        -0.026388214354768798
      ],
      "height": 1.5
    },
    "sample_target": [
      2.532416926322822,
      7.734247712928861,
      1.5
    ],
    "camera_params": {
      "forward": [
        0.26035734793135806,
        -0.9651516531205427,
        -0.026388214354768798
      ]
    },
    "task_type": "screen_occupancy",
    "task_description": "Position where cabinet occupies 20% of vertical FOV",
    "target_object": {
      "label": "cabinet",
      "id": "133",
      "bbox_min": [
        4.137702000000001,
        -0.7957543,
        0.09999999960659761
      ],
      "bbox_max": [
        4.873702005988462,
        1.6342086,
        2.5000000003934026
      ],
      "center": [
        4.505702002994232,
        0.41922715,
        1.3
      ]
    }
  },
  {
    "scene_id": "0305_840555",
    "object_label": "cabinet",
    "preset": "occupancy_30",
    "distance": 4.99835972574714,
    "init_camera": {
      "intrinsics": [
        [
          320.0,
          0.0,
          320.0
        ],
        [
          0.0,
          320.0,
          240.0
        ],
        [
          0.0,
          0.0,
          1.0
        ]
      ],
      "extrinsics": [
        [
          -1.1298573638583787e-16,
          -0.15090462655316977,
          0.9885483264286317,
          2.5404574329472167
        ],
        [
          -1.0,
          1.705007035513975e-17,
          -1.1169186061452657e-16,
          0.4192271500000002
        ],
        [
          0.0,
          -0.9885483264286317,
          -0.15090462655316977,
          1.6
        ],
        [
          0.0,
          0.0,
          0.0,
          1.0
        ]
      ]
    },
    "target_region": {
      "type": "circle",
      "params": {
        "center": [
          4.505702002994232,
          0.41922715000000005
        ],
        "radius": 4.99835972574714,
        "object_center": [
          4.505702002994232,
          0.41922715000000005,
          1.3000000000000003
        ],
        "object_height": 2.400000000786805,
        "occupancy_ratio": 0.3,
        "fov_vertical": 90.0,
        "sample_distance": 4.99835972574714,
        "min_distance": 2.4299629
      },
      "sample_point": [
        0.7242006986836786,
        3.6878427336177206,
        1.5
      ],
      "sample_forward": [
        0.7559435404636012,
        -0.6534147783786034,
        -0.039981133398097536
      ],
      "height": 1.5
    },
    "sample_target": [
      0.7242006986836786,
      3.6878427336177206,
      1.5
    ],
    "camera_params": {
      "forward": [
        0.7559435404636012,
        -0.6534147783786034,
        -0.039981133398097536
      ]
    },
    "task_type": "screen_occupancy",
    "task_description": "Position where cabinet occupies 30% of vertical FOV",
    "target_object": {
      "label": "cabinet",
      "id": "133",
      "bbox_min": [
        4.137702000000001,
        -0.7957543,
        0.09999999960659761
      ],
      "bbox_max": [
        4.873702005988462,
        1.6342086,
        2.5000000003934026
      ],
      "center": [
        4.505702002994232,
        0.41922715,
        1.3
      ]
    }
  },
  {
    "scene_id": "0305_840555",
    "object_label": "cabinet",
    "preset": "occupancy_50",
    "distance": 2.897056275797472,
    "init_camera": {
      "intrinsics": [
        [
          320.0,
          0.0,
          320.0
        ],
        [
          0.0,
          320.0,
          240.0
        ],
        [
          0.0,
          0.0,
          1.0
        ]
      ],
      "extrinsics": [
        [
          -1.1298573638583787e-16,
          -0.15090462655316977,
          0.9885483264286317,
          2.5404574329472167
        ],
        [
          -1.0,
          1.705007035513975e-17,
          -1.1169186061452657e-16,
          0.4192271500000002
        ],
        [
          0.0,
          -0.9885483264286317,
          -0.15090462655316977,
          1.6
        ],
        [
          0.0,
          0.0,
          0.0,
          1.0
        ]
      ]
    },
    "target_region": {
      "type": "circle",
      "params": {
        "center": [
          4.505702002994232,
          0.41922715000000005
        ],
        "radius": 2.897056275797472,
        "object_center": [
          4.505702002994232,
          0.41922715000000005,
          1.3000000000000003
        ],
        "object_height": 2.400000000786805,
        "occupancy_ratio": 0.5,
        "fov_vertical": 90.0,
        "sample_distance": 2.897056275797472,
        "min_distance": 2.4299629
      },
      "sample_point": [
        6.783884615659126,
        -1.3704150065466307,
        1.5
      ],
      "sample_forward": [
        -0.7845112121367902,
        0.6162782253355802,
        -0.06887167058299251
      ],
      "height": 1.5
    },
    "sample_target": [
      6.783884615659126,
      -1.3704150065466307,
      1.5
    ],
    "camera_params": {
      "forward": [
        -0.7845112121367902,
        0.6162782253355802,
        -0.06887167058299251
      ]
    },
    "task_type": "screen_occupancy",
    "task_description": "Position where cabinet occupies 50% of vertical FOV",
    "target_object": {
      "label": "cabinet",
      "id": "133",
      "bbox_min": [
        4.137702000000001,
        -0.7957543,
        0.09999999960659761
      ],
      "bbox_max": [
        4.873702005988462,
        1.6342086,
        2.5000000003934026
      ],
      "center": [
        4.505702002994232,
        0.41922715,
        1.3
      ]
    }
  },
  {
    "scene_id": "0305_840555",
    "object_label": "wardrobe",
    "preset": "occupancy_20",
    "distance": 2.975986778925929,
    "init_camera": {
      "intrinsics": [
        [
          320.0,
          0.0,
          320.0
        ],
        [
          0.0,
          320.0,
          240.0
        ],
        [
          0.0,
          0.0,
          1.0
        ]
      ],
      "extrinsics": [
        [
          0.17364817766693008,
          0.019347737408822112,
          0.9846176798382779,
          -0.9241085290082889
        ],
        [
          -0.9848077530122081,
          0.003411528120837817,
          0.17361466263805728,
          3.5134528723330702
        ],
        [
          0.0,
          -0.9998069946409858,
          0.019646207444695314,
          1.6
        ],
        [
          0.0,
          0.0,
          0.0,
          1.0
        ]
      ]
    },
    "target_region": {
      "type": "circle",
      "params": {
        "center": [
          0.060699224003919236,
          3.6871010500000008
        ],
        "radius": 2.975986778925929,
        "object_center": [
          0.060699224003919236,
          3.6871010500000008,
          1.6196500000000005
        ],
        "object_height": 0.9427000007868054,
        "occupancy_ratio": 0.2,
        "fov_vertical": 90.0,
        "sample_distance": 2.975986778925929,
        "min_distance": 0.9427000007868054
      },
      "sample_point": [
        -2.8932035188659255,
        3.325222763820885,
        1.5
      ],
      "sample_forward": [
        0.9917779977932621,
        0.12150126573324176,
        0.040172696180468995
      ],
      "height": 1.5
    },
    "sample_target": [
      -2.8932035188659255,
      3.325222763820885,
      1.5
    ],
    "camera_params": {
      "forward": [
        0.9917779977932621,
        0.12150126573324176,
        0.040172696180468995
      ]
    },
    "task_type": "screen_occupancy",
    "task_description": "Position where wardrobe occupies 20% of vertical FOV",
    "target_object": {
      "label": "wardrobe",
      "id": "136",
      "bbox_min": [
        -0.03930080238556494,
        3.3673009754188996,
        1.1482999996065975
      ],
      "bbox_max": [
        0.1606992503934034,
        4.006901124581101,
        2.091000000393403
      ],
      "center": [
        0.060699224003919236,
        3.6871010500000003,
        1.61965
      ]
    }
  },
  {
    "scene_id": "0305_840555",
    "object_label": "wardrobe",
    "preset": "occupancy_30",
    "distance": 1.9633140482707583,
    "init_camera": {
      "intrinsics": [
        [
          320.0,
          0.0,
          320.0
        ],
        [
          0.0,
          320.0,
          240.0
        ],
        [
          0.0,
          0.0,
          1.0
        ]
      ],
      "extrinsics": [
        [
          0.17364817766693008,
          0.019347737408822112,
          0.9846176798382779,
          -0.9241085290082889
        ],
        [
          -0.9848077530122081,
          0.003411528120837817,
          0.17361466263805728,
          3.5134528723330702
        ],
        [
          0.0,
          -0.9998069946409858,
          0.019646207444695314,
          1.6
        ],
        [
          0.0,
          0.0,
          0.0,
          1.0
        ]
      ]
    },
    "target_region": {
      "type": "circle",
      "params": {
        "center": [
          0.060699224003919236,
          3.6871010500000008
        ],
        "radius": 1.9633140482707583,
        "object_center": [
          0.060699224003919236,
          3.6871010500000008,
          1.6196500000000005
        ],
        "object_height": 0.9427000007868054,
        "occupancy_ratio": 0.3,
        "fov_vertical": 90.0,
        "sample_distance": 1.9633140482707583,
        "min_distance": 0.9427000007868054
      },
      "sample_point": [
        -0.5839739097354038,
        5.54155477084936,
        1.5
      ],
      "sample_forward": [
        0.32775158403331034,
        -0.9428035894708325,
        0.06083001598363912
      ],
      "height": 1.5
    },
    "sample_target": [
      -0.5839739097354038,
      5.54155477084936,
      1.5
    ],
    "camera_params": {
      "forward": [
        0.32775158403331034,
        -0.9428035894708325,
        0.06083001598363912
      ]
    },
    "task_type": "screen_occupancy",
    "task_description": "Position where wardrobe occupies 30% of vertical FOV",
