[
  {
    "scene_id": "0012_840878",
    "object_label": "dresser",
    "preset": "occupancy_30",
    "distance": 2.298724810618649,
    "init_camera": {
      "intrinsics": [
        [
          320.0,
          0.0,
          320.0
        ],
        [
          0.0,
          320.0,
          240.0
        ],
        [
          0.0,
          0.0,
          1.0
        ]
      ],
      "extrinsics": [
        [
          -0.8660254037844388,
          -0.25786435301560207,
          0.4283759744008114,
          -2.6482590777823494
        ],
        [
          -0.49999999999999967,
          0.44663416088389996,
          -0.7419689524040307,
          -3.5540652977040788
        ],
        [
          0.0,
          -0.8567519488016234,
          -0.5157287060312044,
          1.20375
        ],
        [
          0.0,
          0.0,
          0.0,
          1.0
        ]
      ]
    },
    "target_region": {
      "type": "circle",
      "params": {
        "center": [
          -2.1067969,
          -4.4919053
        ],
        "radius": 2.298724810618649,
        "object_center": [
          -2.1067969,
          -4.4919053,
          0.551875
        ],
        "object_height": 1.10375,
        "occupancy_ratio": 0.3,
        "fov_vertical": 90.0,
        "sample_distance": 2.298724810618649,
        "min_distance": 1.10375
      },
      "sample_point": [
        0.1200482163434553,
        -5.062253073530367,
        1.5
      ],
      "sample_forward": [
        -0.8955455747425507,
        0.22937043124404166,
        -0.3812969037770395
      ],
      "height": 1.5
    },
    "sample_target": [
      0.1200482163434553,
      -5.062253073530367,
      1.5
    ],
    "camera_params": {
      "forward": [
        -0.8955455747425507,
        0.22937043124404166,
        -0.3812969037770395
      ]
    },
    "task_type": "screen_occupancy",
    "task_description": "Position where dresser occupies 30% of vertical FOV",
    "target_object": {
      "label": "dresser",
      "id": "85",
      "bbox_min": [
        -2.5926509384715284,
        -4.720820870188086,
        0.0
      ],
      "bbox_max": [
        -1.6209428615284716,
        -4.262989729811915,
        1.10375
      ],
      "center": [
        -2.1067969,
        -4.491905300000001,
        0.551875
      ]
    }
  },
  {
    "scene_id": "0012_840878",
    "object_label": "dresser",
    "preset": "occupancy_50",
    "distance": 1.3323441097346518,
    "init_camera": {
      "intrinsics": [
        [
          320.0,
          0.0,
          320.0
        ],
        [
          0.0,
          320.0,
          240.0
        ],
        [
          0.0,
          0.0,
          1.0
        ]
      ],
      "extrinsics": [
        [
          -0.8660254037844388,
          -0.25786435301560207,
          0.4283759744008114,
          -2.6482590777823494
        ],
        [
          -0.49999999999999967,
          0.44663416088389996,
          -0.7419689524040307,
          -3.5540652977040788
        ],
        [
          0.0,
          -0.8567519488016234,
          -0.5157287060312044,
          1.20375
        ],
        [
          0.0,
          0.0,
          0.0,
          1.0
        ]
      ]
    },
    "target_region": {
      "type": "circle",
      "params": {
        "center": [
          -2.1067969,
          -4.4919053
        ],
        "radius": 1.3323441097346518,
        "object_center": [
          -2.1067969,
          -4.4919053,
          0.551875
        ],
        "object_height": 1.10375,
        "occupancy_ratio": 0.5,
        "fov_vertical": 90.0,
        "sample_distance": 1.3323441097346518,
        "min_distance": 1.10375
      },
      "sample_point": [
        -0.9431113523761057,
        -5.140732528926082,
        1.5
      ],
      "sample_forward": [
        -0.7116202420686539,
        0.39677264244785576,
        -0.5798000528484767
      ],
      "height": 1.5
    },
    "sample_target": [
      -0.9431113523761057,
      -5.140732528926082,
      1.5
    ],
    "camera_params": {
      "forward": [
        -0.7116202420686539,
        0.39677264244785576,
        -0.5798000528484767
      ]
    },
    "task_type": "screen_occupancy",
    "task_description": "Position where dresser occupies 50% of vertical FOV",
    "target_object": {
      "label": "dresser",
      "id": "85",
      "bbox_min": [
        -2.5926509384715284,
        -4.720820870188086,
        0.0
      ],
      "bbox_max": [
        -1.6209428615284716,
        -4.262989729811915,
        1.10375
      ],
      "center": [
        -2.1067969,
        -4.491905300000001,
        0.551875
      ]
    }
  },
  {
    "scene_id": "0012_840878",
    "object_label": "dresser",
    "preset": "occupancy_30",
    "distance": 2.298724810618649,
    "init_camera": {
      "intrinsics": [
        [
          320.0,
          0.0,
          320.0
        ],
        [
          0.0,
          320.0,
          240.0
        ],
        [
          0.0,
          0.0,
          1.0
        ]
      ],
      "extrinsics": [
        [
          -0.3420201433256688,
          -0.4846264593849879,
          0.8050834841328318,
          -3.124412925793483
        ],
        [
          -0.9396926207859084,
          0.17638960595395428,
          -0.29302642432367726,
          -4.121523356698905
        ],
        [
          0.0,
          -0.8567519488016234,
          -0.5157287060312045,
          1.20375
        ],
        [
          0.0,
          0.0,
          0.0,
          1.0
        ]
      ]
    },
    "target_region": {
      "type": "circle",
      "params": {
        "center": [
          -2.1067969,
          -4.4919053
        ],
        "radius": 2.298724810618649,
        "object_center": [
          -2.1067969,
          -4.4919053,
          0.551875
        ],
        "object_height": 1.10375,
        "occupancy_ratio": 0.3,
        "fov_vertical": 90.0,
        "sample_distance": 2.298724810618649,
        "min_distance": 1.10375
      },
      "sample_point": [
        -3.6635275885097873,
        -2.800537416183594,
        1.5
      ],
      "sample_forward": [
        0.6260530958929265,
        -0.680198641789974,
        -0.3812969037770395
      ],
      "height": 1.5
    },
    "sample_target": [
      -3.6635275885097873,
      -2.800537416183594,
      1.5
    ],
    "camera_params": {
      "forward": [
        0.6260530958929265,
        -0.680198641789974,
        -0.3812969037770395
      ]
    },
    "task_type": "screen_occupancy",
    "task_description": "Position where dresser occupies 30% of vertical FOV",
    "target_object": {
      "label": "dresser",
      "id": "85",
      "bbox_min": [
        -2.5926509384715284,
        -4.720820870188086,
        0.0
      ],
      "bbox_max": [
        -1.6209428615284716,
        -4.262989729811915,
        1.10375
      ],
      "center": [
        -2.1067969,
        -4.491905300000001,
        0.551875
      ]
    }
  },
  {
    "scene_id": "0012_840878",
    "object_label": "dresser",
    "preset": "back",
    "distance": 1.5,
    "init_camera": {
      "intrinsics": [
        [
          320.0,
          0.0,
          320.0
        ],
        [
          0.0,
          320.0,
          240.0
        ],
        [
          0.0,
          0.0,
          1.0
        ]
      ],
      "extrinsics": [
        [
          -0.984807753012208,
          -0.10440612760460892,
          0.13875536070961686,
          -2.257235172715956
        ],
        [
          -0.17364817766693022,
          0.5921165733407057,
          -0.7869207545669481,
          -3.638727458971309
        ],
        [
          0.0,
          -0.79906027563249,
          -0.6012509259087498,
          1.20375
        ],
        [
          0.0,
          0.0,
          0.0,
          1.0
        ]
      ]
    },
    "target_region": {
      "type": "circle",
      "params": {
        "center": [
          -2.1067969,
          -4.4919053
        ],
        "radius": 1.5,
        "object_center": [
          -2.1067969,
          -4.4919053,
          0.551875
        ],
        "sample_distance": 1.5,
        "min_distance": 1.10375,
        "requested_distance": 1.5
      },
      "sample_point": [
        -3.5307276667997476,
        -4.020289808989491,
        1.5
      ],
      "sample_forward": [
        0.8024289911735636,
        -0.2657699036336703,
        -0.534297737639536
      ],
      "height": 1.5
    },
    "sample_target": [
      -3.5307276667997476,
      -4.020289808989491,
      1.5
    ],
    "camera_params": {
      "forward": [
        0.8024289911735636,
        -0.2657699036336703,
        -0.534297737639536
      ]
    },
    "task_type": "absolute_positioning",
    "task_description": "Move to any position 1.5m from dresser",
    "target_object": {
      "label": "dresser",
      "id": "85",
      "bbox_min": [
        -2.5926509384715284,
        -4.720820870188086,
        0.0
      ],
      "bbox_max": [
        -1.6209428615284716,
        -4.262989729811915,
        1.10375
      ],
      "center": [
        -2.1067969,
        -4.491905300000001,
        0.551875
      ]
    }
  },
  {
    "scene_id": "0012_840878",
    "object_label": "dresser",
    "preset": "occupancy_20",
    "distance": 3.4844016171612897,
    "init_camera": {
      "intrinsics": [
        [
          320.0,
          0.0,
          320.0
        ],
        [
          0.0,
          320.0,
          240.0
        ],
        [
          0.0,
          0.0,
          1.0
        ]
      ],
      "extrinsics": [
        [
          -0.984807753012208,
          -0.10440612760460892,
          0.13875536070961686,
          -2.257235172715956
        ],
        [
          -0.17364817766693022,
          0.5921165733407057,
          -0.7869207545669481,
          -3.638727458971309
        ],
        [
          0.0,
          -0.79906027563249,
          -0.6012509259087498,
          1.20375
        ],
        [
          0.0,
          0.0,
          0.0,
          1.0
        ]
      ]
    },
    "target_region": {
      "type": "circle",
      "params": {
        "center": [
          -2.1067969,
          -4.4919053
        ],
        "radius": 3.4844016171612897,
        "object_center": [
          -2.1067969,
          -4.4919053,
          0.551875
        ],
        "object_height": 1.10375,
        "occupancy_ratio": 0.2,
        "fov_vertical": 90.0,
        "sample_distance": 3.4844016171612897,
        "min_distance": 1.10375
      },
      "sample_point": [
        -0.17043718057688584,
        -1.595085376934044,
        1.5
      ],
      "sample_forward": [
        -0.5362253194188868,
        -0.802200217740439,
        -0.26255897903386394
      ],
      "height": 1.5
    },
    "sample_target": [
      -0.17043718057688584,
      -1.595085376934044,
      1.5
    ],
    "camera_params": {
      "forward": [
        -0.5362253194188868,
        -0.802200217740439,
        -0.26255897903386394
      ]
    },
    "task_type": "screen_occupancy",
    "task_description": "Position where dresser occupies 20% of vertical FOV",
    "target_object": {
      "label": "dresser",
      "id": "85",
      "bbox_min": [
        -2.5926509384715284,
        -4.720820870188086,
        0.0
      ],
      "bbox_max": [
        -1.6209428615284716,
        -4.262989729811915,
        1.10375
      ],
      "center": [
        -2.1067969,
        -4.491905300000001,
        0.551875
      ]
    }
  },
  {
    "scene_id": "0012_840878",
    "object_label": "dresser",
    "preset": "occupancy_30",
    "distance": 2.298724810618649,
    "init_camera": {
      "intrinsics": [
        [
          320.0,
          0.0,
          320.0
        ],
        [
          0.0,
          320.0,
          240.0
        ],
        [
          0.0,
          0.0,
          1.0
        ]
      ],
      "extrinsics": [
        [
          -0.984807753012208,
          -0.10440612760460892,
          0.13875536070961686,
          -2.257235172715956
        ],
        [
          -0.17364817766693022,
          0.5921165733407057,
          -0.7869207545669481,
          -3.638727458971309
        ],
        [
          0.0,
          -0.79906027563249,
          -0.6012509259087498,
          1.20375
        ],
        [
          0.0,
          0.0,
          0.0,
          1.0
        ]
      ]
    },
    "target_region": {
      "type": "circle",
      "params": {
        "center": [
          -2.1067969,
          -4.4919053
        ],
        "radius": 2.298724810618649,
        "object_center": [
          -2.1067969,
          -4.4919053,
          0.551875
        ],
        "object_height": 1.10375,
        "occupancy_ratio": 0.3,
        "fov_vertical": 90.0,
        "sample_distance": 2.298724810618649,
        "min_distance": 1.10375
      },
      "sample_point": [
        -2.8154422220751494,
        -2.3051365508052544,
        1.5
      ],
      "sample_forward": [
        0.2849880207602768,
        -0.8794285071529028,
        -0.3812969037770395
      ],
      "height": 1.5
    },
    "sample_target": [
      -2.8154422220751494,
      -2.3051365508052544,
      1.5
    ],
    "camera_params": {
      "forward": [
        0.2849880207602768,
        -0.8794285071529028,
        -0.3812969037770395
      ]
    },
    "task_type": "screen_occupancy",
    "task_description": "Position where dresser occupies 30% of vertical FOV",
    "target_object": {
      "label": "dresser",
      "id": "85",
      "bbox_min": [
        -2.5926509384715284,
        -4.720820870188086,
        0.0
      ],
      "bbox_max": [
        -1.6209428615284716,
        -4.262989729811915,
        1.10375
      ],
      "center": [
        -2.1067969,
        -4.491905300000001,
        0.551875
      ]
    }
  },
  {
    "scene_id": "0012_840878",
    "object_label": "dresser",
    "preset": "occupancy_50",
    "distance": 1.3323441097346518,
    "init_camera": {
      "intrinsics": [
        [
          320.0,
          0.0,
          320.0
        ],
        [
          0.0,
          320.0,
          240.0
        ],
        [
          0.0,
          0.0,
          1.0
        ]
      ],
      "extrinsics": [
        [
          -0.984807753012208,
          -0.10440612760460892,
          0.13875536070961686,
          -2.257235172715956
        ],
        [
          -0.17364817766693022,
          0.5921165733407057,
          -0.7869207545669481,
          -3.638727458971309
        ],
        [
          0.0,
          -0.79906027563249,
          -0.6012509259087498,
          1.20375
        ],
        [
          0.0,
          0.0,
          0.0,
          1.0
        ]
      ]
    },
    "target_region": {
      "type": "circle",
      "params": {
        "center": [
          -2.1067969,
          -4.4919053
        ],
        "radius": 1.3323441097346518,
        "object_center": [
          -2.1067969,
          -4.4919053,
          0.551875
        ],
        "object_height": 1.10375,
        "occupancy_ratio": 0.5,
        "fov_vertical": 90.0,
        "sample_distance": 1.3323441097346518,
        "min_distance": 1.10375
      },
      "sample_point": [
        -0.9829130959334029,
        -3.776345364214453,
        1.5
      ],
      "sample_forward": [
        -0.6872805684834384,
        -0.4375812140642983,
        -0.5798000528484767
      ],
      "height": 1.5
    },
    "sample_target": [
      -0.9829130959334029,
      -3.776345364214453,
      1.5
    ],
    "camera_params": {
      "forward": [
        -0.6872805684834384,
        -0.4375812140642983,
        -0.5798000528484767
      ]
    },
    "task_type": "screen_occupancy",
    "task_description": "Position where dresser occupies 50% of vertical FOV",
    "target_object": {
      "label": "dresser",
      "id": "85",
      "bbox_min": [
        -2.5926509384715284,
        -4.720820870188086,
        0.0
      ],
      "bbox_max": [
        -1.6209428615284716,
        -4.262989729811915,
        1.10375
      ],
      "center": [
        -2.1067969,
        -4.491905300000001,
        0.551875
      ]
    }
  },
  {
    "scene_id": "0012_840878",
    "object_label": "dresser",
    "preset": "left",
    "distance": 1.5,
    "init_camera": {
      "intrinsics": [
        [
          320.0,
          0.0,
          320.0
        ],
        [
          0.0,
          320.0,
          240.0
        ],
        [
          0.0,
          0.0,
          1.0
        ]
      ],
      "extrinsics": [
        [
          -0.34202014332566866,
          -0.5649910583171475,
          0.7508710445750048,
          -2.9208897206347864
        ],
        [
          -0.9396926207859084,
          0.2056399278540017,
          -0.27329470999767247,
          -4.195599745359124
        ],
        [
          0.0,
          -0.7990602756324899,
          -0.6012509259087501,
          1.20375
        ],
        [
          0.0,
          0.0,
          0.0,
          1.0
        ]
      ]
    },
    "target_region": {
      "type": "circle",
      "params": {
        "center": [
          -2.1067969,
          -4.4919053
        ],
        "radius": 1.5,
        "object_center": [
          -2.1067969,
          -4.4919053,
          0.551875
        ],
        "sample_distance": 1.5,
        "min_distance": 1.10375,
        "requested_distance": 1.5
      },
      "sample_point": [
        -2.7480199880805953,
        -5.847941048537768,
        1.5
      ],
      "sample_forward": [
        0.3613490260078567,
        0.764168050206528,
        -0.5342977376395361
      ],
      "height": 1.5
    },
    "sample_target": [
      -2.7480199880805953,
      -5.847941048537768,
      1.5
    ],
    "camera_params": {
      "forward": [
        0.3613490260078567,
        0.764168050206528,
        -0.5342977376395361
      ]
    },
    "task_type": "absolute_positioning",
    "task_description": "Move to any position 1.5m from dresser",
    "target_object": {
      "label": "dresser",
      "id": "85",
      "bbox_min": [
        -2.5926509384715284,
        -4.720820870188086,
        0.0
      ],
      "bbox_max": [
        -1.6209428615284716,
        -4.262989729811915,
        1.10375
      ],
      "center": [
        -2.1067969,
        -4.491905300000001,
        0.551875
      ]
    }
  },
  {
    "scene_id": "0012_840878",
    "object_label": "dresser",
    "preset": "occupancy_20",
    "distance": 3.4844016171612897,
    "init_camera": {
      "intrinsics": [
        [
          320.0,
          0.0,
          320.0
        ],
        [
          0.0,
          320.0,
          240.0
        ],
        [
          0.0,
          0.0,
          1.0
        ]
      ],
      "extrinsics": [
        [
          -0.34202014332566866,
          -0.5649910583171475,
          0.7508710445750048,
          -2.9208897206347864
        ],
        [
          -0.9396926207859084,
          0.2056399278540017,
          -0.27329470999767247,
          -4.195599745359124
        ],
        [
          0.0,
          -0.7990602756324899,
          -0.6012509259087501,
          1.20375
        ],
        [
          0.0,
          0.0,
          0.0,
          1.0
        ]
      ]
    },
    "target_region": {
      "type": "circle",
      "params": {
        "center": [
          -2.1067969,
          -4.4919053
        ],
        "radius": 3.4844016171612897,
        "object_center": [
          -2.1067969,
          -4.4919053,
          0.551875
        ],
        "object_height": 1.10375,
        "occupancy_ratio": 0.2,
        "fov_vertical": 90.0,
        "sample_distance": 3.4844016171612897,
        "min_distance": 1.10375
      },
      "sample_point": [
        -1.076749370865333,
        -7.8205772149534365,
        1.5
      ],
      "sample_forward": [
        -0.2852453290504442,
        0.9217905861873393,
        -0.26255897903386394
      ],
      "height": 1.5
    },
    "sample_target": [
      -1.076749370865333,
      -7.8205772149534365,
      1.5
    ],
    "camera_params": {
      "forward": [
        -0.2852453290504442,
        0.9217905861873393,
        -0.26255897903386394
      ]
    },
    "task_type": "screen_occupancy",
    "task_description": "Position where dresser occupies 20% of vertical FOV",
    "target_object": {
      "label": "dresser",
      "id": "85",
      "bbox_min": [
        -2.5926509384715284,
        -4.720820870188086,
        0.0
      ],
      "bbox_max": [
        -1.6209428615284716,
        -4.262989729811915,
        1.10375
      ],
      "center": [
        -2.1067969,
        -4.491905300000001,
        0.551875
      ]
    }
  },
  {
    "scene_id": "0012_840878",
    "object_label": "dresser",
    "preset": "occupancy_30",
    "distance": 2.298724810618649,
    "init_camera": {
      "intrinsics": [
        [
          320.0,
          0.0,
          320.0
        ],
        [
          0.0,
          320.0,
          240.0
        ],
        [
          0.0,
          0.0,
          1.0
        ]
      ],
      "extrinsics": [
        [
          -0.34202014332566866,
          -0.5649910583171475,
          0.7508710445750048,
          -2.9208897206347864
        ],
        [
          -0.9396926207859084,
          0.2056399278540017,
          -0.27329470999767247,
          -4.195599745359124
        ],
        [
          0.0,
          -0.7990602756324899,
          -0.6012509259087501,
          1.20375
        ],
        [
          0.0,
          0.0,
          0.0,
          1.0
        ]
      ]
    },
    "target_region": {
      "type": "circle",
      "params": {
        "center": [
          -2.1067969,
          -4.4919053
        ],
        "radius": 2.298724810618649,
        "object_center": [
          -2.1067969,
          -4.4919053,
          0.551875
        ],
        "object_height": 1.10375,
        "occupancy_ratio": 0.3,
        "fov_vertical": 90.0,
        "sample_distance": 2.298724810618649,
        "min_distance": 1.10375
      },
      "sample_point": [
        -1.0476674451457693,
        -2.4517139970056157,
        1.5
      ],
      "sample_forward": [
        -0.4259383328516619,
        -0.8204810831320792,
        -0.3812969037770395
      ],
      "height": 1.5
    },
    "sample_target": [
      -1.0476674451457693,
      -2.4517139970056157,
      1.5
    ],
    "camera_params": {
      "forward": [
        -0.4259383328516619,
        -0.8204810831320792,
        -0.3812969037770395
      ]
    },
    "task_type": "screen_occupancy",
    "task_description": "Position where dresser occupies 30% of vertical FOV",
    "target_object": {
      "label": "dresser",
      "id": "85",
      "bbox_min": [
        -2.5926509384715284,
        -4.720820870188086,
        0.0
      ],
      "bbox_max": [
        -1.6209428615284716,
        -4.262989729811915,
        1.10375
      ],
      "center": [
        -2.1067969,
        -4.491905300000001,
        0.551875
      ]
    }
  },
  {
    "scene_id": "0012_840878",
    "object_label": "dresser",
    "preset": "right",
    "distance": 1.5,
    "init_camera": {
      "intrinsics": [
        [
          320.0,
          0.0,
          320.0
        ],
        [
          0.0,
          320.0,
          240.0
        ],
        [
          0.0,
          0.0,
          1.0
        ]
      ],
      "extrinsics": [
        [
          -0.17364817766693022,
          -0.5921165733407057,
          0.7869207545669481,
          -2.959974741028692
        ],
        [
          -0.984807753012208,
          0.10440612760460892,
          -0.13875536070961686,
          -4.341467027284045
        ],
        [
          0.0,
          -0.79906027563249,
          -0.6012509259087498,
          1.20375
        ],
        [
          0.0,
          0.0,
          0.0,
          1.0
        ]
      ]
    },
    "target_region": {
      "type": "circle",
      "params": {
        "center": [
          -2.1067969,
          -4.4919053
        ],
        "radius": 1.5,
        "object_center": [
          -2.1067969,
          -4.4919053,
          0.551875
        ],
        "sample_distance": 1.5,
        "min_distance": 1.10375,
        "requested_distance": 1.5
      },
      "sample_point": [
        -1.212837062338847,
        -3.287398841466529,
        1.5
      ],
      "sample_forward": [
        -0.5037739947822925,
        -0.6787766125422737,
        -0.5342977376395361
      ],
      "height": 1.5
    },
    "sample_target": [
      -1.212837062338847,
      -3.287398841466529,
      1.5
    ],
    "camera_params": {
      "forward": [
        -0.5037739947822925,
        -0.6787766125422737,
        -0.5342977376395361
      ]
    },
    "task_type": "absolute_positioning",
    "task_description": "Move to any position 1.5m from dresser",
    "target_object": {
      "label": "dresser",
      "id": "85",
      "bbox_min": [
        -2.5926509384715284,
        -4.720820870188086,
        0.0
      ],
      "bbox_max": [
        -1.6209428615284716,
        -4.262989729811915,
        1.10375
      ],
      "center": [
        -2.1067969,
        -4.491905300000001,
        0.551875
      ]
    }
  },
  {
    "scene_id": "0012_840878",
    "object_label": "dresser",
    "preset": "occupancy_20",
    "distance": 3.4844016171612897,
    "init_camera": {
      "intrinsics": [
        [
          320.0,
          0.0,
          320.0
        ],
        [
          0.0,
          320.0,
          240.0
        ],
        [
          0.0,
          0.0,
          1.0
        ]
      ],
      "extrinsics": [
        [
          -0.17364817766693022,
          -0.5921165733407057,
          0.7869207545669481,
          -2.959974741028692
        ],
        [
          -0.984807753012208,
          0.10440612760460892,
          -0.13875536070961686,
          -4.341467027284045
        ],
        [
          0.0,
          -0.79906027563249,
          -0.6012509259087498,
          1.20375
        ],
        [
          0.0,
          0.0,
          0.0,
          1.0
        ]
      ]
    },
    "target_region": {
      "type": "circle",
      "params": {
        "center": [
          -2.1067969,
          -4.4919053
        ],
        "radius": 3.4844016171612897,
        "object_center": [
          -2.1067969,
          -4.4919053,
          0.551875
        ],
        "object_height": 1.10375,
        "occupancy_ratio": 0.2,
        "fov_vertical": 90.0,
        "sample_distance": 3.4844016171612897,
        "min_distance": 1.10375
      },
      "sample_point": [
        0.9715071591810989,
        -2.8593922835418217,
        1.5
      ],
      "sample_forward": [
        -0.8524576094232179,
        -0.45208274316229696,
        -0.26255897903386394
      ],
      "height": 1.5
    },
    "sample_target": [
      0.9715071591810989,
      -2.8593922835418217,
      1.5
    ],
    "camera_params": {
      "forward": [
        -0.8524576094232179,
        -0.45208274316229696,
        -0.26255897903386394
      ]
    },
    "task_type": "screen_occupancy",
    "task_description": "Position where dresser occupies 20% of vertical FOV",
    "target_object": {
      "label": "dresser",
      "id": "85",
      "bbox_min": [
        -2.5926509384715284,
        -4.720820870188086,
        0.0
      ],
      "bbox_max": [
        -1.6209428615284716,
        -4.262989729811915,
        1.10375
      ],
      "center": [
        -2.1067969,
        -4.491905300000001,
        0.551875
      ]
    }
  },
  {
    "scene_id": "0012_840878",
    "object_label": "dresser",
    "preset": "occupancy_30",
    "distance": 2.298724810618649,
    "init_camera": {
      "intrinsics": [
        [
          320.0,
          0.0,
          320.0
        ],
        [
          0.0,
          320.0,
          240.0
        ],
        [
          0.0,
          0.0,
          1.0
        ]
      ],
      "extrinsics": [
        [
          -0.17364817766693022,
          -0.5921165733407057,
          0.7869207545669481,
          -2.959974741028692
        ],
        [
          -0.984807753012208,
          0.10440612760460892,
          -0.13875536070961686,
          -4.341467027284045
        ],
        [
          0.0,
          -0.79906027563249,
          -0.6012509259087498,
          1.20375
        ],
        [
          0.0,
          0.0,
          0.0,
          1.0
        ]
      ]
    },
    "target_region": {
      "type": "circle",
      "params": {
        "center": [
          -2.1067969,
          -4.4919053
        ],
        "radius": 2.298724810618649,
        "object_center": [
          -2.1067969,
          -4.4919053,
          0.551875
        ],
        "object_height": 1.10375,
        "occupancy_ratio": 0.3,
        "fov_vertical": 90.0,
        "sample_distance": 2.298724810618649,
        "min_distance": 1.10375
      },
      "sample_point": [
        -0.29247451146178083,
        -5.903418681234027,
        1.5
      ],
      "sample_forward": [
        -0.7296458897328789,
        0.5676526638411543,
        -0.3812969037770395
      ],
      "height": 1.5
    },
    "sample_target": [
      -0.29247451146178083,
      -5.903418681234027,
      1.5
    ],
    "camera_params": {
      "forward": [
        -0.7296458897328789,
        0.5676526638411543,
        -0.3812969037770395
      ]
    },
    "task_type": "screen_occupancy",
    "task_description": "Position where dresser occupies 30% of vertical FOV",
    "target_object": {
      "label": "dresser",
      "id": "85",
      "bbox_min": [
        -2.5926509384715284,
        -4.720820870188086,
        0.0
      ],
      "bbox_max": [
        -1.6209428615284716,
        -4.262989729811915,
        1.10375
      ],
      "center": [
        -2.1067969,
        -4.491905300000001,
        0.551875
      ]
    }
  },
  {
    "scene_id": "0012_840878",
    "object_label": "dresser",
    "preset": "occupancy_50",
    "distance": 1.3323441097346518,
    "init_camera": {
      "intrinsics": [
        [
          320.0,
          0.0,
          320.0
        ],
        [
          0.0,
          320.0,
          240.0
        ],
        [
          0.0,
          0.0,
          1.0
        ]
      ],
      "extrinsics": [
        [
          -0.17364817766693022,
          -0.5921165733407057,
          0.7869207545669481,
          -2.959974741028692
        ],
        [
          -0.984807753012208,
          0.10440612760460892,
          -0.13875536070961686,
          -4.341467027284045
        ],
        [
          0.0,
          -0.79906027563249,
          -0.6012509259087498,
          1.20375
        ],
        [
          0.0,
          0.0,
          0.0,
          1.0
        ]
      ]
    },
    "target_region": {
      "type": "circle",
      "params": {
        "center": [
          -2.1067969,
          -4.4919053
        ],
        "radius": 1.3323441097346518,
        "object_center": [
          -2.1067969,
          -4.4919053,
          0.551875
        ],
        "object_height": 1.10375,
        "occupancy_ratio": 0.5,
        "fov_vertical": 90.0,
        "sample_distance": 1.3323441097346518,
        "min_distance": 1.10375
      },
      "sample_point": [
        -1.589950534835895,
        -3.2638944443634244,
        1.5
      ],
      "sample_forward": [
        -0.3160633353584086,
        -0.7509566344064229,
        -0.5798000528484767
      ],
      "height": 1.5
    },
    "sample_target": [
      -1.589950534835895,
      -3.2638944443634244,
      1.5
    ],
    "camera_params": {
      "forward": [
        -0.3160633353584086,
        -0.7509566344064229,
        -0.5798000528484767
      ]
    },
    "task_type": "screen_occupancy",
    "task_description": "Position where dresser occupies 50% of vertical FOV",
    "target_object": {
      "label": "dresser",
      "id": "85",
      "bbox_min": [
        -2.5926509384715284,
        -4.720820870188086,
        0.0
      ],
      "bbox_max": [
        -1.6209428615284716,
        -4.262989729811915,
        1.10375
      ],
      "center": [
        -2.1067969,
        -4.491905300000001,
        0.551875
      ]
    }
  },
  {
    "scene_id": "0012_840878",
    "object_label": "wardrobe",
    "preset": "occupancy_20",
    "distance": 6.58177442873489,
    "init_camera": {
      "intrinsics": [
        [
          320.0,
          0.0,
          320.0
        ],
        [
          0.0,
          320.0,
          240.0
        ],
        [
          0.0,
          0.0,
          1.0
        ]
      ],
      "extrinsics": [
        [
          0.34202014332566855,
          -0.24522824244032815,
          0.9071302721600226,
          -3.2617783711784463
        ],
        [
          -0.9396926207859084,
          -0.08925578084969525,
          0.33016841766804716,
          3.0154772317197365
        ],
        [
          0.0,
          -0.9653478723727208,
          -0.2609664447883313,
          1.6
        ],
        [
          0.0,
          0.0,
          0.0,
          1.0
        ]
      ]
    },
    "target_region": {
      "type": "circle",
      "params": {
        "center": [
          -1.3237118173036102,
          3.7208757693570513
        ],
        "radius": 6.58177442873489,
        "object_center": [
          -1.3237118173036102,
          3.7208757693570513,
          1.04245015975096
        ],
        "object_height": 2.08490131847504,
        "occupancy_ratio": 0.2,
        "fov_vertical": 90.0,
        "sample_distance": 6.58177442873489,
        "min_distance": 2.08490131847504
      },
      "sample_point": [
        2.942632003464716,
        -1.2909168274829659,
        1.5
      ],
      "sample_forward": [
        -0.6466450770832015,
        0.7596319345694428,
        -0.06935032996566212
      ],
      "height": 1.5
    },
    "sample_target": [
      2.942632003464716,
      -1.2909168274829659,
      1.5
    ],
    "camera_params": {
      "forward": [
        -0.6466450770832015,
        0.7596319345694428,
        -0.06935032996566212
      ]
    },
    "task_type": "screen_occupancy",
    "task_description": "Position where wardrobe occupies 20% of vertical FOV",
    "target_object": {
      "label": "wardrobe",
      "id": "99",
      "bbox_min": [
        -1.5772810142602096,
        2.7208754842597918,
        -4.994865601020138e-07
      ],
      "bbox_max": [
        -1.0701426203470106,
        4.720876054454312,
        2.08490081898848
      ],
      "center": [
        -1.32371181730361,
        3.7208757693570518,
        1.04245015975096
      ]
    }
  },
  {
    "scene_id": "0012_840878",
    "object_label": "wardrobe",
    "preset": "occupancy_50",
    "distance": 2.5166985196359946,
    "init_camera": {
      "intrinsics": [
        [
          320.0,
          0.0,
          320.0
        ],
        [
          0.0,
          320.0,
          240.0
        ],
        [
          0.0,
          0.0,
          1.0
        ]
      ],
      "extrinsics": [
        [
          0.34202014332566855,
          -0.24522824244032815,
          0.9071302721600226,
          -3.2617783711784463
        ],
        [
          -0.9396926207859084,
          -0.08925578084969525,
          0.33016841766804716,
          3.0154772317197365
        ],
        [
          0.0,
          -0.9653478723727208,
          -0.2609664447883313,
          1.6
        ],
        [
          0.0,
          0.0,
          0.0,
          1.0
        ]
      ]
    },
    "target_region": {
      "type": "circle",
      "params": {
        "center": [
          -1.3237118173036102,
          3.7208757693570513
        ],
        "radius": 2.5166985196359946,
        "object_center": [
          -1.3237118173036102,
          3.7208757693570513,
          1.04245015975096
        ],
        "object_height": 2.08490131847504,
        "occupancy_ratio": 0.5,
        "fov_vertical": 90.0,
        "sample_distance": 2.5166985196359946,
        "min_distance": 2.08490131847504
      },
      "sample_point": [
        -3.063086427362773,
        1.9019894604802317,
        1.5
      ],
      "sample_forward": [
        0.6799869442378126,
        0.7110710573423132,
        -0.17887343871074526
      ],
      "height": 1.5
    },
    "sample_target": [
      -3.063086427362773,
      1.9019894604802317,
      1.5
    ],
    "camera_params": {
      "forward": [
        0.6799869442378126,
        0.7110710573423132,
        -0.17887343871074526
      ]
    },
    "task_type": "screen_occupancy",
    "task_description": "Position where wardrobe occupies 50% of vertical FOV",
    "target_object": {
      "label": "wardrobe",
      "id": "99",
      "bbox_min": [
        -1.5772810142602096,
        2.7208754842597918,
        -4.994865601020138e-07
      ],
      "bbox_max": [
        -1.0701426203470106,
        4.720876054454312,
        2.08490081898848
      ],
      "center": [
        -1.32371181730361,
        3.7208757693570518,
        1.04245015975096
      ]
    }
  },
  {
    "scene_id": "0012_840878",
    "object_label": "wardrobe",
    "preset": "occupancy_20",
    "distance": 6.58177442873489,
    "init_camera": {
      "intrinsics": [
        [
          320.0,
          0.0,
          320.0
        ],
        [
          0.0,
          320.0,
          240.0
        ],
        [
          0.0,
          0.0,
          1.0
        ]
      ],
      "extrinsics": [
        [
          -0.342020143325669,
          -0.2452282424403281,
          0.9071302721600225,
          -3.261778371178446
        ],
        [
          -0.9396926207859083,
          0.08925578084969536,
          -0.3301684176680476,
          4.426274306994368
        ],
        [
          0.0,
          -0.9653478723727208,
          -0.2609664447883313,
          1.6
        ],
        [
          0.0,
          0.0,
          0.0,
          1.0
        ]
      ]
    },
    "target_region": {
      "type": "circle",
      "params": {
        "center": [
          -1.3237118173036102,
          3.7208757693570513
        ],
        "radius": 6.58177442873489,
        "object_center": [
          -1.3237118173036102,
          3.7208757693570513,
          1.04245015975096
        ],
        "object_height": 2.08490131847504,
        "occupancy_ratio": 0.2,
        "fov_vertical": 90.0,
        "sample_distance": 6.58177442873489,
        "min_distance": 2.08490131847504
      },
      "sample_point": [
        4.782058007734543,
        6.17838049456147,
        1.5
      ],
      "sample_forward": [
        -0.9254448691978694,
        -0.3724813093418139,
        -0.06935032996566212
      ],
      "height": 1.5
    },
    "sample_target": [
      4.782058007734543,
      6.17838049456147,
      1.5
    ],
    "camera_params": {
      "forward": [
        -0.9254448691978694,
        -0.3724813093418139,
        -0.06935032996566212
      ]
    },
    "task_type": "screen_occupancy",
    "task_description": "Position where wardrobe occupies 20% of vertical FOV",
    "target_object": {
      "label": "wardrobe",
      "id": "99",
      "bbox_min": [
        -1.5772810142602096,
        2.7208754842597918,
        -4.994865601020138e-07
      ],
      "bbox_max": [
        -1.0701426203470106,
        4.720876054454312,
        2.08490081898848
      ],
      "center": [
        -1.32371181730361,
        3.7208757693570518,
        1.04245015975096
      ]
    }
  },
  {
    "scene_id": "0012_840878",
    "object_label": "wardrobe",
    "preset": "occupancy_30",
    "distance": 4.342119491252646,
    "init_camera": {
      "intrinsics": [
        [
          320.0,
          0.0,
          320.0
        ],
        [
          0.0,
          320.0,
          240.0
        ],
        [
          0.0,
          0.0,
          1.0
        ]
      ],
