[
  {
    "scene_id": "0314_840535",
    "object_label": "cabinet",
    "preset": "occupancy_20",
    "distance": 2.5570693950121504,
    "init_camera": {
      "intrinsics": [
        [
          320.0,
          0.0,
          320.0
        ],
        [
          0.0,
          320.0,
          240.0
        ],
        [
          0.0,
          0.0,
          1.0
        ]
      ],
      "extrinsics": [
        [
          0.9396926207859085,
          0.14927198628556784,
          -0.30772658733179337,
          -2.8589333408072206
        ],
        [
          0.34202014332566816,
          -0.41012141167673843,
          0.8454718500599347,
          5.592960343072627
        ],
        [
          -0.0,
          -0.8997323500878694,
          -0.436442090322828,
          0.93
        ],
        [
          0.0,
          0.0,
          0.0,
          1.0
        ]
      ]
    },
    "target_region": {
      "type": "circle",
      "params": {
        "center": [
          -3.214998742350506,
          6.571241993661849
        ],
        "radius": 2.5570693950121504,
        "object_center": [
          -3.214998742350506,
          6.571241993661849,
          0.4249999950000001
        ],
        "object_height": 0.81000001,
        "occupancy_ratio": 0.2,
        "fov_vertical": 90.0,
        "sample_distance": 2.5570693950121504,
        "min_distance": 1.3799995152989868
      },
      "sample_point": [
        -1.130296776071618,
        8.051992344902983,
        1.5
      ],
      "sample_forward": [
        -0.7515561359234098,
        -0.5338254725362218,
        -0.38754837043568247
      ],
      "height": 1.5
    },
    "sample_target": [
      -1.130296776071618,
      8.051992344902983,
      1.5
    ],
    "camera_params": {
      "forward": [
        -0.7515561359234098,
        -0.5338254725362218,
        -0.38754837043568247
      ]
    },
    "task_type": "screen_occupancy",
    "task_description": "Position where cabinet occupies 20% of vertical FOV",
    "target_object": {
      "label": "cabinet",
      "id": "90",
      "bbox_min": [
        -3.9049984999999996,
        6.106241987323696,
        0.019999990000000026
      ],
      "bbox_max": [
        -2.524998984701013,
        7.0362420000000006,
        0.8300000000000001
      ],
      "center": [
        -3.214998742350506,
        6.5712419936618485,
        0.4249999950000001
      ]
    }
  },
  {
    "scene_id": "0314_840535",
    "object_label": "cabinet",
    "preset": "occupancy_20",
    "distance": 2.5570693950121504,
    "init_camera": {
      "intrinsics": [
        [
          320.0,
          0.0,
          320.0
        ],
        [
          0.0,
          320.0,
          240.0
        ],
        [
          0.0,
          0.0,
          1.0
        ]
      ],
      "extrinsics": [
        [
          0.8660254037844386,
          0.21822104516141397,
          -0.4498661750439347,
          -2.694465948461458
        ],
        [
          0.49999999999999994,
          -0.3779699375003515,
          0.7791910717827691,
          5.669652747640239
        ],
        [
          -0.0,
          -0.8997323500878696,
          -0.436442090322828,
          0.93
        ],
        [
          0.0,
          0.0,
          0.0,
          1.0
        ]
      ]
    },
    "target_region": {
      "type": "circle",
      "params": {
        "center": [
          -3.214998742350506,
          6.571241993661849
        ],
        "radius": 2.5570693950121504,
        "object_center": [
          -3.214998742350506,
          6.571241993661849,
          0.4249999950000001
        ],
        "object_height": 0.81000001,
        "occupancy_ratio": 0.2,
        "fov_vertical": 90.0,
        "sample_distance": 2.5570693950121504,
        "min_distance": 1.3799995152989868
      },
      "sample_point": [
        -5.459764689298801,
        5.346648291926809,
        1.5
      ],
      "sample_forward": [
        0.8092608192586225,
        0.4414784105542539,
        -0.3875483704356824
      ],
      "height": 1.5
    },
    "sample_target": [
      -5.459764689298801,
      5.346648291926809,
      1.5
    ],
    "camera_params": {
      "forward": [
        0.8092608192586225,
        0.4414784105542539,
        -0.3875483704356824
      ]
    },
    "task_type": "screen_occupancy",
    "task_description": "Position where cabinet occupies 20% of vertical FOV",
    "target_object": {
      "label": "cabinet",
      "id": "90",
      "bbox_min": [
        -3.9049984999999996,
        6.106241987323696,
        0.019999990000000026
      ],
      "bbox_max": [
        -2.524998984701013,
        7.0362420000000006,
        0.8300000000000001
      ],
      "center": [
        -3.214998742350506,
        6.5712419936618485,
        0.4249999950000001
      ]
    }
  },
  {
    "scene_id": "0314_840535",
    "object_label": "cabinet",
    "preset": "occupancy_30",
    "distance": 1.6869464277131179,
    "init_camera": {
      "intrinsics": [
        [
          320.0,
          0.0,
          320.0
        ],
        [
          0.0,
          320.0,
          240.0
        ],
        [
          0.0,
          0.0,
          1.0
        ]
      ],
      "extrinsics": [
        [
          0.8660254037844386,
          0.21822104516141397,
          -0.4498661750439347,
          -2.694465948461458
        ],
        [
          0.49999999999999994,
          -0.3779699375003515,
          0.7791910717827691,
          5.669652747640239
        ],
        [
          -0.0,
          -0.8997323500878696,
          -0.436442090322828,
          0.93
        ],
        [
          0.0,
          0.0,
          0.0,
          1.0
        ]
      ]
    },
    "target_region": {
      "type": "circle",
      "params": {
        "center": [
          -3.214998742350506,
          6.571241993661849
        ],
        "radius": 1.6869464277131179,
        "object_center": [
          -3.214998742350506,
          6.571241993661849,
          0.4249999950000001
        ],
        "object_height": 0.81000001,
        "occupancy_ratio": 0.3,
        "fov_vertical": 90.0,
        "sample_distance": 1.6869464277131179,
        "min_distance": 1.3799995152989868
      },
      "sample_point": [
        -3.813126607488686,
        4.993892537479329,
        1.5
      ],
      "sample_forward": [
        0.2990111146509723,
        0.7885354396225638,
        -0.5374050741986283
      ],
      "height": 1.5
    },
    "sample_target": [
      -3.813126607488686,
      4.993892537479329,
      1.5
    ],
    "camera_params": {
      "forward": [
        0.2990111146509723,
        0.7885354396225638,
        -0.5374050741986283
      ]
    },
    "task_type": "screen_occupancy",
    "task_description": "Position where cabinet occupies 30% of vertical FOV",
    "target_object": {
      "label": "cabinet",
      "id": "90",
      "bbox_min": [
        -3.9049984999999996,
        6.106241987323696,
        0.019999990000000026
      ],
      "bbox_max": [
        -2.524998984701013,
        7.0362420000000006,
        0.8300000000000001
      ],
      "center": [
        -3.214998742350506,
        6.5712419936618485,
        0.4249999950000001
      ]
    }
  },
  {
    "scene_id": "0314_840535",
    "object_label": "cabinet",
    "preset": "left",
    "distance": 1.3799995152989868,
    "init_camera": {
      "intrinsics": [
        [
          320.0,
          0.0,
          320.0
        ],
        [
          0.0,
          320.0,
          240.0
        ],
        [
          0.0,
          0.0,
          1.0
        ]
      ],
      "extrinsics": [
        [
          0.9848077530122081,
          0.038645089611416425,
          -0.16929337451882537,
          -2.8308430652829935
        ],
        [
          0.17364817766692994,
          -0.21916719413072372,
          0.9601104370903486,
          4.392586886405928
        ],
        [
          -0.0,
          -0.9749216881707942,
          -0.22254820137266615,
          0.93
        ],
        [
          0.0,
          0.0,
          0.0,
          1.0
        ]
      ]
    },
    "target_region": {
      "type": "circle",
      "params": {
        "center": [
          -3.214998742350506,
          6.571241993661849
        ],
        "radius": 1.3799995152989868,
        "object_center": [
          -3.214998742350506,
          6.571241993661849,
          0.4249999950000001
        ],
        "sample_distance": 1.3799995152989868,
        "min_distance": 1.3799995152989868,
        "requested_distance": 0.8
      },
      "sample_point": [
        -3.280841187441549,
        5.192814108478924,
        1.5
      ],
      "sample_forward": [
        0.0376394749905679,
        0.7879917253817491,
        -0.6145342225233096
      ],
      "height": 1.5
    },
    "sample_target": [
      -3.280841187441549,
      5.192814108478924,
      1.5
    ],
    "camera_params": {
      "forward": [
        0.0376394749905679,
        0.7879917253817491,
        -0.6145342225233096
      ]
    },
    "task_type": "absolute_positioning",
    "task_description": "Move to any position 1.4m from cabinet",
    "target_object": {
      "label": "cabinet",
      "id": "90",
      "bbox_min": [
        -3.9049984999999996,
        6.106241987323696,
        0.019999990000000026
      ],
      "bbox_max": [
        -2.524998984701013,
        7.0362420000000006,
        0.8300000000000001
      ],
      "center": [
        -3.214998742350506,
        6.5712419936618485,
        0.4249999950000001
      ]
    }
  },
  {
    "scene_id": "0314_840535",
    "object_label": "cabinet",
    "preset": "right",
    "distance": 1.5,
    "init_camera": {
      "intrinsics": [
        [
          320.0,
          0.0,
          320.0
        ],
        [
          0.0,
          320.0,
          240.0
        ],
        [
          0.0,
          0.0,
          1.0
        ]
      ],
      "extrinsics": [
        [
          0.9848077530122081,
          0.038645089611416425,
          -0.16929337451882537,
          -2.8308430652829935
        ],
        [
          0.17364817766692994,
          -0.21916719413072372,
          0.9601104370903486,
          4.392586886405928
        ],
        [
          -0.0,
          -0.9749216881707942,
          -0.22254820137266615,
          0.93
        ],
        [
          0.0,
          0.0,
          0.0,
          1.0
        ]
      ]
    },
    "target_region": {
      "type": "circle",
      "params": {
        "center": [
          -3.214998742350506,
          6.571241993661849
        ],
        "radius": 1.5,
        "object_center": [
          -3.214998742350506,
          6.571241993661849,
          0.4249999950000001
        ],
        "sample_distance": 1.5,
        "min_distance": 1.3799995152989868,
        "requested_distance": 1.5
      },
      "sample_point": [
        -2.335135005067019,
        7.786083466370751,
        1.5
      ],
      "sample_forward": [
        -0.4767788763110191,
        -0.6582959698310143,
        -0.5825189432180262
      ],
      "height": 1.5
    },
    "sample_target": [
      -2.335135005067019,
      7.786083466370751,
      1.5
    ],
    "camera_params": {
      "forward": [
        -0.4767788763110191,
        -0.6582959698310143,
        -0.5825189432180262
      ]
    },
    "task_type": "absolute_positioning",
    "task_description": "Move to any position 1.5m from cabinet",
    "target_object": {
      "label": "cabinet",
      "id": "90",
      "bbox_min": [
        -3.9049984999999996,
        6.106241987323696,
        0.019999990000000026
      ],
      "bbox_max": [
        -2.524998984701013,
        7.0362420000000006,
        0.8300000000000001
      ],
      "center": [
        -3.214998742350506,
        6.5712419936618485,
        0.4249999950000001
      ]
    }
  },
  {
    "scene_id": "0314_840535",
    "object_label": "cabinet",
    "preset": "closer",
    "distance": 1.7122643740284542,
    "init_camera": {
      "intrinsics": [
        [
          320.0,
          0.0,
          320.0
        ],
        [
          0.0,
          320.0,
          240.0
        ],
        [
          0.0,
          0.0,
          1.0
        ]
      ],
      "extrinsics": [
        [
          0.9848077530122081,
          0.038645089611416425,
          -0.16929337451882537,
          -2.8308430652829935
        ],
        [
          0.17364817766692994,
          -0.21916719413072372,
          0.9601104370903486,
          4.392586886405928
        ],
        [
          -0.0,
          -0.9749216881707942,
          -0.22254820137266615,
          0.93
        ],
        [
          0.0,
          0.0,
          0.0,
          1.0
        ]
      ]
    },
    "target_region": {
      "type": "point",
      "params": {
        "delta": 0.5,
        "start_position": [
          -2.8308430652829935,
          4.392586886405928,
          0.93
        ],
        "sample_distance": 1.7122643740284542,
        "min_distance": 1.3799995152989868,
        "min_distance_enforced": false
      },
      "sample_point": [
        -2.9176671541164585,
        4.884990762912032,
        0.93
      ],
      "sample_forward": [
        -0.16655534880816628,
        0.9445823216558421,
        -0.2828843463301731
      ],
      "height": 0.93
    },
    "sample_target": [
      -2.9176671541164585,
      4.884990762912032,
      0.93
    ],
    "camera_params": {
      "forward": [
        -0.16655534880816628,
        0.9445823216558421,
        -0.2828843463301731
      ]
    },
    "task_type": "delta_control",
    "task_description": "Move 0.5m toward cabinet",
    "target_object": {
      "label": "cabinet",
      "id": "90",
      "bbox_min": [
        -3.9049984999999996,
        6.106241987323696,
        0.019999990000000026
      ],
      "bbox_max": [
        -2.524998984701013,
        7.0362420000000006,
        0.8300000000000001
      ],
      "center": [
        -3.214998742350506,
        6.5712419936618485,
        0.4249999950000001
      ]
    }
  },
  {
    "scene_id": "0314_840535",
    "object_label": "cabinet",
    "preset": "closer",
    "distance": 1.5122643740284547,
    "init_camera": {
      "intrinsics": [
        [
          320.0,
          0.0,
          320.0
        ],
        [
          0.0,
          320.0,
          240.0
        ],
        [
          0.0,
          0.0,
          1.0
        ]
      ],
      "extrinsics": [
        [
          0.9848077530122081,
          0.038645089611416425,
          -0.16929337451882537,
          -2.8308430652829935
        ],
        [
          0.17364817766692994,
          -0.21916719413072372,
          0.9601104370903486,
          4.392586886405928
        ],
        [
          -0.0,
          -0.9749216881707942,
          -0.22254820137266615,
          0.93
        ],
        [
          0.0,
          0.0,
          0.0,
          1.0
        ]
      ]
    },
    "target_region": {
      "type": "point",
      "params": {
        "delta": 0.7,
        "start_position": [
          -2.8308430652829935,
          4.392586886405928,
          0.93
        ],
        "sample_distance": 1.5122643740284547,
        "min_distance": 1.3799995152989868,
        "min_distance_enforced": false
      },
      "sample_point": [
        -2.9523967896498444,
        5.081952313514473,
        0.93
      ],
      "sample_forward": [
        -0.1647073065810625,
        0.9341015533713829,
        -0.31674246817877355
      ],
      "height": 0.93
    },
    "sample_target": [
      -2.9523967896498444,
      5.081952313514473,
      0.93
    ],
    "camera_params": {
      "forward": [
        -0.1647073065810625,
        0.9341015533713829,
        -0.31674246817877355
      ]
    },
    "task_type": "delta_control",
    "task_description": "Move 0.7m toward cabinet",
    "target_object": {
      "label": "cabinet",
      "id": "90",
      "bbox_min": [
        -3.9049984999999996,
        6.106241987323696,
        0.019999990000000026
      ],
      "bbox_max": [
        -2.524998984701013,
        7.0362420000000006,
        0.8300000000000001
      ],
      "center": [
        -3.214998742350506,
        6.5712419936618485,
        0.4249999950000001
      ]
    }
  },
  {
    "scene_id": "0314_840535",
    "object_label": "cabinet",
    "preset": "closer",
    "distance": 1.3799995152989863,
    "init_camera": {
      "intrinsics": [
        [
          320.0,
          0.0,
          320.0
        ],
        [
          0.0,
          320.0,
          240.0
        ],
        [
          0.0,
          0.0,
          1.0
        ]
      ],
      "extrinsics": [
        [
          0.9848077530122081,
          0.038645089611416425,
          -0.16929337451882537,
          -2.8308430652829935
        ],
        [
          0.17364817766692994,
          -0.21916719413072372,
          0.9601104370903486,
          4.392586886405928
        ],
        [
          -0.0,
          -0.9749216881707942,
          -0.22254820137266615,
          0.93
        ],
        [
          0.0,
          0.0,
          0.0,
          1.0
        ]
      ]
    },
    "target_region": {
      "type": "point",
      "params": {
        "delta": 1.0,
        "start_position": [
          -2.8308430652829935,
          4.392586886405928,
          0.93
        ],
        "sample_distance": 1.3799995152989863,
        "min_distance": 1.3799995152989868,
        "min_distance_enforced": true
      },
      "sample_point": [
        -2.9753643413375905,
        5.212207771842318,
        0.93
      ],
      "sample_forward": [
        -0.1630723145695276,
        0.9248290529011447,
        -0.3436548313801346
      ],
      "height": 0.93
    },
    "sample_target": [
      -2.9753643413375905,
      5.212207771842318,
      0.93
    ],
    "camera_params": {
      "forward": [
        -0.1630723145695276,
        0.9248290529011447,
        -0.3436548313801346
      ]
    },
    "task_type": "delta_control",
    "task_description": "Move 1.0m toward cabinet",
    "target_object": {
      "label": "cabinet",
      "id": "90",
      "bbox_min": [
        -3.9049984999999996,
        6.106241987323696,
        0.019999990000000026
      ],
      "bbox_max": [
        -2.524998984701013,
        7.0362420000000006,
        0.8300000000000001
      ],
      "center": [
        -3.214998742350506,
        6.5712419936618485,
        0.4249999950000001
      ]
    }
  },
  {
    "scene_id": "0314_840535",
    "object_label": "cabinet",
    "preset": "closer",
    "distance": 1.3799995152989863,
    "init_camera": {
      "intrinsics": [
        [
          320.0,
          0.0,
          320.0
        ],
        [
          0.0,
          320.0,
          240.0
        ],
        [
          0.0,
          0.0,
          1.0
        ]
      ],
      "extrinsics": [
        [
          0.9848077530122081,
          0.038645089611416425,
          -0.16929337451882537,
          -2.8308430652829935
        ],
        [
          0.17364817766692994,
          -0.21916719413072372,
          0.9601104370903486,
          4.392586886405928
        ],
        [
          -0.0,
          -0.9749216881707942,
          -0.22254820137266615,
          0.93
        ],
        [
          0.0,
          0.0,
          0.0,
          1.0
        ]
      ]
    },
    "target_region": {
      "type": "point",
      "params": {
        "delta": 1.5,
        "start_position": [
          -2.8308430652829935,
          4.392586886405928,
          0.93
        ],
        "sample_distance": 1.3799995152989863,
        "min_distance": 1.3799995152989868,
        "min_distance_enforced": true
      },
      "sample_point": [
        -2.9753643413375905,
        5.212207771842318,
        0.93
      ],
      "sample_forward": [
        -0.1630723145695276,
        0.9248290529011447,
        -0.3436548313801346
      ],
      "height": 0.93
    },
    "sample_target": [
      -2.9753643413375905,
      5.212207771842318,
      0.93
    ],
    "camera_params": {
      "forward": [
        -0.1630723145695276,
        0.9248290529011447,
        -0.3436548313801346
      ]
    },
    "task_type": "delta_control",
    "task_description": "Move 1.5m toward cabinet",
    "target_object": {
      "label": "cabinet",
      "id": "90",
      "bbox_min": [
        -3.9049984999999996,
        6.106241987323696,
        0.019999990000000026
      ],
      "bbox_max": [
        -2.524998984701013,
        7.0362420000000006,
        0.8300000000000001
      ],
      "center": [
        -3.214998742350506,
        6.5712419936618485,
        0.4249999950000001
      ]
    }
  },
  {
    "scene_id": "0314_840535",
    "object_label": "cabinet",
    "preset": "occupancy_20",
    "distance": 2.5570693950121504,
    "init_camera": {
      "intrinsics": [
        [
          320.0,
          0.0,
          320.0
        ],
        [
          0.0,
          320.0,
          240.0
        ],
        [
          0.0,
          0.0,
          1.0
        ]
      ],
      "extrinsics": [
        [
          0.9848077530122081,
          0.038645089611416425,
          -0.16929337451882537,
          -2.8308430652829935
        ],
        [
          0.17364817766692994,
          -0.21916719413072372,
          0.9601104370903486,
          4.392586886405928
        ],
        [
          -0.0,
          -0.9749216881707942,
          -0.22254820137266615,
          0.93
        ],
        [
          0.0,
          0.0,
          0.0,
          1.0
        ]
      ]
    },
    "target_region": {
      "type": "circle",
      "params": {
        "center": [
          -3.214998742350506,
          6.571241993661849
        ],
        "radius": 2.5570693950121504,
        "object_center": [
          -3.214998742350506,
          6.571241993661849,
          0.4249999950000001
        ],
        "object_height": 0.81000001,
        "occupancy_ratio": 0.2,
        "fov_vertical": 90.0,
        "sample_distance": 2.5570693950121504,
        "min_distance": 1.3799995152989868
      },
      "sample_point": [
        -0.666645345673385,
        6.360294472813692,
        1.5
      ],
      "sample_forward": [
        -0.9187071642631801,
        0.07604871402037862,
        -0.3875483704356824
      ],
      "height": 1.5
    },
    "sample_target": [
      -0.666645345673385,
      6.360294472813692,
      1.5
    ],
    "camera_params": {
      "forward": [
        -0.9187071642631801,
        0.07604871402037862,
        -0.3875483704356824
      ]
    },
    "task_type": "screen_occupancy",
    "task_description": "Position where cabinet occupies 20% of vertical FOV",
    "target_object": {
      "label": "cabinet",
      "id": "90",
      "bbox_min": [
        -3.9049984999999996,
        6.106241987323696,
        0.019999990000000026
      ],
      "bbox_max": [
        -2.524998984701013,
        7.0362420000000006,
        0.8300000000000001
      ],
      "center": [
        -3.214998742350506,
        6.5712419936618485,
        0.4249999950000001
      ]
    }
  },
  {
    "scene_id": "0314_840535",
    "object_label": "cabinet",
    "preset": "back",
    "distance": 1.3799995152989868,
    "init_camera": {
      "intrinsics": [
        [
          320.0,
          0.0,
          320.0
        ],
        [
          0.0,
          320.0,
          240.0
        ],
        [
          0.0,
          0.0,
          1.0
        ]
      ],
      "extrinsics": [
        [
          0.9848077530122081,
          0.03016458848791916,
          -0.1710081495379685,
          -2.717856101439607
        ],
        [
          0.17364817766693005,
          -0.1710718822877859,
          0.9698354094811491,
          3.7518059725071278
        ],
        [
          -0.0,
          -0.9847966839362674,
          -0.1737109418204034,
          0.93
        ],
        [
          0.0,
          0.0,
          0.0,
          1.0
        ]
      ]
    },
    "target_region": {
      "type": "circle",
      "params": {
        "center": [
          -3.214998742350506,
          6.571241993661849
        ],
        "radius": 1.3799995152989868,
        "object_center": [
          -3.214998742350506,
          6.571241993661849,
          0.4249999950000001
        ],
        "sample_distance": 1.3799995152989868,
        "min_distance": 1.3799995152989868,
        "requested_distance": 0.8
      },
      "sample_point": [
        -4.521612688788175,
        7.01526750779366,
        1.5
      ],
      "sample_forward": [
        0.7469385878860403,
        -0.2538315096170675,
        -0.6145342225233096
      ],
      "height": 1.5
    },
    "sample_target": [
      -4.521612688788175,
      7.01526750779366,
      1.5
    ],
    "camera_params": {
      "forward": [
        0.7469385878860403,
        -0.2538315096170675,
        -0.6145342225233096
      ]
    },
    "task_type": "absolute_positioning",
    "task_description": "Move to any position 1.4m from cabinet",
    "target_object": {
      "label": "cabinet",
      "id": "90",
      "bbox_min": [
        -3.9049984999999996,
        6.106241987323696,
        0.019999990000000026
      ],
      "bbox_max": [
        -2.524998984701013,
        7.0362420000000006,
        0.8300000000000001
      ],
      "center": [
        -3.214998742350506,
        6.5712419936618485,
        0.4249999950000001
      ]
    }
  },
  {
    "scene_id": "0314_840535",
    "object_label": "cabinet",
    "preset": "left",
    "distance": 1.3799995152989868,
    "init_camera": {
      "intrinsics": [
        [
          320.0,
          0.0,
          320.0
        ],
        [
          0.0,
          320.0,
          240.0
        ],
        [
          0.0,
          0.0,
          1.0
        ]
      ],
      "extrinsics": [
        [
          0.9848077530122081,
          0.03016458848791916,
          -0.1710081495379685,
          -2.717856101439607
        ],
        [
          0.17364817766693005,
          -0.1710718822877859,
          0.9698354094811491,
          3.7518059725071278
        ],
        [
          -0.0,
          -0.9847966839362674,
          -0.1737109418204034,
          0.93
        ],
        [
          0.0,
          0.0,
          0.0,
          1.0
        ]
      ]
    },
    "target_region": {
      "type": "circle",
      "params": {
        "center": [
          -3.214998742350506,
          6.571241993661849
        ],
        "radius": 1.3799995152989868,
        "object_center": [
          -3.214998742350506,
          6.571241993661849,
          0.4249999950000001
        ],
        "sample_distance": 1.3799995152989868,
        "min_distance": 1.3799995152989868,
        "requested_distance": 1.2
      },
      "sample_point": [
        -2.423183089117222,
        5.441008994001962,
        1.5
      ],
      "sample_forward": [
        -0.4526491298402391,
        0.6461087018471009,
        -0.6145342225233095
      ],
      "height": 1.5
    },
    "sample_target": [
      -2.423183089117222,
      5.441008994001962,
      1.5
    ],
    "camera_params": {
      "forward": [
        -0.4526491298402391,
        0.6461087018471009,
        -0.6145342225233095
      ]
    },
    "task_type": "absolute_positioning",
    "task_description": "Move to any position 1.4m from cabinet",
    "target_object": {
      "label": "cabinet",
      "id": "90",
      "bbox_min": [
        -3.9049984999999996,
        6.106241987323696,
        0.019999990000000026
      ],
      "bbox_max": [
        -2.524998984701013,
        7.0362420000000006,
        0.8300000000000001
      ],
      "center": [
        -3.214998742350506,
        6.5712419936618485,
        0.4249999950000001
      ]
    }
  },
  {
    "scene_id": "0314_840535",
    "object_label": "cabinet",
    "preset": "front",
    "distance": 1.5,
    "init_camera": {
      "intrinsics": [
        [
          320.0,
          0.0,
          320.0
        ],
        [
          0.0,
          320.0,
          240.0
        ],
        [
          0.0,
          0.0,
          1.0
        ]
      ],
      "extrinsics": [
        [
          0.9848077530122081,
          0.03016458848791916,
          -0.1710081495379685,
          -2.717856101439607
        ],
        [
          0.17364817766693005,
          -0.1710718822877859,
          0.9698354094811491,
          3.7518059725071278
        ],
        [
          -0.0,
          -0.9847966839362674,
          -0.1737109418204034,
          0.93
        ],
        [
          0.0,
          0.0,
          0.0,
          1.0
        ]
      ]
    },
    "target_region": {
      "type": "circle",
      "params": {
        "center": [
          -3.214998742350506,
          6.571241993661849
        ],
        "radius": 1.5,
        "object_center": [
          -3.214998742350506,
          6.571241993661849,
          0.4249999950000001
        ],
        "sample_distance": 1.5,
        "min_distance": 1.3799995152989868,
        "requested_distance": 1.5
      },
      "sample_point": [
        -1.9808920231141518,
        7.423873570332384,
        1.5
      ],
      "sample_forward": [
        -0.6687353847108367,
        -0.46202236528960716,
        -0.5825189432180261
      ],
      "height": 1.5
    },
    "sample_target": [
      -1.9808920231141518,
      7.423873570332384,
      1.5
    ],
    "camera_params": {
      "forward": [
        -0.6687353847108367,
        -0.46202236528960716,
        -0.5825189432180261
      ]
    },
    "task_type": "absolute_positioning",
    "task_description": "Move to any position 1.5m from cabinet",
    "target_object": {
      "label": "cabinet",
      "id": "90",
      "bbox_min": [
        -3.9049984999999996,
        6.106241987323696,
        0.019999990000000026
      ],
      "bbox_max": [
        -2.524998984701013,
        7.0362420000000006,
        0.8300000000000001
      ],
      "center": [
        -3.214998742350506,
        6.5712419936618485,
        0.4249999950000001
      ]
    }
  },
  {
    "scene_id": "0314_840535",
    "object_label": "cabinet",
    "preset": "closer",
    "distance": 2.3629303663897643,
    "init_camera": {
      "intrinsics": [
        [
          320.0,
          0.0,
          320.0
        ],
        [
          0.0,
          320.0,
          240.0
        ],
        [
          0.0,
          0.0,
          1.0
        ]
      ],
      "extrinsics": [
        [
          0.9848077530122081,
          0.03016458848791916,
          -0.1710081495379685,
          -2.717856101439607
        ],
        [
          0.17364817766693005,
          -0.1710718822877859,
          0.9698354094811491,
          3.7518059725071278
        ],
        [
          -0.0,
          -0.9847966839362674,
          -0.1737109418204034,
          0.93
        ],
        [
          0.0,
          0.0,
          0.0,
          1.0
        ]
      ]
    },
    "target_region": {
      "type": "point",
      "params": {
        "delta": 0.5,
        "start_position": [
          -2.717856101439607,
          3.7518059725071278,
          0.93
        ],
        "sample_distance": 2.3629303663897643,
        "min_distance": 1.3799995152989868,
        "min_distance_enforced": false
      },
      "sample_point": [
        -2.8046801902730722,
        4.244209849013232,
        0.93
      ],
      "sample_forward": [
        -0.169813344638888,
        0.9630593341790041,
        -0.20899795892124728
      ],
      "height": 0.93
    },
    "sample_target": [
      -2.8046801902730722,
      4.244209849013232,
      0.93
    ],
    "camera_params": {
      "forward": [
        -0.169813344638888,
        0.9630593341790041,
        -0.20899795892124728
      ]
    },
    "task_type": "delta_control",
    "task_description": "Move 0.5m toward cabinet",
    "target_object": {
      "label": "cabinet",
      "id": "90",
      "bbox_min": [
        -3.9049984999999996,
        6.106241987323696,
        0.019999990000000026
      ],
      "bbox_max": [
        -2.524998984701013,
        7.0362420000000006,
        0.8300000000000001
      ],
      "center": [
        -3.214998742350506,
        6.5712419936618485,
        0.4249999950000001
      ]
    }
  },
  {
    "scene_id": "0314_840535",
    "object_label": "cabinet",
    "preset": "closer",
    "distance": 2.162930366389764,
    "init_camera": {
      "intrinsics": [
        [
          320.0,
          0.0,
          320.0
        ],
        [
          0.0,
          320.0,
          240.0
        ],
        [
          0.0,
          0.0,
          1.0
        ]
      ],
      "extrinsics": [
        [
          0.9848077530122081,
          0.03016458848791916,
          -0.1710081495379685,
          -2.717856101439607
        ],
        [
          0.17364817766693005,
          -0.1710718822877859,
          0.9698354094811491,
          3.7518059725071278
        ],
        [
          -0.0,
          -0.9847966839362674,
          -0.1737109418204034,
          0.93
        ],
        [
          0.0,
          0.0,
          0.0,
          1.0
        ]
      ]
    },
    "target_region": {
      "type": "point",
      "params": {
        "delta": 0.7,
        "start_position": [
          -2.717856101439607,
          3.7518059725071278,
          0.93
        ],
        "sample_distance": 2.162930366389764,
        "min_distance": 1.3799995152989868,
        "min_distance_enforced": false
      },
      "sample_point": [
        -2.839409825806458,
        4.441171399615674,
        0.93
      ],
      "sample_forward": [
        -0.16910027849835185,
        0.9590153351399963,
        -0.2273646471598002
      ],
      "height": 0.93
    },
    "sample_target": [
      -2.839409825806458,
      4.441171399615674,
      0.93
    ],
    "camera_params": {
      "forward": [
        -0.16910027849835185,
        0.9590153351399963,
        -0.2273646471598002
      ]
    },
    "task_type": "delta_control",
    "task_description": "Move 0.7m toward cabinet",
    "target_object": {
      "label": "cabinet",
      "id": "90",
      "bbox_min": [
        -3.9049984999999996,
        6.106241987323696,
        0.019999990000000026
      ],
      "bbox_max": [
        -2.524998984701013,
        7.0362420000000006,
        0.8300000000000001
      ],
      "center": [
        -3.214998742350506,
        6.5712419936618485,
        0.4249999950000001
      ]
    }
  },
  {
    "scene_id": "0314_840535",
    "object_label": "cabinet",
    "preset": "closer",
    "distance": 1.8629303663897647,
    "init_camera": {
      "intrinsics": [
        [
          320.0,
          0.0,
          320.0
        ],
        [
          0.0,
          320.0,
          240.0
        ],
        [
          0.0,
          0.0,
          1.0
        ]
      ],
      "extrinsics": [
        [
          0.9848077530122081,
          0.03016458848791916,
          -0.1710081495379685,
          -2.717856101439607
        ],
        [
          0.17364817766693005,
          -0.1710718822877859,
          0.9698354094811491,
          3.7518059725071278
        ],
        [
          -0.0,
          -0.9847966839362674,
          -0.1737109418204034,
          0.93
        ],
        [
          0.0,
          0.0,
          0.0,
          1.0
        ]
      ]
    },
    "target_region": {
      "type": "point",
      "params": {
        "delta": 1.0,
        "start_position": [
          -2.717856101439607,
          3.7518059725071278,
          0.93
        ],
        "sample_distance": 1.8629303663897647,
        "min_distance": 1.3799995152989868,
        "min_distance_enforced": false
      },
      "sample_point": [
        -2.8915042791065373,
        4.7366137255193355,
        0.93
      ],
      "sample_forward": [
        -0.16759943643843525,
        0.9505036368514743,
        -0.2616357491583281
      ],
      "height": 0.93
    },
    "sample_target": [
      -2.8915042791065373,
      4.7366137255193355,
      0.93
    ],
    "camera_params": {
      "forward": [
        -0.16759943643843525,
        0.9505036368514743,
        -0.2616357491583281
      ]
    },
    "task_type": "delta_control",
    "task_description": "Move 1.0m toward cabinet",
    "target_object": {
      "label": "cabinet",
      "id": "90",
      "bbox_min": [
        -3.9049984999999996,
        6.106241987323696,
        0.019999990000000026
      ],
      "bbox_max": [
        -2.524998984701013,
        7.0362420000000006,
        0.8300000000000001
      ],
      "center": [
        -3.214998742350506,
        6.5712419936618485,
        0.4249999950000001
      ]
    }
  },
  {
    "scene_id": "0314_840535",
    "object_label": "cabinet",
    "preset": "closer",
    "distance": 1.3799995152989872,
    "init_camera": {
      "intrinsics": [
        [
          320.0,
          0.0,
          320.0
        ],
        [
          0.0,
          320.0,
          240.0
        ],
        [
          0.0,
          0.0,
          1.0
        ]
      ],
      "extrinsics": [
        [
          0.9848077530122081,
          0.03016458848791916,
          -0.1710081495379685,
          -2.717856101439607
        ],
        [
          0.17364817766693005,
          -0.1710718822877859,
          0.9698354094811491,
          3.7518059725071278
        ],
        [
          -0.0,
          -0.9847966839362674,
          -0.1737109418204034,
          0.93
        ],
        [
          0.0,
          0.0,
          0.0,
          1.0
        ]
      ]
    },
    "target_region": {
      "type": "point",
      "params": {
        "delta": 1.5,
        "start_position": [
          -2.717856101439607,
          3.7518059725071278,
          0.93
        ],
        "sample_distance": 1.3799995152989872,
        "min_distance": 1.3799995152989868,
        "min_distance_enforced": true
      },
      "sample_point": [
        -2.97536434133759,
        5.212207771842317,
        0.93
      ],
      "sample_forward": [
        -0.1630723145695278,
        0.9248290529011448,
        -0.34365483138013436
      ],
      "height": 0.93
    },
    "sample_target": [
      -2.97536434133759,
      5.212207771842317,
      0.93
    ],
    "camera_params": {
      "forward": [
        -0.1630723145695278,
        0.9248290529011448,
        -0.34365483138013436
      ]
    },
    "task_type": "delta_control",
    "task_description": "Move 1.5m toward cabinet",
    "target_object": {
      "label": "cabinet",
      "id": "90",
      "bbox_min": [
        -3.9049984999999996,
        6.106241987323696,
        0.019999990000000026
      ],
      "bbox_max": [
        -2.524998984701013,
        7.0362420000000006,
        0.8300000000000001
      ],
      "center": [
        -3.214998742350506,
        6.5712419936618485,
        0.4249999950000001
      ]
    }
  },
  {
    "scene_id": "0314_840535",
    "object_label": "cabinet",
    "preset": "occupancy_20",
    "distance": 2.5570693950121504,
    "init_camera": {
      "intrinsics": [
        [
          320.0,
          0.0,
          320.0
        ],
        [
          0.0,
          320.0,
          240.0
        ],
        [
          0.0,
          0.0,
          1.0
        ]
      ],
      "extrinsics": [
        [
          0.9848077530122081,
          0.03016458848791916,
          -0.1710081495379685,
          -2.717856101439607
        ],
        [
          0.17364817766693005,
          -0.1710718822877859,
          0.9698354094811491,
          3.7518059725071278
        ],
        [
          -0.0,
          -0.9847966839362674,
          -0.1737109418204034,
          0.93
        ],
        [
          0.0,
          0.0,
          0.0,
          1.0
        ]
      ]
