[
  {
    "scene_id": "0290_840764",
    "object_label": "wardrobe",
    "preset": "occupancy_30",
    "distance": 5.081665723151731,
    "init_camera": {
      "intrinsics": [
        [
          320.0,
          0.0,
          320.0
        ],
        [
          0.0,
          320.0,
          240.0
        ],
        [
          0.0,
          0.0,
          1.0
        ]
      ],
      "extrinsics": [
        [
          1.0,
          -2.901360742059451e-17,
          1.7711473709196844e-16,
          -0.23762191741898916
        ],
        [
          -1.7947540085124055e-16,
          -0.16165784995038202,
          0.9868468673251286,
          0.7352746355823752
        ],
        [
          0.0,
          -0.9868468673251286,
          -0.16165784995038202,
          1.6
        ],
        [
          0.0,
          0.0,
          0.0,
          1.0
        ]
      ]
    },
    "target_region": {
      "type": "circle",
      "params": {
        "center": [
          -0.23762191741898875,
          3.0549999698609973
        ],
        "radius": 5.081665723151731,
        "object_center": [
          -0.23762191741898875,
          3.0549999698609973,
          1.2199999995628863
        ],
        "object_height": 2.440000001748456,
        "occupancy_ratio": 0.3,
        "fov_vertical": 90.0,
        "sample_distance": 5.081665723151731,
        "min_distance": 2.941243634837978
      },
      "sample_point": [
        -5.168927336982558,
        4.282009904962652,
        1.5
      ],
      "sample_forward": [
        0.9689414715486505,
        -0.2410925122190934,
        -0.05501659081606238
      ],
      "height": 1.5
    },
    "sample_target": [
      -5.168927336982558,
      4.282009904962652,
      1.5
    ],
    "camera_params": {
      "forward": [
        0.9689414715486505,
        -0.2410925122190934,
        -0.05501659081606238
      ]
    },
    "task_type": "screen_occupancy",
    "task_description": "Position where wardrobe occupies 30% of vertical FOV",
    "target_object": {
      "label": "wardrobe",
      "id": "116",
      "bbox_min": [
        -1.7082437348379778,
        2.279999937973538,
        -1.311341748078121e-09
      ],
      "bbox_max": [
        1.2329999000000003,
        3.8300000017484566,
        2.4400000004371143
      ],
      "center": [
        -0.23762191741898875,
        3.0549999698609973,
        1.2199999995628863
      ]
    }
  },
  {
    "scene_id": "0290_840764",
    "object_label": "wardrobe",
    "preset": "occupancy_30",
    "distance": 5.081665723151731,
    "init_camera": {
      "intrinsics": [
        [
          320.0,
          0.0,
          320.0
        ],
        [
          0.0,
          320.0,
          240.0
        ],
        [
          0.0,
          0.0,
          1.0
        ]
      ],
      "extrinsics": [
        [
          0.9396926207859082,
          -0.04444174018936513,
          0.3391204950595766,
          -1.2293629065516893
        ],
        [
          -0.34202014332566927,
          -0.12210267765154947,
          0.9317259026504577,
          0.33021399627131576
        ],
        [
          0.0,
          -0.9915219956406731,
          -0.12993895551657025,
          1.6
        ],
        [
          0.0,
          0.0,
          0.0,
          1.0
        ]
      ]
    },
    "target_region": {
      "type": "circle",
      "params": {
        "center": [
          -0.23762191741898875,
          3.0549999698609973
        ],
        "radius": 5.081665723151731,
        "object_center": [
          -0.23762191741898875,
          3.0549999698609973,
          1.2199999995628863
        ],
        "object_height": 2.440000001748456,
        "occupancy_ratio": 0.3,
        "fov_vertical": 90.0,
        "sample_distance": 5.081665723151731,
        "min_distance": 2.941243634837978
      },
      "sample_point": [
        -3.2356688320885847,
        7.158052640653235,
        1.5
      ],
      "sample_forward": [
        0.589079714622288,
        -0.8061998911904551,
        -0.05501659081606238
      ],
      "height": 1.5
    },
    "sample_target": [
      -3.2356688320885847,
      7.158052640653235,
      1.5
    ],
    "camera_params": {
      "forward": [
        0.589079714622288,
        -0.8061998911904551,
        -0.05501659081606238
      ]
    },
    "task_type": "screen_occupancy",
    "task_description": "Position where wardrobe occupies 30% of vertical FOV",
    "target_object": {
      "label": "wardrobe",
      "id": "116",
      "bbox_min": [
        -1.7082437348379778,
        2.279999937973538,
        -1.311341748078121e-09
      ],
      "bbox_max": [
        1.2329999000000003,
        3.8300000017484566,
        2.4400000004371143
      ],
      "center": [
        -0.23762191741898875,
        3.0549999698609973,
        1.2199999995628863
      ]
    }
  },
  {
    "scene_id": "0290_840764",
    "object_label": "wardrobe",
    "preset": "occupancy_50",
    "distance": 2.945340548205749,
    "init_camera": {
      "intrinsics": [
        [
          320.0,
          0.0,
          320.0
        ],
        [
          0.0,
          320.0,
          240.0
        ],
        [
          0.0,
          0.0,
          1.0
        ]
      ],
      "extrinsics": [
        [
          0.9396926207859082,
          -0.04444174018936513,
          0.3391204950595766,
          -1.2293629065516893
        ],
        [
          -0.34202014332566927,
          -0.12210267765154947,
          0.9317259026504577,
          0.33021399627131576
        ],
        [
          0.0,
          -0.9915219956406731,
          -0.12993895551657025,
          1.6
        ],
        [
          0.0,
          0.0,
          0.0,
          1.0
        ]
      ]
    },
    "target_region": {
      "type": "circle",
      "params": {
        "center": [
          -0.23762191741898875,
          3.0549999698609973
        ],
        "radius": 2.945340548205749,
        "object_center": [
          -0.23762191741898875,
          3.0549999698609973,
          1.2199999995628863
        ],
        "object_height": 2.440000001748456,
        "occupancy_ratio": 0.5,
        "fov_vertical": 90.0,
        "sample_distance": 2.945340548205749,
        "min_distance": 2.941243634837978
      },
      "sample_point": [
        -2.3370470064183264,
        5.120779541980217,
        1.5
      ],
      "sample_forward": [
        0.709596113052976,
        -0.6982240816692938,
        -0.09463872419458837
      ],
      "height": 1.5
    },
    "sample_target": [
      -2.3370470064183264,
      5.120779541980217,
      1.5
    ],
    "camera_params": {
      "forward": [
        0.709596113052976,
        -0.6982240816692938,
        -0.09463872419458837
      ]
    },
    "task_type": "screen_occupancy",
    "task_description": "Position where wardrobe occupies 50% of vertical FOV",
    "target_object": {
      "label": "wardrobe",
      "id": "116",
      "bbox_min": [
        -1.7082437348379778,
        2.279999937973538,
        -1.311341748078121e-09
      ],
      "bbox_max": [
        1.2329999000000003,
        3.8300000017484566,
        2.4400000004371143
      ],
      "center": [
        -0.23762191741898875,
        3.0549999698609973,
        1.2199999995628863
      ]
    }
  },
  {
    "scene_id": "0290_840764",
    "object_label": "wardrobe",
    "preset": "occupancy_50",
    "distance": 2.945340548205749,
    "init_camera": {
      "intrinsics": [
        [
          320.0,
          0.0,
          320.0
        ],
        [
          0.0,
          320.0,
          240.0
        ],
        [
          0.0,
          0.0,
          1.0
        ]
      ],
      "extrinsics": [
        [
          0.984807753012208,
          0.028071591049437846,
          -0.1713641601473272,
          0.16519415956630396
        ],
        [
          0.17364817766692997,
          -0.15920190396642042,
          0.9718544459775965,
          0.7705164758045742
        ],
        [
          -0.0,
          -0.9868468673251286,
          -0.16165784995038202,
          1.6
        ],
        [
          0.0,
          0.0,
          0.0,
          1.0
        ]
      ]
    },
    "target_region": {
      "type": "circle",
      "params": {
        "center": [
          -0.23762191741898875,
          3.0549999698609973
        ],
        "radius": 2.945340548205749,
        "object_center": [
          -0.23762191741898875,
          3.0549999698609973,
          1.2199999995628863
        ],
        "object_height": 2.440000001748456,
        "occupancy_ratio": 0.5,
        "fov_vertical": 90.0,
        "sample_distance": 2.945340548205749,
        "min_distance": 2.941243634837978
      },
      "sample_point": [
        2.576067658169632,
        3.9257363921662036,
        1.5
      ],
      "sample_forward": [
        -0.9510142546343519,
        -0.2943049428145726,
        -0.09463872419458838
      ],
      "height": 1.5
    },
    "sample_target": [
      2.576067658169632,
      3.9257363921662036,
      1.5
    ],
    "camera_params": {
      "forward": [
        -0.9510142546343519,
        -0.2943049428145726,
        -0.09463872419458838
      ]
    },
    "task_type": "screen_occupancy",
    "task_description": "Position where wardrobe occupies 50% of vertical FOV",
    "target_object": {
      "label": "wardrobe",
      "id": "116",
      "bbox_min": [
        -1.7082437348379778,
        2.279999937973538,
        -1.311341748078121e-09
      ],
      "bbox_max": [
        1.2329999000000003,
        3.8300000017484566,
        2.4400000004371143
      ],
      "center": [
        -0.23762191741898875,
        3.0549999698609973,
        1.2199999995628863
      ]
    }
  },
  {
    "scene_id": "0290_840764",
    "object_label": "wardrobe",
    "preset": "occupancy_30",
    "distance": 5.081665723151731,
    "init_camera": {
      "intrinsics": [
        [
          320.0,
          0.0,
          320.0
        ],
        [
          0.0,
          320.0,
          240.0
        ],
        [
          0.0,
          0.0,
          1.0
        ]
      ],
      "extrinsics": [
        [
          0.9396926207859086,
          0.044441740189364996,
          -0.33912049505957553,
          0.7541190717137084
        ],
        [
          0.3420201433256682,
          -0.12210267765154953,
          0.9317259026504583,
          0.33021399627131487
        ],
        [
          -0.0,
          -0.9915219956406731,
          -0.12993895551657028,
          1.6
        ],
        [
          0.0,
          0.0,
          0.0,
          1.0
        ]
      ]
    },
    "target_region": {
      "type": "circle",
      "params": {
        "center": [
          -0.23762191741898875,
          3.0549999698609973
        ],
        "radius": 5.081665723151731,
        "object_center": [
          -0.23762191741898875,
          3.0549999698609973,
          1.2199999995628863
        ],
        "object_height": 2.440000001748456,
        "occupancy_ratio": 0.3,
        "fov_vertical": 90.0,
        "sample_distance": 5.081665723151731,
        "min_distance": 2.941243634837978
      },
      "sample_point": [
        -5.317795331295857,
        3.178144627860614,
        1.5
      ],
      "sample_forward": [
        0.9981922198199246,
        -0.024196425892043766,
        -0.05501659081606238
      ],
      "height": 1.5
    },
    "sample_target": [
      -5.317795331295857,
      3.178144627860614,
      1.5
    ],
    "camera_params": {
      "forward": [
        0.9981922198199246,
        -0.024196425892043766,
        -0.05501659081606238
      ]
    },
    "task_type": "screen_occupancy",
    "task_description": "Position where wardrobe occupies 30% of vertical FOV",
    "target_object": {
      "label": "wardrobe",
      "id": "116",
      "bbox_min": [
        -1.7082437348379778,
        2.279999937973538,
        -1.311341748078121e-09
      ],
      "bbox_max": [
        1.2329999000000003,
        3.8300000017484566,
        2.4400000004371143
      ],
      "center": [
        -0.23762191741898875,
        3.0549999698609973,
        1.2199999995628863
      ]
    }
  },
  {
    "scene_id": "0290_840764",
    "object_label": "wardrobe",
    "preset": "occupancy_30",
    "distance": 5.081665723151731,
    "init_camera": {
      "intrinsics": [
        [
          320.0,
          0.0,
          320.0
        ],
        [
          0.0,
          320.0,
          240.0
        ],
        [
          0.0,
          0.0,
          1.0
        ]
      ],
      "extrinsics": [
        [
          0.9396926207859081,
          -0.055290241009749205,
          0.3375215070030283,
          -1.0310147087251496
        ],
        [
          -0.3420201433256694,
          -0.15190868869048954,
          0.9273327190711134,
          0.8751711909892519
        ],
        [
          0.0,
          -0.9868468673251286,
          -0.16165784995038196,
          1.6
        ],
        [
          0.0,
          0.0,
          0.0,
          1.0
        ]
      ]
    },
    "target_region": {
      "type": "circle",
      "params": {
        "center": [
          -0.23762191741898875,
          3.0549999698609973
        ],
        "radius": 5.081665723151731,
        "object_center": [
          -0.23762191741898875,
          3.0549999698609973,
          1.2199999995628863
        ],
        "object_height": 2.440000001748456,
        "occupancy_ratio": 0.3,
        "fov_vertical": 90.0,
        "sample_distance": 5.081665723151731,
        "min_distance": 2.941243634837978
      },
      "sample_point": [
        -2.476875966216656,
        7.616695688209433,
        1.5
      ],
      "sample_forward": [
        0.4399861555128153,
        -0.8963176656141676,
        -0.05501659081606238
      ],
      "height": 1.5
    },
    "sample_target": [
      -2.476875966216656,
      7.616695688209433,
      1.5
    ],
    "camera_params": {
      "forward": [
        0.4399861555128153,
        -0.8963176656141676,
        -0.05501659081606238
      ]
    },
    "task_type": "screen_occupancy",
    "task_description": "Position where wardrobe occupies 30% of vertical FOV",
    "target_object": {
      "label": "wardrobe",
      "id": "116",
      "bbox_min": [
        -1.7082437348379778,
        2.279999937973538,
        -1.311341748078121e-09
      ],
      "bbox_max": [
        1.2329999000000003,
        3.8300000017484566,
        2.4400000004371143
      ],
      "center": [
        -0.23762191741898875,
        3.0549999698609973,
        1.2199999995628863
      ]
    }
  },
  {
    "scene_id": "0290_840764",
    "object_label": "wardrobe",
    "preset": "occupancy_20",
    "distance": 7.7027768503874015,
    "init_camera": {
      "intrinsics": [
        [
          320.0,
          0.0,
          320.0
        ],
        [
          0.0,
          320.0,
          240.0
        ],
        [
          0.0,
          0.0,
          1.0
        ]
      ],
      "extrinsics": [
        [
          -0.984807753012208,
          -0.035529816601424576,
          0.16997447378743374,
          -4.44267818158459
        ],
        [
          -0.17364817766693053,
          0.20149960294601044,
          -0.9639731429897589,
          2.2645954581493024
        ],
        [
          0.0,
          -0.9788439825349438,
          -0.20460805911579025,
          1.6
        ],
        [
          0.0,
          0.0,
          0.0,
          1.0
        ]
      ]
    },
    "target_region": {
      "type": "circle",
      "params": {
        "center": [
          -4.127000000000001,
          0.4742955260786452
        ],
        "radius": 7.7027768503874015,
        "object_center": [
          -4.127000000000001,
          0.4742955260786452,
          1.2200000000000002
        ],
        "object_height": 2.4400000007868057,
        "occupancy_ratio": 0.2,
        "fov_vertical": 90.0,
        "sample_distance": 7.7027768503874015,
        "min_distance": 2.4400000007868057
      },
      "sample_point": [
        -9.193978186782331,
        6.275890415549652,
        1.5
      ],
      "sample_forward": [
        0.6573777153122068,
        -0.7526851415220552,
        -0.036326534968626846
      ],
      "height": 1.5
    },
    "sample_target": [
      -9.193978186782331,
      6.275890415549652,
      1.5
    ],
    "camera_params": {
      "forward": [
        0.6573777153122068,
        -0.7526851415220552,
        -0.036326534968626846
      ]
    },
    "task_type": "screen_occupancy",
    "task_description": "Position where wardrobe occupies 20% of vertical FOV",
    "target_object": {
      "label": "wardrobe",
      "id": "120",
      "bbox_min": [
        -5.14200007736916,
        0.16999989921319036,
        -3.9340284274658187e-10
      ],
      "bbox_max": [
        -3.11199992263084,
        0.7785911529441001,
        2.440000000393403
      ],
      "center": [
        -4.127000000000001,
        0.4742955260786452,
        1.2200000000000002
      ]
    }
  },
  {
    "scene_id": "0290_840764",
    "object_label": "wardrobe",
    "preset": "occupancy_30",
    "distance": 5.08166572114895,
    "init_camera": {
      "intrinsics": [
        [
          320.0,
          0.0,
          320.0
        ],
        [
          0.0,
          320.0,
          240.0
        ],
        [
          0.0,
          0.0,
          1.0
        ]
      ],
      "extrinsics": [
        [
          -0.984807753012208,
          -0.035529816601424576,
          0.16997447378743374,
          -4.44267818158459
        ],
        [
          -0.17364817766693053,
          0.20149960294601044,
          -0.9639731429897589,
          2.2645954581493024
        ],
        [
          0.0,
          -0.9788439825349438,
          -0.20460805911579025,
          1.6
        ],
        [
          0.0,
          0.0,
          0.0,
          1.0
        ]
      ]
    },
    "target_region": {
      "type": "circle",
      "params": {
        "center": [
          -4.127000000000001,
          0.4742955260786452
        ],
        "radius": 5.08166572114895,
        "object_center": [
          -4.127000000000001,
          0.4742955260786452,
          1.2200000000000002
        ],
        "object_height": 2.4400000007868057,
        "occupancy_ratio": 0.3,
        "fov_vertical": 90.0,
        "sample_distance": 5.08166572114895,
        "min_distance": 2.4400000007868057
      },
      "sample_point": [
        0.5493142827075888,
        -1.5145260422992939,
        1.5
      ],
      "sample_forward": [
        -0.918838818284644,
        0.3907792225225136,
        -0.05501659075205224
      ],
      "height": 1.5
    },
    "sample_target": [
      0.5493142827075888,
      -1.5145260422992939,
      1.5
    ],
    "camera_params": {
      "forward": [
        -0.918838818284644,
        0.3907792225225136,
        -0.05501659075205224
      ]
    },
    "task_type": "screen_occupancy",
    "task_description": "Position where wardrobe occupies 30% of vertical FOV",
    "target_object": {
      "label": "wardrobe",
      "id": "120",
      "bbox_min": [
        -5.14200007736916,
        0.16999989921319036,
        -3.9340284274658187e-10
      ],
      "bbox_max": [
        -3.11199992263084,
        0.7785911529441001,
        2.440000000393403
      ],
      "center": [
        -4.127000000000001,
        0.4742955260786452,
        1.2200000000000002
      ]
    }
  },
  {
    "scene_id": "0290_840764",
    "object_label": "wardrobe",
    "preset": "occupancy_50",
    "distance": 2.9453405470449345,
    "init_camera": {
      "intrinsics": [
        [
          320.0,
          0.0,
          320.0
        ],
        [
          0.0,
          320.0,
          240.0
        ],
        [
          0.0,
          0.0,
          1.0
        ]
      ],
      "extrinsics": [
        [
          -0.984807753012208,
          -0.035529816601424576,
          0.16997447378743374,
          -4.44267818158459
        ],
        [
          -0.17364817766693053,
          0.20149960294601044,
          -0.9639731429897589,
          2.2645954581493024
        ],
        [
          0.0,
          -0.9788439825349438,
          -0.20460805911579025,
          1.6
        ],
        [
          0.0,
          0.0,
          0.0,
          1.0
        ]
      ]
    },
    "target_region": {
      "type": "circle",
      "params": {
        "center": [
          -4.127000000000001,
          0.4742955260786452
        ],
        "radius": 2.9453405470449345,
        "object_center": [
          -4.127000000000001,
          0.4742955260786452,
          1.2200000000000002
        ],
        "object_height": 2.4400000007868057,
        "occupancy_ratio": 0.5,
        "fov_vertical": 90.0,
        "sample_distance": 2.9453405470449345,
        "min_distance": 2.4400000007868057
      },
      "sample_point": [
        -7.04030129223108,
        0.9075466296567882,
        1.5
      ],
      "sample_forward": [
        0.9846825613297198,
        -0.14643689875397037,
        -0.09463872408513398
      ],
      "height": 1.5
    },
    "sample_target": [
      -7.04030129223108,
      0.9075466296567882,
      1.5
    ],
    "camera_params": {
      "forward": [
        0.9846825613297198,
        -0.14643689875397037,
        -0.09463872408513398
      ]
    },
    "task_type": "screen_occupancy",
    "task_description": "Position where wardrobe occupies 50% of vertical FOV",
    "target_object": {
      "label": "wardrobe",
      "id": "120",
      "bbox_min": [
        -5.14200007736916,
        0.16999989921319036,
        -3.9340284274658187e-10
      ],
      "bbox_max": [
        -3.11199992263084,
        0.7785911529441001,
        2.440000000393403
      ],
      "center": [
        -4.127000000000001,
        0.4742955260786452,
        1.2200000000000002
      ]
    }
  },
  {
    "scene_id": "0290_840764",
    "object_label": "wardrobe",
    "preset": "occupancy_20",
    "distance": 7.7027768503874015,
    "init_camera": {
      "intrinsics": [
        [
          320.0,
          0.0,
          320.0
        ],
        [
          0.0,
          320.0,
          240.0
        ],
        [
          0.0,
          0.0,
          1.0
        ]
      ],
      "extrinsics": [
        [
          -0.6427876096865393,
          0.12634680727922237,
          -0.7555531570470818,
          -2.3862423365319385
        ],
        [
          0.7660444431189781,
          0.10601755938842233,
          -0.6339843754130358,
          1.9349646394637197
        ],
        [
          0.0,
          -0.9863045986872765,
          -0.16493404320615743,
          1.6
        ],
        [
          0.0,
          0.0,
          0.0,
          1.0
        ]
      ]
    },
    "target_region": {
      "type": "circle",
      "params": {
        "center": [
          -4.127000000000001,
          0.4742955260786452
        ],
        "radius": 7.7027768503874015,
        "object_center": [
          -4.127000000000001,
          0.4742955260786452,
          1.2200000000000002
        ],
        "object_height": 2.4400000007868057,
        "occupancy_ratio": 0.2,
        "fov_vertical": 90.0,
        "sample_distance": 7.7027768503874015,
        "min_distance": 2.4400000007868057
      },
      "sample_point": [
        1.2742904603443286,
        -5.017410271745689,
        1.5
      ],
      "sample_forward": [
        -0.7007505956550322,
        0.7124808667931307,
        -0.036326534968626846
      ],
      "height": 1.5
    },
    "sample_target": [
      1.2742904603443286,
      -5.017410271745689,
      1.5
    ],
    "camera_params": {
      "forward": [
        -0.7007505956550322,
        0.7124808667931307,
        -0.036326534968626846
      ]
    },
    "task_type": "screen_occupancy",
    "task_description": "Position where wardrobe occupies 20% of vertical FOV",
    "target_object": {
      "label": "wardrobe",
      "id": "120",
      "bbox_min": [
        -5.14200007736916,
        0.16999989921319036,
        -3.9340284274658187e-10
      ],
      "bbox_max": [
        -3.11199992263084,
        0.7785911529441001,
        2.440000000393403
      ],
      "center": [
        -4.127000000000001,
        0.4742955260786452,
        1.2200000000000002
      ]
    }
  },
  {
    "scene_id": "0290_840764",
    "object_label": "wardrobe",
    "preset": "occupancy_30",
    "distance": 5.08166572114895,
    "init_camera": {
      "intrinsics": [
        [
          320.0,
          0.0,
          320.0
        ],
        [
          0.0,
          320.0,
          240.0
        ],
        [
          0.0,
          0.0,
          1.0
        ]
      ],
      "extrinsics": [
        [
          -0.6427876096865393,
          0.12634680727922237,
          -0.7555531570470818,
          -2.3862423365319385
        ],
        [
          0.7660444431189781,
          0.10601755938842233,
          -0.6339843754130358,
          1.9349646394637197
        ],
        [
          0.0,
          -0.9863045986872765,
          -0.16493404320615743,
          1.6
        ],
        [
          0.0,
          0.0,
          0.0,
          1.0
        ]
      ]
    },
    "target_region": {
      "type": "circle",
      "params": {
        "center": [
          -4.127000000000001,
          0.4742955260786452
        ],
        "radius": 5.08166572114895,
        "object_center": [
          -4.127000000000001,
          0.4742955260786452,
          1.2200000000000002
        ],
        "object_height": 2.4400000007868057,
        "occupancy_ratio": 0.3,
        "fov_vertical": 90.0,
        "sample_distance": 5.08166572114895,
        "min_distance": 2.4400000007868057
      },
      "sample_point": [
        -0.4855883653518127,
        -3.0701998976099074,
        1.5
      ],
      "sample_forward": [
        -0.7154930487971466,
        0.6964501933842686,
        -0.05501659075205224
      ],
      "height": 1.5
    },
    "sample_target": [
      -0.4855883653518127,
      -3.0701998976099074,
      1.5
    ],
    "camera_params": {
      "forward": [
        -0.7154930487971466,
        0.6964501933842686,
        -0.05501659075205224
      ]
    },
    "task_type": "screen_occupancy",
    "task_description": "Position where wardrobe occupies 30% of vertical FOV",
    "target_object": {
      "label": "wardrobe",
      "id": "120",
      "bbox_min": [
        -5.14200007736916,
        0.16999989921319036,
        -3.9340284274658187e-10
      ],
      "bbox_max": [
        -3.11199992263084,
        0.7785911529441001,
        2.440000000393403
      ],
      "center": [
        -4.127000000000001,
        0.4742955260786452,
        1.2200000000000002
      ]
    }
  },
  {
    "scene_id": "0290_840764",
    "object_label": "wardrobe",
    "preset": "occupancy_50",
    "distance": 2.9453405470449345,
    "init_camera": {
      "intrinsics": [
        [
          320.0,
          0.0,
          320.0
        ],
        [
          0.0,
          320.0,
          240.0
        ],
        [
          0.0,
          0.0,
          1.0
        ]
      ],
      "extrinsics": [
        [
          -0.6427876096865393,
          0.12634680727922237,
          -0.7555531570470818,
          -2.3862423365319385
        ],
        [
          0.7660444431189781,
          0.10601755938842233,
          -0.6339843754130358,
          1.9349646394637197
        ],
        [
          0.0,
          -0.9863045986872765,
          -0.16493404320615743,
          1.6
        ],
        [
          0.0,
          0.0,
          0.0,
          1.0
        ]
      ]
    },
    "target_region": {
      "type": "circle",
      "params": {
        "center": [
          -4.127000000000001,
          0.4742955260786452
        ],
        "radius": 2.9453405470449345,
        "object_center": [
          -4.127000000000001,
          0.4742955260786452,
          1.2200000000000002
        ],
        "object_height": 2.4400000007868057,
        "occupancy_ratio": 0.5,
        "fov_vertical": 90.0,
        "sample_distance": 2.9453405470449345,
        "min_distance": 2.4400000007868057
      },
      "sample_point": [
        -2.6768996587109424,
        3.0379335540108867,
        1.5
      ],
      "sample_forward": [
        -0.4901273074821924,
        -0.8664979713558447,
        -0.09463872408513396
      ],
      "height": 1.5
    },
    "sample_target": [
      -2.6768996587109424,
      3.0379335540108867,
      1.5
    ],
    "camera_params": {
      "forward": [
        -0.4901273074821924,
        -0.8664979713558447,
        -0.09463872408513396
      ]
    },
    "task_type": "screen_occupancy",
    "task_description": "Position where wardrobe occupies 50% of vertical FOV",
    "target_object": {
      "label": "wardrobe",
      "id": "120",
      "bbox_min": [
        -5.14200007736916,
        0.16999989921319036,
        -3.9340284274658187e-10
      ],
      "bbox_max": [
        -3.11199992263084,
        0.7785911529441001,
        2.440000000393403
      ],
      "center": [
        -4.127000000000001,
        0.4742955260786452,
        1.2200000000000002
      ]
    }
  },
  {
    "scene_id": "0290_840764",
    "object_label": "wardrobe",
    "preset": "occupancy_20",
    "distance": 7.7027768503874015,
    "init_camera": {
      "intrinsics": [
        [
          320.0,
          0.0,
          320.0
        ],
        [
          0.0,
          320.0,
          240.0
        ],
        [
          0.0,
          0.0,
          1.0
        ]
      ],
      "extrinsics": [
        [
          -0.49999999999999994,
          0.17719577701330255,
          -0.8477037552167928,
          -2.5526366617500384
        ],
        [
          0.8660254037844387,
          0.10230402955789511,
          -0.4894219912674718,
          1.3832546232195386
        ],
        [
          0.0,
          -0.9788439825349439,
          -0.20460805911579025,
          1.6
        ],
        [
          0.0,
          0.0,
          0.0,
          1.0
        ]
      ]
    },
    "target_region": {
      "type": "circle",
      "params": {
        "center": [
          -4.127000000000001,
          0.4742955260786452
        ],
        "radius": 7.7027768503874015,
        "object_center": [
          -4.127000000000001,
          0.4742955260786452,
          1.2200000000000002
        ],
        "object_height": 2.4400000007868057,
        "occupancy_ratio": 0.2,
        "fov_vertical": 90.0,
        "sample_distance": 7.7027768503874015,
        "min_distance": 2.4400000007868057
      },
      "sample_point": [
        -7.672494736528529,
        7.312587584781063,
        1.5
      ],
      "sample_forward": [
        0.45998406616995036,
        -0.887183769986203,
        -0.036326534968626846
      ],
      "height": 1.5
    },
    "sample_target": [
      -7.672494736528529,
      7.312587584781063,
      1.5
    ],
    "camera_params": {
      "forward": [
        0.45998406616995036,
        -0.887183769986203,
        -0.036326534968626846
      ]
    },
    "task_type": "screen_occupancy",
    "task_description": "Position where wardrobe occupies 20% of vertical FOV",
    "target_object": {
      "label": "wardrobe",
      "id": "120",
      "bbox_min": [
        -5.14200007736916,
        0.16999989921319036,
        -3.9340284274658187e-10
      ],
      "bbox_max": [
        -3.11199992263084,
        0.7785911529441001,
        2.440000000393403
      ],
      "center": [
        -4.127000000000001,
        0.4742955260786452,
        1.2200000000000002
      ]
    }
  },
  {
    "scene_id": "0290_840764",
    "object_label": "wardrobe",
    "preset": "occupancy_30",
    "distance": 5.08166572114895,
    "init_camera": {
      "intrinsics": [
        [
          320.0,
          0.0,
          320.0
        ],
        [
          0.0,
          320.0,
          240.0
        ],
        [
          0.0,
          0.0,
          1.0
        ]
      ],
      "extrinsics": [
        [
          -0.49999999999999994,
          0.17719577701330255,
          -0.8477037552167928,
          -2.5526366617500384
        ],
        [
          0.8660254037844387,
          0.10230402955789511,
          -0.4894219912674718,
          1.3832546232195386
        ],
        [
          0.0,
          -0.9788439825349439,
          -0.20460805911579025,
          1.6
        ],
        [
          0.0,
          0.0,
          0.0,
          1.0
        ]
      ]
    },
    "target_region": {
      "type": "circle",
      "params": {
        "center": [
          -4.127000000000001,
          0.4742955260786452
        ],
        "radius": 5.08166572114895,
        "object_center": [
          -4.127000000000001,
          0.4742955260786452,
          1.2200000000000002
        ],
        "object_height": 2.4400000007868057,
        "occupancy_ratio": 0.3,
        "fov_vertical": 90.0,
        "sample_distance": 5.08166572114895,
        "min_distance": 2.4400000007868057
      },
      "sample_point": [
        -0.8352229550845234,
        4.345668717604853,
        1.5
      ],
      "sample_forward": [
        -0.6467941090254099,
        -0.760677694738085,
        -0.05501659075205222
      ],
      "height": 1.5
    },
    "sample_target": [
      -0.8352229550845234,
      4.345668717604853,
      1.5
    ],
    "camera_params": {
      "forward": [
        -0.6467941090254099,
        -0.760677694738085,
        -0.05501659075205222
      ]
    },
    "task_type": "screen_occupancy",
    "task_description": "Position where wardrobe occupies 30% of vertical FOV",
    "target_object": {
      "label": "wardrobe",
      "id": "120",
      "bbox_min": [
        -5.14200007736916,
        0.16999989921319036,
        -3.9340284274658187e-10
      ],
      "bbox_max": [
        -3.11199992263084,
        0.7785911529441001,
        2.440000000393403
      ],
      "center": [
        -4.127000000000001,
        0.4742955260786452,
        1.2200000000000002
      ]
    }
  },
  {
    "scene_id": "0290_840764",
    "object_label": "wardrobe",
    "preset": "occupancy_50",
    "distance": 2.9453405470449345,
    "init_camera": {
      "intrinsics": [
        [
          320.0,
          0.0,
          320.0
        ],
        [
          0.0,
          320.0,
          240.0
        ],
        [
          0.0,
          0.0,
          1.0
        ]
      ],
      "extrinsics": [
        [
          -0.49999999999999994,
          0.17719577701330255,
          -0.8477037552167928,
          -2.5526366617500384
        ],
        [
          0.8660254037844387,
          0.10230402955789511,
          -0.4894219912674718,
          1.3832546232195386
        ],
        [
          0.0,
          -0.9788439825349439,
          -0.20460805911579025,
          1.6
        ],
        [
          0.0,
          0.0,
          0.0,
          1.0
        ]
      ]
    },
    "target_region": {
      "type": "circle",
      "params": {
        "center": [
          -4.127000000000001,
          0.4742955260786452
        ],
        "radius": 2.9453405470449345,
        "object_center": [
          -4.127000000000001,
          0.4742955260786452,
          1.2200000000000002
        ],
        "object_height": 2.4400000007868057,
        "occupancy_ratio": 0.5,
        "fov_vertical": 90.0,
        "sample_distance": 2.9453405470449345,
        "min_distance": 2.4400000007868057
      },
      "sample_point": [
        -1.5740859334864221,
        -0.9946022603803237,
        1.5
      ],
      "sample_forward": [
        -0.8628733212637002,
        0.4964807582926946,
        -0.09463872408513396
      ],
      "height": 1.5
    },
    "sample_target": [
      -1.5740859334864221,
      -0.9946022603803237,
      1.5
    ],
    "camera_params": {
      "forward": [
        -0.8628733212637002,
        0.4964807582926946,
        -0.09463872408513396
      ]
    },
    "task_type": "screen_occupancy",
    "task_description": "Position where wardrobe occupies 50% of vertical FOV",
    "target_object": {
      "label": "wardrobe",
      "id": "120",
      "bbox_min": [
        -5.14200007736916,
        0.16999989921319036,
        -3.9340284274658187e-10
      ],
      "bbox_max": [
        -3.11199992263084,
        0.7785911529441001,
        2.440000000393403
      ],
      "center": [
        -4.127000000000001,
        0.4742955260786452,
        1.2200000000000002
      ]
    }
  },
  {
    "scene_id": "0290_840764",
    "object_label": "wardrobe",
    "preset": "occupancy_20",
    "distance": 7.7027768503874015,
    "init_camera": {
      "intrinsics": [
        [
          320.0,
          0.0,
          320.0
        ],
        [
          0.0,
          320.0,
          240.0
        ],
        [
          0.0,
          0.0,
          1.0
        ]
      ],
      "extrinsics": [
        [
          -0.9396926207859084,
          -0.06998007770436944,
          0.3347843592000697,
          -4.748764641362598
        ],
        [
          -0.34202014332566855,
          0.192268683304435,
          -0.9198124672887774,
          2.182579838437684
        ],
        [
          0.0,
          -0.9788439825349439,
          -0.20460805911579022,
          1.6
        ],
        [
          0.0,
          0.0,
          0.0,
          1.0
        ]
      ]
    },
    "target_region": {
      "type": "circle",
      "params": {
        "center": [
          -4.127000000000001,
          0.4742955260786452
        ],
        "radius": 7.7027768503874015,
        "object_center": [
          -4.127000000000001,
          0.4742955260786452,
          1.2200000000000002
        ],
        "object_height": 2.4400000007868057,
        "occupancy_ratio": 0.2,
        "fov_vertical": 90.0,
        "sample_distance": 7.7027768503874015,
        "min_distance": 2.4400000007868057
      },
      "sample_point": [
        -11.619996270519415,
        -1.311139462053436,
        1.5
      ],
      "sample_forward": [
        0.9721235394314794,
        0.23163809475210698,
        -0.036326534968626846
      ],
      "height": 1.5
    },
    "sample_target": [
      -11.619996270519415,
      -1.311139462053436,
      1.5
    ],
    "camera_params": {
      "forward": [
        0.9721235394314794,
        0.23163809475210698,
        -0.036326534968626846
      ]
    },
    "task_type": "screen_occupancy",
    "task_description": "Position where wardrobe occupies 20% of vertical FOV",
    "target_object": {
      "label": "wardrobe",
      "id": "120",
      "bbox_min": [
        -5.14200007736916,
        0.16999989921319036,
        -3.9340284274658187e-10
      ],
      "bbox_max": [
        -3.11199992263084,
        0.7785911529441001,
        2.440000000393403
      ],
      "center": [
        -4.127000000000001,
        0.4742955260786452,
        1.2200000000000002
      ]
    }
  },
  {
    "scene_id": "0290_840764",
    "object_label": "wardrobe",
    "preset": "occupancy_30",
    "distance": 5.08166572114895,
    "init_camera": {
      "intrinsics": [
        [
          320.0,
          0.0,
          320.0
        ],
        [
          0.0,
          320.0,
          240.0
        ],
        [
          0.0,
          0.0,
          1.0
        ]
      ],
      "extrinsics": [
        [
          -0.9396926207859084,
          -0.06998007770436944,
          0.3347843592000697,
          -4.748764641362598
        ],
        [
          -0.34202014332566855,
          0.192268683304435,
          -0.9198124672887774,
          2.182579838437684
        ],
        [
          0.0,
          -0.9788439825349439,
          -0.20460805911579022,
          1.6
        ],
        [
          0.0,
          0.0,
          0.0,
