[
  {
    "scene_id": "0360_840321",
    "object_label": "wardrobe",
    "preset": "occupancy_20",
    "distance": 7.892189397345558,
    "init_camera": {
      "intrinsics": [
        [
          320.0,
          0.0,
          320.0
        ],
        [
          0.0,
          320.0,
          240.0
        ],
        [
          0.0,
          0.0,
          1.0
        ]
      ],
      "extrinsics": [
        [
          0.7660444431189781,
          0.11750831920856454,
          -0.6319554621041841,
          3.113176828017192
        ],
        [
          0.6427876096865393,
          -0.14004096157651402,
          0.7531351923221956,
          -0.28295269526065137
        ],
        [
          -0.0,
          -0.9831481699100617,
          -0.18281049204708294,
          1.6
        ],
        [
          0.0,
          0.0,
          0.0,
          1.0
        ]
      ]
    },
    "target_region": {
      "type": "circle",
      "params": {
        "center": [
          1.9032659027319616,
          1.1589629966670065
        ],
        "radius": 7.892189397345558,
        "object_center": [
          1.9032659027319616,
          1.1589629966670065,
          1.2500000002404128
        ],
        "object_height": 2.500000001267631,
        "occupancy_ratio": 0.2,
        "fov_vertical": 90.0,
        "sample_distance": 7.892189397345558,
        "min_distance": 2.500000001267631
      },
      "sample_point": [
        1.9714716510646237,
        9.050857665215748,
        1.5
      ],
      "sample_forward": [
        -0.00863785078475668,
        -0.9994613389982596,
        -0.03166100727434441
      ],
      "height": 1.5
    },
    "sample_target": [
      1.9714716510646237,
      9.050857665215748,
      1.5
    ],
    "camera_params": {
      "forward": [
        -0.00863785078475668,
        -0.9994613389982596,
        -0.03166100727434441
      ]
    },
    "task_type": "screen_occupancy",
    "task_description": "Position where wardrobe occupies 20% of vertical FOV",
    "target_object": {
      "label": "wardrobe",
      "id": "85",
      "bbox_min": [
        1.3088658,
        0.21896293334013037,
        -3.9340284274658187e-10
      ],
      "bbox_max": [
        2.4976660054639237,
        2.0989630599938827,
        2.5000000008742282
      ],
      "center": [
        1.9032659027319618,
        1.1589629966670065,
        1.2500000002404128
      ]
    }
  },
  {
    "scene_id": "0360_840321",
    "object_label": "wardrobe",
    "preset": "occupancy_30",
    "distance": 5.206624715253053,
    "init_camera": {
      "intrinsics": [
        [
          320.0,
          0.0,
          320.0
        ],
        [
          0.0,
          320.0,
          240.0
        ],
        [
          0.0,
          0.0,
          1.0
        ]
      ],
      "extrinsics": [
        [
          0.7660444431189781,
          0.11750831920856454,
          -0.6319554621041841,
          3.113176828017192
        ],
        [
          0.6427876096865393,
          -0.14004096157651402,
          0.7531351923221956,
          -0.28295269526065137
        ],
        [
          -0.0,
          -0.9831481699100617,
          -0.18281049204708294,
          1.6
        ],
        [
          0.0,
          0.0,
          0.0,
          1.0
        ]
      ]
    },
    "target_region": {
      "type": "circle",
      "params": {
        "center": [
          1.9032659027319616,
          1.1589629966670065
        ],
        "radius": 5.206624715253053,
        "object_center": [
          1.9032659027319616,
          1.1589629966670065,
          1.2500000002404128
        ],
        "object_height": 2.500000001267631,
        "occupancy_ratio": 0.3,
        "fov_vertical": 90.0,
        "sample_distance": 5.206624715253053,
        "min_distance": 2.500000001267631
      },
      "sample_point": [
        6.46467217737644,
        3.6694437719604394,
        1.5
      ],
      "sample_forward": [
        -0.875069245259787,
        -0.48161562136809527,
        -0.04796049681446538
      ],
      "height": 1.5
    },
    "sample_target": [
      6.46467217737644,
      3.6694437719604394,
      1.5
    ],
    "camera_params": {
      "forward": [
        -0.875069245259787,
        -0.48161562136809527,
        -0.04796049681446538
      ]
    },
    "task_type": "screen_occupancy",
    "task_description": "Position where wardrobe occupies 30% of vertical FOV",
    "target_object": {
      "label": "wardrobe",
      "id": "85",
      "bbox_min": [
        1.3088658,
        0.21896293334013037,
        -3.9340284274658187e-10
      ],
      "bbox_max": [
        2.4976660054639237,
        2.0989630599938827,
        2.5000000008742282
      ],
      "center": [
        1.9032659027319618,
        1.1589629966670065,
        1.2500000002404128
      ]
    }
  },
  {
    "scene_id": "0360_840321",
    "object_label": "wardrobe",
    "preset": "occupancy_50",
    "distance": 3.0177669544965346,
    "init_camera": {
      "intrinsics": [
        [
          320.0,
          0.0,
          320.0
        ],
        [
          0.0,
          320.0,
          240.0
        ],
        [
          0.0,
          0.0,
          1.0
        ]
      ],
      "extrinsics": [
        [
          0.7660444431189781,
          0.11750831920856454,
          -0.6319554621041841,
          3.113176828017192
        ],
        [
          0.6427876096865393,
          -0.14004096157651402,
          0.7531351923221956,
          -0.28295269526065137
        ],
        [
          -0.0,
          -0.9831481699100617,
          -0.18281049204708294,
          1.6
        ],
        [
          0.0,
          0.0,
          0.0,
          1.0
        ]
      ]
    },
    "target_region": {
      "type": "circle",
      "params": {
        "center": [
          1.9032659027319616,
          1.1589629966670065
        ],
        "radius": 3.0177669544965346,
        "object_center": [
          1.9032659027319616,
          1.1589629966670065,
          1.2500000002404128
        ],
        "object_height": 2.500000001267631,
        "occupancy_ratio": 0.5,
        "fov_vertical": 90.0,
        "sample_distance": 3.0177669544965346,
        "min_distance": 2.500000001267631
      },
      "sample_point": [
        4.747950773258866,
        2.1662789247881795,
        1.5
      ],
      "sample_forward": [
        -0.9394275489930433,
        -0.33265559332104444,
        -0.08255989598556454
      ],
      "height": 1.5
    },
    "sample_target": [
      4.747950773258866,
      2.1662789247881795,
      1.5
    ],
    "camera_params": {
      "forward": [
        -0.9394275489930433,
        -0.33265559332104444,
        -0.08255989598556454
      ]
    },
    "task_type": "screen_occupancy",
    "task_description": "Position where wardrobe occupies 50% of vertical FOV",
    "target_object": {
      "label": "wardrobe",
      "id": "85",
      "bbox_min": [
        1.3088658,
        0.21896293334013037,
        -3.9340284274658187e-10
      ],
      "bbox_max": [
        2.4976660054639237,
        2.0989630599938827,
        2.5000000008742282
      ],
      "center": [
        1.9032659027319618,
        1.1589629966670065,
        1.2500000002404128
      ]
    }
  },
  {
    "scene_id": "0360_840321",
    "object_label": "wardrobe",
    "preset": "occupancy_20",
    "distance": 7.892189397345558,
    "init_camera": {
      "intrinsics": [
        [
          320.0,
          0.0,
          320.0
        ],
        [
          0.0,
          320.0,
          240.0
        ],
        [
          0.0,
          0.0,
          1.0
        ]
      ],
      "extrinsics": [
        [
          0.0,
          0.18281049204708294,
          -0.9831481699100616,
          3.7855531575769223
        ],
        [
          1.0,
          -0.0,
          0.0,
          1.1589629966670065
        ],
        [
          -0.0,
          -0.9831481699100616,
          -0.18281049204708294,
          1.6
        ],
        [
          0.0,
          0.0,
          0.0,
          1.0
        ]
      ]
    },
    "target_region": {
      "type": "circle",
      "params": {
        "center": [
          1.9032659027319616,
          1.1589629966670065
        ],
        "radius": 7.892189397345558,
        "object_center": [
          1.9032659027319616,
          1.1589629966670065,
          1.2500000002404128
        ],
        "object_height": 2.500000001267631,
        "occupancy_ratio": 0.2,
        "fov_vertical": 90.0,
        "sample_distance": 7.892189397345558,
        "min_distance": 2.500000001267631
      },
      "sample_point": [
        6.180647089621697,
        -5.473582794024182,
        1.5
      ],
      "sample_forward": [
        -0.5417047880139707,
        0.8399723229137452,
        -0.03166100727434442
      ],
      "height": 1.5
    },
    "sample_target": [
      6.180647089621697,
      -5.473582794024182,
      1.5
    ],
    "camera_params": {
      "forward": [
        -0.5417047880139707,
        0.8399723229137452,
        -0.03166100727434442
      ]
    },
    "task_type": "screen_occupancy",
    "task_description": "Position where wardrobe occupies 20% of vertical FOV",
    "target_object": {
      "label": "wardrobe",
      "id": "85",
      "bbox_min": [
        1.3088658,
        0.21896293334013037,
        -3.9340284274658187e-10
      ],
      "bbox_max": [
        2.4976660054639237,
        2.0989630599938827,
        2.5000000008742282
      ],
      "center": [
        1.9032659027319618,
        1.1589629966670065,
        1.2500000002404128
      ]
    }
  },
  {
    "scene_id": "0360_840321",
    "object_label": "wardrobe",
    "preset": "occupancy_30",
    "distance": 5.206624715253053,
    "init_camera": {
      "intrinsics": [
        [
          320.0,
          0.0,
          320.0
        ],
        [
          0.0,
          320.0,
          240.0
        ],
        [
          0.0,
          0.0,
          1.0
        ]
      ],
      "extrinsics": [
        [
          0.0,
          0.18281049204708294,
          -0.9831481699100616,
          3.7855531575769223
        ],
        [
          1.0,
          -0.0,
          0.0,
          1.1589629966670065
        ],
        [
          -0.0,
          -0.9831481699100616,
          -0.18281049204708294,
          1.6
        ],
        [
          0.0,
          0.0,
          0.0,
          1.0
        ]
      ]
    },
    "target_region": {
      "type": "circle",
      "params": {
        "center": [
          1.9032659027319616,
          1.1589629966670065
        ],
        "radius": 5.206624715253053,
        "object_center": [
          1.9032659027319616,
          1.1589629966670065,
          1.2500000002404128
        ],
        "object_height": 2.500000001267631,
        "occupancy_ratio": 0.3,
        "fov_vertical": 90.0,
        "sample_distance": 5.206624715253053,
        "min_distance": 2.500000001267631
      },
      "sample_point": [
        6.8611629119784325,
        -0.4310678744763261,
        1.5
      ],
      "sample_forward": [
        -0.9511328157883092,
        0.3050346824148226,
        -0.04796049681446538
      ],
      "height": 1.5
    },
    "sample_target": [
      6.8611629119784325,
      -0.4310678744763261,
      1.5
    ],
    "camera_params": {
      "forward": [
        -0.9511328157883092,
        0.3050346824148226,
        -0.04796049681446538
      ]
    },
    "task_type": "screen_occupancy",
    "task_description": "Position where wardrobe occupies 30% of vertical FOV",
    "target_object": {
      "label": "wardrobe",
      "id": "85",
      "bbox_min": [
        1.3088658,
        0.21896293334013037,
        -3.9340284274658187e-10
      ],
      "bbox_max": [
        2.4976660054639237,
        2.0989630599938827,
        2.5000000008742282
      ],
      "center": [
        1.9032659027319618,
        1.1589629966670065,
        1.2500000002404128
      ]
    }
  },
  {
    "scene_id": "0360_840321",
    "object_label": "wardrobe",
    "preset": "occupancy_50",
    "distance": 3.0177669544965346,
    "init_camera": {
      "intrinsics": [
        [
          320.0,
          0.0,
          320.0
        ],
        [
          0.0,
          320.0,
          240.0
        ],
        [
          0.0,
          0.0,
          1.0
        ]
      ],
      "extrinsics": [
        [
          0.0,
          0.18281049204708294,
          -0.9831481699100616,
          3.7855531575769223
        ],
        [
          1.0,
          -0.0,
          0.0,
          1.1589629966670065
        ],
        [
          -0.0,
          -0.9831481699100616,
          -0.18281049204708294,
          1.6
        ],
        [
          0.0,
          0.0,
          0.0,
          1.0
        ]
      ]
    },
    "target_region": {
      "type": "circle",
      "params": {
        "center": [
          1.9032659027319616,
          1.1589629966670065
        ],
        "radius": 3.0177669544965346,
        "object_center": [
          1.9032659027319616,
          1.1589629966670065,
          1.2500000002404128
        ],
        "object_height": 2.500000001267631,
        "occupancy_ratio": 0.5,
        "fov_vertical": 90.0,
        "sample_distance": 3.0177669544965346,
        "min_distance": 2.500000001267631
      },
      "sample_point": [
        3.2288889337673083,
        -1.5520591299929642,
        1.5
      ],
      "sample_forward": [
        -0.43777319865437325,
        0.8952868200273985,
        -0.08255989598556455
      ],
      "height": 1.5
    },
    "sample_target": [
      3.2288889337673083,
      -1.5520591299929642,
      1.5
    ],
    "camera_params": {
      "forward": [
        -0.43777319865437325,
        0.8952868200273985,
        -0.08255989598556455
      ]
    },
    "task_type": "screen_occupancy",
    "task_description": "Position where wardrobe occupies 50% of vertical FOV",
    "target_object": {
      "label": "wardrobe",
      "id": "85",
      "bbox_min": [
        1.3088658,
        0.21896293334013037,
        -3.9340284274658187e-10
      ],
      "bbox_max": [
        2.4976660054639237,
        2.0989630599938827,
        2.5000000008742282
      ],
      "center": [
        1.9032659027319618,
        1.1589629966670065,
        1.2500000002404128
      ]
    }
  },
  {
    "scene_id": "0360_840321",
    "object_label": "wardrobe",
    "preset": "occupancy_20",
    "distance": 7.892189397345558,
    "init_camera": {
      "intrinsics": [
        [
          320.0,
          0.0,
          320.0
        ],
        [
          0.0,
          320.0,
          240.0
        ],
        [
          0.0,
          0.0,
          1.0
        ]
      ],
      "extrinsics": [
        [
          0.5000000000000004,
          0.15831853019110687,
          -0.8514312908262928,
          3.533374482647371
        ],
        [
          0.8660254037844384,
          -0.09140524602354155,
          0.49157408495503124,
          0.21781936924452527
        ],
        [
          -0.0,
          -0.9831481699100617,
          -0.1828104920470829,
          1.6
        ],
        [
          0.0,
          0.0,
          0.0,
          1.0
        ]
      ]
    },
    "target_region": {
      "type": "circle",
      "params": {
        "center": [
          1.9032659027319616,
          1.1589629966670065
        ],
        "radius": 7.892189397345558,
        "object_center": [
          1.9032659027319616,
          1.1589629966670065,
          1.2500000002404128
        ],
        "object_height": 2.500000001267631,
        "occupancy_ratio": 0.2,
        "fov_vertical": 90.0,
        "sample_distance": 7.892189397345558,
        "min_distance": 2.500000001267631
      },
      "sample_point": [
        1.0484893971832572,
        9.004726860634339,
        1.5
      ],
      "sample_forward": [
        0.10825234074456593,
        -0.9936191480349482,
        -0.03166100727434442
      ],
      "height": 1.5
    },
    "sample_target": [
      1.0484893971832572,
      9.004726860634339,
      1.5
    ],
    "camera_params": {
      "forward": [
        0.10825234074456593,
        -0.9936191480349482,
        -0.03166100727434442
      ]
    },
    "task_type": "screen_occupancy",
    "task_description": "Position where wardrobe occupies 20% of vertical FOV",
    "target_object": {
      "label": "wardrobe",
      "id": "85",
      "bbox_min": [
        1.3088658,
        0.21896293334013037,
        -3.9340284274658187e-10
      ],
      "bbox_max": [
        2.4976660054639237,
        2.0989630599938827,
        2.5000000008742282
      ],
      "center": [
        1.9032659027319618,
        1.1589629966670065,
        1.2500000002404128
      ]
    }
  },
  {
    "scene_id": "0360_840321",
    "object_label": "wardrobe",
    "preset": "occupancy_30",
    "distance": 5.206624715253053,
    "init_camera": {
      "intrinsics": [
        [
          320.0,
          0.0,
          320.0
        ],
        [
          0.0,
          320.0,
          240.0
        ],
        [
          0.0,
          0.0,
          1.0
        ]
      ],
      "extrinsics": [
        [
          0.5000000000000004,
          0.15831853019110687,
          -0.8514312908262928,
          3.533374482647371
        ],
        [
          0.8660254037844384,
          -0.09140524602354155,
          0.49157408495503124,
          0.21781936924452527
        ],
        [
          -0.0,
          -0.9831481699100617,
          -0.1828104920470829,
          1.6
        ],
        [
          0.0,
          0.0,
          0.0,
          1.0
        ]
      ]
    },
    "target_region": {
      "type": "circle",
      "params": {
        "center": [
          1.9032659027319616,
          1.1589629966670065
        ],
        "radius": 5.206624715253053,
        "object_center": [
          1.9032659027319616,
          1.1589629966670065,
          1.2500000002404128
        ],
        "object_height": 2.500000001267631,
        "occupancy_ratio": 0.3,
        "fov_vertical": 90.0,
        "sample_distance": 5.206624715253053,
        "min_distance": 2.500000001267631
      },
      "sample_point": [
        7.089191177304917,
        0.6951527207681687,
        1.5
      ],
      "sample_forward": [
        -0.9948782114015726,
        0.08897828512461614,
        -0.04796049681446537
      ],
      "height": 1.5
    },
    "sample_target": [
      7.089191177304917,
      0.6951527207681687,
      1.5
    ],
    "camera_params": {
      "forward": [
        -0.9948782114015726,
        0.08897828512461614,
        -0.04796049681446537
      ]
    },
    "task_type": "screen_occupancy",
    "task_description": "Position where wardrobe occupies 30% of vertical FOV",
    "target_object": {
      "label": "wardrobe",
      "id": "85",
      "bbox_min": [
        1.3088658,
        0.21896293334013037,
        -3.9340284274658187e-10
      ],
      "bbox_max": [
        2.4976660054639237,
        2.0989630599938827,
        2.5000000008742282
      ],
      "center": [
        1.9032659027319618,
        1.1589629966670065,
        1.2500000002404128
      ]
    }
  },
  {
    "scene_id": "0360_840321",
    "object_label": "wardrobe",
    "preset": "occupancy_50",
    "distance": 3.0177669544965346,
    "init_camera": {
      "intrinsics": [
        [
          320.0,
          0.0,
          320.0
        ],
        [
          0.0,
          320.0,
          240.0
        ],
        [
          0.0,
          0.0,
          1.0
        ]
      ],
      "extrinsics": [
        [
          0.5000000000000004,
          0.15831853019110687,
          -0.8514312908262928,
          3.533374482647371
        ],
        [
          0.8660254037844384,
          -0.09140524602354155,
          0.49157408495503124,
          0.21781936924452527
        ],
        [
          -0.0,
          -0.9831481699100617,
          -0.1828104920470829,
          1.6
        ],
        [
          0.0,
          0.0,
          0.0,
          1.0
        ]
      ]
    },
    "target_region": {
      "type": "circle",
      "params": {
        "center": [
          1.9032659027319616,
          1.1589629966670065
        ],
        "radius": 3.0177669544965346,
        "object_center": [
          1.9032659027319616,
          1.1589629966670065,
          1.2500000002404128
        ],
        "object_height": 2.500000001267631,
        "occupancy_ratio": 0.5,
        "fov_vertical": 90.0,
        "sample_distance": 3.0177669544965346,
        "min_distance": 2.500000001267631
      },
      "sample_point": [
        -1.104464657853079,
        1.4048781580013294,
        1.5
      ],
      "sample_forward": [
        0.9932716898931999,
        -0.08121092064223669,
        -0.08255989598556457
      ],
      "height": 1.5
    },
    "sample_target": [
      -1.104464657853079,
      1.4048781580013294,
      1.5
    ],
    "camera_params": {
      "forward": [
        0.9932716898931999,
        -0.08121092064223669,
        -0.08255989598556457
      ]
    },
    "task_type": "screen_occupancy",
    "task_description": "Position where wardrobe occupies 50% of vertical FOV",
    "target_object": {
      "label": "wardrobe",
      "id": "85",
      "bbox_min": [
        1.3088658,
        0.21896293334013037,
        -3.9340284274658187e-10
      ],
      "bbox_max": [
        2.4976660054639237,
        2.0989630599938827,
        2.5000000008742282
      ],
      "center": [
        1.9032659027319618,
        1.1589629966670065,
        1.2500000002404128
      ]
    }
  },
  {
    "scene_id": "0360_840321",
    "object_label": "wardrobe",
    "preset": "occupancy_30",
    "distance": 5.206624715253053,
    "init_camera": {
      "intrinsics": [
        [
          320.0,
          0.0,
          320.0
        ],
        [
          0.0,
          320.0,
          240.0
        ],
        [
          0.0,
          0.0,
          1.0
        ]
      ],
      "extrinsics": [
        [
          -0.1736481776669303,
          0.144900846638007,
          -0.9740893465368272,
          4.220379755191191
        ],
        [
          0.9848077530122081,
          0.02554992878978009,
          -0.17175823341512034,
          1.5675326862289019
        ],
        [
          0.0,
          -0.9891162448278897,
          -0.1471361757610074,
          1.6
        ],
        [
          0.0,
          0.0,
          0.0,
          1.0
        ]
      ]
    },
    "target_region": {
      "type": "circle",
      "params": {
        "center": [
          1.9032659027319616,
          1.1589629966670065
        ],
        "radius": 5.206624715253053,
        "object_center": [
          1.9032659027319616,
          1.1589629966670065,
          1.2500000002404128
        ],
        "object_height": 2.500000001267631,
        "occupancy_ratio": 0.3,
        "fov_vertical": 90.0,
        "sample_distance": 5.206624715253053,
        "min_distance": 2.500000001267631
      },
      "sample_point": [
        6.907776833079124,
        2.595560112604425,
        1.5
      ],
      "sample_forward": [
        -0.9600753230547466,
        -0.2755996458753776,
        -0.04796049681446538
      ],
      "height": 1.5
    },
    "sample_target": [
      6.907776833079124,
      2.595560112604425,
      1.5
    ],
    "camera_params": {
      "forward": [
        -0.9600753230547466,
        -0.2755996458753776,
        -0.04796049681446538
      ]
    },
    "task_type": "screen_occupancy",
    "task_description": "Position where wardrobe occupies 30% of vertical FOV",
    "target_object": {
      "label": "wardrobe",
      "id": "85",
      "bbox_min": [
        1.3088658,
        0.21896293334013037,
        -3.9340284274658187e-10
      ],
      "bbox_max": [
        2.4976660054639237,
        2.0989630599938827,
        2.5000000008742282
      ],
      "center": [
        1.9032659027319618,
        1.1589629966670065,
        1.2500000002404128
      ]
    }
  },
  {
    "scene_id": "0360_840321",
    "object_label": "wardrobe",
    "preset": "occupancy_50",
    "distance": 3.0177669544965346,
    "init_camera": {
      "intrinsics": [
        [
          320.0,
          0.0,
          320.0
        ],
        [
          0.0,
          320.0,
          240.0
        ],
        [
          0.0,
          0.0,
          1.0
        ]
      ],
      "extrinsics": [
        [
          -0.1736481776669303,
          0.144900846638007,
          -0.9740893465368272,
          4.220379755191191
        ],
        [
          0.9848077530122081,
          0.02554992878978009,
          -0.17175823341512034,
          1.5675326862289019
        ],
        [
          0.0,
          -0.9891162448278897,
          -0.1471361757610074,
          1.6
        ],
        [
          0.0,
          0.0,
          0.0,
          1.0
        ]
      ]
    },
    "target_region": {
      "type": "circle",
      "params": {
        "center": [
          1.9032659027319616,
          1.1589629966670065
        ],
        "radius": 3.0177669544965346,
        "object_center": [
          1.9032659027319616,
          1.1589629966670065,
          1.2500000002404128
        ],
        "object_height": 2.500000001267631,
        "occupancy_ratio": 0.5,
        "fov_vertical": 90.0,
        "sample_distance": 3.0177669544965346,
        "min_distance": 2.500000001267631
      },
      "sample_point": [
        3.241499350316632,
        3.86378251586176,
        1.5
      ],
      "sample_forward": [
        -0.4419376573729652,
        -0.8932384735167581,
        -0.08255989598556455
      ],
      "height": 1.5
    },
    "sample_target": [
      3.241499350316632,
      3.86378251586176,
      1.5
    ],
    "camera_params": {
      "forward": [
        -0.4419376573729652,
        -0.8932384735167581,
        -0.08255989598556455
      ]
    },
    "task_type": "screen_occupancy",
    "task_description": "Position where wardrobe occupies 50% of vertical FOV",
    "target_object": {
      "label": "wardrobe",
      "id": "85",
      "bbox_min": [
        1.3088658,
        0.21896293334013037,
        -3.9340284274658187e-10
      ],
      "bbox_max": [
        2.4976660054639237,
        2.0989630599938827,
        2.5000000008742282
      ],
      "center": [
        1.9032659027319618,
        1.1589629966670065,
        1.2500000002404128
      ]
    }
  },
  {
    "scene_id": "0360_840321",
    "object_label": "wardrobe",
    "preset": "occupancy_20",
    "distance": 7.892189397345558,
    "init_camera": {
      "intrinsics": [
        [
          320.0,
          0.0,
          320.0
        ],
        [
          0.0,
          320.0,
          240.0
        ],
        [
          0.0,
          0.0,
          1.0
        ]
      ],
      "extrinsics": [
        [
          0.5000000000000004,
          0.12742366602472455,
          -0.8565997953168206,
          3.940901627626223
        ],
        [
          0.8660254037844384,
          -0.07356808788050379,
          0.4945581224139453,
          -0.017466537611094957
        ],
        [
          -0.0,
          -0.9891162448278898,
          -0.1471361757610074,
          1.6
        ],
        [
          0.0,
          0.0,
          0.0,
          1.0
        ]
      ]
    },
    "target_region": {
      "type": "circle",
      "params": {
        "center": [
          1.9032659027319616,
          1.1589629966670065
        ],
        "radius": 7.892189397345558,
        "object_center": [
          1.9032659027319616,
          1.1589629966670065,
          1.2500000002404128
        ],
        "object_height": 2.500000001267631,
        "occupancy_ratio": 0.2,
        "fov_vertical": 90.0,
        "sample_distance": 7.892189397345558,
        "min_distance": 2.500000001267631
      },
      "sample_point": [
        1.8862123109304676,
        9.051133969129546,
        1.5
      ],
      "sample_forward": [
        0.0021597355784001224,
        -0.9994963312391923,
        -0.03166100727434442
      ],
      "height": 1.5
    },
    "sample_target": [
      1.8862123109304676,
      9.051133969129546,
      1.5
    ],
    "camera_params": {
      "forward": [
        0.0021597355784001224,
        -0.9994963312391923,
        -0.03166100727434442
      ]
    },
    "task_type": "screen_occupancy",
    "task_description": "Position where wardrobe occupies 20% of vertical FOV",
    "target_object": {
      "label": "wardrobe",
      "id": "85",
      "bbox_min": [
        1.3088658,
        0.21896293334013037,
        -3.9340284274658187e-10
      ],
      "bbox_max": [
        2.4976660054639237,
        2.0989630599938827,
        2.5000000008742282
      ],
      "center": [
        1.9032659027319618,
        1.1589629966670065,
        1.2500000002404128
      ]
    }
  },
  {
    "scene_id": "0360_840321",
    "object_label": "wardrobe",
    "preset": "occupancy_30",
    "distance": 5.206624715253053,
    "init_camera": {
      "intrinsics": [
        [
          320.0,
          0.0,
          320.0
        ],
        [
          0.0,
          320.0,
          240.0
        ],
        [
          0.0,
          0.0,
          1.0
        ]
      ],
      "extrinsics": [
        [
          0.5000000000000004,
          0.12742366602472455,
          -0.8565997953168206,
          3.940901627626223
        ],
        [
          0.8660254037844384,
          -0.07356808788050379,
          0.4945581224139453,
          -0.017466537611094957
        ],
        [
          -0.0,
          -0.9891162448278898,
          -0.1471361757610074,
          1.6
        ],
        [
          0.0,
          0.0,
          0.0,
          1.0
        ]
      ]
    },
    "target_region": {
      "type": "circle",
      "params": {
        "center": [
          1.9032659027319616,
          1.1589629966670065
        ],
        "radius": 5.206624715253053,
        "object_center": [
          1.9032659027319616,
          1.1589629966670065,
          1.2500000002404128
        ],
        "object_height": 2.500000001267631,
        "occupancy_ratio": 0.3,
        "fov_vertical": 90.0,
        "sample_distance": 5.206624715253053,
        "min_distance": 2.500000001267631
      },
      "sample_point": [
        1.0020848178940365,
        6.28700488200826,
        1.5
      ],
      "sample_forward": [
        0.17288437036075752,
        -0.983773746971464,
        -0.04796049681446538
      ],
      "height": 1.5
    },
    "sample_target": [
      1.0020848178940365,
      6.28700488200826,
      1.5
    ],
    "camera_params": {
      "forward": [
        0.17288437036075752,
        -0.983773746971464,
        -0.04796049681446538
      ]
    },
    "task_type": "screen_occupancy",
    "task_description": "Position where wardrobe occupies 30% of vertical FOV",
    "target_object": {
      "label": "wardrobe",
      "id": "85",
      "bbox_min": [
        1.3088658,
        0.21896293334013037,
        -3.9340284274658187e-10
      ],
      "bbox_max": [
        2.4976660054639237,
        2.0989630599938827,
        2.5000000008742282
      ],
      "center": [
        1.9032659027319618,
        1.1589629966670065,
        1.2500000002404128
      ]
    }
  },
  {
    "scene_id": "0360_840321",
    "object_label": "wardrobe",
    "preset": "occupancy_50",
    "distance": 3.0177669544965346,
    "init_camera": {
      "intrinsics": [
        [
          320.0,
          0.0,
          320.0
        ],
        [
          0.0,
          320.0,
          240.0
        ],
        [
          0.0,
          0.0,
          1.0
        ]
      ],
      "extrinsics": [
        [
          0.5000000000000004,
          0.12742366602472455,
          -0.8565997953168206,
          3.940901627626223
        ],
        [
          0.8660254037844384,
          -0.07356808788050379,
          0.4945581224139453,
          -0.017466537611094957
        ],
        [
          -0.0,
          -0.9891162448278898,
          -0.1471361757610074,
          1.6
        ],
        [
          0.0,
          0.0,
          0.0,
          1.0
        ]
      ]
    },
    "target_region": {
      "type": "circle",
      "params": {
        "center": [
          1.9032659027319616,
          1.1589629966670065
        ],
        "radius": 3.0177669544965346,
        "object_center": [
          1.9032659027319616,
          1.1589629966670065,
          1.2500000002404128
        ],
        "object_height": 2.500000001267631,
        "occupancy_ratio": 0.5,
        "fov_vertical": 90.0,
        "sample_distance": 3.0177669544965346,
        "min_distance": 2.500000001267631
      },
      "sample_point": [
        0.39209754689063736,
        -1.4531793409469143,
        1.5
      ],
      "sample_forward": [
        0.49904760957965505,
        0.8626327996011308,
        -0.08255989598556455
      ],
      "height": 1.5
    },
    "sample_target": [
      0.39209754689063736,
      -1.4531793409469143,
      1.5
    ],
    "camera_params": {
      "forward": [
        0.49904760957965505,
        0.8626327996011308,
        -0.08255989598556455
      ]
    },
    "task_type": "screen_occupancy",
    "task_description": "Position where wardrobe occupies 50% of vertical FOV",
    "target_object": {
      "label": "wardrobe",
      "id": "85",
      "bbox_min": [
        1.3088658,
        0.21896293334013037,
        -3.9340284274658187e-10
      ],
      "bbox_max": [
        2.4976660054639237,
        2.0989630599938827,
        2.5000000008742282
      ],
      "center": [
        1.9032659027319618,
        1.1589629966670065,
        1.2500000002404128
      ]
    }
  },
  {
    "scene_id": "0360_840321",
    "object_label": "wardrobe",
    "preset": "occupancy_20",
    "distance": 7.907974001698544,
    "init_camera": {
      "intrinsics": [
        [
          320.0,
          0.0,
          320.0
        ],
        [
          0.0,
          320.0,
          240.0
        ],
        [
          0.0,
          0.0,
          1.0
        ]
      ],
      "extrinsics": [
        [
          0.34202014332566966,
          0.16382538004182023,
          -0.9253018244949275,
          3.730423951638258
        ],
        [
          0.9396926207859081,
          -0.05962756195257112,
          0.33678232182836426,
          -4.138343413512958
        ],
        [
          -0.0,
          -0.9846856344589098,
          -0.17433932800792407,
          1.6
        ],
        [
          0.0,
          0.0,
          0.0,
          1.0
        ]
      ]
    },
    "target_region": {
      "type": "circle",
      "params": {
        "center": [
          1.8860761168040872,
          -3.4670556999999995
        ],
        "radius": 7.907974001698544,
        "object_center": [
          1.8860761168040872,
          -3.4670556999999995,
          1.2525000236399928
        ],
        "object_height": 2.505000072720015,
        "occupancy_ratio": 0.2,
        "fov_vertical": 90.0,
        "sample_distance": 7.907974001698544,
        "min_distance": 2.505000072720015
      },
      "sample_point": [
        5.534538438639656,
        3.5489813222573874,
        1.5
      ],
      "sample_forward": [
        -0.461139191260858,
        -0.8867762232151191,
        -0.031282202985260535
      ],
      "height": 1.5
    },
    "sample_target": [
      5.534538438639656,
      3.5489813222573874,
      1.5
    ],
    "camera_params": {
      "forward": [
        -0.461139191260858,
        -0.8867762232151191,
        -0.031282202985260535
      ]
    },
    "task_type": "screen_occupancy",
    "task_description": "Position where wardrobe occupies 20% of vertical FOV",
    "target_object": {
      "label": "wardrobe",
      "id": "94",
      "bbox_min": [
        1.2588651899463803,
        -4.507055767752654,
        -1.2720014638034627e-08
      ],
      "bbox_max": [
        2.513287043661794,
        -2.4270556322473458,
        2.50500006
      ],
      "center": [
        1.886076116804087,
        -3.4670556999999995,
        1.2525000236399926
      ]
    }
  },
  {
    "scene_id": "0360_840321",
    "object_label": "wardrobe",
    "preset": "occupancy_30",
    "distance": 5.217038113488578,
    "init_camera": {
      "intrinsics": [
        [
          320.0,
          0.0,
          320.0
        ],
        [
          0.0,
          320.0,
          240.0
        ],
        [
          0.0,
          0.0,
          1.0
        ]
      ],
      "extrinsics": [
        [
          0.34202014332566966,
          0.16382538004182023,
          -0.9253018244949275,
          3.730423951638258
        ],
        [
          0.9396926207859081,
          -0.05962756195257112,
          0.33678232182836426,
          -4.138343413512958
        ],
        [
          -0.0,
          -0.9846856344589098,
          -0.17433932800792407,
          1.6
        ],
        [
          0.0,
          0.0,
          0.0,
          1.0
        ]
      ]
    },
    "target_region": {
      "type": "circle",
      "params": {
        "center": [
          1.8860761168040872,
          -3.4670556999999995
        ],
        "radius": 5.217038113488578,
        "object_center": [
          1.8860761168040872,
          -3.4670556999999995,
          1.2525000236399928
        ],
        "object_height": 2.505000072720015,
        "occupancy_ratio": 0.3,
        "fov_vertical": 90.0,
        "sample_distance": 5.217038113488578,
        "min_distance": 2.505000072720015
      },
      "sample_point": [
        -2.5061591445917237,
        -6.2823276382226165,
        1.5
      ],
      "sample_forward": [
        0.8409562793248102,
        0.5390240899124478,
        -0.04738741138983212
      ],
      "height": 1.5
    },
    "sample_target": [
      -2.5061591445917237,
      -6.2823276382226165,
      1.5
    ],
    "camera_params": {
      "forward": [
        0.8409562793248102,
        0.5390240899124478,
        -0.04738741138983212
      ]
    },
    "task_type": "screen_occupancy",
    "task_description": "Position where wardrobe occupies 30% of vertical FOV",
    "target_object": {
      "label": "wardrobe",
      "id": "94",
      "bbox_min": [
        1.2588651899463803,
        -4.507055767752654,
        -1.2720014638034627e-08
      ],
      "bbox_max": [
        2.513287043661794,
        -2.4270556322473458,
        2.50500006
      ],
      "center": [
        1.886076116804087,
        -3.4670556999999995,
        1.2525000236399926
      ]
    }
  },
  {
    "scene_id": "0360_840321",
    "object_label": "wardrobe",
    "preset": "occupancy_50",
    "distance": 3.0238025746531245,
    "init_camera": {
      "intrinsics": [
        [
          320.0,
          0.0,
          320.0
        ],
        [
          0.0,
          320.0,
          240.0
        ],
        [
          0.0,
          0.0,
          1.0
        ]
      ],
      "extrinsics": [
        [
          0.34202014332566966,
          0.16382538004182023,
          -0.9253018244949275,
          3.730423951638258
        ],
        [
          0.9396926207859081,
          -0.05962756195257112,
          0.33678232182836426,
          -4.138343413512958
        ],
        [
          -0.0,
          -0.9846856344589098,
          -0.17433932800792407,
          1.6
        ],
        [
          0.0,
          0.0,
          0.0,
          1.0
        ]
      ]
    },
    "target_region": {
      "type": "circle",
      "params": {
        "center": [
          1.8860761168040872,
          -3.4670556999999995
        ],
        "radius": 3.0238025746531245,
        "object_center": [
          1.8860761168040872,
          -3.4670556999999995,
          1.2525000236399928
        ],
