[
  {
    "scene_id": "0264_840793",
    "object_label": "shower head",
    "preset": "front",
    "distance": 1.5,
    "init_camera": {
      "intrinsics": [
        [
          320.0,
          0.0,
          320.0
        ],
        [
          0.0,
          320.0,
          240.0
        ],
        [
          0.0,
          0.0,
          1.0
        ]
      ],
      "extrinsics": [
        [
          0.984807753012208,
          -0.011453151202933984,
          0.17327006358447694,
          4.785456457866456
        ],
        [
          -0.17364817766693078,
          -0.06495404819453204,
          0.9826633614906461,
          1.7978163975902337
        ],
        [
          0.0,
          -0.9978225277827041,
          -0.06595606908643706,
          1.6
        ],
        [
          0.0,
          0.0,
          0.0,
          1.0
        ]
      ]
    },
    "target_region": {
      "type": "circle",
      "params": {
        "center": [
          4.924375,
          2.5856626
        ],
        "radius": 1.5,
        "object_center": [
          4.924375,
          2.5856626,
          1.5471199999999996
        ],
        "sample_distance": 1.5,
        "min_distance": 1.094239990234375,
        "requested_distance": 1.5
      },
      "sample_point": [
        6.006249250181194,
        1.5466495554260256,
        1.5
      ],
      "sample_forward": [
        -0.7208938996725878,
        0.6923338506191214,
        0.031397845495336404
      ],
      "height": 1.5
    },
    "sample_target": [
      6.006249250181194,
      1.5466495554260256,
      1.5
    ],
    "camera_params": {
      "forward": [
        -0.7208938996725878,
        0.6923338506191214,
        0.031397845495336404
      ]
    },
    "task_type": "absolute_positioning",
    "task_description": "Move to any position 1.5m from shower head",
    "target_object": {
      "label": "shower head",
      "id": "108",
      "bbox_min": [
        4.774643493652344,
        2.3235105919433594,
        1.0000000048828124
      ],
      "bbox_max": [
        5.074106506347657,
        2.8478146080566407,
        2.0942399951171873
      ],
      "center": [
        4.924375,
        2.5856626,
        1.5471199999999998
      ]
    }
  },
  {
    "scene_id": "0264_840793",
    "object_label": "shower head",
    "preset": "occupancy_20",
    "distance": 3.454379697880145,
    "init_camera": {
      "intrinsics": [
        [
          320.0,
          0.0,
          320.0
        ],
        [
          0.0,
          320.0,
          240.0
        ],
        [
          0.0,
          0.0,
          1.0
        ]
      ],
      "extrinsics": [
        [
          0.984807753012208,
          -0.011453151202933984,
          0.17327006358447694,
          4.785456457866456
        ],
        [
          -0.17364817766693078,
          -0.06495404819453204,
          0.9826633614906461,
          1.7978163975902337
        ],
        [
          0.0,
          -0.9978225277827041,
          -0.06595606908643706,
          1.6
        ],
        [
          0.0,
          0.0,
          0.0,
          1.0
        ]
      ]
    },
    "target_region": {
      "type": "circle",
      "params": {
        "center": [
          4.924375,
          2.5856626
        ],
        "radius": 3.454379697880145,
        "object_center": [
          4.924375,
          2.5856626,
          1.5471199999999996
        ],
        "object_height": 1.094239990234375,
        "occupancy_ratio": 0.2,
        "fov_vertical": 90.0,
        "sample_distance": 3.454379697880145,
        "min_distance": 1.094239990234375
      },
      "sample_point": [
        8.357432759439998,
        2.2024478854138474,
        1.5
      ],
      "sample_forward": [
        -0.9937351171760135,
        0.11092557888247168,
        0.013639385644642184
      ],
      "height": 1.5
    },
    "sample_target": [
      8.357432759439998,
      2.2024478854138474,
      1.5
    ],
    "camera_params": {
      "forward": [
        -0.9937351171760135,
        0.11092557888247168,
        0.013639385644642184
      ]
    },
    "task_type": "screen_occupancy",
    "task_description": "Position where shower head occupies 20% of vertical FOV",
    "target_object": {
      "label": "shower head",
      "id": "108",
      "bbox_min": [
        4.774643493652344,
        2.3235105919433594,
        1.0000000048828124
      ],
      "bbox_max": [
        5.074106506347657,
        2.8478146080566407,
        2.0942399951171873
      ],
      "center": [
        4.924375,
        2.5856626,
        1.5471199999999998
      ]
    }
  },
  {
    "scene_id": "0264_840793",
    "object_label": "shower head",
    "preset": "occupancy_20",
    "distance": 3.454379697880145,
    "init_camera": {
      "intrinsics": [
        [
          320.0,
          0.0,
          320.0
        ],
        [
          0.0,
          320.0,
          240.0
        ],
        [
          0.0,
          0.0,
          1.0
        ]
      ],
      "extrinsics": [
        [
          0.3420201433256685,
          -0.04962161589669527,
          0.9383815411629164,
          3.984682379214092
        ],
        [
          -0.9396926207859085,
          -0.018060791162587672,
          0.3415429493681464,
          2.2436424566743316
        ],
        [
          0.0,
          -0.9986047782072658,
          -0.05280622067160047,
          1.6
        ],
        [
          0.0,
          0.0,
          0.0,
          1.0
        ]
      ]
    },
    "target_region": {
      "type": "circle",
      "params": {
        "center": [
          4.924375,
          2.5856626
        ],
        "radius": 3.454379697880145,
        "object_center": [
          4.924375,
          2.5856626,
          1.5471199999999996
        ],
        "object_height": 1.094239990234375,
        "occupancy_ratio": 0.2,
        "fov_vertical": 90.0,
        "sample_distance": 3.454379697880145,
        "min_distance": 1.094239990234375
      },
      "sample_point": [
        6.753141575022809,
        5.516251604143342,
        1.5
      ],
      "sample_forward": [
        -0.5293559543881105,
        -0.8482901866184056,
        0.013639385644642186
      ],
      "height": 1.5
    },
    "sample_target": [
      6.753141575022809,
      5.516251604143342,
      1.5
    ],
    "camera_params": {
      "forward": [
        -0.5293559543881105,
        -0.8482901866184056,
        0.013639385644642186
      ]
    },
    "task_type": "screen_occupancy",
    "task_description": "Position where shower head occupies 20% of vertical FOV",
    "target_object": {
      "label": "shower head",
      "id": "108",
      "bbox_min": [
        4.774643493652344,
        2.3235105919433594,
        1.0000000048828124
      ],
      "bbox_max": [
        5.074106506347657,
        2.8478146080566407,
        2.0942399951171873
      ],
      "center": [
        4.924375,
        2.5856626,
        1.5471199999999998
      ]
    }
  },
  {
    "scene_id": "0264_840793",
    "object_label": "shower head",
    "preset": "occupancy_30",
    "distance": 2.278918789873491,
    "init_camera": {
      "intrinsics": [
        [
          320.0,
          0.0,
          320.0
        ],
        [
          0.0,
          320.0,
          240.0
        ],
        [
          0.0,
          0.0,
          1.0
        ]
      ],
      "extrinsics": [
        [
          0.3420201433256685,
          -0.04962161589669527,
          0.9383815411629164,
          3.984682379214092
        ],
        [
          -0.9396926207859085,
          -0.018060791162587672,
          0.3415429493681464,
          2.2436424566743316
        ],
        [
          0.0,
          -0.9986047782072658,
          -0.05280622067160047,
          1.6
        ],
        [
          0.0,
          0.0,
          0.0,
          1.0
        ]
      ]
    },
    "target_region": {
      "type": "circle",
      "params": {
        "center": [
          4.924375,
          2.5856626
        ],
        "radius": 2.278918789873491,
        "object_center": [
          4.924375,
          2.5856626,
          1.5471199999999996
        ],
        "object_height": 1.094239990234375,
        "occupancy_ratio": 0.3,
        "fov_vertical": 90.0,
        "sample_distance": 2.278918789873491,
        "min_distance": 1.094239990234375
      },
      "sample_point": [
        6.091552396197492,
        4.542999509334748,
        1.5
      ],
      "sample_forward": [
        -0.5120533419456615,
        -0.8587048626915519,
        0.020672053409434617
      ],
      "height": 1.5
    },
    "sample_target": [
      6.091552396197492,
      4.542999509334748,
      1.5
    ],
    "camera_params": {
      "forward": [
        -0.5120533419456615,
        -0.8587048626915519,
        0.020672053409434617
      ]
    },
    "task_type": "screen_occupancy",
    "task_description": "Position where shower head occupies 30% of vertical FOV",
    "target_object": {
      "label": "shower head",
      "id": "108",
      "bbox_min": [
        4.774643493652344,
        2.3235105919433594,
        1.0000000048828124
      ],
      "bbox_max": [
        5.074106506347657,
        2.8478146080566407,
        2.0942399951171873
      ],
      "center": [
        4.924375,
        2.5856626,
        1.5471199999999998
      ]
    }
  },
  {
    "scene_id": "0264_840793",
    "object_label": "shower head",
    "preset": "right",
    "distance": 1.5,
    "init_camera": {
      "intrinsics": [
        [
          320.0,
          0.0,
          320.0
        ],
        [
          0.0,
          320.0,
          240.0
        ],
        [
          0.0,
          0.0,
          1.0
        ]
      ],
      "extrinsics": [
        [
          0.766044443118978,
          -0.042395743992391155,
          0.6413879575248248,
          4.410144912250769
        ],
        [
          -0.6427876096865395,
          -0.05052528021363654,
          0.7643764026268723,
          1.9728270455048178
        ],
        [
          0.0,
          -0.9978225277827041,
          -0.06595606908643707,
          1.6
        ],
        [
          0.0,
          0.0,
          0.0,
          1.0
        ]
      ]
    },
    "target_region": {
      "type": "circle",
      "params": {
        "center": [
          4.924375,
          2.5856626
        ],
        "radius": 1.5,
        "object_center": [
          4.924375,
          2.5856626,
          1.5471199999999996
        ],
        "sample_distance": 1.5,
        "min_distance": 1.094239990234375,
        "requested_distance": 1.5
      },
      "sample_point": [
        4.496846923490022,
        4.023445526521135,
        1.5
      ],
      "sample_forward": [
        0.28487819378562773,
        -0.9580493672059335,
        0.031397845495336404
      ],
      "height": 1.5
    },
    "sample_target": [
      4.496846923490022,
      4.023445526521135,
      1.5
    ],
    "camera_params": {
      "forward": [
        0.28487819378562773,
        -0.9580493672059335,
        0.031397845495336404
      ]
    },
    "task_type": "absolute_positioning",
    "task_description": "Move to any position 1.5m from shower head",
    "target_object": {
      "label": "shower head",
      "id": "108",
      "bbox_min": [
        4.774643493652344,
        2.3235105919433594,
        1.0000000048828124
      ],
      "bbox_max": [
        5.074106506347657,
        2.8478146080566407,
        2.0942399951171873
      ],
      "center": [
        4.924375,
        2.5856626,
        1.5471199999999998
      ]
    }
  },
  {
    "scene_id": "0264_840793",
    "object_label": "shower head",
    "preset": "occupancy_20",
    "distance": 3.454379697880145,
    "init_camera": {
      "intrinsics": [
        [
          320.0,
          0.0,
          320.0
        ],
        [
          0.0,
          320.0,
          240.0
        ],
        [
          0.0,
          0.0,
          1.0
        ]
      ],
      "extrinsics": [
        [
          0.766044443118978,
          -0.042395743992391155,
          0.6413879575248248,
          4.410144912250769
        ],
        [
          -0.6427876096865395,
          -0.05052528021363654,
          0.7643764026268723,
          1.9728270455048178
        ],
        [
          0.0,
          -0.9978225277827041,
          -0.06595606908643707,
          1.6
        ],
        [
          0.0,
          0.0,
          0.0,
          1.0
        ]
      ]
    },
    "target_region": {
      "type": "circle",
      "params": {
        "center": [
          4.924375,
          2.5856626
        ],
        "radius": 3.454379697880145,
        "object_center": [
          4.924375,
          2.5856626,
          1.5471199999999996
        ],
        "object_height": 1.094239990234375,
        "occupancy_ratio": 0.2,
        "fov_vertical": 90.0,
        "sample_distance": 3.454379697880145,
        "min_distance": 1.094239990234375
      },
      "sample_point": [
        1.7940013824086178,
        4.046313178137826,
        1.5
      ],
      "sample_forward": [
        0.9061199699096536,
        -0.4228008600868322,
        0.013639385644642184
      ],
      "height": 1.5
    },
    "sample_target": [
      1.7940013824086178,
      4.046313178137826,
      1.5
    ],
    "camera_params": {
      "forward": [
        0.9061199699096536,
        -0.4228008600868322,
        0.013639385644642184
      ]
    },
    "task_type": "screen_occupancy",
    "task_description": "Position where shower head occupies 20% of vertical FOV",
    "target_object": {
      "label": "shower head",
      "id": "108",
      "bbox_min": [
        4.774643493652344,
        2.3235105919433594,
        1.0000000048828124
      ],
      "bbox_max": [
        5.074106506347657,
        2.8478146080566407,
        2.0942399951171873
      ],
      "center": [
        4.924375,
        2.5856626,
        1.5471199999999998
      ]
    }
  },
  {
    "scene_id": "0264_840793",
    "object_label": "shower head",
    "preset": "occupancy_30",
    "distance": 2.278918789873491,
    "init_camera": {
      "intrinsics": [
        [
          320.0,
          0.0,
          320.0
        ],
        [
          0.0,
          320.0,
          240.0
        ],
        [
          0.0,
          0.0,
          1.0
        ]
      ],
      "extrinsics": [
        [
          0.766044443118978,
          -0.042395743992391155,
          0.6413879575248248,
          4.410144912250769
        ],
        [
          -0.6427876096865395,
          -0.05052528021363654,
          0.7643764026268723,
          1.9728270455048178
        ],
        [
          0.0,
          -0.9978225277827041,
          -0.06595606908643707,
          1.6
        ],
        [
          0.0,
          0.0,
          0.0,
          1.0
        ]
      ]
    },
    "target_region": {
      "type": "circle",
      "params": {
        "center": [
          4.924375,
          2.5856626
        ],
        "radius": 2.278918789873491,
        "object_center": [
          4.924375,
          2.5856626,
          1.5471199999999996
        ],
        "object_height": 1.094239990234375,
        "occupancy_ratio": 0.3,
        "fov_vertical": 90.0,
        "sample_distance": 2.278918789873491,
        "min_distance": 1.094239990234375
      },
      "sample_point": [
        2.7577818089087978,
        3.2923059295204147,
        1.5
      ],
      "sample_forward": [
        0.9505078557460759,
        -0.31001206810837945,
        0.020672053409434617
      ],
      "height": 1.5
    },
    "sample_target": [
      2.7577818089087978,
      3.2923059295204147,
      1.5
    ],
    "camera_params": {
      "forward": [
        0.9505078557460759,
        -0.31001206810837945,
        0.020672053409434617
      ]
    },
    "task_type": "screen_occupancy",
    "task_description": "Position where shower head occupies 30% of vertical FOV",
    "target_object": {
      "label": "shower head",
      "id": "108",
      "bbox_min": [
        4.774643493652344,
        2.3235105919433594,
        1.0000000048828124
      ],
      "bbox_max": [
        5.074106506347657,
        2.8478146080566407,
        2.0942399951171873
      ],
      "center": [
        4.924375,
        2.5856626,
        1.5471199999999998
      ]
    }
  },
  {
    "scene_id": "0264_840793",
    "object_label": "shower head",
    "preset": "occupancy_50",
    "distance": 1.3208645124574154,
    "init_camera": {
      "intrinsics": [
        [
          320.0,
          0.0,
          320.0
        ],
        [
          0.0,
          320.0,
          240.0
        ],
        [
          0.0,
          0.0,
          1.0
        ]
      ],
      "extrinsics": [
        [
          0.766044443118978,
          -0.042395743992391155,
          0.6413879575248248,
          4.410144912250769
        ],
        [
          -0.6427876096865395,
          -0.05052528021363654,
          0.7643764026268723,
          1.9728270455048178
        ],
        [
          0.0,
          -0.9978225277827041,
          -0.06595606908643707,
          1.6
        ],
        [
          0.0,
          0.0,
          0.0,
          1.0
        ]
      ]
    },
    "target_region": {
      "type": "circle",
      "params": {
        "center": [
          4.924375,
          2.5856626
        ],
        "radius": 1.3208645124574154,
        "object_center": [
          4.924375,
          2.5856626,
          1.5471199999999996
        ],
        "object_height": 1.094239990234375,
        "occupancy_ratio": 0.5,
        "fov_vertical": 90.0,
        "sample_distance": 1.3208645124574154,
        "min_distance": 1.094239990234375
      },
      "sample_point": [
        4.251743463110845,
        3.722434290292954,
        1.5
      ],
      "sample_forward": [
        0.5089121110485921,
        -0.8600799233453111,
        0.035650928268267
      ],
      "height": 1.5
    },
    "sample_target": [
      4.251743463110845,
      3.722434290292954,
      1.5
    ],
    "camera_params": {
      "forward": [
        0.5089121110485921,
        -0.8600799233453111,
        0.035650928268267
      ]
    },
    "task_type": "screen_occupancy",
    "task_description": "Position where shower head occupies 50% of vertical FOV",
    "target_object": {
      "label": "shower head",
      "id": "108",
      "bbox_min": [
        4.774643493652344,
        2.3235105919433594,
        1.0000000048828124
      ],
      "bbox_max": [
        5.074106506347657,
        2.8478146080566407,
        2.0942399951171873
      ],
      "center": [
        4.924375,
        2.5856626,
        1.5471199999999998
      ]
    }
  },
  {
    "scene_id": "0264_840793",
    "object_label": "shower head",
    "preset": "right",
    "distance": 1.5,
    "init_camera": {
      "intrinsics": [
        [
          320.0,
          0.0,
          320.0
        ],
        [
          0.0,
          320.0,
          240.0
        ],
        [
          0.0,
          0.0,
          1.0
        ]
      ],
      "extrinsics": [
        [
          0.17364817766693022,
          -0.06495404819453206,
          0.9826633614906464,
          4.136528797590234
        ],
        [
          -0.984807753012208,
          -0.01145315120293395,
          0.1732700635844764,
          2.446744057866456
        ],
        [
          0.0,
          -0.9978225277827041,
          -0.06595606908643707,
          1.6
        ],
        [
          0.0,
          0.0,
          0.0,
          1.0
        ]
      ]
    },
    "target_region": {
      "type": "circle",
      "params": {
        "center": [
          4.924375,
          2.5856626
        ],
        "radius": 1.5,
        "object_center": [
          4.924375,
          2.5856626,
          1.5471199999999996
        ],
        "sample_distance": 1.5,
        "min_distance": 1.094239990234375,
        "requested_distance": 1.5
      },
      "sample_point": [
        4.523863750649996,
        4.031204276723331,
        1.5
      ],
      "sample_forward": [
        0.26687585581994266,
        -0.9632193171228576,
        0.031397845495336404
      ],
      "height": 1.5
    },
    "sample_target": [
      4.523863750649996,
      4.031204276723331,
      1.5
    ],
    "camera_params": {
      "forward": [
        0.26687585581994266,
        -0.9632193171228576,
        0.031397845495336404
      ]
    },
    "task_type": "absolute_positioning",
    "task_description": "Move to any position 1.5m from shower head",
    "target_object": {
      "label": "shower head",
      "id": "108",
      "bbox_min": [
        4.774643493652344,
        2.3235105919433594,
        1.0000000048828124
      ],
      "bbox_max": [
        5.074106506347657,
        2.8478146080566407,
        2.0942399951171873
      ],
      "center": [
        4.924375,
        2.5856626,
        1.5471199999999998
      ]
    }
  },
  {
    "scene_id": "0264_840793",
    "object_label": "shower head",
    "preset": "occupancy_20",
    "distance": 3.454379697880145,
    "init_camera": {
      "intrinsics": [
        [
          320.0,
          0.0,
          320.0
        ],
        [
          0.0,
          320.0,
          240.0
        ],
        [
          0.0,
          0.0,
          1.0
        ]
      ],
      "extrinsics": [
        [
          0.17364817766693022,
          -0.06495404819453206,
          0.9826633614906464,
          4.136528797590234
        ],
        [
          -0.984807753012208,
          -0.01145315120293395,
          0.1732700635844764,
          2.446744057866456
        ],
        [
          0.0,
          -0.9978225277827041,
          -0.06595606908643707,
          1.6
        ],
        [
          0.0,
          0.0,
          0.0,
          1.0
        ]
      ]
    },
    "target_region": {
      "type": "circle",
      "params": {
        "center": [
          4.924375,
          2.5856626
        ],
        "radius": 3.454379697880145,
        "object_center": [
          4.924375,
          2.5856626,
          1.5471199999999996
        ],
        "object_height": 1.094239990234375,
        "occupancy_ratio": 0.2,
        "fov_vertical": 90.0,
        "sample_distance": 3.454379697880145,
        "min_distance": 1.094239990234375
      },
      "sample_point": [
        7.07542458440839,
        -0.11724782813908563,
        1.5
      ],
      "sample_forward": [
        -0.6226442025147193,
        0.782386198903103,
        0.013639385644642186
      ],
      "height": 1.5
    },
    "sample_target": [
      7.07542458440839,
      -0.11724782813908563,
      1.5
    ],
    "camera_params": {
      "forward": [
        -0.6226442025147193,
        0.782386198903103,
        0.013639385644642186
      ]
    },
    "task_type": "screen_occupancy",
    "task_description": "Position where shower head occupies 20% of vertical FOV",
    "target_object": {
      "label": "shower head",
      "id": "108",
      "bbox_min": [
        4.774643493652344,
        2.3235105919433594,
        1.0000000048828124
      ],
      "bbox_max": [
        5.074106506347657,
        2.8478146080566407,
        2.0942399951171873
      ],
      "center": [
        4.924375,
        2.5856626,
        1.5471199999999998
      ]
    }
  },
  {
    "scene_id": "0264_840793",
    "object_label": "shower head",
    "preset": "occupancy_30",
    "distance": 2.278918789873491,
    "init_camera": {
      "intrinsics": [
        [
          320.0,
          0.0,
          320.0
        ],
        [
          0.0,
          320.0,
          240.0
        ],
        [
          0.0,
          0.0,
          1.0
        ]
      ],
      "extrinsics": [
        [
          0.17364817766693022,
          -0.06495404819453206,
          0.9826633614906464,
          4.136528797590234
        ],
        [
          -0.984807753012208,
          -0.01145315120293395,
          0.1732700635844764,
          2.446744057866456
        ],
        [
          0.0,
          -0.9978225277827041,
          -0.06595606908643707,
          1.6
        ],
        [
          0.0,
          0.0,
          0.0,
          1.0
        ]
      ]
    },
    "target_region": {
      "type": "circle",
      "params": {
        "center": [
          4.924375,
          2.5856626
        ],
        "radius": 2.278918789873491,
        "object_center": [
          4.924375,
          2.5856626,
          1.5471199999999996
        ],
        "object_height": 1.094239990234375,
        "occupancy_ratio": 0.3,
        "fov_vertical": 90.0,
        "sample_distance": 2.278918789873491,
        "min_distance": 1.094239990234375
      },
      "sample_point": [
        2.980316384083925,
        1.39650031136109,
        1.5
      ],
      "sample_forward": [
        0.8528795318185268,
        0.5216983519361047,
        0.020672053409434617
      ],
      "height": 1.5
    },
    "sample_target": [
      2.980316384083925,
      1.39650031136109,
      1.5
    ],
    "camera_params": {
      "forward": [
        0.8528795318185268,
        0.5216983519361047,
        0.020672053409434617
      ]
    },
    "task_type": "screen_occupancy",
    "task_description": "Position where shower head occupies 30% of vertical FOV",
    "target_object": {
      "label": "shower head",
      "id": "108",
      "bbox_min": [
        4.774643493652344,
        2.3235105919433594,
        1.0000000048828124
      ],
      "bbox_max": [
        5.074106506347657,
        2.8478146080566407,
        2.0942399951171873
      ],
      "center": [
        4.924375,
        2.5856626,
        1.5471199999999998
      ]
    }
  },
  {
    "scene_id": "0264_840793",
    "object_label": "shower head",
    "preset": "front",
    "distance": 1.5,
    "init_camera": {
      "intrinsics": [
        [
          320.0,
          0.0,
          320.0
        ],
        [
          0.0,
          320.0,
          240.0
        ],
        [
          0.0,
          0.0,
          1.0
        ]
      ],
      "extrinsics": [
        [
          0.8660254037844384,
          -0.032978034543218564,
          0.49891126389135243,
          4.524375
        ],
        [
          -0.5000000000000004,
          -0.057119631362615976,
          0.8641396575282252,
          1.8928422769724493
        ],
        [
          0.0,
          -0.9978225277827041,
          -0.06595606908643706,
          1.6
        ],
        [
          0.0,
          0.0,
          0.0,
          1.0
        ]
      ]
    },
    "target_region": {
      "type": "circle",
      "params": {
        "center": [
          4.924375,
          2.5856626
        ],
        "radius": 1.5,
        "object_center": [
          4.924375,
          2.5856626,
          1.5471199999999996
        ],
        "sample_distance": 1.5,
        "min_distance": 1.094239990234375,
        "requested_distance": 1.5
      },
      "sample_point": [
        6.306939006478247,
        2.003840661610928,
        1.5
      ],
      "sample_forward": [
        -0.9212549037100521,
        0.38769005363619224,
        0.03139784549533642
      ],
      "height": 1.5
    },
    "sample_target": [
      6.306939006478247,
      2.003840661610928,
      1.5
    ],
    "camera_params": {
      "forward": [
        -0.9212549037100521,
        0.38769005363619224,
        0.03139784549533642
      ]
    },
    "task_type": "absolute_positioning",
    "task_description": "Move to any position 1.5m from shower head",
    "target_object": {
      "label": "shower head",
      "id": "108",
      "bbox_min": [
        4.774643493652344,
        2.3235105919433594,
        1.0000000048828124
      ],
      "bbox_max": [
        5.074106506347657,
        2.8478146080566407,
        2.0942399951171873
      ],
      "center": [
        4.924375,
        2.5856626,
        1.5471199999999998
      ]
    }
  },
  {
    "scene_id": "0264_840793",
    "object_label": "shower head",
    "preset": "occupancy_20",
    "distance": 3.454379697880145,
    "init_camera": {
      "intrinsics": [
        [
          320.0,
          0.0,
          320.0
        ],
        [
          0.0,
          320.0,
          240.0
        ],
        [
          0.0,
          0.0,
          1.0
        ]
      ],
      "extrinsics": [
        [
          0.8660254037844384,
          -0.032978034543218564,
          0.49891126389135243,
          4.524375
        ],
        [
          -0.5000000000000004,
          -0.057119631362615976,
          0.8641396575282252,
          1.8928422769724493
        ],
        [
          0.0,
          -0.9978225277827041,
          -0.06595606908643706,
          1.6
        ],
        [
          0.0,
          0.0,
          0.0,
          1.0
        ]
      ]
    },
    "target_region": {
      "type": "circle",
      "params": {
        "center": [
          4.924375,
          2.5856626
        ],
        "radius": 3.454379697880145,
        "object_center": [
          4.924375,
          2.5856626,
          1.5471199999999996
        ],
        "object_height": 1.094239990234375,
        "occupancy_ratio": 0.2,
        "fov_vertical": 90.0,
        "sample_distance": 3.454379697880145,
        "min_distance": 1.094239990234375
      },
      "sample_point": [
        7.3267823110406685,
        0.10349052518631563,
        1.5
      ],
      "sample_forward": [
        -0.6954023724701144,
        0.7184911325285601,
        0.013639385644642184
      ],
      "height": 1.5
    },
    "sample_target": [
      7.3267823110406685,
      0.10349052518631563,
      1.5
    ],
    "camera_params": {
      "forward": [
        -0.6954023724701144,
        0.7184911325285601,
        0.013639385644642184
      ]
    },
    "task_type": "screen_occupancy",
    "task_description": "Position where shower head occupies 20% of vertical FOV",
    "target_object": {
      "label": "shower head",
      "id": "108",
      "bbox_min": [
        4.774643493652344,
        2.3235105919433594,
        1.0000000048828124
      ],
      "bbox_max": [
        5.074106506347657,
        2.8478146080566407,
        2.0942399951171873
      ],
      "center": [
        4.924375,
        2.5856626,
        1.5471199999999998
      ]
    }
  },
  {
    "scene_id": "0264_840793",
    "object_label": "shower head",
    "preset": "occupancy_30",
    "distance": 2.278918789873491,
    "init_camera": {
      "intrinsics": [
        [
          320.0,
          0.0,
          320.0
        ],
        [
          0.0,
          320.0,
          240.0
        ],
        [
          0.0,
          0.0,
          1.0
        ]
      ],
      "extrinsics": [
        [
          0.8660254037844384,
          -0.032978034543218564,
          0.49891126389135243,
          4.524375
        ],
        [
          -0.5000000000000004,
          -0.057119631362615976,
          0.8641396575282252,
          1.8928422769724493
        ],
        [
          0.0,
          -0.9978225277827041,
          -0.06595606908643706,
          1.6
        ],
        [
          0.0,
          0.0,
          0.0,
          1.0
        ]
      ]
    },
    "target_region": {
      "type": "circle",
      "params": {
        "center": [
          4.924375,
          2.5856626
        ],
        "radius": 2.278918789873491,
        "object_center": [
          4.924375,
          2.5856626,
          1.5471199999999996
        ],
        "object_height": 1.094239990234375,
        "occupancy_ratio": 0.3,
        "fov_vertical": 90.0,
        "sample_distance": 2.278918789873491,
        "min_distance": 1.094239990234375
      },
      "sample_point": [
        3.508284810674256,
        0.8001208260462696,
        1.5
      ],
      "sample_forward": [
        0.6212540752614264,
        0.783336479540502,
        0.020672053409434617
      ],
      "height": 1.5
    },
    "sample_target": [
      3.508284810674256,
      0.8001208260462696,
      1.5
    ],
    "camera_params": {
      "forward": [
        0.6212540752614264,
        0.783336479540502,
        0.020672053409434617
      ]
    },
    "task_type": "screen_occupancy",
    "task_description": "Position where shower head occupies 30% of vertical FOV",
    "target_object": {
      "label": "shower head",
      "id": "108",
      "bbox_min": [
        4.774643493652344,
        2.3235105919433594,
        1.0000000048828124
      ],
      "bbox_max": [
        5.074106506347657,
        2.8478146080566407,
        2.0942399951171873
      ],
      "center": [
        4.924375,
        2.5856626,
        1.5471199999999998
      ]
    }
  },
  {
    "scene_id": "0264_840793",
    "object_label": "basin cabinet",
    "preset": "occupancy_20",
    "distance": 1.578437878668761,
    "init_camera": {
      "intrinsics": [
        [
          320.0,
          0.0,
          320.0
        ],
        [
          0.0,
          320.0,
          240.0
        ],
        [
          0.0,
          0.0,
          1.0
        ]
      ],
      "extrinsics": [
        [
          0.6427876096865394,
          0.307045040498225,
          -0.7018172354245146,
          4.484158554495183
        ],
        [
          0.766044443118978,
          -0.25764138023687366,
          0.5888945833985685,
          0.1415773122507683
        ],
        [
          -0.0,
          -0.9161573349021893,
          -0.4008188340197076,
          1.0098527000000002
        ],
        [
          0.0,
          0.0,
          0.0,
          1.0
        ]
      ]
    },
    "target_region": {
      "type": "circle",
      "params": {
        "center": [
          3.8713230000000003,
          0.6558074
        ],
        "radius": 1.578437878668761,
        "object_center": [
          3.8713230000000003,
          0.6558074,
          0.6598527000000002
        ],
        "object_height": 0.5,
        "occupancy_ratio": 0.2,
        "fov_vertical": 90.0,
        "sample_distance": 1.578437878668761,
        "min_distance": 1.200000000000001
      },
      "sample_point": [
        3.0811737183294605,
        -0.7106223455383018,
        1.5
      ],
      "sample_forward": [
        0.4418923982709147,
        0.7641782778667415,
        -0.469853879399756
      ],
      "height": 1.5
    },
    "sample_target": [
      3.0811737183294605,
      -0.7106223455383018,
      1.5
    ],
    "camera_params": {
      "forward": [
        0.4418923982709147,
        0.7641782778667415,
        -0.469853879399756
      ]
    },
    "task_type": "screen_occupancy",
    "task_description": "Position where basin cabinet occupies 20% of vertical FOV",
    "target_object": {
      "label": "basin cabinet",
      "id": "114",
      "bbox_min": [
        3.2713229999999998,
        0.40580740000000004,
        0.4098527000000001
      ],
      "bbox_max": [
        4.471323000000001,
        0.9058074,
        0.9098527000000002
      ],
      "center": [
        3.8713230000000003,
        0.6558074,
        0.6598527000000002
      ]
    }
  },
  {
    "scene_id": "0264_840793",
    "object_label": "basin cabinet",
    "preset": "occupancy_30",
    "distance": 1.200000000000001,
    "init_camera": {
      "intrinsics": [
        [
          320.0,
          0.0,
          320.0
        ],
        [
          0.0,
          320.0,
          240.0
        ],
        [
          0.0,
          0.0,
          1.0
        ]
      ],
      "extrinsics": [
        [
          0.6427876096865394,
          0.307045040498225,
          -0.7018172354245146,
          4.484158554495183
        ],
        [
          0.766044443118978,
          -0.25764138023687366,
          0.5888945833985685,
          0.1415773122507683
        ],
        [
          -0.0,
          -0.9161573349021893,
          -0.4008188340197076,
          1.0098527000000002
        ],
        [
          0.0,
          0.0,
          0.0,
          1.0
        ]
      ]
    },
    "target_region": {
      "type": "circle",
      "params": {
        "center": [
          3.8713230000000003,
          0.6558074
        ],
        "radius": 1.200000000000001,
        "object_center": [
          3.8713230000000003,
          0.6558074,
          0.6598527000000002
        ],
        "object_height": 0.5,
        "occupancy_ratio": 0.3,
        "fov_vertical": 90.0,
        "sample_distance": 1.200000000000001,
        "min_distance": 1.200000000000001
      },
      "sample_point": [
        3.374665947788119,
        1.7482046594657161,
        1.5
      ],
      "sample_forward": [
        0.3390448724850329,
        -0.7457292469503625,
        -0.5735298289404422
      ],
      "height": 1.5
    },
    "sample_target": [
      3.374665947788119,
      1.7482046594657161,
      1.5
    ],
    "camera_params": {
      "forward": [
        0.3390448724850329,
        -0.7457292469503625,
        -0.5735298289404422
      ]
    },
    "task_type": "screen_occupancy",
    "task_description": "Position where basin cabinet occupies 30% of vertical FOV",
    "target_object": {
      "label": "basin cabinet",
      "id": "114",
      "bbox_min": [
        3.2713229999999998,
        0.40580740000000004,
        0.4098527000000001
      ],
      "bbox_max": [
        4.471323000000001,
        0.9058074,
        0.9098527000000002
      ],
      "center": [
        3.8713230000000003,
        0.6558074,
        0.6598527000000002
      ]
    }
  },
  {
    "scene_id": "0264_840793",
    "object_label": "basin cabinet",
    "preset": "occupancy_20",
    "distance": 1.578437878668761,
    "init_camera": {
      "intrinsics": [
        [
          320.0,
          0.0,
          320.0
        ],
        [
          0.0,
          320.0,
          240.0
        ],
        [
          0.0,
          0.0,
          1.0
        ]
      ],
      "extrinsics": [
        [
          0.34202014332566955,
          0.3104278563904919,
          -0.8869367325442624,
          4.811015620785908
        ],
        [
          0.9396926207859082,
          -0.11298649961320266,
          0.3228185703234361,
          0.3137872566743306
        ],
        [
          -0.0,
          -0.9438583563660174,
          -0.33035042472810605,
          1.0098527000000002
        ],
        [
          0.0,
          0.0,
          0.0,
          1.0
        ]
      ]
    },
    "target_region": {
      "type": "circle",
      "params": {
        "center": [
          3.8713230000000003,
          0.6558074
        ],
        "radius": 1.578437878668761,
        "object_center": [
          3.8713230000000003,
          0.6558074,
          0.6598527000000002
        ],
        "object_height": 0.5,
        "occupancy_ratio": 0.2,
        "fov_vertical": 90.0,
        "sample_distance": 1.578437878668761,
        "min_distance": 1.200000000000001
      },
      "sample_point": [
        3.359384799806625,
        -0.8373052601831175,
        1.5
      ],
      "sample_forward": [
        0.28630235361559386,
        0.835025924344371,
        -0.46985387939975604
      ],
      "height": 1.5
    },
    "sample_target": [
      3.359384799806625,
      -0.8373052601831175,
      1.5
    ],
    "camera_params": {
      "forward": [
        0.28630235361559386,
        0.835025924344371,
        -0.46985387939975604
      ]
    },
    "task_type": "screen_occupancy",
    "task_description": "Position where basin cabinet occupies 20% of vertical FOV",
    "target_object": {
      "label": "basin cabinet",
      "id": "114",
      "bbox_min": [
        3.2713229999999998,
        0.40580740000000004,
        0.4098527000000001
      ],
      "bbox_max": [
        4.471323000000001,
        0.9058074,
        0.9098527000000002
      ],
      "center": [
        3.8713230000000003,
