[
  {
    "scene_id": "0337_840415",
    "object_label": "wardrobe",
    "preset": "occupancy_30",
    "distance": 5.310757208503922,
    "init_camera": {
      "intrinsics": [
        [
          320.0,
          0.0,
          320.0
        ],
        [
          0.0,
          320.0,
          240.0
        ],
        [
          0.0,
          0.0,
          1.0
        ]
      ],
      "extrinsics": [
        [
          -0.17364817766693086,
          -0.1744780914952284,
          0.9692284075392841,
          0.3397052050421234
        ],
        [
          -0.984807753012208,
          0.030765195073129012,
          -0.1709011187182761,
          -4.723300327261132
        ],
        [
          0.0,
          -0.9841803180110315,
          -0.17716969729529078,
          1.6
        ],
        [
          0.0,
          0.0,
          0.0,
          1.0
        ]
      ]
    },
    "target_region": {
      "type": "circle",
      "params": {
        "center": [
          2.1176572886044407,
          -5.036801250000002
        ],
        "radius": 5.310757208503922,
        "object_center": [
          2.1176572886044407,
          -5.036801250000002,
          1.2750000000000001
        ],
        "object_height": 2.5500000007868056,
        "occupancy_ratio": 0.3,
        "fov_vertical": 90.0,
        "sample_distance": 5.310757208503922,
        "min_distance": 2.5500000007868056
      },
      "sample_point": [
        7.275264633439686,
        -3.7706146112385976,
        1.5
      ],
      "sample_forward": [
        -0.9702919081440704,
        -0.2382055413777481,
        -0.042328867774518344
      ],
      "height": 1.5
    },
    "sample_target": [
      7.275264633439686,
      -3.7706146112385976,
      1.5
    ],
    "camera_params": {
      "forward": [
        -0.9702919081440704,
        -0.2382055413777481,
        -0.042328867774518344
      ]
    },
    "task_type": "screen_occupancy",
    "task_description": "Position where wardrobe occupies 30% of vertical FOV",
    "target_object": {
      "label": "wardrobe",
      "id": "82",
      "bbox_min": [
        1.8176570374664853,
        -5.964001568452037,
        -3.9340284274658187e-10
      ],
      "bbox_max": [
        2.417657539742396,
        -4.1096009315479645,
        2.550000000393403
      ],
      "center": [
        2.1176572886044407,
        -5.036801250000001,
        1.2750000000000001
      ]
    }
  },
  {
    "scene_id": "0337_840415",
    "object_label": "wardrobe",
    "preset": "occupancy_50",
    "distance": 3.0781222929754546,
    "init_camera": {
      "intrinsics": [
        [
          320.0,
          0.0,
          320.0
        ],
        [
          0.0,
          320.0,
          240.0
        ],
        [
          0.0,
          0.0,
          1.0
        ]
      ],
      "extrinsics": [
        [
          -0.17364817766693086,
          -0.1744780914952284,
          0.9692284075392841,
          0.3397052050421234
        ],
        [
          -0.984807753012208,
          0.030765195073129012,
          -0.1709011187182761,
          -4.723300327261132
        ],
        [
          0.0,
          -0.9841803180110315,
          -0.17716969729529078,
          1.6
        ],
        [
          0.0,
          0.0,
          0.0,
          1.0
        ]
      ]
    },
    "target_region": {
      "type": "circle",
      "params": {
        "center": [
          2.1176572886044407,
          -5.036801250000002
        ],
        "radius": 3.0781222929754546,
        "object_center": [
          2.1176572886044407,
          -5.036801250000002,
          1.2750000000000001
        ],
        "object_height": 2.5500000007868056,
        "occupancy_ratio": 0.5,
        "fov_vertical": 90.0,
        "sample_distance": 3.0781222929754546,
        "min_distance": 2.5500000007868056
      },
      "sample_point": [
        0.6557962544656784,
        -7.74563848530581,
        1.5
      ],
      "sample_forward": [
        0.47365602843852694,
        0.8776874522257488,
        -0.07290200908970425
      ],
      "height": 1.5
    },
    "sample_target": [
      0.6557962544656784,
      -7.74563848530581,
      1.5
    ],
    "camera_params": {
      "forward": [
        0.47365602843852694,
        0.8776874522257488,
        -0.07290200908970425
      ]
    },
    "task_type": "screen_occupancy",
    "task_description": "Position where wardrobe occupies 50% of vertical FOV",
    "target_object": {
      "label": "wardrobe",
      "id": "82",
      "bbox_min": [
        1.8176570374664853,
        -5.964001568452037,
        -3.9340284274658187e-10
      ],
      "bbox_max": [
        2.417657539742396,
        -4.1096009315479645,
        2.550000000393403
      ],
      "center": [
        2.1176572886044407,
        -5.036801250000001,
        1.2750000000000001
      ]
    }
  },
  {
    "scene_id": "0337_840415",
    "object_label": "wardrobe",
    "preset": "occupancy_20",
    "distance": 8.050033183694529,
    "init_camera": {
      "intrinsics": [
        [
          320.0,
          0.0,
          320.0
        ],
        [
          0.0,
          320.0,
          240.0
        ],
        [
          0.0,
          0.0,
          1.0
        ]
      ],
      "extrinsics": [
        [
          -0.49999999999999983,
          -0.1234462244008226,
          0.8571820283237289,
          0.16327626047123633
        ],
        [
          -0.8660254037844387,
          0.07127171088825784,
          -0.4948942747972141,
          -3.908438837308198
        ],
        [
          0.0,
          -0.9897885495944285,
          -0.14254342177651574,
          1.6
        ],
        [
          0.0,
          0.0,
          0.0,
          1.0
        ]
      ]
    },
    "target_region": {
      "type": "circle",
      "params": {
        "center": [
          2.1176572886044407,
          -5.036801250000002
        ],
        "radius": 8.050033183694529,
        "object_center": [
          2.1176572886044407,
          -5.036801250000002,
          1.2750000000000001
        ],
        "object_height": 2.5500000007868056,
        "occupancy_ratio": 0.2,
        "fov_vertical": 90.0,
        "sample_distance": 8.050033183694529,
        "min_distance": 2.5500000007868056
      },
      "sample_point": [
        9.7783700138423,
        -2.563642379251541,
        1.5
      ],
      "sample_forward": [
        -0.9512659111827261,
        -0.30710350473416675,
        -0.027939284201453675
      ],
      "height": 1.5
    },
    "sample_target": [
      9.7783700138423,
      -2.563642379251541,
      1.5
    ],
    "camera_params": {
      "forward": [
        -0.9512659111827261,
        -0.30710350473416675,
        -0.027939284201453675
      ]
    },
    "task_type": "screen_occupancy",
    "task_description": "Position where wardrobe occupies 20% of vertical FOV",
    "target_object": {
      "label": "wardrobe",
      "id": "82",
      "bbox_min": [
        1.8176570374664853,
        -5.964001568452037,
        -3.9340284274658187e-10
      ],
      "bbox_max": [
        2.417657539742396,
        -4.1096009315479645,
        2.550000000393403
      ],
      "center": [
        2.1176572886044407,
        -5.036801250000001,
        1.2750000000000001
      ]
    }
  },
  {
    "scene_id": "0337_840415",
    "object_label": "wardrobe",
    "preset": "occupancy_30",
    "distance": 5.310757208503922,
    "init_camera": {
      "intrinsics": [
        [
          320.0,
          0.0,
          320.0
        ],
        [
          0.0,
          320.0,
          240.0
        ],
        [
          0.0,
          0.0,
          1.0
        ]
      ],
      "extrinsics": [
        [
          -0.49999999999999983,
          -0.1234462244008226,
          0.8571820283237289,
          0.16327626047123633
        ],
        [
          -0.8660254037844387,
          0.07127171088825784,
          -0.4948942747972141,
          -3.908438837308198
        ],
        [
          0.0,
          -0.9897885495944285,
          -0.14254342177651574,
          1.6
        ],
        [
          0.0,
          0.0,
          0.0,
          1.0
        ]
      ]
    },
    "target_region": {
      "type": "circle",
      "params": {
        "center": [
          2.1176572886044407,
          -5.036801250000002
        ],
        "radius": 5.310757208503922,
        "object_center": [
          2.1176572886044407,
          -5.036801250000002,
          1.2750000000000001
        ],
        "object_height": 2.5500000007868056,
        "occupancy_ratio": 0.3,
        "fov_vertical": 90.0,
        "sample_distance": 5.310757208503922,
        "min_distance": 2.5500000007868056
      },
      "sample_point": [
        1.674066372214923,
        -10.329000152778796,
        1.5
      ],
      "sample_forward": [
        0.08345200553701924,
        0.9956123892985546,
        -0.042328867774518344
      ],
      "height": 1.5
    },
    "sample_target": [
      1.674066372214923,
      -10.329000152778796,
      1.5
    ],
    "camera_params": {
      "forward": [
        0.08345200553701924,
        0.9956123892985546,
        -0.042328867774518344
      ]
    },
    "task_type": "screen_occupancy",
    "task_description": "Position where wardrobe occupies 30% of vertical FOV",
    "target_object": {
      "label": "wardrobe",
      "id": "82",
      "bbox_min": [
        1.8176570374664853,
        -5.964001568452037,
        -3.9340284274658187e-10
      ],
      "bbox_max": [
        2.417657539742396,
        -4.1096009315479645,
        2.550000000393403
      ],
      "center": [
        2.1176572886044407,
        -5.036801250000001,
        1.2750000000000001
      ]
    }
  },
  {
    "scene_id": "0337_840415",
    "object_label": "wardrobe",
    "preset": "occupancy_50",
    "distance": 3.0781222929754546,
    "init_camera": {
      "intrinsics": [
        [
          320.0,
          0.0,
          320.0
        ],
        [
          0.0,
          320.0,
          240.0
        ],
        [
          0.0,
          0.0,
          1.0
        ]
      ],
      "extrinsics": [
        [
          -0.49999999999999983,
          -0.1234462244008226,
          0.8571820283237289,
          0.16327626047123633
        ],
        [
          -0.8660254037844387,
          0.07127171088825784,
          -0.4948942747972141,
          -3.908438837308198
        ],
        [
          0.0,
          -0.9897885495944285,
          -0.14254342177651574,
          1.6
        ],
        [
          0.0,
          0.0,
          0.0,
          1.0
        ]
      ]
    },
    "target_region": {
      "type": "circle",
      "params": {
        "center": [
          2.1176572886044407,
          -5.036801250000002
        ],
        "radius": 3.0781222929754546,
        "object_center": [
          2.1176572886044407,
          -5.036801250000002,
          1.2750000000000001
        ],
        "object_height": 2.5500000007868056,
        "occupancy_ratio": 0.5,
        "fov_vertical": 90.0,
        "sample_distance": 3.0781222929754546,
        "min_distance": 2.5500000007868056
      },
      "sample_point": [
        1.1145639775309841,
        -2.1267083546112375,
        1.5
      ],
      "sample_forward": [
        0.3250111896964386,
        -0.9428960831622911,
        -0.07290200908970422
      ],
      "height": 1.5
    },
    "sample_target": [
      1.1145639775309841,
      -2.1267083546112375,
      1.5
    ],
    "camera_params": {
      "forward": [
        0.3250111896964386,
        -0.9428960831622911,
        -0.07290200908970422
      ]
    },
    "task_type": "screen_occupancy",
    "task_description": "Position where wardrobe occupies 50% of vertical FOV",
    "target_object": {
      "label": "wardrobe",
      "id": "82",
      "bbox_min": [
        1.8176570374664853,
        -5.964001568452037,
        -3.9340284274658187e-10
      ],
      "bbox_max": [
        2.417657539742396,
        -4.1096009315479645,
        2.550000000393403
      ],
      "center": [
        2.1176572886044407,
        -5.036801250000001,
        1.2750000000000001
      ]
    }
  },
  {
    "scene_id": "0337_840415",
    "object_label": "wardrobe",
    "preset": "occupancy_20",
    "distance": 8.050033183694529,
    "init_camera": {
      "intrinsics": [
        [
          320.0,
          0.0,
          320.0
        ],
        [
          0.0,
          320.0,
          240.0
        ],
        [
          0.0,
          0.0,
          1.0
        ]
      ],
      "extrinsics": [
        [
          -0.7660444431189779,
          -0.11388248623332774,
          0.6326189141148492,
          0.9571814836215597
        ],
        [
          -0.6427876096865395,
          0.13571986210212894,
          -0.7539258636394192,
          -3.653800040292995
        ],
        [
          0.0,
          -0.9841803180110315,
          -0.1771696972952908,
          1.6
        ],
        [
          0.0,
          0.0,
          0.0,
          1.0
        ]
      ]
    },
    "target_region": {
      "type": "circle",
      "params": {
        "center": [
          2.1176572886044407,
          -5.036801250000002
        ],
        "radius": 8.050033183694529,
        "object_center": [
          2.1176572886044407,
          -5.036801250000002,
          1.2750000000000001
        ],
        "object_height": 2.5500000007868056,
        "occupancy_ratio": 0.2,
        "fov_vertical": 90.0,
        "sample_distance": 8.050033183694529,
        "min_distance": 2.5500000007868056
      },
      "sample_point": [
        9.762062830126347,
        -2.513688455190337,
        1.5
      ],
      "sample_forward": [
        -0.9492409732255469,
        -0.313306513095606,
        -0.02793928420145368
      ],
      "height": 1.5
    },
    "sample_target": [
      9.762062830126347,
      -2.513688455190337,
      1.5
    ],
    "camera_params": {
      "forward": [
        -0.9492409732255469,
        -0.313306513095606,
        -0.02793928420145368
      ]
    },
    "task_type": "screen_occupancy",
    "task_description": "Position where wardrobe occupies 20% of vertical FOV",
    "target_object": {
      "label": "wardrobe",
      "id": "82",
      "bbox_min": [
        1.8176570374664853,
        -5.964001568452037,
        -3.9340284274658187e-10
      ],
      "bbox_max": [
        2.417657539742396,
        -4.1096009315479645,
        2.550000000393403
      ],
      "center": [
        2.1176572886044407,
        -5.036801250000001,
        1.2750000000000001
      ]
    }
  },
  {
    "scene_id": "0337_840415",
    "object_label": "wardrobe",
    "preset": "occupancy_30",
    "distance": 5.310757208503922,
    "init_camera": {
      "intrinsics": [
        [
          320.0,
          0.0,
          320.0
        ],
        [
          0.0,
          320.0,
          240.0
        ],
        [
          0.0,
          0.0,
          1.0
        ]
      ],
      "extrinsics": [
        [
          -0.7660444431189779,
          -0.11388248623332774,
          0.6326189141148492,
          0.9571814836215597
        ],
        [
          -0.6427876096865395,
          0.13571986210212894,
          -0.7539258636394192,
          -3.653800040292995
        ],
        [
          0.0,
          -0.9841803180110315,
          -0.1771696972952908,
          1.6
        ],
        [
          0.0,
          0.0,
          0.0,
          1.0
        ]
      ]
    },
    "target_region": {
      "type": "circle",
      "params": {
        "center": [
          2.1176572886044407,
          -5.036801250000002
        ],
        "radius": 5.310757208503922,
        "object_center": [
          2.1176572886044407,
          -5.036801250000002,
          1.2750000000000001
        ],
        "object_height": 2.5500000007868056,
        "occupancy_ratio": 0.3,
        "fov_vertical": 90.0,
        "sample_distance": 5.310757208503922,
        "min_distance": 2.5500000007868056
      },
      "sample_point": [
        -2.488293914602733,
        -2.393062298940203,
        1.5
      ],
      "sample_forward": [
        0.8665097753619566,
        -0.4973621177322405,
        -0.042328867774518344
      ],
      "height": 1.5
    },
    "sample_target": [
      -2.488293914602733,
      -2.393062298940203,
      1.5
    ],
    "camera_params": {
      "forward": [
        0.8665097753619566,
        -0.4973621177322405,
        -0.042328867774518344
      ]
    },
    "task_type": "screen_occupancy",
    "task_description": "Position where wardrobe occupies 30% of vertical FOV",
    "target_object": {
      "label": "wardrobe",
      "id": "82",
      "bbox_min": [
        1.8176570374664853,
        -5.964001568452037,
        -3.9340284274658187e-10
      ],
      "bbox_max": [
        2.417657539742396,
        -4.1096009315479645,
        2.550000000393403
      ],
      "center": [
        2.1176572886044407,
        -5.036801250000001,
        1.2750000000000001
      ]
    }
  },
  {
    "scene_id": "0337_840415",
    "object_label": "wardrobe",
    "preset": "occupancy_20",
    "distance": 8.050033183694529,
    "init_camera": {
      "intrinsics": [
        [
          320.0,
          0.0,
          320.0
        ],
        [
          0.0,
          320.0,
          240.0
        ],
        [
          0.0,
          0.0,
          1.0
        ]
      ],
      "extrinsics": [
        [
          -0.9396926207859084,
          -0.06059560526190069,
          0.3366094934244352,
          1.5001810100250041
        ],
        [
          -0.3420201433256687,
          0.16648505717525786,
          -0.9248269823576949,
          -3.340299117554127
        ],
        [
          0.0,
          -0.9841803180110315,
          -0.17716969729529078,
          1.6
        ],
        [
          0.0,
          0.0,
          0.0,
          1.0
        ]
      ]
    },
    "target_region": {
      "type": "circle",
      "params": {
        "center": [
          2.1176572886044407,
          -5.036801250000002
        ],
        "radius": 8.050033183694529,
        "object_center": [
          2.1176572886044407,
          -5.036801250000002,
          1.2750000000000001
        ],
        "object_height": 2.5500000007868056,
        "occupancy_ratio": 0.2,
        "fov_vertical": 90.0,
        "sample_distance": 8.050033183694529,
        "min_distance": 2.5500000007868056
      },
      "sample_point": [
        7.208106412092462,
        -11.27301500353372,
        1.5
      ],
      "sample_forward": [
        -0.6321044656629896,
        0.7743793262266349,
        -0.027939284201453675
      ],
      "height": 1.5
    },
    "sample_target": [
      7.208106412092462,
      -11.27301500353372,
      1.5
    ],
    "camera_params": {
      "forward": [
        -0.6321044656629896,
        0.7743793262266349,
        -0.027939284201453675
      ]
    },
    "task_type": "screen_occupancy",
    "task_description": "Position where wardrobe occupies 20% of vertical FOV",
    "target_object": {
      "label": "wardrobe",
      "id": "82",
      "bbox_min": [
        1.8176570374664853,
        -5.964001568452037,
        -3.9340284274658187e-10
      ],
      "bbox_max": [
        2.417657539742396,
        -4.1096009315479645,
        2.550000000393403
      ],
      "center": [
        2.1176572886044407,
        -5.036801250000001,
        1.2750000000000001
      ]
    }
  },
  {
    "scene_id": "0337_840415",
    "object_label": "wardrobe",
    "preset": "occupancy_30",
    "distance": 5.310757208503922,
    "init_camera": {
      "intrinsics": [
        [
          320.0,
          0.0,
          320.0
        ],
        [
          0.0,
          320.0,
          240.0
        ],
        [
          0.0,
          0.0,
          1.0
        ]
      ],
      "extrinsics": [
        [
          -0.9396926207859084,
          -0.06059560526190069,
          0.3366094934244352,
          1.5001810100250041
        ],
        [
          -0.3420201433256687,
          0.16648505717525786,
          -0.9248269823576949,
          -3.340299117554127
        ],
        [
          0.0,
          -0.9841803180110315,
          -0.17716969729529078,
          1.6
        ],
        [
          0.0,
          0.0,
          0.0,
          1.0
        ]
      ]
    },
    "target_region": {
      "type": "circle",
      "params": {
        "center": [
          2.1176572886044407,
          -5.036801250000002
        ],
        "radius": 5.310757208503922,
        "object_center": [
          2.1176572886044407,
          -5.036801250000002,
          1.2750000000000001
        ],
        "object_height": 2.5500000007868056,
        "occupancy_ratio": 0.3,
        "fov_vertical": 90.0,
        "sample_distance": 5.310757208503922,
        "min_distance": 2.5500000007868056
      },
      "sample_point": [
        7.39829113253251,
        -5.601644886803893,
        1.5
      ],
      "sample_forward": [
        -0.9934366744234572,
        0.10626307384688882,
        -0.042328867774518344
      ],
      "height": 1.5
    },
    "sample_target": [
      7.39829113253251,
      -5.601644886803893,
      1.5
    ],
    "camera_params": {
      "forward": [
        -0.9934366744234572,
        0.10626307384688882,
        -0.042328867774518344
      ]
    },
    "task_type": "screen_occupancy",
    "task_description": "Position where wardrobe occupies 30% of vertical FOV",
    "target_object": {
      "label": "wardrobe",
      "id": "82",
      "bbox_min": [
        1.8176570374664853,
        -5.964001568452037,
        -3.9340284274658187e-10
      ],
      "bbox_max": [
        2.417657539742396,
        -4.1096009315479645,
        2.550000000393403
      ],
      "center": [
        2.1176572886044407,
        -5.036801250000001,
        1.2750000000000001
      ]
    }
  },
  {
    "scene_id": "0337_840415",
    "object_label": "wardrobe",
    "preset": "occupancy_50",
    "distance": 3.0781222929754546,
    "init_camera": {
      "intrinsics": [
        [
          320.0,
          0.0,
          320.0
        ],
        [
          0.0,
          320.0,
          240.0
        ],
        [
          0.0,
          0.0,
          1.0
        ]
      ],
      "extrinsics": [
        [
          -0.9396926207859084,
          -0.06059560526190069,
          0.3366094934244352,
          1.5001810100250041
        ],
        [
          -0.3420201433256687,
          0.16648505717525786,
          -0.9248269823576949,
          -3.340299117554127
        ],
        [
          0.0,
          -0.9841803180110315,
          -0.17716969729529078,
          1.6
        ],
        [
          0.0,
          0.0,
          0.0,
          1.0
        ]
      ]
    },
    "target_region": {
      "type": "circle",
      "params": {
        "center": [
          2.1176572886044407,
          -5.036801250000002
        ],
        "radius": 3.0781222929754546,
        "object_center": [
          2.1176572886044407,
          -5.036801250000002,
          1.2750000000000001
        ],
        "object_height": 2.5500000007868056,
        "occupancy_ratio": 0.5,
        "fov_vertical": 90.0,
        "sample_distance": 3.0781222929754546,
        "min_distance": 2.5500000007868056
      },
      "sample_point": [
        2.2799724871730147,
        -1.962961529580911,
        1.5
      ],
      "sample_forward": [
        -0.052591573695303734,
        -0.9959515166146072,
        -0.07290200908970425
      ],
      "height": 1.5
    },
    "sample_target": [
      2.2799724871730147,
      -1.962961529580911,
      1.5
    ],
    "camera_params": {
      "forward": [
        -0.052591573695303734,
        -0.9959515166146072,
        -0.07290200908970425
      ]
    },
    "task_type": "screen_occupancy",
    "task_description": "Position where wardrobe occupies 50% of vertical FOV",
    "target_object": {
      "label": "wardrobe",
      "id": "82",
      "bbox_min": [
        1.8176570374664853,
        -5.964001568452037,
        -3.9340284274658187e-10
      ],
      "bbox_max": [
        2.417657539742396,
        -4.1096009315479645,
        2.550000000393403
      ],
      "center": [
        2.1176572886044407,
        -5.036801250000001,
        1.2750000000000001
      ]
    }
  },
  {
    "scene_id": "0337_840415",
    "object_label": "wardrobe",
    "preset": "occupancy_20",
    "distance": 8.050033183694529,
    "init_camera": {
      "intrinsics": [
        [
          320.0,
          0.0,
          320.0
        ],
        [
          0.0,
          320.0,
          240.0
        ],
        [
          0.0,
          0.0,
          1.0
        ]
      ],
      "extrinsics": [
        [
          0.34202014332566877,
          -0.16648505717525786,
          0.9248269823576949,
          0.4211551561585667
        ],
        [
          -0.9396926207859083,
          -0.0605956052619007,
          0.3366094934244353,
          -5.6542775285794376
        ],
        [
          0.0,
          -0.9841803180110315,
          -0.17716969729529078,
          1.6
        ],
        [
          0.0,
          0.0,
          0.0,
          1.0
        ]
      ]
    },
    "target_region": {
      "type": "circle",
      "params": {
        "center": [
          2.1176572886044407,
          -5.036801250000002
        ],
        "radius": 8.050033183694529,
        "object_center": [
          2.1176572886044407,
          -5.036801250000002,
          1.2750000000000001
        ],
        "object_height": 2.5500000007868056,
        "occupancy_ratio": 0.2,
        "fov_vertical": 90.0,
        "sample_distance": 8.050033183694529,
        "min_distance": 2.5500000007868056
      },
      "sample_point": [
        -3.6339049126250775,
        0.5954777295935099,
        1.5
      ],
      "sample_forward": [
        0.7141979152999559,
        -0.6993859693899409,
        -0.027939284201453675
      ],
      "height": 1.5
    },
    "sample_target": [
      -3.6339049126250775,
      0.5954777295935099,
      1.5
    ],
    "camera_params": {
      "forward": [
        0.7141979152999559,
        -0.6993859693899409,
        -0.027939284201453675
      ]
    },
    "task_type": "screen_occupancy",
    "task_description": "Position where wardrobe occupies 20% of vertical FOV",
    "target_object": {
      "label": "wardrobe",
      "id": "82",
      "bbox_min": [
        1.8176570374664853,
        -5.964001568452037,
        -3.9340284274658187e-10
      ],
      "bbox_max": [
        2.417657539742396,
        -4.1096009315479645,
        2.550000000393403
      ],
      "center": [
        2.1176572886044407,
        -5.036801250000001,
        1.2750000000000001
      ]
    }
  },
  {
    "scene_id": "0337_840415",
    "object_label": "wardrobe",
    "preset": "occupancy_30",
    "distance": 5.310757208503922,
    "init_camera": {
      "intrinsics": [
        [
          320.0,
          0.0,
          320.0
        ],
        [
          0.0,
          320.0,
          240.0
        ],
        [
          0.0,
          0.0,
          1.0
        ]
      ],
      "extrinsics": [
        [
          0.34202014332566877,
          -0.16648505717525786,
          0.9248269823576949,
          0.4211551561585667
        ],
        [
          -0.9396926207859083,
          -0.0605956052619007,
          0.3366094934244353,
          -5.6542775285794376
        ],
        [
          0.0,
          -0.9841803180110315,
          -0.17716969729529078,
          1.6
        ],
        [
          0.0,
          0.0,
          0.0,
          1.0
        ]
      ]
    },
    "target_region": {
      "type": "circle",
      "params": {
        "center": [
          2.1176572886044407,
          -5.036801250000002
        ],
        "radius": 5.310757208503922,
        "object_center": [
          2.1176572886044407,
          -5.036801250000002,
          1.2750000000000001
        ],
        "object_height": 2.5500000007868056,
        "occupancy_ratio": 0.3,
        "fov_vertical": 90.0,
        "sample_distance": 5.310757208503922,
        "min_distance": 2.5500000007868056
      },
      "sample_point": [
        -3.191267319802813,
        -5.176306195877408,
        1.5
      ],
      "sample_forward": [
        0.9987589678851437,
        0.02624482847971587,
        -0.042328867774518344
      ],
      "height": 1.5
    },
    "sample_target": [
      -3.191267319802813,
      -5.176306195877408,
      1.5
    ],
    "camera_params": {
      "forward": [
        0.9987589678851437,
        0.02624482847971587,
        -0.042328867774518344
      ]
    },
    "task_type": "screen_occupancy",
    "task_description": "Position where wardrobe occupies 30% of vertical FOV",
    "target_object": {
      "label": "wardrobe",
      "id": "82",
      "bbox_min": [
        1.8176570374664853,
        -5.964001568452037,
        -3.9340284274658187e-10
      ],
      "bbox_max": [
        2.417657539742396,
        -4.1096009315479645,
        2.550000000393403
      ],
      "center": [
        2.1176572886044407,
        -5.036801250000001,
        1.2750000000000001
      ]
    }
  },
  {
    "scene_id": "0337_840415",
    "object_label": "wardrobe",
    "preset": "occupancy_50",
    "distance": 3.0781222929754546,
    "init_camera": {
      "intrinsics": [
        [
          320.0,
          0.0,
          320.0
        ],
        [
          0.0,
          320.0,
          240.0
        ],
        [
          0.0,
          0.0,
          1.0
        ]
      ],
      "extrinsics": [
        [
          0.34202014332566877,
          -0.16648505717525786,
          0.9248269823576949,
          0.4211551561585667
        ],
        [
          -0.9396926207859083,
          -0.0605956052619007,
          0.3366094934244353,
          -5.6542775285794376
        ],
        [
          0.0,
          -0.9841803180110315,
          -0.17716969729529078,
          1.6
        ],
        [
          0.0,
          0.0,
          0.0,
          1.0
        ]
      ]
    },
    "target_region": {
      "type": "circle",
      "params": {
        "center": [
          2.1176572886044407,
          -5.036801250000002
        ],
        "radius": 3.0781222929754546,
        "object_center": [
          2.1176572886044407,
          -5.036801250000002,
          1.2750000000000001
        ],
        "object_height": 2.5500000007868056,
        "occupancy_ratio": 0.5,
        "fov_vertical": 90.0,
        "sample_distance": 3.0781222929754546,
        "min_distance": 2.5500000007868056
      },
      "sample_point": [
        3.8372394773868796,
        -7.589813969618662,
        1.5
      ],
      "sample_forward": [
        -0.5571599838093819,
        0.8271989177412009,
        -0.07290200908970422
      ],
      "height": 1.5
    },
    "sample_target": [
      3.8372394773868796,
      -7.589813969618662,
      1.5
    ],
    "camera_params": {
      "forward": [
        -0.5571599838093819,
        0.8271989177412009,
        -0.07290200908970422
      ]
    },
    "task_type": "screen_occupancy",
    "task_description": "Position where wardrobe occupies 50% of vertical FOV",
    "target_object": {
      "label": "wardrobe",
      "id": "82",
      "bbox_min": [
        1.8176570374664853,
        -5.964001568452037,
        -3.9340284274658187e-10
      ],
      "bbox_max": [
        2.417657539742396,
        -4.1096009315479645,
        2.550000000393403
      ],
      "center": [
        2.1176572886044407,
        -5.036801250000001,
        1.2750000000000001
      ]
    }
  },
  {
    "scene_id": "0337_840415",
    "object_label": "wardrobe",
    "preset": "occupancy_30",
    "distance": 5.310757208503922,
    "init_camera": {
      "intrinsics": [
        [
          320.0,
          0.0,
          320.0
        ],
        [
          0.0,
          320.0,
          240.0
        ],
        [
          0.0,
          0.0,
          1.0
        ]
      ],
      "extrinsics": [
        [
          -1.0,
          -0.0,
          0.0,
          5.7637212500000015
        ],
        [
          -0.0,
          0.15329123792156535,
          -0.9881810544512956,
          -3.69391063990058
        ],
        [
          0.0,
          -0.9881810544512953,
          -0.15329123792156538,
          1.6
        ],
        [
          0.0,
          0.0,
          0.0,
          1.0
        ]
      ]
    },
    "target_region": {
      "type": "circle",
      "params": {
        "center": [
          5.763721250000001,
          -5.789000007376355
        ],
        "radius": 5.310757208503922,
        "object_center": [
          5.763721250000001,
          -5.789000007376355,
          1.2750000000000001
        ],
        "object_height": 2.5500000007868056,
        "occupancy_ratio": 0.3,
        "fov_vertical": 90.0,
        "sample_distance": 5.310757208503922,
        "min_distance": 2.692149661594649
      },
      "sample_point": [
        2.730001811480233,
        -1.4300220886408548,
        1.5
      ],
      "sample_forward": [
        0.5707284843470638,
        -0.8200471109075569,
        -0.04232886777451835
      ],
      "height": 1.5
    },
    "sample_target": [
      2.730001811480233,
      -1.4300220886408548,
      1.5
    ],
    "camera_params": {
      "forward": [
        0.5707284843470638,
        -0.8200471109075569,
        -0.04232886777451835
      ]
    },
    "task_type": "screen_occupancy",
    "task_description": "Position where wardrobe occupies 30% of vertical FOV",
    "target_object": {
      "label": "wardrobe",
      "id": "83",
      "bbox_min": [
        4.4176464192026765,
        -5.964000069231574,
        -3.9340284274658187e-10
      ],
      "bbox_max": [
        7.1097960807973255,
        -5.613999945521137,
        2.550000000393403
      ],
      "center": [
        5.7637212500000015,
        -5.789000007376355,
        1.2750000000000001
      ]
    }
  },
  {
    "scene_id": "0337_840415",
    "object_label": "wardrobe",
    "preset": "occupancy_50",
    "distance": 3.0781222929754546,
    "init_camera": {
      "intrinsics": [
        [
          320.0,
          0.0,
          320.0
        ],
        [
          0.0,
          320.0,
          240.0
        ],
        [
          0.0,
          0.0,
          1.0
        ]
      ],
      "extrinsics": [
        [
          -0.5000000000000001,
          0.1327541062176401,
          -0.8557898966933155,
          7.578121865432694
        ],
        [
          0.8660254037844386,
          0.0766456189607827,
          -0.4940905272256479,
          -4.741455323638467
        ],
        [
          0.0,
          -0.9881810544512956,
          -0.15329123792156538,
          1.6
        ],
        [
          0.0,
          0.0,
          0.0,
          1.0
        ]
      ]
    },
    "target_region": {
      "type": "circle",
      "params": {
        "center": [
          5.763721250000001,
          -5.789000007376355
        ],
        "radius": 3.0781222929754546,
        "object_center": [
          5.763721250000001,
          -5.789000007376355,
          1.2750000000000001
        ],
        "object_height": 2.5500000007868056,
        "occupancy_ratio": 0.5,
        "fov_vertical": 90.0,
        "sample_distance": 3.0781222929754546,
        "min_distance": 2.692149661594649
      },
      "sample_point": [
        8.625421640582157,
        -4.6551976766967975,
        1.5
      ],
      "sample_forward": [
        -0.9272164794943587,
        -0.3673620791872401,
        -0.07290200908970425
      ],
      "height": 1.5
    },
    "sample_target": [
      8.625421640582157,
      -4.6551976766967975,
      1.5
    ],
    "camera_params": {
      "forward": [
        -0.9272164794943587,
        -0.3673620791872401,
        -0.07290200908970425
      ]
    },
    "task_type": "screen_occupancy",
    "task_description": "Position where wardrobe occupies 50% of vertical FOV",
    "target_object": {
      "label": "wardrobe",
      "id": "83",
      "bbox_min": [
        4.4176464192026765,
        -5.964000069231574,
        -3.9340284274658187e-10
      ],
      "bbox_max": [
        7.1097960807973255,
        -5.613999945521137,
        2.550000000393403
      ],
      "center": [
        5.7637212500000015,
        -5.789000007376355,
        1.2750000000000001
      ]
    }
  },
  {
    "scene_id": "0337_840415",
    "object_label": "wardrobe",
    "preset": "occupancy_30",
    "distance": 5.310757208503922,
    "init_camera": {
      "intrinsics": [
        [
          320.0,
          0.0,
          320.0
        ],
        [
          0.0,
          320.0,
          240.0
        ],
        [
          0.0,
          0.0,
          1.0
        ]
      ],
      "extrinsics": [
        [
          -0.9396926207859084,
          -0.042121491603538265,
          0.3394164969261276,
          4.868017792819815
        ],
        [
          -0.34202014332566866,
          0.1157278470544689,
          -0.932539161094925,
          -3.3280749842463524
        ],
        [
          0.0,
          -0.992387447200553,
          -0.12315500249185775,
          1.6
        ],
        [
          0.0,
          0.0,
          0.0,
          1.0
        ]
      ]
    },
    "target_region": {
      "type": "circle",
      "params": {
        "center": [
          5.763721250000001,
          -5.789000007376355
        ],
        "radius": 5.310757208503922,
        "object_center": [
          5.763721250000001,
          -5.789000007376355,
          1.2750000000000001
        ],
        "object_height": 2.5500000007868056,
        "occupancy_ratio": 0.3,
        "fov_vertical": 90.0,
        "sample_distance": 5.310757208503922,
        "min_distance": 2.692149661594649
      },
      "sample_point": [
        4.598411225645516,
        -0.6076686461511995,
        1.5
      ],
      "sample_forward": [
        0.21922779527654113,
        -0.9747550670456216,
        -0.042328867774518344
      ],
      "height": 1.5
    },
    "sample_target": [
      4.598411225645516,
      -0.6076686461511995,
      1.5
    ],
    "camera_params": {
      "forward": [
        0.21922779527654113,
        -0.9747550670456216,
        -0.042328867774518344
      ]
    },
    "task_type": "screen_occupancy",
    "task_description": "Position where wardrobe occupies 30% of vertical FOV",
    "target_object": {
      "label": "wardrobe",
      "id": "83",
      "bbox_min": [
        4.4176464192026765,
        -5.964000069231574,
        -3.9340284274658187e-10
      ],
      "bbox_max": [
        7.1097960807973255,
        -5.613999945521137,
        2.550000000393403
      ],
      "center": [
        5.7637212500000015,
        -5.789000007376355,
        1.2750000000000001
      ]
    }
  },
  {
    "scene_id": "0337_840415",
    "object_label": "wardrobe",
    "preset": "occupancy_50",
    "distance": 3.0781222929754546,
    "init_camera": {
      "intrinsics": [
        [
          320.0,
          0.0,
          320.0
        ],
        [
          0.0,
          320.0,
          240.0
        ],
        [
          0.0,
          0.0,
          1.0
        ]
      ],
      "extrinsics": [
        [
          -0.9396926207859084,
          -0.042121491603538265,
          0.3394164969261276,
          4.868017792819815
        ],
        [
          -0.34202014332566866,
          0.1157278470544689,
          -0.932539161094925,
          -3.3280749842463524
        ],
        [
          0.0,
          -0.992387447200553,
          -0.12315500249185775,
          1.6
        ],
        [
          0.0,
          0.0,
          0.0,
          1.0
        ]
      ]
    },
    "target_region": {
      "type": "circle",
