[
  {
    "scene_id": "0241_840879",
    "object_label": "plant",
    "preset": "occupancy_20",
    "distance": 5.208845262757324,
    "init_camera": {
      "intrinsics": [
        [
          320.0,
          0.0,
          320.0
        ],
        [
          0.0,
          320.0,
          240.0
        ],
        [
          0.0,
          0.0,
          1.0
        ]
      ],
      "extrinsics": [
        [
          -0.4999999999999999,
          -0.37291270273257726,
          0.7816240247975267,
          1.2820594341302212
        ],
        [
          -0.8660254037844386,
          0.21530124930688432,
          -0.45127084112193067,
          -1.3145578392522295
        ],
        [
          0.0,
          -0.9025416822438614,
          -0.43060249861376876,
          1.6
        ],
        [
          0.0,
          0.0,
          0.0,
          1.0
        ]
      ]
    },
    "target_region": {
      "type": "circle",
      "params": {
        "center": [
          2.6888293,
          -2.1267568
        ],
        "radius": 5.208845262757324,
        "object_center": [
          2.6888293,
          -2.1267568,
          0.8250000000000002
        ],
        "object_height": 1.6500000833578616,
        "occupancy_ratio": 0.2,
        "fov_vertical": 90.0,
        "sample_distance": 5.208845262757324,
        "min_distance": 1.6500000833578616
      },
      "sample_point": [
        5.264226386144909,
        2.4008693793599667,
        1.5
      ],
      "sample_forward": [
        -0.49032778089986656,
        -0.8620111085831992,
        -0.12851270737548207
      ],
      "height": 1.5
    },
    "sample_target": [
      5.264226386144909,
      2.4008693793599667,
      1.5
    ],
    "camera_params": {
      "forward": [
        -0.49032778089986656,
        -0.8620111085831992,
        -0.12851270737548207
      ]
    },
    "task_type": "screen_occupancy",
    "task_description": "Position where plant occupies 20% of vertical FOV",
    "target_object": {
      "label": "plant",
      "id": "69",
      "bbox_min": [
        2.1300217003105155,
        -2.7110754913285455,
        -4.16789306427745e-08
      ],
      "bbox_max": [
        3.2476368996894847,
        -1.5424381086714545,
        1.6500000416789309
      ],
      "center": [
        2.6888293,
        -2.1267568,
        0.8250000000000001
      ]
    }
  },
  {
    "scene_id": "0241_840879",
    "object_label": "plant",
    "preset": "occupancy_30",
    "distance": 3.4363724839298353,
    "init_camera": {
      "intrinsics": [
        [
          320.0,
          0.0,
          320.0
        ],
        [
          0.0,
          320.0,
          240.0
        ],
        [
          0.0,
          0.0,
          1.0
        ]
      ],
      "extrinsics": [
        [
          -0.4999999999999999,
          -0.37291270273257726,
          0.7816240247975267,
          1.2820594341302212
        ],
        [
          -0.8660254037844386,
          0.21530124930688432,
          -0.45127084112193067,
          -1.3145578392522295
        ],
        [
          0.0,
          -0.9025416822438614,
          -0.43060249861376876,
          1.6
        ],
        [
          0.0,
          0.0,
          0.0,
          1.0
        ]
      ]
    },
    "target_region": {
      "type": "circle",
      "params": {
        "center": [
          2.6888293,
          -2.1267568
        ],
        "radius": 3.4363724839298353,
        "object_center": [
          2.6888293,
          -2.1267568,
          0.8250000000000002
        ],
        "object_height": 1.6500000833578616,
        "occupancy_ratio": 0.3,
        "fov_vertical": 90.0,
        "sample_distance": 3.4363724839298353,
        "min_distance": 1.6500000833578616
      },
      "sample_point": [
        3.1941713670243184,
        -5.525769192387779,
        1.5
      ],
      "sample_forward": [
        -0.1442993613109327,
        0.9705808190433096,
        -0.19274482620935718
      ],
      "height": 1.5
    },
    "sample_target": [
      3.1941713670243184,
      -5.525769192387779,
      1.5
    ],
    "camera_params": {
      "forward": [
        -0.1442993613109327,
        0.9705808190433096,
        -0.19274482620935718
      ]
    },
    "task_type": "screen_occupancy",
    "task_description": "Position where plant occupies 30% of vertical FOV",
    "target_object": {
      "label": "plant",
      "id": "69",
      "bbox_min": [
        2.1300217003105155,
        -2.7110754913285455,
        -4.16789306427745e-08
      ],
      "bbox_max": [
        3.2476368996894847,
        -1.5424381086714545,
        1.6500000416789309
      ],
      "center": [
        2.6888293,
        -2.1267568,
        0.8250000000000001
      ]
    }
  },
  {
    "scene_id": "0241_840879",
    "object_label": "plant",
    "preset": "occupancy_50",
    "distance": 1.9917262895796435,
    "init_camera": {
      "intrinsics": [
        [
          320.0,
          0.0,
          320.0
        ],
        [
          0.0,
          320.0,
          240.0
        ],
        [
          0.0,
          0.0,
          1.0
        ]
      ],
      "extrinsics": [
        [
          -0.4999999999999999,
          -0.37291270273257726,
          0.7816240247975267,
          1.2820594341302212
        ],
        [
          -0.8660254037844386,
          0.21530124930688432,
          -0.45127084112193067,
          -1.3145578392522295
        ],
        [
          0.0,
          -0.9025416822438614,
          -0.43060249861376876,
          1.6
        ],
        [
          0.0,
          0.0,
          0.0,
          1.0
        ]
      ]
    },
    "target_region": {
      "type": "circle",
      "params": {
        "center": [
          2.6888293,
          -2.1267568
        ],
        "radius": 1.9917262895796435,
        "object_center": [
          2.6888293,
          -2.1267568,
          0.8250000000000002
        ],
        "object_height": 1.6500000833578616,
        "occupancy_ratio": 0.5,
        "fov_vertical": 90.0,
        "sample_distance": 1.9917262895796435,
        "min_distance": 1.6500000833578616
      },
      "sample_point": [
        3.486309645231348,
        -3.951859183860255,
        1.5
      ],
      "sample_forward": [
        -0.379211260939345,
        0.8678575973258311,
        -0.3209704197284035
      ],
      "height": 1.5
    },
    "sample_target": [
      3.486309645231348,
      -3.951859183860255,
      1.5
    ],
    "camera_params": {
      "forward": [
        -0.379211260939345,
        0.8678575973258311,
        -0.3209704197284035
      ]
    },
    "task_type": "screen_occupancy",
    "task_description": "Position where plant occupies 50% of vertical FOV",
    "target_object": {
      "label": "plant",
      "id": "69",
      "bbox_min": [
        2.1300217003105155,
        -2.7110754913285455,
        -4.16789306427745e-08
      ],
      "bbox_max": [
        3.2476368996894847,
        -1.5424381086714545,
        1.6500000416789309
      ],
      "center": [
        2.6888293,
        -2.1267568,
        0.8250000000000001
      ]
    }
  },
  {
    "scene_id": "0241_840879",
    "object_label": "plant",
    "preset": "back",
    "distance": 1.6500000833578616,
    "init_camera": {
      "intrinsics": [
        [
          320.0,
          0.0,
          320.0
        ],
        [
          0.0,
          320.0,
          240.0
        ],
        [
          0.0,
          0.0,
          1.0
        ]
      ],
      "extrinsics": [
        [
          -0.4999999999999999,
          -0.23400655478580898,
          0.8338110891066851,
          0.297320528021376
        ],
        [
          -0.8660254037844387,
          0.13510374739772368,
          -0.48140105674903955,
          -0.7460185667287902
        ],
        [
          0.0,
          -0.9628021134980793,
          -0.2702074947954474,
          1.6
        ],
        [
          0.0,
          0.0,
          0.0,
          1.0
        ]
      ]
    },
    "target_region": {
      "type": "circle",
      "params": {
        "center": [
          2.6888293,
          -2.1267568
        ],
        "radius": 1.6500000833578616,
        "object_center": [
          2.6888293,
          -2.1267568,
          0.8250000000000002
        ],
        "sample_distance": 1.6500000833578616,
        "min_distance": 1.6500000833578616,
        "requested_distance": 0.8
      },
      "sample_point": [
        1.0398434597309498,
        -2.184601191890006,
        1.5
      ],
      "sample_forward": [
        0.92497803590119,
        0.03244709001842404,
        -0.3786328293343209
      ],
      "height": 1.5
    },
    "sample_target": [
      1.0398434597309498,
      -2.184601191890006,
      1.5
    ],
    "camera_params": {
      "forward": [
        0.92497803590119,
        0.03244709001842404,
        -0.3786328293343209
      ]
    },
    "task_type": "absolute_positioning",
    "task_description": "Move to any position 1.7m from plant",
    "target_object": {
      "label": "plant",
      "id": "69",
      "bbox_min": [
        2.1300217003105155,
        -2.7110754913285455,
        -4.16789306427745e-08
      ],
      "bbox_max": [
        3.2476368996894847,
        -1.5424381086714545,
        1.6500000416789309
      ],
      "center": [
        2.6888293,
        -2.1267568,
        0.8250000000000001
      ]
    }
  },
  {
    "scene_id": "0241_840879",
    "object_label": "plant",
    "preset": "back",
    "distance": 1.6500000833578616,
    "init_camera": {
      "intrinsics": [
        [
          320.0,
          0.0,
          320.0
        ],
        [
          0.0,
          320.0,
          240.0
        ],
        [
          0.0,
          0.0,
          1.0
        ]
      ],
      "extrinsics": [
        [
          -0.4999999999999999,
          -0.23400655478580898,
          0.8338110891066851,
          0.297320528021376
        ],
        [
          -0.8660254037844387,
          0.13510374739772368,
          -0.48140105674903955,
          -0.7460185667287902
        ],
        [
          0.0,
          -0.9628021134980793,
          -0.2702074947954474,
          1.6
        ],
        [
          0.0,
          0.0,
          0.0,
          1.0
        ]
      ]
    },
    "target_region": {
      "type": "circle",
      "params": {
        "center": [
          2.6888293,
          -2.1267568
        ],
        "radius": 1.6500000833578616,
        "object_center": [
          2.6888293,
          -2.1267568,
          0.8250000000000002
        ],
        "sample_distance": 1.6500000833578616,
        "min_distance": 1.6500000833578616,
        "requested_distance": 1.0
      },
      "sample_point": [
        1.1113635340233567,
        -1.642915883734465,
        1.5
      ],
      "sample_forward": [
        0.8848597424441014,
        -0.2714045260345626,
        -0.37863282933432096
      ],
      "height": 1.5
    },
    "sample_target": [
      1.1113635340233567,
      -1.642915883734465,
      1.5
    ],
    "camera_params": {
      "forward": [
        0.8848597424441014,
        -0.2714045260345626,
        -0.37863282933432096
      ]
    },
    "task_type": "absolute_positioning",
    "task_description": "Move to any position 1.7m from plant",
    "target_object": {
      "label": "plant",
      "id": "69",
      "bbox_min": [
        2.1300217003105155,
        -2.7110754913285455,
        -4.16789306427745e-08
      ],
      "bbox_max": [
        3.2476368996894847,
        -1.5424381086714545,
        1.6500000416789309
      ],
      "center": [
        2.6888293,
        -2.1267568,
        0.8250000000000001
      ]
    }
  },
  {
    "scene_id": "0241_840879",
    "object_label": "plant",
    "preset": "left",
    "distance": 1.6500000833578616,
    "init_camera": {
      "intrinsics": [
        [
          320.0,
          0.0,
          320.0
        ],
        [
          0.0,
          320.0,
          240.0
        ],
        [
          0.0,
          0.0,
          1.0
        ]
      ],
      "extrinsics": [
        [
          -0.4999999999999999,
          -0.23400655478580898,
          0.8338110891066851,
          0.297320528021376
        ],
        [
          -0.8660254037844387,
          0.13510374739772368,
          -0.48140105674903955,
          -0.7460185667287902
        ],
        [
          0.0,
          -0.9628021134980793,
          -0.2702074947954474,
          1.6
        ],
        [
          0.0,
          0.0,
          0.0,
          1.0
        ]
      ]
    },
    "target_region": {
      "type": "circle",
      "params": {
        "center": [
          2.6888293,
          -2.1267568
        ],
        "radius": 1.6500000833578616,
        "object_center": [
          2.6888293,
          -2.1267568,
          0.8250000000000002
        ],
        "sample_distance": 1.6500000833578616,
        "min_distance": 1.6500000833578616,
        "requested_distance": 1.2
      },
      "sample_point": [
        2.3366180164781007,
        -3.738726863878609,
        1.5
      ],
      "sample_forward": [
        0.19756852563462146,
        0.9042144979090133,
        -0.37863282933432096
      ],
      "height": 1.5
    },
    "sample_target": [
      2.3366180164781007,
      -3.738726863878609,
      1.5
    ],
    "camera_params": {
      "forward": [
        0.19756852563462146,
        0.9042144979090133,
        -0.37863282933432096
      ]
    },
    "task_type": "absolute_positioning",
    "task_description": "Move to any position 1.7m from plant",
    "target_object": {
      "label": "plant",
      "id": "69",
      "bbox_min": [
        2.1300217003105155,
        -2.7110754913285455,
        -4.16789306427745e-08
      ],
      "bbox_max": [
        3.2476368996894847,
        -1.5424381086714545,
        1.6500000416789309
      ],
      "center": [
        2.6888293,
        -2.1267568,
        0.8250000000000001
      ]
    }
  },
  {
    "scene_id": "0241_840879",
    "object_label": "plant",
    "preset": "back",
    "distance": 1.6500000833578616,
    "init_camera": {
      "intrinsics": [
        [
          320.0,
          0.0,
          320.0
        ],
        [
          0.0,
          320.0,
          240.0
        ],
        [
          0.0,
          0.0,
          1.0
        ]
      ],
      "extrinsics": [
        [
          -0.4999999999999999,
          -0.23400655478580898,
          0.8338110891066851,
          0.297320528021376
        ],
        [
          -0.8660254037844387,
          0.13510374739772368,
          -0.48140105674903955,
          -0.7460185667287902
        ],
        [
          0.0,
          -0.9628021134980793,
          -0.2702074947954474,
          1.6
        ],
        [
          0.0,
          0.0,
          0.0,
          1.0
        ]
      ]
    },
    "target_region": {
      "type": "circle",
      "params": {
        "center": [
          2.6888293,
          -2.1267568
        ],
        "radius": 1.6500000833578616,
        "object_center": [
          2.6888293,
          -2.1267568,
          0.8250000000000002
        ],
        "sample_distance": 1.6500000833578616,
        "min_distance": 1.6500000833578616,
        "requested_distance": 1.5
      },
      "sample_point": [
        1.0584776577487622,
        -2.380634324979352,
        1.5
      ],
      "sample_forward": [
        0.9145254149858415,
        0.1424094304997435,
        -0.37863282933432096
      ],
      "height": 1.5
    },
    "sample_target": [
      1.0584776577487622,
      -2.380634324979352,
      1.5
    ],
    "camera_params": {
      "forward": [
        0.9145254149858415,
        0.1424094304997435,
        -0.37863282933432096
      ]
    },
    "task_type": "absolute_positioning",
    "task_description": "Move to any position 1.7m from plant",
    "target_object": {
      "label": "plant",
      "id": "69",
      "bbox_min": [
        2.1300217003105155,
        -2.7110754913285455,
        -4.16789306427745e-08
      ],
      "bbox_max": [
        3.2476368996894847,
        -1.5424381086714545,
        1.6500000416789309
      ],
      "center": [
        2.6888293,
        -2.1267568,
        0.8250000000000001
      ]
    }
  },
  {
    "scene_id": "0241_840879",
    "object_label": "plant",
    "preset": "closer",
    "distance": 2.26147646654242,
    "init_camera": {
      "intrinsics": [
        [
          320.0,
          0.0,
          320.0
        ],
        [
          0.0,
          320.0,
          240.0
        ],
        [
          0.0,
          0.0,
          1.0
        ]
      ],
      "extrinsics": [
        [
          -0.4999999999999999,
          -0.23400655478580898,
          0.8338110891066851,
          0.297320528021376
        ],
        [
          -0.8660254037844387,
          0.13510374739772368,
          -0.48140105674903955,
          -0.7460185667287902
        ],
        [
          0.0,
          -0.9628021134980793,
          -0.2702074947954474,
          1.6
        ],
        [
          0.0,
          0.0,
          0.0,
          1.0
        ]
      ]
    },
    "target_region": {
      "type": "point",
      "params": {
        "delta": 0.5,
        "start_position": [
          0.297320528021376,
          -0.7460185667287902,
          1.6
        ],
        "sample_distance": 2.26147646654242,
        "min_distance": 1.6500000833578616,
        "min_distance_enforced": false
      },
      "sample_point": [
        0.7303332299135954,
        -0.9960185667287902,
        1.6
      ],
      "sample_forward": [
        0.8192535953152165,
        -0.4729962837898089,
        -0.32418831268897125
      ],
      "height": 1.6
    },
    "sample_target": [
      0.7303332299135954,
      -0.9960185667287902,
      1.6
    ],
    "camera_params": {
      "forward": [
        0.8192535953152165,
        -0.4729962837898089,
        -0.32418831268897125
      ]
    },
    "task_type": "delta_control",
    "task_description": "Move 0.5m toward plant",
    "target_object": {
      "label": "plant",
      "id": "69",
      "bbox_min": [
        2.1300217003105155,
        -2.7110754913285455,
        -4.16789306427745e-08
      ],
      "bbox_max": [
        3.2476368996894847,
        -1.5424381086714545,
        1.6500000416789309
      ],
      "center": [
        2.6888293,
        -2.1267568,
        0.8250000000000001
      ]
    }
  },
  {
    "scene_id": "0241_840879",
    "object_label": "plant",
    "preset": "closer",
    "distance": 2.06147646654242,
    "init_camera": {
      "intrinsics": [
        [
          320.0,
          0.0,
          320.0
        ],
        [
          0.0,
          320.0,
          240.0
        ],
        [
          0.0,
          0.0,
          1.0
        ]
      ],
      "extrinsics": [
        [
          -0.4999999999999999,
          -0.23400655478580898,
          0.8338110891066851,
          0.297320528021376
        ],
        [
          -0.8660254037844387,
          0.13510374739772368,
          -0.48140105674903955,
          -0.7460185667287902
        ],
        [
          0.0,
          -0.9628021134980793,
          -0.2702074947954474,
          1.6
        ],
        [
          0.0,
          0.0,
          0.0,
          1.0
        ]
      ]
    },
    "target_region": {
      "type": "point",
      "params": {
        "delta": 0.7,
        "start_position": [
          0.297320528021376,
          -0.7460185667287902,
          1.6
        ],
        "sample_distance": 2.06147646654242,
        "min_distance": 1.6500000833578616,
        "min_distance_enforced": false
      },
      "sample_point": [
        0.9035383106704831,
        -1.09601856672879,
        1.6
      ],
      "sample_forward": [
        0.8106329538724786,
        -0.4680191541322569,
        -0.35189811801330634
      ],
      "height": 1.6
    },
    "sample_target": [
      0.9035383106704831,
      -1.09601856672879,
      1.6
    ],
    "camera_params": {
      "forward": [
        0.8106329538724786,
        -0.4680191541322569,
        -0.35189811801330634
      ]
    },
    "task_type": "delta_control",
    "task_description": "Move 0.7m toward plant",
    "target_object": {
      "label": "plant",
      "id": "69",
      "bbox_min": [
        2.1300217003105155,
        -2.7110754913285455,
        -4.16789306427745e-08
      ],
      "bbox_max": [
        3.2476368996894847,
        -1.5424381086714545,
        1.6500000416789309
      ],
      "center": [
        2.6888293,
        -2.1267568,
        0.8250000000000001
      ]
    }
  },
  {
    "scene_id": "0241_840879",
    "object_label": "plant",
    "preset": "closer",
    "distance": 1.7614764665424196,
    "init_camera": {
      "intrinsics": [
        [
          320.0,
          0.0,
          320.0
        ],
        [
          0.0,
          320.0,
          240.0
        ],
        [
          0.0,
          0.0,
          1.0
        ]
      ],
      "extrinsics": [
        [
          -0.4999999999999999,
          -0.23400655478580898,
          0.8338110891066851,
          0.297320528021376
        ],
        [
          -0.8660254037844387,
          0.13510374739772368,
          -0.48140105674903955,
          -0.7460185667287902
        ],
        [
          0.0,
          -0.9628021134980793,
          -0.2702074947954474,
          1.6
        ],
        [
          0.0,
          0.0,
          0.0,
          1.0
        ]
      ]
    },
    "target_region": {
      "type": "point",
      "params": {
        "delta": 1.0,
        "start_position": [
          0.297320528021376,
          -0.7460185667287902,
          1.6
        ],
        "sample_distance": 1.7614764665424196,
        "min_distance": 1.6500000833578616,
        "min_distance_enforced": false
      },
      "sample_point": [
        1.1633459318058148,
        -1.2460185667287902,
        1.6
      ],
      "sample_forward": [
        0.7926943060265877,
        -0.45766227096953394,
        -0.40271700103675184
      ],
      "height": 1.6
    },
    "sample_target": [
      1.1633459318058148,
      -1.2460185667287902,
      1.6
    ],
    "camera_params": {
      "forward": [
        0.7926943060265877,
        -0.45766227096953394,
        -0.40271700103675184
      ]
    },
    "task_type": "delta_control",
    "task_description": "Move 1.0m toward plant",
    "target_object": {
      "label": "plant",
      "id": "69",
      "bbox_min": [
        2.1300217003105155,
        -2.7110754913285455,
        -4.16789306427745e-08
      ],
      "bbox_max": [
        3.2476368996894847,
        -1.5424381086714545,
        1.6500000416789309
      ],
      "center": [
        2.6888293,
        -2.1267568,
        0.8250000000000001
      ]
    }
  },
  {
    "scene_id": "0241_840879",
    "object_label": "plant",
    "preset": "closer",
    "distance": 1.6500000833578616,
    "init_camera": {
      "intrinsics": [
        [
          320.0,
          0.0,
          320.0
        ],
        [
          0.0,
          320.0,
          240.0
        ],
        [
          0.0,
          0.0,
          1.0
        ]
      ],
      "extrinsics": [
        [
          -0.4999999999999999,
          -0.23400655478580898,
          0.8338110891066851,
          0.297320528021376
        ],
        [
          -0.8660254037844387,
          0.13510374739772368,
          -0.48140105674903955,
          -0.7460185667287902
        ],
        [
          0.0,
          -0.9628021134980793,
          -0.2702074947954474,
          1.6
        ],
        [
          0.0,
          0.0,
          0.0,
          1.0
        ]
      ]
    },
    "target_region": {
      "type": "point",
      "params": {
        "delta": 1.5,
        "start_position": [
          0.297320528021376,
          -0.7460185667287902,
          1.6
        ],
        "sample_distance": 1.6500000833578616,
        "min_distance": 1.6500000833578616,
        "min_distance_enforced": true
      },
      "sample_point": [
        1.2598873115656506,
        -1.3017567583210692,
        1.6
      ],
      "sample_forward": [
        0.7838649416143934,
        -0.4525646350493802,
        -0.4251364538715598
      ],
      "height": 1.6
    },
    "sample_target": [
      1.2598873115656506,
      -1.3017567583210692,
      1.6
    ],
    "camera_params": {
      "forward": [
        0.7838649416143934,
        -0.4525646350493802,
        -0.4251364538715598
      ]
    },
    "task_type": "delta_control",
    "task_description": "Move 1.5m toward plant",
    "target_object": {
      "label": "plant",
      "id": "69",
      "bbox_min": [
        2.1300217003105155,
        -2.7110754913285455,
        -4.16789306427745e-08
      ],
      "bbox_max": [
        3.2476368996894847,
        -1.5424381086714545,
        1.6500000416789309
      ],
      "center": [
        2.6888293,
        -2.1267568,
        0.8250000000000001
      ]
    }
  },
  {
    "scene_id": "0241_840879",
    "object_label": "plant",
    "preset": "occupancy_20",
    "distance": 5.208845262757324,
    "init_camera": {
      "intrinsics": [
        [
          320.0,
          0.0,
          320.0
        ],
        [
          0.0,
          320.0,
          240.0
        ],
        [
          0.0,
          0.0,
          1.0
        ]
      ],
      "extrinsics": [
        [
          -0.4999999999999999,
          -0.23400655478580898,
          0.8338110891066851,
          0.297320528021376
        ],
        [
          -0.8660254037844387,
          0.13510374739772368,
          -0.48140105674903955,
          -0.7460185667287902
        ],
        [
          0.0,
          -0.9628021134980793,
          -0.2702074947954474,
          1.6
        ],
        [
          0.0,
          0.0,
          0.0,
          1.0
        ]
      ]
    },
    "target_region": {
      "type": "circle",
      "params": {
        "center": [
          2.6888293,
          -2.1267568
        ],
        "radius": 5.208845262757324,
        "object_center": [
          2.6888293,
          -2.1267568,
          0.8250000000000002
        ],
        "object_height": 1.6500000833578616,
        "occupancy_ratio": 0.2,
        "fov_vertical": 90.0,
        "sample_distance": 5.208845262757324,
        "min_distance": 1.6500000833578616
      },
      "sample_point": [
        1.6949238660090638,
        2.9863851850843863,
        1.5
      ],
      "sample_forward": [
        0.1892288565887093,
        -0.9734869921458393,
        -0.1285127073754821
      ],
      "height": 1.5
    },
    "sample_target": [
      1.6949238660090638,
      2.9863851850843863,
      1.5
    ],
    "camera_params": {
      "forward": [
        0.1892288565887093,
        -0.9734869921458393,
        -0.1285127073754821
      ]
    },
    "task_type": "screen_occupancy",
    "task_description": "Position where plant occupies 20% of vertical FOV",
    "target_object": {
      "label": "plant",
      "id": "69",
      "bbox_min": [
        2.1300217003105155,
        -2.7110754913285455,
        -4.16789306427745e-08
      ],
      "bbox_max": [
        3.2476368996894847,
        -1.5424381086714545,
        1.6500000416789309
      ],
      "center": [
        2.6888293,
        -2.1267568,
        0.8250000000000001
      ]
    }
  },
  {
    "scene_id": "0241_840879",
    "object_label": "plant",
    "preset": "occupancy_30",
    "distance": 3.4363724839298353,
    "init_camera": {
      "intrinsics": [
        [
          320.0,
          0.0,
          320.0
        ],
        [
          0.0,
          320.0,
          240.0
        ],
        [
          0.0,
          0.0,
          1.0
        ]
      ],
      "extrinsics": [
        [
          -0.4999999999999999,
          -0.23400655478580898,
          0.8338110891066851,
          0.297320528021376
        ],
        [
          -0.8660254037844387,
          0.13510374739772368,
          -0.48140105674903955,
          -0.7460185667287902
        ],
        [
          0.0,
          -0.9628021134980793,
          -0.2702074947954474,
          1.6
        ],
        [
          0.0,
          0.0,
          0.0,
          1.0
        ]
      ]
    },
    "target_region": {
      "type": "circle",
      "params": {
        "center": [
          2.6888293,
          -2.1267568
        ],
        "radius": 3.4363724839298353,
        "object_center": [
          2.6888293,
          -2.1267568,
          0.8250000000000002
        ],
        "object_height": 1.6500000833578616,
        "occupancy_ratio": 0.3,
        "fov_vertical": 90.0,
        "sample_distance": 3.4363724839298353,
        "min_distance": 1.6500000833578616
      },
      "sample_point": [
        4.189557590039033,
        0.9645973446729501,
        1.5
      ],
      "sample_forward": [
        -0.4285297977052433,
        -0.8827296553578722,
        -0.19274482620935712
      ],
      "height": 1.5
    },
    "sample_target": [
      4.189557590039033,
      0.9645973446729501,
      1.5
    ],
    "camera_params": {
      "forward": [
        -0.4285297977052433,
        -0.8827296553578722,
        -0.19274482620935712
      ]
    },
    "task_type": "screen_occupancy",
    "task_description": "Position where plant occupies 30% of vertical FOV",
    "target_object": {
      "label": "plant",
      "id": "69",
      "bbox_min": [
        2.1300217003105155,
        -2.7110754913285455,
        -4.16789306427745e-08
      ],
      "bbox_max": [
        3.2476368996894847,
        -1.5424381086714545,
        1.6500000416789309
      ],
      "center": [
        2.6888293,
        -2.1267568,
        0.8250000000000001
      ]
    }
  },
  {
    "scene_id": "0241_840879",
    "object_label": "plant",
    "preset": "occupancy_50",
    "distance": 1.9917262895796435,
    "init_camera": {
      "intrinsics": [
        [
          320.0,
          0.0,
          320.0
        ],
        [
          0.0,
          320.0,
          240.0
        ],
        [
          0.0,
          0.0,
          1.0
        ]
      ],
      "extrinsics": [
        [
          -0.4999999999999999,
          -0.23400655478580898,
          0.8338110891066851,
          0.297320528021376
        ],
        [
          -0.8660254037844387,
          0.13510374739772368,
          -0.48140105674903955,
          -0.7460185667287902
        ],
        [
          0.0,
          -0.9628021134980793,
          -0.2702074947954474,
          1.6
        ],
        [
          0.0,
          0.0,
          0.0,
          1.0
        ]
      ]
    },
    "target_region": {
      "type": "circle",
      "params": {
        "center": [
          2.6888293,
          -2.1267568
        ],
        "radius": 1.9917262895796435,
        "object_center": [
          2.6888293,
          -2.1267568,
          0.8250000000000002
        ],
        "object_height": 1.6500000833578616,
        "occupancy_ratio": 0.5,
        "fov_vertical": 90.0,
        "sample_distance": 1.9917262895796435,
        "min_distance": 1.6500000833578616
      },
      "sample_point": [
        2.420087105532582,
        -4.100269213316808,
        1.5
      ],
      "sample_forward": [
        0.12779006660287331,
        0.9384283076170526,
        -0.3209704197284035
      ],
      "height": 1.5
    },
    "sample_target": [
      2.420087105532582,
      -4.100269213316808,
      1.5
    ],
    "camera_params": {
      "forward": [
        0.12779006660287331,
        0.9384283076170526,
        -0.3209704197284035
      ]
    },
    "task_type": "screen_occupancy",
    "task_description": "Position where plant occupies 50% of vertical FOV",
    "target_object": {
      "label": "plant",
      "id": "69",
      "bbox_min": [
        2.1300217003105155,
        -2.7110754913285455,
        -4.16789306427745e-08
      ],
      "bbox_max": [
        3.2476368996894847,
        -1.5424381086714545,
        1.6500000416789309
      ],
      "center": [
        2.6888293,
        -2.1267568,
        0.8250000000000001
      ]
    }
  },
  {
    "scene_id": "0241_840879",
    "object_label": "plant",
    "preset": "left",
    "distance": 1.6500000833578616,
    "init_camera": {
      "intrinsics": [
        [
          320.0,
          0.0,
          320.0
        ],
        [
          0.0,
          320.0,
          240.0
        ],
        [
          0.0,
          0.0,
          1.0
        ]
      ],
      "extrinsics": [
        [
          -0.6427876096865395,
          -0.20699094987715264,
          0.7375492088684111,
          0.5734155980013491
        ],
        [
          -0.7660444431189779,
          0.1736860296989537,
          -0.6188772691365787,
          -0.3517139428655667
        ],
        [
          0.0,
          -0.9628021134980793,
          -0.2702074947954474,
          1.6
        ],
        [
          0.0,
          0.0,
          0.0,
          1.0
        ]
      ]
    },
    "target_region": {
      "type": "circle",
      "params": {
        "center": [
          2.6888293,
          -2.1267568
        ],
        "radius": 1.6500000833578616,
        "object_center": [
          2.6888293,
          -2.1267568,
          0.8250000000000002
        ],
        "sample_distance": 1.6500000833578616,
        "min_distance": 1.6500000833578616,
        "requested_distance": 1.0
      },
      "sample_point": [
        2.334131167613559,
        -3.738181483304349,
        1.5
      ],
      "sample_forward": [
        0.19896349248159653,
        0.9039085734795376,
        -0.3786328293343209
      ],
      "height": 1.5
    },
    "sample_target": [
      2.334131167613559,
      -3.738181483304349,
      1.5
    ],
    "camera_params": {
      "forward": [
        0.19896349248159653,
        0.9039085734795376,
        -0.3786328293343209
      ]
    },
    "task_type": "absolute_positioning",
    "task_description": "Move to any position 1.7m from plant",
    "target_object": {
      "label": "plant",
      "id": "69",
      "bbox_min": [
        2.1300217003105155,
        -2.7110754913285455,
        -4.16789306427745e-08
      ],
      "bbox_max": [
        3.2476368996894847,
        -1.5424381086714545,
        1.6500000416789309
      ],
      "center": [
        2.6888293,
        -2.1267568,
        0.8250000000000001
      ]
    }
  },
  {
    "scene_id": "0241_840879",
    "object_label": "plant",
    "preset": "front",
    "distance": 1.6500000833578616,
    "init_camera": {
      "intrinsics": [
        [
          320.0,
          0.0,
          320.0
        ],
        [
          0.0,
          320.0,
          240.0
        ],
        [
          0.0,
          0.0,
          1.0
        ]
      ],
      "extrinsics": [
        [
          -0.6427876096865395,
          -0.20699094987715264,
          0.7375492088684111,
          0.5734155980013491
        ],
        [
          -0.7660444431189779,
          0.1736860296989537,
          -0.6188772691365787,
          -0.3517139428655667
        ],
        [
          0.0,
          -0.9628021134980793,
          -0.2702074947954474,
          1.6
        ],
        [
          0.0,
          0.0,
          0.0,
          1.0
        ]
      ]
    },
    "target_region": {
      "type": "circle",
      "params": {
        "center": [
          2.6888293,
          -2.1267568
        ],
        "radius": 1.6500000833578616,
        "object_center": [
          2.6888293,
          -2.1267568,
          0.8250000000000002
        ],
        "sample_distance": 1.6500000833578616,
        "min_distance": 1.6500000833578616,
        "requested_distance": 1.5
      },
      "sample_point": [
        4.125125086645561,
        -1.314627076159553,
        1.5
      ],
      "sample_forward": [
        -0.8056722036423303,
        -0.45555403722105065,
        -0.37863282933432096
      ],
      "height": 1.5
    },
    "sample_target": [
      4.125125086645561,
      -1.314627076159553,
      1.5
    ],
    "camera_params": {
      "forward": [
        -0.8056722036423303,
        -0.45555403722105065,
        -0.37863282933432096
      ]
    },
    "task_type": "absolute_positioning",
    "task_description": "Move to any position 1.7m from plant",
    "target_object": {
      "label": "plant",
      "id": "69",
      "bbox_min": [
        2.1300217003105155,
        -2.7110754913285455,
        -4.16789306427745e-08
      ],
      "bbox_max": [
        3.2476368996894847,
        -1.5424381086714545,
        1.6500000416789309
      ],
      "center": [
        2.6888293,
        -2.1267568,
        0.8250000000000001
      ]
    }
  },
  {
    "scene_id": "0241_840879",
    "object_label": "plant",
    "preset": "closer",
    "distance": 2.26147646654242,
    "init_camera": {
      "intrinsics": [
        [
          320.0,
          0.0,
          320.0
        ],
        [
          0.0,
          320.0,
          240.0
        ],
        [
          0.0,
          0.0,
          1.0
        ]
      ],
      "extrinsics": [
        [
          -0.6427876096865395,
          -0.20699094987715264,
          0.7375492088684111,
          0.5734155980013491
        ],
        [
          -0.7660444431189779,
          0.1736860296989537,
          -0.6188772691365787,
          -0.3517139428655667
        ],
        [
          0.0,
          -0.9628021134980793,
          -0.2702074947954474,
          1.6
        ],
        [
          0.0,
          0.0,
          0.0,
          1.0
        ]
      ]
    },
    "target_region": {
      "type": "point",
      "params": {
        "delta": 0.5,
        "start_position": [
          0.5734155980013491,
          -0.3517139428655667,
          1.6
        ],
        "sample_distance": 2.26147646654242,
        "min_distance": 1.6500000833578616,
        "min_distance_enforced": false
      },
      "sample_point": [
        0.9564378195608381,
        -0.6731077477088364,
        1.6
      ],
      "sample_forward": [
        0.7246723496262204,
        -0.6080723012957346,
        -0.3241883126889712
      ],
      "height": 1.6
    },
    "sample_target": [
      0.9564378195608381,
      -0.6731077477088364,
      1.6
    ],
    "camera_params": {
      "forward": [
        0.7246723496262204,
        -0.6080723012957346,
        -0.3241883126889712
      ]
    },
    "task_type": "delta_control",
    "task_description": "Move 0.5m toward plant",
    "target_object": {
      "label": "plant",
      "id": "69",
      "bbox_min": [
        2.1300217003105155,
        -2.7110754913285455,
        -4.16789306427745e-08
      ],
      "bbox_max": [
        3.2476368996894847,
        -1.5424381086714545,
        1.6500000416789309
      ],
      "center": [
        2.6888293,
        -2.1267568,
        0.8250000000000001
      ]
    }
  },
  {
    "scene_id": "0241_840879",
    "object_label": "plant",
    "preset": "closer",
    "distance": 2.06147646654242,
    "init_camera": {
      "intrinsics": [
        [
          320.0,
          0.0,
          320.0
        ],
        [
          0.0,
          320.0,
          240.0
        ],
        [
          0.0,
          0.0,
          1.0
        ]
      ],
      "extrinsics": [
        [
          -0.6427876096865395,
          -0.20699094987715264,
          0.7375492088684111,
          0.5734155980013491
        ],
        [
          -0.7660444431189779,
          0.1736860296989537,
          -0.6188772691365787,
          -0.3517139428655667
        ],
        [
          0.0,
          -0.9628021134980793,
          -0.2702074947954474,
          1.6
        ],
        [
          0.0,
          0.0,
          0.0,
          1.0
        ]
      ]
    },
    "target_region": {
      "type": "point",
