[
  {
    "scene_id": "0318_840523",
    "object_label": "wardrobe",
    "preset": "occupancy_20",
    "distance": 7.892189395068699,
    "init_camera": {
      "intrinsics": [
        [
          320.0,
          0.0,
          320.0
        ],
        [
          0.0,
          320.0,
          240.0
        ],
        [
          0.0,
          0.0,
          1.0
        ]
      ],
      "extrinsics": [
        [
          0.17364817766693025,
          0.15301373461200657,
          -0.9728479364284229,
          2.5249759455627734
        ],
        [
          0.9848077530122081,
          -0.026980449831061442,
          0.17153933931888438,
          4.039529377726085
        ],
        [
          -0.0,
          -0.9878556839675522,
          -0.15537421810905436,
          1.6
        ],
        [
          0.0,
          0.0,
          0.0,
          1.0
        ]
      ]
    },
    "target_region": {
      "type": "circle",
      "params": {
        "center": [
          0.3335134097594524,
          4.425943350000001
        ],
        "radius": 7.892189395068699,
        "object_center": [
          0.3335134097594524,
          4.425943350000001,
          1.2499999997268036
        ],
        "object_height": 2.5000000005463927,
        "occupancy_ratio": 0.2,
        "fov_vertical": 90.0,
        "sample_distance": 7.892189395068699,
        "min_distance": 2.5000000005463927
      },
      "sample_point": [
        -5.316528436979441,
        9.936268256730473,
        1.5
      ],
      "sample_forward": [
        0.7155440649326563,
        -0.6978497486947545,
        -0.03166100734844965
      ],
      "height": 1.5
    },
    "sample_target": [
      -5.316528436979441,
      9.936268256730473,
      1.5
    ],
    "camera_params": {
      "forward": [
        0.7155440649326563,
        -0.6978497486947545,
        -0.03166100734844965
      ]
    },
    "task_type": "screen_occupancy",
    "task_description": "Position where wardrobe occupies 20% of vertical FOV",
    "target_object": {
      "label": "wardrobe",
      "id": "100",
      "bbox_min": [
        -0.20074318102060557,
        3.615941334607761,
        -5.463925845106132e-10
      ],
      "bbox_max": [
        0.8677700005395103,
        5.23594536539224,
        2.5
      ],
      "center": [
        0.3335134097594523,
        4.425943350000001,
        1.2499999997268036
      ]
    }
  },
  {
    "scene_id": "0318_840523",
    "object_label": "wardrobe",
    "preset": "occupancy_30",
    "distance": 5.2066247137509665,
    "init_camera": {
      "intrinsics": [
        [
          320.0,
          0.0,
          320.0
        ],
        [
          0.0,
          320.0,
          240.0
        ],
        [
          0.0,
          0.0,
          1.0
        ]
      ],
      "extrinsics": [
        [
          0.17364817766693025,
          0.15301373461200657,
          -0.9728479364284229,
          2.5249759455627734
        ],
        [
          0.9848077530122081,
          -0.026980449831061442,
          0.17153933931888438,
          4.039529377726085
        ],
        [
          -0.0,
          -0.9878556839675522,
          -0.15537421810905436,
          1.6
        ],
        [
          0.0,
          0.0,
          0.0,
          1.0
        ]
      ]
    },
    "target_region": {
      "type": "circle",
      "params": {
        "center": [
          0.3335134097594524,
          4.425943350000001
        ],
        "radius": 5.2066247137509665,
        "object_center": [
          0.3335134097594524,
          4.425943350000001,
          1.2499999997268036
        ],
        "object_height": 2.5000000005463927,
        "occupancy_ratio": 0.3,
        "fov_vertical": 90.0,
        "sample_distance": 5.2066247137509665,
        "min_distance": 2.5000000005463927
      },
      "sample_point": [
        5.509857664576695,
        4.986658130849283,
        1.5
      ],
      "sample_forward": [
        -0.993040169811048,
        -0.1075686379768794,
        -0.04796049692657508
      ],
      "height": 1.5
    },
    "sample_target": [
      5.509857664576695,
      4.986658130849283,
      1.5
    ],
    "camera_params": {
      "forward": [
        -0.993040169811048,
        -0.1075686379768794,
        -0.04796049692657508
      ]
    },
    "task_type": "screen_occupancy",
    "task_description": "Position where wardrobe occupies 30% of vertical FOV",
    "target_object": {
      "label": "wardrobe",
      "id": "100",
      "bbox_min": [
        -0.20074318102060557,
        3.615941334607761,
        -5.463925845106132e-10
      ],
      "bbox_max": [
        0.8677700005395103,
        5.23594536539224,
        2.5
      ],
      "center": [
        0.3335134097594523,
        4.425943350000001,
        1.2499999997268036
      ]
    }
  },
  {
    "scene_id": "0318_840523",
    "object_label": "wardrobe",
    "preset": "occupancy_50",
    "distance": 3.017766953625923,
    "init_camera": {
      "intrinsics": [
        [
          320.0,
          0.0,
          320.0
        ],
        [
          0.0,
          320.0,
          240.0
        ],
        [
          0.0,
          0.0,
          1.0
        ]
      ],
      "extrinsics": [
        [
          0.17364817766693025,
          0.15301373461200657,
          -0.9728479364284229,
          2.5249759455627734
        ],
        [
          0.9848077530122081,
          -0.026980449831061442,
          0.17153933931888438,
          4.039529377726085
        ],
        [
          -0.0,
          -0.9878556839675522,
          -0.15537421810905436,
          1.6
        ],
        [
          0.0,
          0.0,
          0.0,
          1.0
        ]
      ]
    },
    "target_region": {
      "type": "circle",
      "params": {
        "center": [
          0.3335134097594524,
          4.425943350000001
        ],
        "radius": 3.017766953625923,
        "object_center": [
          0.3335134097594524,
          4.425943350000001,
          1.2499999997268036
        ],
        "object_height": 2.5000000005463927,
        "occupancy_ratio": 0.5,
        "fov_vertical": 90.0,
        "sample_distance": 3.017766953625923,
        "min_distance": 2.5000000005463927
      },
      "sample_point": [
        2.8307512024522263,
        2.731623193375637,
        1.5
      ],
      "sample_forward": [
        -0.8246867706815542,
        0.5595315842791725,
        -0.08255989617767831
      ],
      "height": 1.5
    },
    "sample_target": [
      2.8307512024522263,
      2.731623193375637,
      1.5
    ],
    "camera_params": {
      "forward": [
        -0.8246867706815542,
        0.5595315842791725,
        -0.08255989617767831
      ]
    },
    "task_type": "screen_occupancy",
    "task_description": "Position where wardrobe occupies 50% of vertical FOV",
    "target_object": {
      "label": "wardrobe",
      "id": "100",
      "bbox_min": [
        -0.20074318102060557,
        3.615941334607761,
        -5.463925845106132e-10
      ],
      "bbox_max": [
        0.8677700005395103,
        5.23594536539224,
        2.5
      ],
      "center": [
        0.3335134097594523,
        4.425943350000001,
        1.2499999997268036
      ]
    }
  },
  {
    "scene_id": "0318_840523",
    "object_label": "wardrobe",
    "preset": "occupancy_20",
    "distance": 7.892189395068699,
    "init_camera": {
      "intrinsics": [
        [
          320.0,
          0.0,
          320.0
        ],
        [
          0.0,
          320.0,
          240.0
        ],
        [
          0.0,
          0.0,
          1.0
        ]
      ],
      "extrinsics": [
        [
          0.0,
          0.15537421810905436,
          -0.9878556839675519,
          2.5587827875647617
        ],
        [
          1.0,
          -0.0,
          0.0,
          4.425943350000001
        ],
        [
          -0.0,
          -0.9878556839675521,
          -0.15537421810905433,
          1.6
        ],
        [
          0.0,
          0.0,
          0.0,
          1.0
        ]
      ]
    },
    "target_region": {
      "type": "circle",
      "params": {
        "center": [
          0.3335134097594524,
          4.425943350000001
        ],
        "radius": 7.892189395068699,
        "object_center": [
          0.3335134097594524,
          4.425943350000001,
          1.2499999997268036
        ],
        "object_height": 2.5000000005463927,
        "occupancy_ratio": 0.2,
        "fov_vertical": 90.0,
        "sample_distance": 7.892189395068699,
        "min_distance": 2.5000000005463927
      },
      "sample_point": [
        7.404925184062007,
        7.930481688481979,
        1.5
      ],
      "sample_forward": [
        -0.89555207962178,
        -0.44382885586539605,
        -0.03166100734844965
      ],
      "height": 1.5
    },
    "sample_target": [
      7.404925184062007,
      7.930481688481979,
      1.5
    ],
    "camera_params": {
      "forward": [
        -0.89555207962178,
        -0.44382885586539605,
        -0.03166100734844965
      ]
    },
    "task_type": "screen_occupancy",
    "task_description": "Position where wardrobe occupies 20% of vertical FOV",
    "target_object": {
      "label": "wardrobe",
      "id": "100",
      "bbox_min": [
        -0.20074318102060557,
        3.615941334607761,
        -5.463925845106132e-10
      ],
      "bbox_max": [
        0.8677700005395103,
        5.23594536539224,
        2.5
      ],
      "center": [
        0.3335134097594523,
        4.425943350000001,
        1.2499999997268036
      ]
    }
  },
  {
    "scene_id": "0318_840523",
    "object_label": "wardrobe",
    "preset": "occupancy_30",
    "distance": 5.2066247137509665,
    "init_camera": {
      "intrinsics": [
        [
          320.0,
          0.0,
          320.0
        ],
        [
          0.0,
          320.0,
          240.0
        ],
        [
          0.0,
          0.0,
          1.0
        ]
      ],
      "extrinsics": [
        [
          0.0,
          0.15537421810905436,
          -0.9878556839675519,
          2.5587827875647617
        ],
        [
          1.0,
          -0.0,
          0.0,
          4.425943350000001
        ],
        [
          -0.0,
          -0.9878556839675521,
          -0.15537421810905433,
          1.6
        ],
        [
          0.0,
          0.0,
          0.0,
          1.0
        ]
      ]
    },
    "target_region": {
      "type": "circle",
      "params": {
        "center": [
          0.3335134097594524,
          4.425943350000001
        ],
        "radius": 5.2066247137509665,
        "object_center": [
          0.3335134097594524,
          4.425943350000001,
          1.2499999997268036
        ],
        "object_height": 2.5000000005463927,
        "occupancy_ratio": 0.3,
        "fov_vertical": 90.0,
        "sample_distance": 5.2066247137509665,
        "min_distance": 2.5000000005463927
      },
      "sample_point": [
        2.944868851080957,
        -0.0784726686335917,
        1.5
      ],
      "sample_forward": [
        -0.5009676179233303,
        0.8641361215264525,
        -0.04796049692657508
      ],
      "height": 1.5
    },
    "sample_target": [
      2.944868851080957,
      -0.0784726686335917,
      1.5
    ],
    "camera_params": {
      "forward": [
        -0.5009676179233303,
        0.8641361215264525,
        -0.04796049692657508
      ]
    },
    "task_type": "screen_occupancy",
    "task_description": "Position where wardrobe occupies 30% of vertical FOV",
    "target_object": {
      "label": "wardrobe",
      "id": "100",
      "bbox_min": [
        -0.20074318102060557,
        3.615941334607761,
        -5.463925845106132e-10
      ],
      "bbox_max": [
        0.8677700005395103,
        5.23594536539224,
        2.5
      ],
      "center": [
        0.3335134097594523,
        4.425943350000001,
        1.2499999997268036
      ]
    }
  },
  {
    "scene_id": "0318_840523",
    "object_label": "wardrobe",
    "preset": "occupancy_50",
    "distance": 3.017766953625923,
    "init_camera": {
      "intrinsics": [
        [
          320.0,
          0.0,
          320.0
        ],
        [
          0.0,
          320.0,
          240.0
        ],
        [
          0.0,
          0.0,
          1.0
        ]
      ],
      "extrinsics": [
        [
          0.0,
          0.15537421810905436,
          -0.9878556839675519,
          2.5587827875647617
        ],
        [
          1.0,
          -0.0,
          0.0,
          4.425943350000001
        ],
        [
          -0.0,
          -0.9878556839675521,
          -0.15537421810905433,
          1.6
        ],
        [
          0.0,
          0.0,
          0.0,
          1.0
        ]
      ]
    },
    "target_region": {
      "type": "circle",
      "params": {
        "center": [
          0.3335134097594524,
          4.425943350000001
        ],
        "radius": 3.017766953625923,
        "object_center": [
          0.3335134097594524,
          4.425943350000001,
          1.2499999997268036
        ],
        "object_height": 2.5000000005463927,
        "occupancy_ratio": 0.5,
        "fov_vertical": 90.0,
        "sample_distance": 3.017766953625923,
        "min_distance": 2.5000000005463927
      },
      "sample_point": [
        3.0913273581458003,
        5.651251316383305,
        1.5
      ],
      "sample_forward": [
        -0.9107393320292771,
        -0.4046451935189605,
        -0.08255989617767831
      ],
      "height": 1.5
    },
    "sample_target": [
      3.0913273581458003,
      5.651251316383305,
      1.5
    ],
    "camera_params": {
      "forward": [
        -0.9107393320292771,
        -0.4046451935189605,
        -0.08255989617767831
      ]
    },
    "task_type": "screen_occupancy",
    "task_description": "Position where wardrobe occupies 50% of vertical FOV",
    "target_object": {
      "label": "wardrobe",
      "id": "100",
      "bbox_min": [
        -0.20074318102060557,
        3.615941334607761,
        -5.463925845106132e-10
      ],
      "bbox_max": [
        0.8677700005395103,
        5.23594536539224,
        2.5
      ],
      "center": [
        0.3335134097594523,
        4.425943350000001,
        1.2499999997268036
      ]
    }
  },
  {
    "scene_id": "0318_840523",
    "object_label": "wardrobe",
    "preset": "occupancy_30",
    "distance": 5.2066247137509665,
    "init_camera": {
      "intrinsics": [
        [
          320.0,
          0.0,
          320.0
        ],
        [
          0.0,
          320.0,
          240.0
        ],
        [
          0.0,
          0.0,
          1.0
        ]
      ],
      "extrinsics": [
        [
          0.34202014332566943,
          0.1460040062174586,
          -0.9282806966257247,
          2.4245826233439507
        ],
        [
          0.9396926207859082,
          -0.053141112346772594,
          0.3378665426156593,
          3.6648563984648055
        ],
        [
          -0.0,
          -0.9878556839675521,
          -0.15537421810905433,
          1.6
        ],
        [
          0.0,
          0.0,
          0.0,
          1.0
        ]
      ]
    },
    "target_region": {
      "type": "circle",
      "params": {
        "center": [
          0.3335134097594524,
          4.425943350000001
        ],
        "radius": 5.2066247137509665,
        "object_center": [
          0.3335134097594524,
          4.425943350000001,
          1.2499999997268036
        ],
        "object_height": 2.5000000005463927,
        "occupancy_ratio": 0.3,
        "fov_vertical": 90.0,
        "sample_distance": 5.2066247137509665,
        "min_distance": 2.5000000005463927
      },
      "sample_point": [
        -1.7870457085130982,
        -0.329282189945868,
        1.5
      ],
      "sample_forward": [
        0.40681227585356716,
        0.9122519185780851,
        -0.04796049692657508
      ],
      "height": 1.5
    },
    "sample_target": [
      -1.7870457085130982,
      -0.329282189945868,
      1.5
    ],
    "camera_params": {
      "forward": [
        0.40681227585356716,
        0.9122519185780851,
        -0.04796049692657508
      ]
    },
    "task_type": "screen_occupancy",
    "task_description": "Position where wardrobe occupies 30% of vertical FOV",
    "target_object": {
      "label": "wardrobe",
      "id": "100",
      "bbox_min": [
        -0.20074318102060557,
        3.615941334607761,
        -5.463925845106132e-10
      ],
      "bbox_max": [
        0.8677700005395103,
        5.23594536539224,
        2.5
      ],
      "center": [
        0.3335134097594523,
        4.425943350000001,
        1.2499999997268036
      ]
    }
  },
  {
    "scene_id": "0318_840523",
    "object_label": "wardrobe",
    "preset": "occupancy_50",
    "distance": 3.017766953625923,
    "init_camera": {
      "intrinsics": [
        [
          320.0,
          0.0,
          320.0
        ],
        [
          0.0,
          320.0,
          240.0
        ],
        [
          0.0,
          0.0,
          1.0
        ]
      ],
      "extrinsics": [
        [
          0.34202014332566943,
          0.1460040062174586,
          -0.9282806966257247,
          2.4245826233439507
        ],
        [
          0.9396926207859082,
          -0.053141112346772594,
          0.3378665426156593,
          3.6648563984648055
        ],
        [
          -0.0,
          -0.9878556839675521,
          -0.15537421810905433,
          1.6
        ],
        [
          0.0,
          0.0,
          0.0,
          1.0
        ]
      ]
    },
    "target_region": {
      "type": "circle",
      "params": {
        "center": [
          0.3335134097594524,
          4.425943350000001
        ],
        "radius": 3.017766953625923,
        "object_center": [
          0.3335134097594524,
          4.425943350000001,
          1.2499999997268036
        ],
        "object_height": 2.5000000005463927,
        "occupancy_ratio": 0.5,
        "fov_vertical": 90.0,
        "sample_distance": 3.017766953625923,
        "min_distance": 2.5000000005463927
      },
      "sample_point": [
        2.991137822216881,
        5.85561109766272,
        1.5
      ],
      "sample_forward": [
        -0.8776527813279082,
        -0.47213288274649734,
        -0.08255989617767831
      ],
      "height": 1.5
    },
    "sample_target": [
      2.991137822216881,
      5.85561109766272,
      1.5
    ],
    "camera_params": {
      "forward": [
        -0.8776527813279082,
        -0.47213288274649734,
        -0.08255989617767831
      ]
    },
    "task_type": "screen_occupancy",
    "task_description": "Position where wardrobe occupies 50% of vertical FOV",
    "target_object": {
      "label": "wardrobe",
      "id": "100",
      "bbox_min": [
        -0.20074318102060557,
        3.615941334607761,
        -5.463925845106132e-10
      ],
      "bbox_max": [
        0.8677700005395103,
        5.23594536539224,
        2.5
      ],
      "center": [
        0.3335134097594523,
        4.425943350000001,
        1.2499999997268036
      ]
    }
  },
  {
    "scene_id": "0318_840523",
    "object_label": "wardrobe",
    "preset": "occupancy_20",
    "distance": 7.892189395068699,
    "init_camera": {
      "intrinsics": [
        [
          320.0,
          0.0,
          320.0
        ],
        [
          0.0,
          320.0,
          240.0
        ],
        [
          0.0,
          0.0,
          1.0
        ]
      ],
      "extrinsics": [
        [
          0.5000000000000006,
          0.16706701539415572,
          -0.8497579728177245,
          1.8752252589138438
        ],
        [
          0.8660254037844384,
          -0.0964561863105233,
          0.4906079943523446,
          3.535835598877876
        ],
        [
          -0.0,
          -0.9812159887046882,
          -0.19291237262104638,
          1.6
        ],
        [
          0.0,
          0.0,
          0.0,
          1.0
        ]
      ]
    },
    "target_region": {
      "type": "circle",
      "params": {
        "center": [
          0.3335134097594524,
          4.425943350000001
        ],
        "radius": 7.892189395068699,
        "object_center": [
          0.3335134097594524,
          4.425943350000001,
          1.2499999997268036
        ],
        "object_height": 2.5000000005463927,
        "occupancy_ratio": 0.2,
        "fov_vertical": 90.0,
        "sample_distance": 7.892189395068699,
        "min_distance": 2.5000000005463927
      },
      "sample_point": [
        -5.838677430649294,
        -0.49246225316137426,
        1.5
      ],
      "sample_forward": [
        0.7816711173626609,
        0.6228867030967115,
        -0.03166100734844965
      ],
      "height": 1.5
    },
    "sample_target": [
      -5.838677430649294,
      -0.49246225316137426,
      1.5
    ],
    "camera_params": {
      "forward": [
        0.7816711173626609,
        0.6228867030967115,
        -0.03166100734844965
      ]
    },
    "task_type": "screen_occupancy",
    "task_description": "Position where wardrobe occupies 20% of vertical FOV",
    "target_object": {
      "label": "wardrobe",
      "id": "100",
      "bbox_min": [
        -0.20074318102060557,
        3.615941334607761,
        -5.463925845106132e-10
      ],
      "bbox_max": [
        0.8677700005395103,
        5.23594536539224,
        2.5
      ],
      "center": [
        0.3335134097594523,
        4.425943350000001,
        1.2499999997268036
      ]
    }
  },
  {
    "scene_id": "0318_840523",
    "object_label": "wardrobe",
    "preset": "occupancy_30",
    "distance": 5.2066247137509665,
    "init_camera": {
      "intrinsics": [
        [
          320.0,
          0.0,
          320.0
        ],
        [
          0.0,
          320.0,
          240.0
        ],
        [
          0.0,
          0.0,
          1.0
        ]
      ],
      "extrinsics": [
        [
          0.5000000000000006,
          0.16706701539415572,
          -0.8497579728177245,
          1.8752252589138438
        ],
        [
          0.8660254037844384,
          -0.0964561863105233,
          0.4906079943523446,
          3.535835598877876
        ],
        [
          -0.0,
          -0.9812159887046882,
          -0.19291237262104638,
          1.6
        ],
        [
          0.0,
          0.0,
          0.0,
          1.0
        ]
      ]
    },
    "target_region": {
      "type": "circle",
      "params": {
        "center": [
          0.3335134097594524,
          4.425943350000001
        ],
        "radius": 5.2066247137509665,
        "object_center": [
          0.3335134097594524,
          4.425943350000001,
          1.2499999997268036
        ],
        "object_height": 2.5000000005463927,
        "occupancy_ratio": 0.3,
        "fov_vertical": 90.0,
        "sample_distance": 5.2066247137509665,
        "min_distance": 2.5000000005463927
      },
      "sample_point": [
        -2.2735543029835767,
        -0.08095567826934413,
        1.5
      ],
      "sample_forward": [
        0.5001450515509895,
        0.8646124670299487,
        -0.04796049692657508
      ],
      "height": 1.5
    },
    "sample_target": [
      -2.2735543029835767,
      -0.08095567826934413,
      1.5
    ],
    "camera_params": {
      "forward": [
        0.5001450515509895,
        0.8646124670299487,
        -0.04796049692657508
      ]
    },
    "task_type": "screen_occupancy",
    "task_description": "Position where wardrobe occupies 30% of vertical FOV",
    "target_object": {
      "label": "wardrobe",
      "id": "100",
      "bbox_min": [
        -0.20074318102060557,
        3.615941334607761,
        -5.463925845106132e-10
      ],
      "bbox_max": [
        0.8677700005395103,
        5.23594536539224,
        2.5
      ],
      "center": [
        0.3335134097594523,
        4.425943350000001,
        1.2499999997268036
      ]
    }
  },
  {
    "scene_id": "0318_840523",
    "object_label": "wardrobe",
    "preset": "occupancy_50",
    "distance": 3.017766953625923,
    "init_camera": {
      "intrinsics": [
        [
          320.0,
          0.0,
          320.0
        ],
        [
          0.0,
          320.0,
          240.0
        ],
        [
          0.0,
          0.0,
          1.0
        ]
      ],
      "extrinsics": [
        [
          0.5000000000000006,
          0.16706701539415572,
          -0.8497579728177245,
          1.8752252589138438
        ],
        [
          0.8660254037844384,
          -0.0964561863105233,
          0.4906079943523446,
          3.535835598877876
        ],
        [
          -0.0,
          -0.9812159887046882,
          -0.19291237262104638,
          1.6
        ],
        [
          0.0,
          0.0,
          0.0,
          1.0
        ]
      ]
    },
    "target_region": {
      "type": "circle",
      "params": {
        "center": [
          0.3335134097594524,
          4.425943350000001
        ],
        "radius": 3.017766953625923,
        "object_center": [
          0.3335134097594524,
          4.425943350000001,
          1.2499999997268036
        ],
        "object_height": 2.5000000005463927,
        "occupancy_ratio": 0.5,
        "fov_vertical": 90.0,
        "sample_distance": 3.017766953625923,
        "min_distance": 2.5000000005463927
      },
      "sample_point": [
        3.28842759716066,
        3.813244785050038,
        1.5
      ],
      "sample_forward": [
        -0.9758296330367972,
        0.20233731942081443,
        -0.08255989617767832
      ],
      "height": 1.5
    },
    "sample_target": [
      3.28842759716066,
      3.813244785050038,
      1.5
    ],
    "camera_params": {
      "forward": [
        -0.9758296330367972,
        0.20233731942081443,
        -0.08255989617767832
      ]
    },
    "task_type": "screen_occupancy",
    "task_description": "Position where wardrobe occupies 50% of vertical FOV",
    "target_object": {
      "label": "wardrobe",
      "id": "100",
      "bbox_min": [
        -0.20074318102060557,
        3.615941334607761,
        -5.463925845106132e-10
      ],
      "bbox_max": [
        0.8677700005395103,
        5.23594536539224,
        2.5
      ],
      "center": [
        0.3335134097594523,
        4.425943350000001,
        1.2499999997268036
      ]
    }
  },
  {
    "scene_id": "0318_840523",
    "object_label": "wardrobe",
    "preset": "occupancy_20",
    "distance": 7.892189395068699,
    "init_camera": {
      "intrinsics": [
        [
          320.0,
          0.0,
          320.0
        ],
        [
          0.0,
          320.0,
          240.0
        ],
        [
          0.0,
          0.0,
          1.0
        ]
      ],
      "extrinsics": [
        [
          0.17364817766693025,
          0.18998160020918653,
          -0.966309113055916,
          2.086683438402109
        ],
        [
          0.9848077530122081,
          -0.033498881955048514,
          0.1703863683362243,
          4.116812172180868
        ],
        [
          -0.0,
          -0.9812159887046882,
          -0.1929123726210464,
          1.6
        ],
        [
          0.0,
          0.0,
          0.0,
          1.0
        ]
      ]
    },
    "target_region": {
      "type": "circle",
      "params": {
        "center": [
          0.3335134097594524,
          4.425943350000001
        ],
        "radius": 7.892189395068699,
        "object_center": [
          0.3335134097594524,
          4.425943350000001,
          1.2499999997268036
        ],
        "object_height": 2.5000000005463927,
        "occupancy_ratio": 0.2,
        "fov_vertical": 90.0,
        "sample_distance": 7.892189395068699,
        "min_distance": 2.5000000005463927
      },
      "sample_point": [
        -2.518444672708518,
        11.784814767784146,
        1.5
      ],
      "sample_forward": [
        0.36118346283125913,
        -0.9319571271206106,
        -0.03166100734844965
      ],
      "height": 1.5
    },
    "sample_target": [
      -2.518444672708518,
      11.784814767784146,
      1.5
    ],
    "camera_params": {
      "forward": [
        0.36118346283125913,
        -0.9319571271206106,
        -0.03166100734844965
      ]
    },
    "task_type": "screen_occupancy",
    "task_description": "Position where wardrobe occupies 20% of vertical FOV",
    "target_object": {
      "label": "wardrobe",
      "id": "100",
      "bbox_min": [
        -0.20074318102060557,
        3.615941334607761,
        -5.463925845106132e-10
      ],
      "bbox_max": [
        0.8677700005395103,
        5.23594536539224,
        2.5
      ],
      "center": [
        0.3335134097594523,
        4.425943350000001,
        1.2499999997268036
      ]
    }
  },
  {
    "scene_id": "0318_840523",
    "object_label": "wardrobe",
    "preset": "occupancy_30",
    "distance": 5.2066247137509665,
    "init_camera": {
      "intrinsics": [
        [
          320.0,
          0.0,
          320.0
        ],
        [
          0.0,
          320.0,
          240.0
        ],
        [
          0.0,
          0.0,
          1.0
        ]
      ],
      "extrinsics": [
        [
          0.17364817766693025,
          0.18998160020918653,
          -0.966309113055916,
          2.086683438402109
        ],
        [
          0.9848077530122081,
          -0.033498881955048514,
          0.1703863683362243,
          4.116812172180868
        ],
        [
          -0.0,
          -0.9812159887046882,
          -0.1929123726210464,
          1.6
        ],
        [
          0.0,
          0.0,
          0.0,
          1.0
        ]
      ]
    },
    "target_region": {
      "type": "circle",
      "params": {
        "center": [
          0.3335134097594524,
          4.425943350000001
        ],
        "radius": 5.2066247137509665,
        "object_center": [
          0.3335134097594524,
          4.425943350000001,
          1.2499999997268036
        ],
        "object_height": 2.5000000005463927,
        "occupancy_ratio": 0.3,
        "fov_vertical": 90.0,
        "sample_distance": 5.2066247137509665,
        "min_distance": 2.5000000005463927
      },
      "sample_point": [
        1.6501858428164395,
        -0.6114482978540874,
        1.5
      ],
      "sample_forward": [
        -0.2525930564397131,
        0.9663832255233944,
        -0.04796049692657508
      ],
      "height": 1.5
    },
    "sample_target": [
      1.6501858428164395,
      -0.6114482978540874,
      1.5
    ],
    "camera_params": {
      "forward": [
        -0.2525930564397131,
        0.9663832255233944,
        -0.04796049692657508
      ]
    },
    "task_type": "screen_occupancy",
    "task_description": "Position where wardrobe occupies 30% of vertical FOV",
    "target_object": {
      "label": "wardrobe",
      "id": "100",
      "bbox_min": [
        -0.20074318102060557,
        3.615941334607761,
        -5.463925845106132e-10
      ],
      "bbox_max": [
        0.8677700005395103,
        5.23594536539224,
        2.5
      ],
      "center": [
        0.3335134097594523,
        4.425943350000001,
        1.2499999997268036
      ]
    }
  },
  {
    "scene_id": "0318_840523",
    "object_label": "wardrobe",
    "preset": "occupancy_50",
    "distance": 3.017766953625923,
    "init_camera": {
      "intrinsics": [
        [
          320.0,
          0.0,
          320.0
        ],
        [
          0.0,
          320.0,
          240.0
        ],
        [
          0.0,
          0.0,
          1.0
        ]
      ],
      "extrinsics": [
        [
          0.17364817766693025,
          0.18998160020918653,
          -0.966309113055916,
          2.086683438402109
        ],
        [
          0.9848077530122081,
          -0.033498881955048514,
          0.1703863683362243,
          4.116812172180868
        ],
        [
          -0.0,
          -0.9812159887046882,
          -0.1929123726210464,
          1.6
        ],
        [
          0.0,
          0.0,
          0.0,
          1.0
        ]
      ]
    },
    "target_region": {
      "type": "circle",
      "params": {
        "center": [
          0.3335134097594524,
          4.425943350000001
        ],
        "radius": 3.017766953625923,
        "object_center": [
          0.3335134097594524,
          4.425943350000001,
          1.2499999997268036
        ],
        "object_height": 2.5000000005463927,
        "occupancy_ratio": 0.5,
        "fov_vertical": 90.0,
        "sample_distance": 3.017766953625923,
        "min_distance": 2.5000000005463927
      },
      "sample_point": [
        -1.9914800305807236,
        6.3498255939982755,
        1.5
      ],
      "sample_forward": [
        0.7678048673540262,
        -0.6353420725960128,
        -0.08255989617767831
      ],
      "height": 1.5
    },
    "sample_target": [
      -1.9914800305807236,
      6.3498255939982755,
      1.5
    ],
    "camera_params": {
      "forward": [
        0.7678048673540262,
        -0.6353420725960128,
        -0.08255989617767831
      ]
    },
    "task_type": "screen_occupancy",
    "task_description": "Position where wardrobe occupies 50% of vertical FOV",
    "target_object": {
      "label": "wardrobe",
      "id": "100",
      "bbox_min": [
        -0.20074318102060557,
        3.615941334607761,
        -5.463925845106132e-10
      ],
      "bbox_max": [
        0.8677700005395103,
        5.23594536539224,
        2.5
      ],
      "center": [
        0.3335134097594523,
        4.425943350000001,
        1.2499999997268036
      ]
    }
  },
  {
    "scene_id": "0318_840523",
    "object_label": "window",
    "preset": "occupancy_20",
    "distance": 5.682376390805824,
    "init_camera": {
      "intrinsics": [
        [
          320.0,
          0.0,
          320.0
        ],
        [
          0.0,
          320.0,
          240.0
        ],
        [
          0.0,
          0.0,
          1.0
        ]
      ],
      "extrinsics": [
        [
          0.5000000000000006,
          0.09169007887354205,
          -0.8611579004086086,
          -4.804748578433444
        ],
        [
          0.8660254037844384,
          -0.052937291719657595,
          0.49718974561568385,
          2.751740027371148
        ],
        [
          -0.0,
          -0.9943794912313667,
          -0.10587458343931508,
          1.6
        ],
        [
          0.0,
          0.0,
          0.0,
          1.0
        ]
      ]
    },
    "target_region": {
      "type": "circle",
      "params": {
        "center": [
          -6.4314995368487,
          3.6909451311166803
        ],
        "radius": 5.682376390805824,
        "object_center": [
          -6.4314995368487,
          3.6909451311166803,
          1.4
        ],
        "object_height": 1.8000000087422776,
        "occupancy_ratio": 0.2,
        "fov_vertical": 90.0,
        "sample_distance": 5.682376390805824,
        "min_distance": 1.8900004164471436
      },
      "sample_point": [
        -8.411933017996652,
        -1.6351495613888538,
        1.5
      ],
      "sample_forward": [
        0.3484680962506413,
        0.9371554740996594,
        -0.017595546609758036
      ],
      "height": 1.5
    },
    "sample_target": [
      -8.411933017996652,
      -1.6351495613888538,
      1.5
    ],
    "camera_params": {
      "forward": [
        0.3484680962506413,
        0.9371554740996594,
        -0.017595546609758036
      ]
    },
    "task_type": "screen_occupancy",
    "task_description": "Position where window occupies 20% of vertical FOV",
    "target_object": {
      "label": "window",
      "id": "106",
      "bbox_min": [
        -6.716499573697403,
        2.745944922893108,
        0.49999999562886116
      ],
      "bbox_max": [
        -6.146499499999998,
        4.635945339340251,
        2.300000004371139
      ],
      "center": [
        -6.431499536848701,
        3.6909451311166794,
        1.4
      ]
    }
  },
  {
    "scene_id": "0318_840523",
    "object_label": "window",
    "preset": "occupancy_30",
    "distance": 3.7487698112884793,
    "init_camera": {
      "intrinsics": [
        [
          320.0,
          0.0,
          320.0
        ],
        [
          0.0,
          320.0,
          240.0
        ],
        [
          0.0,
          0.0,
          1.0
        ]
      ],
      "extrinsics": [
        [
          0.5000000000000006,
          0.09169007887354205,
          -0.8611579004086086,
          -4.804748578433444
        ],
        [
          0.8660254037844384,
          -0.052937291719657595,
          0.49718974561568385,
          2.751740027371148
        ],
        [
          -0.0,
          -0.9943794912313667,
          -0.10587458343931508,
          1.6
        ],
        [
          0.0,
          0.0,
          0.0,
          1.0
        ]
      ]
    },
    "target_region": {
      "type": "circle",
      "params": {
        "center": [
          -6.4314995368487,
          3.6909451311166803
        ],
        "radius": 3.7487698112884793,
        "object_center": [
          -6.4314995368487,
          3.6909451311166803,
          1.4
        ],
        "object_height": 1.8000000087422776,
        "occupancy_ratio": 0.3,
        "fov_vertical": 90.0,
        "sample_distance": 3.7487698112884793,
        "min_distance": 1.8900004164471436
      },
      "sample_point": [
        -4.20251925644722,
        0.6768246943044418,
        1.5
      ],
      "sample_forward": [
        -0.5943783611684846,
        0.8037432997272672,
        -0.026665931789285575
      ],
      "height": 1.5
    },
    "sample_target": [
      -4.20251925644722,
      0.6768246943044418,
      1.5
    ],
    "camera_params": {
      "forward": [
        -0.5943783611684846,
        0.8037432997272672,
        -0.026665931789285575
      ]
    },
    "task_type": "screen_occupancy",
    "task_description": "Position where window occupies 30% of vertical FOV",
    "target_object": {
      "label": "window",
      "id": "106",
      "bbox_min": [
        -6.716499573697403,
        2.745944922893108,
        0.49999999562886116
      ],
      "bbox_max": [
        -6.146499499999998,
        4.635945339340251,
        2.300000004371139
      ],
      "center": [
        -6.431499536848701,
        3.6909451311166794,
        1.4
      ]
    }
  },
  {
    "scene_id": "0318_840523",
    "object_label": "window",
    "preset": "occupancy_20",
    "distance": 5.682376390805824,
    "init_camera": {
      "intrinsics": [
        [
          320.0,
          0.0,
          320.0
        ],
        [
          0.0,
          320.0,
          240.0
        ],
        [
          0.0,
          0.0,
          1.0
        ]
      ],
      "extrinsics": [
        [
          0.17364817766693044,
          0.129923677841502,
          -0.9761998506090297,
          -4.951601188309127
        ],
        [
          0.984807753012208,
          -0.022909049836331352,
          0.17213037222594488,
          3.4299991235632525
        ],
        [
          -0.0,
          -0.9912593068272973,
          -0.1319279599943314,
          1.6
        ],
        [
          0.0,
          0.0,
          0.0,
          1.0
        ]
      ]
    },
    "target_region": {
      "type": "circle",
      "params": {
        "center": [
          -6.4314995368487,
          3.6909451311166803
        ],
        "radius": 5.682376390805824,
        "object_center": [
          -6.4314995368487,
          3.6909451311166803,
          1.4
        ],
        "object_height": 1.8000000087422776,
        "occupancy_ratio": 0.2,
        "fov_vertical": 90.0,
        "sample_distance": 5.682376390805824,
        "min_distance": 1.8900004164471436
      },
      "sample_point": [
        -9.855648570457,
