[
  {
    "scene_id": "0243_840916",
    "object_label": "fireplace",
    "preset": "occupancy_20",
    "distance": 2.367656836435874,
    "init_camera": {
      "intrinsics": [
        [
          320.0,
          0.0,
          320.0
        ],
        [
          0.0,
          320.0,
          240.0
        ],
        [
          0.0,
          0.0,
          1.0
        ]
      ],
      "extrinsics": [
        [
          -0.3420201433256689,
          -0.392274371002952,
          0.8538987290151727,
          -0.28990609199166495
        ],
        [
          -0.9396926207859082,
          0.14277619471057168,
          -0.31079372043926506,
          2.1855751829416277
        ],
        [
          0.0,
          -0.9087000473633792,
          -0.41744966633331093,
          0.850000002919458
        ],
        [
          0.0,
          0.0,
          0.0,
          1.0
        ]
      ]
    },
    "target_region": {
      "type": "circle",
      "params": {
        "center": [
          0.6817126,
          1.8319349000000003
        ],
        "radius": 2.367656836435874,
        "object_center": [
          0.6817126,
          1.8319349000000003,
          0.375
        ],
        "object_height": 0.750000005838916,
        "occupancy_ratio": 0.2,
        "fov_vertical": 90.0,
        "sample_distance": 2.367656836435874,
        "min_distance": 1.2000000243050981
      },
      "sample_point": [
        -1.5711285766727876,
        1.1035767958993454,
        1.5
      ],
      "sample_forward": [
        0.8594234608204541,
        0.2778571561210982,
        -0.42916979831261337
      ],
      "height": 1.5
    },
    "sample_target": [
      -1.5711285766727876,
      1.1035767958993454,
      1.5
    ],
    "camera_params": {
      "forward": [
        0.8594234608204541,
        0.2778571561210982,
        -0.42916979831261337
      ]
    },
    "task_type": "screen_occupancy",
    "task_description": "Position where fireplace occupies 20% of vertical FOV",
    "target_object": {
      "label": "fireplace",
      "id": "85",
      "bbox_min": [
        0.4817160847731668,
        1.231934887847451,
        -2.9194579838076607e-09
      ],
      "bbox_max": [
        0.8817091152268332,
        2.431934912152549,
        0.750000002919458
      ],
      "center": [
        0.6817126,
        1.8319349,
        0.375
      ]
    }
  },
  {
    "scene_id": "0243_840916",
    "object_label": "fireplace",
    "preset": "occupancy_30",
    "distance": 1.5619874259443243,
    "init_camera": {
      "intrinsics": [
        [
          320.0,
          0.0,
          320.0
        ],
        [
          0.0,
          320.0,
          240.0
        ],
        [
          0.0,
          0.0,
          1.0
        ]
      ],
      "extrinsics": [
        [
          -0.3420201433256689,
          -0.392274371002952,
          0.8538987290151727,
          -0.28990609199166495
        ],
        [
          -0.9396926207859082,
          0.14277619471057168,
          -0.31079372043926506,
          2.1855751829416277
        ],
        [
          0.0,
          -0.9087000473633792,
          -0.41744966633331093,
          0.850000002919458
        ],
        [
          0.0,
          0.0,
          0.0,
          1.0
        ]
      ]
    },
    "target_region": {
      "type": "circle",
      "params": {
        "center": [
          0.6817126,
          1.8319349000000003
        ],
        "radius": 1.5619874259443243,
        "object_center": [
          0.6817126,
          1.8319349000000003,
          0.375
        ],
        "object_height": 0.750000005838916,
        "occupancy_ratio": 0.3,
        "fov_vertical": 90.0,
        "sample_distance": 1.5619874259443243,
        "min_distance": 1.2000000243050981
      },
      "sample_point": [
        -0.5002805724454007,
        0.8108096094011272,
        1.5
      ],
      "sample_forward": [
        0.6140386069402055,
        0.5304686740732487,
        -0.5844309839612384
      ],
      "height": 1.5
    },
    "sample_target": [
      -0.5002805724454007,
      0.8108096094011272,
      1.5
    ],
    "camera_params": {
      "forward": [
        0.6140386069402055,
        0.5304686740732487,
        -0.5844309839612384
      ]
    },
    "task_type": "screen_occupancy",
    "task_description": "Position where fireplace occupies 30% of vertical FOV",
    "target_object": {
      "label": "fireplace",
      "id": "85",
      "bbox_min": [
        0.4817160847731668,
        1.231934887847451,
        -2.9194579838076607e-09
      ],
      "bbox_max": [
        0.8817091152268332,
        2.431934912152549,
        0.750000002919458
      ],
      "center": [
        0.6817126,
        1.8319349,
        0.375
      ]
    }
  },
  {
    "scene_id": "0243_840916",
    "object_label": "fireplace",
    "preset": "front",
    "distance": 1.5,
    "init_camera": {
      "intrinsics": [
        [
          320.0,
          0.0,
          320.0
        ],
        [
          0.0,
          320.0,
          240.0
        ],
        [
          0.0,
          0.0,
          1.0
        ]
      ],
      "extrinsics": [
        [
          0.6427876096865393,
          -0.3814716390795524,
          0.6643067645383607,
          0.04805594814016123
        ],
        [
          -0.7660444431189781,
          -0.3200927116562448,
          0.5574195611127105,
          1.3002338371313793
        ],
        [
          0.0,
          -0.8671908927811177,
          -0.4979758583279797,
          0.850000002919458
        ],
        [
          0.0,
          0.0,
          0.0,
          1.0
        ]
      ]
    },
    "target_region": {
      "type": "circle",
      "params": {
        "center": [
          0.6817126,
          1.8319349000000003
        ],
        "radius": 1.5,
        "object_center": [
          0.6817126,
          1.8319349000000003,
          0.375
        ],
        "sample_distance": 1.5,
        "min_distance": 1.2000000243050981,
        "requested_distance": 1.5
      },
      "sample_point": [
        2.1535897081918165,
        1.5428366841962762,
        1.5
      ],
      "sample_forward": [
        -0.7850011243689687,
        0.1541857150953195,
        -0.6
      ],
      "height": 1.5
    },
    "sample_target": [
      2.1535897081918165,
      1.5428366841962762,
      1.5
    ],
    "camera_params": {
      "forward": [
        -0.7850011243689687,
        0.1541857150953195,
        -0.6
      ]
    },
    "task_type": "absolute_positioning",
    "task_description": "Move to any position 1.5m from fireplace",
    "target_object": {
      "label": "fireplace",
      "id": "85",
      "bbox_min": [
        0.4817160847731668,
        1.231934887847451,
        -2.9194579838076607e-09
      ],
      "bbox_max": [
        0.8817091152268332,
        2.431934912152549,
        0.750000002919458
      ],
      "center": [
        0.6817126,
        1.8319349,
        0.375
      ]
    }
  },
  {
    "scene_id": "0243_840916",
    "object_label": "fireplace",
    "preset": "occupancy_20",
    "distance": 2.367656836435874,
    "init_camera": {
      "intrinsics": [
        [
          320.0,
          0.0,
          320.0
        ],
        [
          0.0,
          320.0,
          240.0
        ],
        [
          0.0,
          0.0,
          1.0
        ]
      ],
      "extrinsics": [
        [
          0.6427876096865393,
          -0.3814716390795524,
          0.6643067645383607,
          0.04805594814016123
        ],
        [
          -0.7660444431189781,
          -0.3200927116562448,
          0.5574195611127105,
          1.3002338371313793
        ],
        [
          0.0,
          -0.8671908927811177,
          -0.4979758583279797,
          0.850000002919458
        ],
        [
          0.0,
          0.0,
          0.0,
          1.0
        ]
      ]
    },
    "target_region": {
      "type": "circle",
      "params": {
        "center": [
          0.6817126,
          1.8319349000000003
        ],
        "radius": 2.367656836435874,
        "object_center": [
          0.6817126,
          1.8319349000000003,
          0.375
        ],
        "object_height": 0.750000005838916,
        "occupancy_ratio": 0.2,
        "fov_vertical": 90.0,
        "sample_distance": 2.367656836435874,
        "min_distance": 1.2000000243050981
      },
      "sample_point": [
        2.9677245179605825,
        1.215535349332002,
        1.5
      ],
      "sample_forward": [
        -0.8720775766856654,
        0.23514672963570693,
        -0.42916979831261337
      ],
      "height": 1.5
    },
    "sample_target": [
      2.9677245179605825,
      1.215535349332002,
      1.5
    ],
    "camera_params": {
      "forward": [
        -0.8720775766856654,
        0.23514672963570693,
        -0.42916979831261337
      ]
    },
    "task_type": "screen_occupancy",
    "task_description": "Position where fireplace occupies 20% of vertical FOV",
    "target_object": {
      "label": "fireplace",
      "id": "85",
      "bbox_min": [
        0.4817160847731668,
        1.231934887847451,
        -2.9194579838076607e-09
      ],
      "bbox_max": [
        0.8817091152268332,
        2.431934912152549,
        0.750000002919458
      ],
      "center": [
        0.6817126,
        1.8319349,
        0.375
      ]
    }
  },
  {
    "scene_id": "0243_840916",
    "object_label": "fireplace",
    "preset": "occupancy_20",
    "distance": 2.367656836435874,
    "init_camera": {
      "intrinsics": [
        [
          320.0,
          0.0,
          320.0
        ],
        [
          0.0,
          320.0,
          240.0
        ],
        [
          0.0,
          0.0,
          1.0
        ]
      ],
      "extrinsics": [
        [
          -0.6427876096865395,
          -0.3197849971765043,
          0.6961046217446686,
          -0.11035821482479835
        ],
        [
          -0.7660444431189779,
          0.2683314731868324,
          -0.5841011313667517,
          2.4965612285857763
        ],
        [
          0.0,
          -0.9087000473633791,
          -0.41744966633331093,
          0.850000002919458
        ],
        [
          0.0,
          0.0,
          0.0,
          1.0
        ]
      ]
    },
    "target_region": {
      "type": "circle",
      "params": {
        "center": [
          0.6817126,
          1.8319349000000003
        ],
        "radius": 2.367656836435874,
        "object_center": [
          0.6817126,
          1.8319349000000003,
          0.375
        ],
        "object_height": 0.750000005838916,
        "occupancy_ratio": 0.2,
        "fov_vertical": 90.0,
        "sample_distance": 2.367656836435874,
        "min_distance": 1.2000000243050981
      },
      "sample_point": [
        1.5408246758878619,
        -0.37435731459560495,
        1.5
      ],
      "sample_forward": [
        -0.3277377389659771,
        0.8416657642281643,
        -0.42916979831261326
      ],
      "height": 1.5
    },
    "sample_target": [
      1.5408246758878619,
      -0.37435731459560495,
      1.5
    ],
    "camera_params": {
      "forward": [
        -0.3277377389659771,
        0.8416657642281643,
        -0.42916979831261326
      ]
    },
    "task_type": "screen_occupancy",
    "task_description": "Position where fireplace occupies 20% of vertical FOV",
    "target_object": {
      "label": "fireplace",
      "id": "85",
      "bbox_min": [
        0.4817160847731668,
        1.231934887847451,
        -2.9194579838076607e-09
      ],
      "bbox_max": [
        0.8817091152268332,
        2.431934912152549,
        0.750000002919458
      ],
      "center": [
        0.6817126,
        1.8319349,
        0.375
      ]
    }
  },
  {
    "scene_id": "0243_840916",
    "object_label": "fireplace",
    "preset": "occupancy_30",
    "distance": 1.5619874259443243,
    "init_camera": {
      "intrinsics": [
        [
          320.0,
          0.0,
          320.0
        ],
        [
          0.0,
          320.0,
          240.0
        ],
        [
          0.0,
          0.0,
          1.0
        ]
      ],
      "extrinsics": [
        [
          -0.6427876096865395,
          -0.3197849971765043,
          0.6961046217446686,
          -0.11035821482479835
        ],
        [
          -0.7660444431189779,
          0.2683314731868324,
          -0.5841011313667517,
          2.4965612285857763
        ],
        [
          0.0,
          -0.9087000473633791,
          -0.41744966633331093,
          0.850000002919458
        ],
        [
          0.0,
          0.0,
          0.0,
          1.0
        ]
      ]
    },
    "target_region": {
      "type": "circle",
      "params": {
        "center": [
          0.6817126,
          1.8319349000000003
        ],
        "radius": 1.5619874259443243,
        "object_center": [
          0.6817126,
          1.8319349000000003,
          0.375
        ],
        "object_height": 0.750000005838916,
        "occupancy_ratio": 0.3,
        "fov_vertical": 90.0,
        "sample_distance": 1.5619874259443243,
        "min_distance": 1.2000000243050981
      },
      "sample_point": [
        1.7165929136884486,
        3.0019038975158634,
        1.5
      ],
      "sample_forward": [
        -0.5376143288987155,
        -0.6077921177087462,
        -0.5844309839612384
      ],
      "height": 1.5
    },
    "sample_target": [
      1.7165929136884486,
      3.0019038975158634,
      1.5
    ],
    "camera_params": {
      "forward": [
        -0.5376143288987155,
        -0.6077921177087462,
        -0.5844309839612384
      ]
    },
    "task_type": "screen_occupancy",
    "task_description": "Position where fireplace occupies 30% of vertical FOV",
    "target_object": {
      "label": "fireplace",
      "id": "85",
      "bbox_min": [
        0.4817160847731668,
        1.231934887847451,
        -2.9194579838076607e-09
      ],
      "bbox_max": [
        0.8817091152268332,
        2.431934912152549,
        0.750000002919458
      ],
      "center": [
        0.6817126,
        1.8319349,
        0.375
      ]
    }
  },
  {
    "scene_id": "0243_840916",
    "object_label": "fireplace",
    "preset": "occupancy_20",
    "distance": 2.367656836435874,
    "init_camera": {
      "intrinsics": [
        [
          320.0,
          0.0,
          320.0
        ],
        [
          0.0,
          320.0,
          240.0
        ],
        [
          0.0,
          0.0,
          1.0
        ]
      ],
      "extrinsics": [
        [
          0.6427876096865393,
          -0.31978499717650444,
          0.6961046217446688,
          -0.11035821482479846
        ],
        [
          -0.7660444431189781,
          -0.26833147318683237,
          0.5841011313667515,
          1.1673085714142242
        ],
        [
          0.0,
          -0.9087000473633792,
          -0.417449666333311,
          0.850000002919458
        ],
        [
          0.0,
          0.0,
          0.0,
          1.0
        ]
      ]
    },
    "target_region": {
      "type": "circle",
      "params": {
        "center": [
          0.6817126,
          1.8319349000000003
        ],
        "radius": 2.367656836435874,
        "object_center": [
          0.6817126,
          1.8319349000000003,
          0.375
        ],
        "object_height": 0.750000005838916,
        "occupancy_ratio": 0.2,
        "fov_vertical": 90.0,
        "sample_distance": 2.367656836435874,
        "min_distance": 1.2000000243050981
      },
      "sample_point": [
        2.987032359195624,
        2.3716567755838622,
        1.5
      ],
      "sample_forward": [
        -0.8794432143111718,
        -0.20589540310153903,
        -0.42916979831261326
      ],
      "height": 1.5
    },
    "sample_target": [
      2.987032359195624,
      2.3716567755838622,
      1.5
    ],
    "camera_params": {
      "forward": [
        -0.8794432143111718,
        -0.20589540310153903,
        -0.42916979831261326
      ]
    },
    "task_type": "screen_occupancy",
    "task_description": "Position where fireplace occupies 20% of vertical FOV",
    "target_object": {
      "label": "fireplace",
      "id": "85",
      "bbox_min": [
        0.4817160847731668,
        1.231934887847451,
        -2.9194579838076607e-09
      ],
      "bbox_max": [
        0.8817091152268332,
        2.431934912152549,
        0.750000002919458
      ],
      "center": [
        0.6817126,
        1.8319349,
        0.375
      ]
    }
  },
  {
    "scene_id": "0243_840916",
    "object_label": "fireplace",
    "preset": "occupancy_30",
    "distance": 1.5619874259443243,
    "init_camera": {
      "intrinsics": [
        [
          320.0,
          0.0,
          320.0
        ],
        [
          0.0,
          320.0,
          240.0
        ],
        [
          0.0,
          0.0,
          1.0
        ]
      ],
      "extrinsics": [
        [
          0.6427876096865393,
          -0.31978499717650444,
          0.6961046217446688,
          -0.11035821482479846
        ],
        [
          -0.7660444431189781,
          -0.26833147318683237,
          0.5841011313667515,
          1.1673085714142242
        ],
        [
          0.0,
          -0.9087000473633792,
          -0.417449666333311,
          0.850000002919458
        ],
        [
          0.0,
          0.0,
          0.0,
          1.0
        ]
      ]
    },
    "target_region": {
      "type": "circle",
      "params": {
        "center": [
          0.6817126,
          1.8319349000000003
        ],
        "radius": 1.5619874259443243,
        "object_center": [
          0.6817126,
          1.8319349000000003,
          0.375
        ],
        "object_height": 0.750000005838916,
        "occupancy_ratio": 0.3,
        "fov_vertical": 90.0,
        "sample_distance": 1.5619874259443243,
        "min_distance": 1.2000000243050981
      },
      "sample_point": [
        1.8649561500623464,
        0.8122587651198945,
        1.5
      ],
      "sample_forward": [
        -0.6146881708699785,
        0.5297158460709089,
        -0.5844309839612383
      ],
      "height": 1.5
    },
    "sample_target": [
      1.8649561500623464,
      0.8122587651198945,
      1.5
    ],
    "camera_params": {
      "forward": [
        -0.6146881708699785,
        0.5297158460709089,
        -0.5844309839612383
      ]
    },
    "task_type": "screen_occupancy",
    "task_description": "Position where fireplace occupies 30% of vertical FOV",
    "target_object": {
      "label": "fireplace",
      "id": "85",
      "bbox_min": [
        0.4817160847731668,
        1.231934887847451,
        -2.9194579838076607e-09
      ],
      "bbox_max": [
        0.8817091152268332,
        2.431934912152549,
        0.750000002919458
      ],
      "center": [
        0.6817126,
        1.8319349,
        0.375
      ]
    }
  },
  {
    "scene_id": "0243_840916",
    "object_label": "fireplace",
    "preset": "occupancy_20",
    "distance": 2.367656836435874,
    "init_camera": {
      "intrinsics": [
        [
          320.0,
          0.0,
          320.0
        ],
        [
          0.0,
          320.0,
          240.0
        ],
        [
          0.0,
          0.0,
          1.0
        ]
      ],
      "extrinsics": [
        [
          0.7660444431189779,
          -0.26833147318683237,
          0.5841011313667516,
          0.017086271414223808
        ],
        [
          -0.6427876096865394,
          -0.3197849971765043,
          0.6961046217446686,
          1.0398640851752017
        ],
        [
          0.0,
          -0.9087000473633791,
          -0.41744966633331093,
          0.850000002919458
        ],
        [
          0.0,
          0.0,
          0.0,
          1.0
        ]
      ]
    },
    "target_region": {
      "type": "circle",
      "params": {
        "center": [
          0.6817126,
          1.8319349000000003
        ],
        "radius": 2.367656836435874,
        "object_center": [
          0.6817126,
          1.8319349000000003,
          0.375
        ],
        "object_height": 0.750000005838916,
        "occupancy_ratio": 0.2,
        "fov_vertical": 90.0,
        "sample_distance": 2.367656836435874,
        "min_distance": 1.2000000243050981
      },
      "sample_point": [
        -1.1429489788928624,
        3.3407122253975348,
        1.5
      ],
      "sample_forward": [
        0.6960796816019772,
        -0.5755748092795592,
        -0.42916979831261337
      ],
      "height": 1.5
    },
    "sample_target": [
      -1.1429489788928624,
      3.3407122253975348,
      1.5
    ],
    "camera_params": {
      "forward": [
        0.6960796816019772,
        -0.5755748092795592,
        -0.42916979831261337
      ]
    },
    "task_type": "screen_occupancy",
    "task_description": "Position where fireplace occupies 20% of vertical FOV",
    "target_object": {
      "label": "fireplace",
      "id": "85",
      "bbox_min": [
        0.4817160847731668,
        1.231934887847451,
        -2.9194579838076607e-09
      ],
      "bbox_max": [
        0.8817091152268332,
        2.431934912152549,
        0.750000002919458
      ],
      "center": [
        0.6817126,
        1.8319349,
        0.375
      ]
    }
  },
  {
    "scene_id": "0243_840916",
    "object_label": "fireplace",
    "preset": "occupancy_30",
    "distance": 1.5619874259443243,
    "init_camera": {
      "intrinsics": [
        [
          320.0,
          0.0,
          320.0
        ],
        [
          0.0,
          320.0,
          240.0
        ],
        [
          0.0,
          0.0,
          1.0
        ]
      ],
      "extrinsics": [
        [
          0.7660444431189779,
          -0.26833147318683237,
          0.5841011313667516,
          0.017086271414223808
        ],
        [
          -0.6427876096865394,
          -0.3197849971765043,
          0.6961046217446686,
          1.0398640851752017
        ],
        [
          0.0,
          -0.9087000473633791,
          -0.41744966633331093,
          0.850000002919458
        ],
        [
          0.0,
          0.0,
          0.0,
          1.0
        ]
      ]
    },
    "target_region": {
      "type": "circle",
      "params": {
        "center": [
          0.6817126,
          1.8319349000000003
        ],
        "radius": 1.5619874259443243,
        "object_center": [
          0.6817126,
          1.8319349000000003,
          0.375
        ],
        "object_height": 0.750000005838916,
        "occupancy_ratio": 0.3,
        "fov_vertical": 90.0,
        "sample_distance": 1.5619874259443243,
        "min_distance": 1.2000000243050981
      },
      "sample_point": [
        1.2842627028404154,
        0.3908456965239695,
        1.5
      ],
      "sample_forward": [
        -0.31302128843463944,
        0.7486374943674791,
        -0.5844309839612384
      ],
      "height": 1.5
    },
    "sample_target": [
      1.2842627028404154,
      0.3908456965239695,
      1.5
    ],
    "camera_params": {
      "forward": [
        -0.31302128843463944,
        0.7486374943674791,
        -0.5844309839612384
      ]
    },
    "task_type": "screen_occupancy",
    "task_description": "Position where fireplace occupies 30% of vertical FOV",
    "target_object": {
      "label": "fireplace",
      "id": "85",
      "bbox_min": [
        0.4817160847731668,
        1.231934887847451,
        -2.9194579838076607e-09
      ],
      "bbox_max": [
        0.8817091152268332,
        2.431934912152549,
        0.750000002919458
      ],
      "center": [
        0.6817126,
        1.8319349,
        0.375
      ]
    }
  },
  {
    "scene_id": "0243_840916",
    "object_label": "toilet",
    "preset": "left",
    "distance": 1.5,
    "init_camera": {
      "intrinsics": [
        [
          320.0,
          0.0,
          320.0
        ],
        [
          0.0,
          320.0,
          240.0
        ],
        [
          0.0,
          0.0,
          1.0
        ]
      ],
      "extrinsics": [
        [
          0.17364817766693025,
          0.5088445376173804,
          -0.8431628234984679,
          2.2656450024097663
        ],
        [
          0.9848077530122081,
          -0.08972302096806754,
          0.14867235491310912,
          -3.5030420421335444
        ],
        [
          -0.0,
          -0.8561699691330678,
          -0.516694284809385,
          0.8655919899902345
        ],
        [
          0.0,
          0.0,
          0.0,
          1.0
        ]
      ]
    },
    "target_region": {
      "type": "circle",
      "params": {
        "center": [
          1.4777988,
          -3.3641235000000003
        ],
        "radius": 1.5,
        "object_center": [
          1.4777988,
          -3.3641235000000003,
          0.382796
        ],
        "sample_distance": 1.5,
        "min_distance": 0.7655919799804689,
        "requested_distance": 1.5
      },
      "sample_point": [
        0.650716868115985,
        -4.6154969366491105,
        1.5
      ],
      "sample_forward": [
        0.44221110408352604,
        0.6690645844249936,
        -0.5973289891621195
      ],
      "height": 1.5
    },
    "sample_target": [
      0.650716868115985,
      -4.6154969366491105,
      1.5
    ],
    "camera_params": {
      "forward": [
        0.44221110408352604,
        0.6690645844249936,
        -0.5973289891621195
      ]
    },
    "task_type": "absolute_positioning",
    "task_description": "Move to any position 1.5m from toilet",
    "target_object": {
      "label": "toilet",
      "id": "97",
      "bbox_min": [
        1.1203037912715224,
        -3.5444105295535984,
        1.0009765617269296e-08
      ],
      "bbox_max": [
        1.8352938087284776,
        -3.183836470446402,
        0.7655919899902345
      ],
      "center": [
        1.4777988,
        -3.3641235000000003,
        0.382796
      ]
    }
  },
  {
    "scene_id": "0243_840916",
    "object_label": "toilet",
    "preset": "occupancy_20",
    "distance": 2.416878761612376,
    "init_camera": {
      "intrinsics": [
        [
          320.0,
          0.0,
          320.0
        ],
        [
          0.0,
          320.0,
          240.0
        ],
        [
          0.0,
          0.0,
          1.0
        ]
      ],
      "extrinsics": [
        [
          0.17364817766693025,
          0.5088445376173804,
          -0.8431628234984679,
          2.2656450024097663
        ],
        [
          0.9848077530122081,
          -0.08972302096806754,
          0.14867235491310912,
          -3.5030420421335444
        ],
        [
          -0.0,
          -0.8561699691330678,
          -0.516694284809385,
          0.8655919899902345
        ],
        [
          0.0,
          0.0,
          0.0,
          1.0
        ]
      ]
    },
    "target_region": {
      "type": "circle",
      "params": {
        "center": [
          1.4777988,
          -3.3641235000000003
        ],
        "radius": 2.416878761612376,
        "object_center": [
          1.4777988,
          -3.3641235000000003,
          0.382796
        ],
        "object_height": 0.7655919799804689,
        "occupancy_ratio": 0.2,
        "fov_vertical": 90.0,
        "sample_distance": 2.416878761612376,
        "min_distance": 0.7655919799804689
      },
      "sample_point": [
        -0.2630470841381427,
        -5.040655204445896,
        1.5
      ],
      "sample_forward": [
        0.6538138598825125,
        0.629659221925814,
        -0.419591111523241
      ],
      "height": 1.5
    },
    "sample_target": [
      -0.2630470841381427,
      -5.040655204445896,
      1.5
    ],
    "camera_params": {
      "forward": [
        0.6538138598825125,
        0.629659221925814,
        -0.419591111523241
      ]
    },
    "task_type": "screen_occupancy",
    "task_description": "Position where toilet occupies 20% of vertical FOV",
    "target_object": {
      "label": "toilet",
      "id": "97",
      "bbox_min": [
        1.1203037912715224,
        -3.5444105295535984,
        1.0009765617269296e-08
      ],
      "bbox_max": [
        1.8352938087284776,
        -3.183836470446402,
        0.7655919899902345
      ],
      "center": [
        1.4777988,
        -3.3641235000000003,
        0.382796
      ]
    }
  },
  {
    "scene_id": "0243_840916",
    "object_label": "toilet",
    "preset": "occupancy_30",
    "distance": 1.5944600490978573,
    "init_camera": {
      "intrinsics": [
        [
          320.0,
          0.0,
          320.0
        ],
        [
          0.0,
          320.0,
          240.0
        ],
        [
          0.0,
          0.0,
          1.0
        ]
      ],
      "extrinsics": [
        [
          0.17364817766693025,
          0.5088445376173804,
          -0.8431628234984679,
          2.2656450024097663
        ],
        [
          0.9848077530122081,
          -0.08972302096806754,
          0.14867235491310912,
          -3.5030420421335444
        ],
        [
          -0.0,
          -0.8561699691330678,
          -0.516694284809385,
          0.8655919899902345
        ],
        [
          0.0,
          0.0,
          0.0,
          1.0
        ]
      ]
    },
    "target_region": {
      "type": "circle",
      "params": {
        "center": [
          1.4777988,
          -3.3641235000000003
        ],
        "radius": 1.5944600490978573,
        "object_center": [
          1.4777988,
          -3.3641235000000003,
          0.382796
        ],
        "object_height": 0.7655919799804689,
        "occupancy_ratio": 0.3,
        "fov_vertical": 90.0,
        "sample_distance": 1.5944600490978573,
        "min_distance": 0.7655919799804689
      },
      "sample_point": [
        1.5977804461503085,
        -1.7741841134961613,
        1.5
      ],
      "sample_forward": [
        -0.06162679272075072,
        -0.816648780496647,
        -0.5738352618411426
      ],
      "height": 1.5
    },
    "sample_target": [
      1.5977804461503085,
      -1.7741841134961613,
      1.5
    ],
    "camera_params": {
      "forward": [
        -0.06162679272075072,
        -0.816648780496647,
        -0.5738352618411426
      ]
    },
    "task_type": "screen_occupancy",
    "task_description": "Position where toilet occupies 30% of vertical FOV",
    "target_object": {
      "label": "toilet",
      "id": "97",
      "bbox_min": [
        1.1203037912715224,
        -3.5444105295535984,
        1.0009765617269296e-08
      ],
      "bbox_max": [
        1.8352938087284776,
        -3.183836470446402,
        0.7655919899902345
      ],
      "center": [
        1.4777988,
        -3.3641235000000003,
        0.382796
      ]
    }
  },
  {
    "scene_id": "0243_840916",
    "object_label": "toilet",
    "preset": "closer",
    "distance": 0.7999999999999999,
    "init_camera": {
      "intrinsics": [
        [
          320.0,
          0.0,
          320.0
        ],
        [
          0.0,
          320.0,
          240.0
        ],
        [
          0.0,
          0.0,
          1.0
        ]
      ],
      "extrinsics": [
        [
          -0.1736481776669305,
          0.34285863063754607,
          -0.9231978497539414,
          2.7580488789158704
        ],
        [
          0.9848077530122081,
          0.06045522715015735,
          -0.1627846894436597,
          -3.1383808690329906
        ],
        [
          0.0,
          -0.9374396646758498,
          -0.34814777766406946,
          0.8655919899902345
        ],
        [
          0.0,
          0.0,
          0.0,
          1.0
        ]
      ]
    },
    "target_region": {
      "type": "point",
      "params": {
        "delta": 0.5,
        "start_position": [
          2.7580488789158704,
          -3.1383808690329906,
          0.8655919899902345
        ],
        "sample_distance": 0.7999999999999999,
        "min_distance": 0.7655919799804689,
        "min_distance_enforced": true
      },
      "sample_point": [
        2.2656450024097663,
        -3.2252049578664557,
        0.8655919899902345
      ],
      "sample_forward": [
        -0.8431628234984678,
        -0.14867235491310957,
        -0.5166942848093848
      ],
      "height": 0.8655919899902345
    },
    "sample_target": [
      2.2656450024097663,
      -3.2252049578664557,
      0.8655919899902345
    ],
    "camera_params": {
      "forward": [
        -0.8431628234984678,
        -0.14867235491310957,
        -0.5166942848093848
      ]
    },
    "task_type": "delta_control",
    "task_description": "Move 0.5m toward toilet",
    "target_object": {
      "label": "toilet",
      "id": "97",
      "bbox_min": [
        1.1203037912715224,
        -3.5444105295535984,
        1.0009765617269296e-08
      ],
      "bbox_max": [
        1.8352938087284776,
        -3.183836470446402,
        0.7655919899902345
      ],
      "center": [
        1.4777988,
        -3.3641235000000003,
        0.382796
      ]
    }
  },
  {
    "scene_id": "0243_840916",
    "object_label": "toilet",
    "preset": "closer",
    "distance": 0.7655919799804688,
    "init_camera": {
      "intrinsics": [
        [
          320.0,
          0.0,
          320.0
        ],
        [
          0.0,
          320.0,
          240.0
        ],
        [
          0.0,
          0.0,
          1.0
        ]
      ],
      "extrinsics": [
        [
          -0.1736481776669305,
          0.34285863063754607,
          -0.9231978497539414,
          2.7580488789158704
        ],
        [
          0.9848077530122081,
          0.06045522715015735,
          -0.1627846894436597,
          -3.1383808690329906
        ],
        [
          0.0,
          -0.9374396646758498,
          -0.34814777766406946,
          0.8655919899902345
        ],
        [
          0.0,
          0.0,
          0.0,
          1.0
        ]
      ]
    },
    "target_region": {
      "type": "point",
      "params": {
        "delta": 0.7,
        "start_position": [
          2.7580488789158704,
          -3.1383808690329906,
          0.8655919899902345
        ],
        "sample_distance": 0.7655919799804688,
        "min_distance": 0.7655919799804689,
        "min_distance_enforced": true
      },
      "sample_point": [
        2.2317597175287327,
        -3.2311798478399747,
        0.8655919899902345
      ],
      "sample_forward": [
        -0.8330052781469522,
        -0.14688130560986734,
        -0.5334117440042534
      ],
      "height": 0.8655919899902345
    },
    "sample_target": [
      2.2317597175287327,
      -3.2311798478399747,
      0.8655919899902345
    ],
    "camera_params": {
      "forward": [
        -0.8330052781469522,
        -0.14688130560986734,
        -0.5334117440042534
      ]
    },
    "task_type": "delta_control",
    "task_description": "Move 0.7m toward toilet",
    "target_object": {
      "label": "toilet",
      "id": "97",
      "bbox_min": [
        1.1203037912715224,
        -3.5444105295535984,
        1.0009765617269296e-08
      ],
      "bbox_max": [
        1.8352938087284776,
        -3.183836470446402,
        0.7655919899902345
      ],
      "center": [
        1.4777988,
        -3.3641235000000003,
        0.382796
      ]
    }
  },
  {
    "scene_id": "0243_840916",
    "object_label": "toilet",
    "preset": "closer",
    "distance": 0.7655919799804688,
    "init_camera": {
      "intrinsics": [
        [
          320.0,
          0.0,
          320.0
        ],
        [
          0.0,
          320.0,
          240.0
        ],
        [
          0.0,
          0.0,
          1.0
        ]
      ],
      "extrinsics": [
        [
          -0.1736481776669305,
          0.34285863063754607,
          -0.9231978497539414,
          2.7580488789158704
        ],
        [
          0.9848077530122081,
          0.06045522715015735,
          -0.1627846894436597,
          -3.1383808690329906
        ],
        [
          0.0,
          -0.9374396646758498,
          -0.34814777766406946,
          0.8655919899902345
        ],
        [
          0.0,
          0.0,
          0.0,
          1.0
        ]
      ]
    },
    "target_region": {
      "type": "point",
      "params": {
        "delta": 1.0,
        "start_position": [
          2.7580488789158704,
          -3.1383808690329906,
          0.8655919899902345
        ],
        "sample_distance": 0.7655919799804688,
        "min_distance": 0.7655919799804689,
        "min_distance_enforced": true
      },
      "sample_point": [
        2.2317597175287327,
        -3.2311798478399747,
        0.8655919899902345
      ],
      "sample_forward": [
        -0.8330052781469522,
        -0.14688130560986734,
        -0.5334117440042534
      ],
      "height": 0.8655919899902345
    },
    "sample_target": [
      2.2317597175287327,
      -3.2311798478399747,
      0.8655919899902345
    ],
    "camera_params": {
      "forward": [
        -0.8330052781469522,
        -0.14688130560986734,
        -0.5334117440042534
      ]
    },
    "task_type": "delta_control",
    "task_description": "Move 1.0m toward toilet",
    "target_object": {
      "label": "toilet",
      "id": "97",
      "bbox_min": [
        1.1203037912715224,
        -3.5444105295535984,
        1.0009765617269296e-08
      ],
      "bbox_max": [
        1.8352938087284776,
        -3.183836470446402,
        0.7655919899902345
      ],
      "center": [
        1.4777988,
        -3.3641235000000003,
        0.382796
      ]
    }
  },
  {
    "scene_id": "0243_840916",
    "object_label": "toilet",
    "preset": "closer",
    "distance": 0.7655919799804688,
    "init_camera": {
      "intrinsics": [
        [
          320.0,
          0.0,
          320.0
        ],
        [
          0.0,
          320.0,
          240.0
        ],
        [
          0.0,
          0.0,
          1.0
        ]
      ],
      "extrinsics": [
        [
          -0.1736481776669305,
          0.34285863063754607,
          -0.9231978497539414,
          2.7580488789158704
        ],
        [
          0.9848077530122081,
          0.06045522715015735,
          -0.1627846894436597,
          -3.1383808690329906
        ],
        [
          0.0,
          -0.9374396646758498,
          -0.34814777766406946,
          0.8655919899902345
        ],
        [
          0.0,
          0.0,
          0.0,
          1.0
        ]
      ]
    },
    "target_region": {
      "type": "point",
      "params": {
        "delta": 1.5,
        "start_position": [
          2.7580488789158704,
          -3.1383808690329906,
          0.8655919899902345
        ],
        "sample_distance": 0.7655919799804688,
        "min_distance": 0.7655919799804689,
        "min_distance_enforced": true
      },
      "sample_point": [
        2.2317597175287327,
        -3.2311798478399747,
        0.8655919899902345
      ],
      "sample_forward": [
        -0.8330052781469522,
        -0.14688130560986734,
        -0.5334117440042534
      ],
      "height": 0.8655919899902345
    },
    "sample_target": [
      2.2317597175287327,
      -3.2311798478399747,
      0.8655919899902345
    ],
    "camera_params": {
      "forward": [
        -0.8330052781469522,
        -0.14688130560986734,
        -0.5334117440042534
      ]
    },
    "task_type": "delta_control",
    "task_description": "Move 1.5m toward toilet",
    "target_object": {
      "label": "toilet",
      "id": "97",
      "bbox_min": [
        1.1203037912715224,
        -3.5444105295535984,
        1.0009765617269296e-08
      ],
      "bbox_max": [
        1.8352938087284776,
        -3.183836470446402,
        0.7655919899902345
      ],
      "center": [
        1.4777988,
        -3.3641235000000003,
        0.382796
      ]
    }
  },
  {
