[
  {
    "scene_id": "0245_841008",
    "object_label": "shoe cabinet",
    "preset": "front",
    "distance": 2.3500000799999996,
    "init_camera": {
      "intrinsics": [
        [
          320.0,
          0.0,
          320.0
        ],
        [
          0.0,
          320.0,
          240.0
        ],
        [
          0.0,
          0.0,
          1.0
        ]
      ],
      "extrinsics": [
        [
          -0.8660254037844386,
          0.060952740336060685,
          -0.4962708569375447,
          3.615457044938422
        ],
        [
          0.5000000000000002,
          0.10557324312260993,
          -0.8595663385315727,
          -0.30098436770681714
        ],
        [
          0.0,
          -0.9925417138750892,
          -0.12190548067212131,
          1.6
        ],
        [
          0.0,
          0.0,
          0.0,
          1.0
        ]
      ]
    },
    "target_region": {
      "type": "circle",
      "params": {
        "center": [
          1.8853041999999998,
          -3.2976970000000008
        ],
        "radius": 2.3500000799999996,
        "object_center": [
          1.8853041999999998,
          -3.2976970000000008,
          1.1749999999999998
        ],
        "sample_distance": 2.3500000799999996,
        "min_distance": 2.3500000799999996,
        "requested_distance": 0.8
      },
      "sample_point": [
        4.234945682211942,
        -3.3387491749591183,
        1.5
      ],
      "sample_forward": [
        -0.9904207240532351,
        0.017304310106362745,
        -0.13699397876406186
      ],
      "height": 1.5
    },
    "sample_target": [
      4.234945682211942,
      -3.3387491749591183,
      1.5
    ],
    "camera_params": {
      "forward": [
        -0.9904207240532351,
        0.017304310106362745,
        -0.13699397876406186
      ]
    },
    "task_type": "absolute_positioning",
    "task_description": "Move to any position 2.4m from shoe cabinet",
    "target_object": {
      "label": "shoe cabinet",
      "id": "92",
      "bbox_min": [
        1.0603042,
        -3.481697,
        -3.999999989900971e-08
      ],
      "bbox_max": [
        2.7103042,
        -3.113697,
        2.35000004
      ],
      "center": [
        1.8853042,
        -3.2976970000000003,
        1.175
      ]
    }
  },
  {
    "scene_id": "0245_841008",
    "object_label": "shoe cabinet",
    "preset": "back",
    "distance": 2.3500000799999996,
    "init_camera": {
      "intrinsics": [
        [
          320.0,
          0.0,
          320.0
        ],
        [
          0.0,
          320.0,
          240.0
        ],
        [
          0.0,
          0.0,
          1.0
        ]
      ],
      "extrinsics": [
        [
          -0.8660254037844386,
          0.060952740336060685,
          -0.4962708569375447,
          3.615457044938422
        ],
        [
          0.5000000000000002,
          0.10557324312260993,
          -0.8595663385315727,
          -0.30098436770681714
        ],
        [
          0.0,
          -0.9925417138750892,
          -0.12190548067212131,
          1.6
        ],
        [
          0.0,
          0.0,
          0.0,
          1.0
        ]
      ]
    },
    "target_region": {
      "type": "circle",
      "params": {
        "center": [
          1.8853041999999998,
          -3.2976970000000008
        ],
        "radius": 2.3500000799999996,
        "object_center": [
          1.8853041999999998,
          -3.2976970000000008,
          1.1749999999999998
        ],
        "sample_distance": 2.3500000799999996,
        "min_distance": 2.3500000799999996,
        "requested_distance": 1.0
      },
      "sample_point": [
        -0.3997864562550322,
        -3.8462050388617417,
        1.5
      ],
      "sample_forward": [
        0.9632112641137166,
        0.23120707270074622,
        -0.13699397876406189
      ],
      "height": 1.5
    },
    "sample_target": [
      -0.3997864562550322,
      -3.8462050388617417,
      1.5
    ],
    "camera_params": {
      "forward": [
        0.9632112641137166,
        0.23120707270074622,
        -0.13699397876406189
      ]
    },
    "task_type": "absolute_positioning",
    "task_description": "Move to any position 2.4m from shoe cabinet",
    "target_object": {
      "label": "shoe cabinet",
      "id": "92",
      "bbox_min": [
        1.0603042,
        -3.481697,
        -3.999999989900971e-08
      ],
      "bbox_max": [
        2.7103042,
        -3.113697,
        2.35000004
      ],
      "center": [
        1.8853042,
        -3.2976970000000003,
        1.175
      ]
    }
  },
  {
    "scene_id": "0245_841008",
    "object_label": "shoe cabinet",
    "preset": "front",
    "distance": 2.3500000799999996,
    "init_camera": {
      "intrinsics": [
        [
          320.0,
          0.0,
          320.0
        ],
        [
          0.0,
          320.0,
          240.0
        ],
        [
          0.0,
          0.0,
          1.0
        ]
      ],
      "extrinsics": [
        [
          -0.8660254037844386,
          0.060952740336060685,
          -0.4962708569375447,
          3.615457044938422
        ],
        [
          0.5000000000000002,
          0.10557324312260993,
          -0.8595663385315727,
          -0.30098436770681714
        ],
        [
          0.0,
          -0.9925417138750892,
          -0.12190548067212131,
          1.6
        ],
        [
          0.0,
          0.0,
          0.0,
          1.0
        ]
      ]
    },
    "target_region": {
      "type": "circle",
      "params": {
        "center": [
          1.8853041999999998,
          -3.2976970000000008
        ],
        "radius": 2.3500000799999996,
        "object_center": [
          1.8853041999999998,
          -3.2976970000000008,
          1.1749999999999998
        ],
        "sample_distance": 2.3500000799999996,
        "min_distance": 2.3500000799999996,
        "requested_distance": 1.2
      },
      "sample_point": [
        3.7978039615514128,
        -1.9321037083989496,
        1.5
      ],
      "sample_forward": [
        -0.8061567745238386,
        -0.5756247950459682,
        -0.13699397876406189
      ],
      "height": 1.5
    },
    "sample_target": [
      3.7978039615514128,
      -1.9321037083989496,
      1.5
    ],
    "camera_params": {
      "forward": [
        -0.8061567745238386,
        -0.5756247950459682,
        -0.13699397876406189
      ]
    },
    "task_type": "absolute_positioning",
    "task_description": "Move to any position 2.4m from shoe cabinet",
    "target_object": {
      "label": "shoe cabinet",
      "id": "92",
      "bbox_min": [
        1.0603042,
        -3.481697,
        -3.999999989900971e-08
      ],
      "bbox_max": [
        2.7103042,
        -3.113697,
        2.35000004
      ],
      "center": [
        1.8853042,
        -3.2976970000000003,
        1.175
      ]
    }
  },
  {
    "scene_id": "0245_841008",
    "object_label": "shoe cabinet",
    "preset": "front",
    "distance": 2.3500000799999996,
    "init_camera": {
      "intrinsics": [
        [
          320.0,
          0.0,
          320.0
        ],
        [
          0.0,
          320.0,
          240.0
        ],
        [
          0.0,
          0.0,
          1.0
        ]
      ],
      "extrinsics": [
        [
          -0.8660254037844386,
          0.060952740336060685,
          -0.4962708569375447,
          3.615457044938422
        ],
        [
          0.5000000000000002,
          0.10557324312260993,
          -0.8595663385315727,
          -0.30098436770681714
        ],
        [
          0.0,
          -0.9925417138750892,
          -0.12190548067212131,
          1.6
        ],
        [
          0.0,
          0.0,
          0.0,
          1.0
        ]
      ]
    },
    "target_region": {
      "type": "circle",
      "params": {
        "center": [
          1.8853041999999998,
          -3.2976970000000008
        ],
        "radius": 2.3500000799999996,
        "object_center": [
          1.8853041999999998,
          -3.2976970000000008,
          1.1749999999999998
        ],
        "sample_distance": 2.3500000799999996,
        "min_distance": 2.3500000799999996,
        "requested_distance": 1.5
      },
      "sample_point": [
        3.7877963584165655,
        -4.677198345836054,
        1.5
      ],
      "sample_forward": [
        -0.801938370304348,
        0.5814873171583351,
        -0.13699397876406189
      ],
      "height": 1.5
    },
    "sample_target": [
      3.7877963584165655,
      -4.677198345836054,
      1.5
    ],
    "camera_params": {
      "forward": [
        -0.801938370304348,
        0.5814873171583351,
        -0.13699397876406189
      ]
    },
    "task_type": "absolute_positioning",
    "task_description": "Move to any position 2.4m from shoe cabinet",
    "target_object": {
      "label": "shoe cabinet",
      "id": "92",
      "bbox_min": [
        1.0603042,
        -3.481697,
        -3.999999989900971e-08
      ],
      "bbox_max": [
        2.7103042,
        -3.113697,
        2.35000004
      ],
      "center": [
        1.8853042,
        -3.2976970000000003,
        1.175
      ]
    }
  },
  {
    "scene_id": "0245_841008",
    "object_label": "shoe cabinet",
    "preset": "closer",
    "distance": 2.760305689876844,
    "init_camera": {
      "intrinsics": [
        [
          320.0,
          0.0,
          320.0
        ],
        [
          0.0,
          320.0,
          240.0
        ],
        [
          0.0,
          0.0,
          1.0
        ]
      ],
      "extrinsics": [
        [
          -0.8660254037844386,
          0.060952740336060685,
          -0.4962708569375447,
          3.615457044938422
        ],
        [
          0.5000000000000002,
          0.10557324312260993,
          -0.8595663385315727,
          -0.30098436770681714
        ],
        [
          0.0,
          -0.9925417138750892,
          -0.12190548067212131,
          1.6
        ],
        [
          0.0,
          0.0,
          0.0,
          1.0
        ]
      ]
    },
    "target_region": {
      "type": "point",
      "params": {
        "delta": 0.7,
        "start_position": [
          3.615457044938422,
          -0.30098436770681714,
          1.6
        ],
        "sample_distance": 2.760305689876844,
        "min_distance": 2.3500000799999996,
        "min_distance_enforced": false
      },
      "sample_point": [
        3.265457044938422,
        -0.907202150355924,
        1.6
      ],
      "sample_forward": [
        -0.49417676213705963,
        -0.8559392599412669,
        -0.1521752642676479
      ],
      "height": 1.6
    },
    "sample_target": [
      3.265457044938422,
      -0.907202150355924,
      1.6
    ],
    "camera_params": {
      "forward": [
        -0.49417676213705963,
        -0.8559392599412669,
        -0.1521752642676479
      ]
    },
    "task_type": "delta_control",
    "task_description": "Move 0.7m toward shoe cabinet",
    "target_object": {
      "label": "shoe cabinet",
      "id": "92",
      "bbox_min": [
        1.0603042,
        -3.481697,
        -3.999999989900971e-08
      ],
      "bbox_max": [
        2.7103042,
        -3.113697,
        2.35000004
      ],
      "center": [
        1.8853042,
        -3.2976970000000003,
        1.175
      ]
    }
  },
  {
    "scene_id": "0245_841008",
    "object_label": "shoe cabinet",
    "preset": "closer",
    "distance": 2.460305689876844,
    "init_camera": {
      "intrinsics": [
        [
          320.0,
          0.0,
          320.0
        ],
        [
          0.0,
          320.0,
          240.0
        ],
        [
          0.0,
          0.0,
          1.0
        ]
      ],
      "extrinsics": [
        [
          -0.8660254037844386,
          0.060952740336060685,
          -0.4962708569375447,
          3.615457044938422
        ],
        [
          0.5000000000000002,
          0.10557324312260993,
          -0.8595663385315727,
          -0.30098436770681714
        ],
        [
          0.0,
          -0.9925417138750892,
          -0.12190548067212131,
          1.6
        ],
        [
          0.0,
          0.0,
          0.0,
          1.0
        ]
      ]
    },
    "target_region": {
      "type": "point",
      "params": {
        "delta": 1.0,
        "start_position": [
          3.615457044938422,
          -0.30098436770681714,
          1.6
        ],
        "sample_distance": 2.460305689876844,
        "min_distance": 2.3500000799999996,
        "min_distance_enforced": false
      },
      "sample_point": [
        3.115457044938422,
        -1.1670097714912555,
        1.6
      ],
      "sample_forward": [
        -0.49270289397436356,
        -0.853386445399819,
        -0.17022171740747102
      ],
      "height": 1.6
    },
    "sample_target": [
      3.115457044938422,
      -1.1670097714912555,
      1.6
    ],
    "camera_params": {
      "forward": [
        -0.49270289397436356,
        -0.853386445399819,
        -0.17022171740747102
      ]
    },
    "task_type": "delta_control",
    "task_description": "Move 1.0m toward shoe cabinet",
    "target_object": {
      "label": "shoe cabinet",
      "id": "92",
      "bbox_min": [
        1.0603042,
        -3.481697,
        -3.999999989900971e-08
      ],
      "bbox_max": [
        2.7103042,
        -3.113697,
        2.35000004
      ],
      "center": [
        1.8853042,
        -3.2976970000000003,
        1.175
      ]
    }
  },
  {
    "scene_id": "0245_841008",
    "object_label": "shoe cabinet",
    "preset": "closer",
    "distance": 2.3500000799999996,
    "init_camera": {
      "intrinsics": [
        [
          320.0,
          0.0,
          320.0
        ],
        [
          0.0,
          320.0,
          240.0
        ],
        [
          0.0,
          0.0,
          1.0
        ]
      ],
      "extrinsics": [
        [
          -0.8660254037844386,
          0.060952740336060685,
          -0.4962708569375447,
          3.615457044938422
        ],
        [
          0.5000000000000002,
          0.10557324312260993,
          -0.8595663385315727,
          -0.30098436770681714
        ],
        [
          0.0,
          -0.9925417138750892,
          -0.12190548067212131,
          1.6
        ],
        [
          0.0,
          0.0,
          0.0,
          1.0
        ]
      ]
    },
    "target_region": {
      "type": "point",
      "params": {
        "delta": 1.5,
        "start_position": [
          3.615457044938422,
          -0.30098436770681714,
          1.6
        ],
        "sample_distance": 2.3500000799999996,
        "min_distance": 2.3500000799999996,
        "min_distance_enforced": true
      },
      "sample_point": [
        3.06030424,
        -1.2625372318245383,
        1.6
      ],
      "sample_forward": [
        -0.4920184877652803,
        -0.8522010190726712,
        -0.17796412781419502
      ],
      "height": 1.6
    },
    "sample_target": [
      3.06030424,
      -1.2625372318245383,
      1.6
    ],
    "camera_params": {
      "forward": [
        -0.4920184877652803,
        -0.8522010190726712,
        -0.17796412781419502
      ]
    },
    "task_type": "delta_control",
    "task_description": "Move 1.5m toward shoe cabinet",
    "target_object": {
      "label": "shoe cabinet",
      "id": "92",
      "bbox_min": [
        1.0603042,
        -3.481697,
        -3.999999989900971e-08
      ],
      "bbox_max": [
        2.7103042,
        -3.113697,
        2.35000004
      ],
      "center": [
        1.8853042,
        -3.2976970000000003,
        1.175
      ]
    }
  },
  {
    "scene_id": "0245_841008",
    "object_label": "shoe cabinet",
    "preset": "occupancy_20",
    "distance": 7.418658282293236,
    "init_camera": {
      "intrinsics": [
        [
          320.0,
          0.0,
          320.0
        ],
        [
          0.0,
          320.0,
          240.0
        ],
        [
          0.0,
          0.0,
          1.0
        ]
      ],
      "extrinsics": [
        [
          -0.8660254037844386,
          0.060952740336060685,
          -0.4962708569375447,
          3.615457044938422
        ],
        [
          0.5000000000000002,
          0.10557324312260993,
          -0.8595663385315727,
          -0.30098436770681714
        ],
        [
          0.0,
          -0.9925417138750892,
          -0.12190548067212131,
          1.6
        ],
        [
          0.0,
          0.0,
          0.0,
          1.0
        ]
      ]
    },
    "target_region": {
      "type": "circle",
      "params": {
        "center": [
          1.8853041999999998,
          -3.2976970000000008
        ],
        "radius": 7.418658282293236,
        "object_center": [
          1.8853041999999998,
          -3.2976970000000008,
          1.1749999999999998
        ],
        "object_height": 2.3500000799999996,
        "occupancy_ratio": 0.2,
        "fov_vertical": 90.0,
        "sample_distance": 7.418658282293236,
        "min_distance": 2.3500000799999996
      },
      "sample_point": [
        1.6157798634313956,
        -10.711457674680245,
        1.5
      ],
      "sample_forward": [
        0.03629579163466656,
        0.9983822466769561,
        -0.043766482950841346
      ],
      "height": 1.5
    },
    "sample_target": [
      1.6157798634313956,
      -10.711457674680245,
      1.5
    ],
    "camera_params": {
      "forward": [
        0.03629579163466656,
        0.9983822466769561,
        -0.043766482950841346
      ]
    },
    "task_type": "screen_occupancy",
    "task_description": "Position where shoe cabinet occupies 20% of vertical FOV",
    "target_object": {
      "label": "shoe cabinet",
      "id": "92",
      "bbox_min": [
        1.0603042,
        -3.481697,
        -3.999999989900971e-08
      ],
      "bbox_max": [
        2.7103042,
        -3.113697,
        2.35000004
      ],
      "center": [
        1.8853042,
        -3.2976970000000003,
        1.175
      ]
    }
  },
  {
    "scene_id": "0245_841008",
    "object_label": "shoe cabinet",
    "preset": "occupancy_30",
    "distance": 4.894227396468231,
    "init_camera": {
      "intrinsics": [
        [
          320.0,
          0.0,
          320.0
        ],
        [
          0.0,
          320.0,
          240.0
        ],
        [
          0.0,
          0.0,
          1.0
        ]
      ],
      "extrinsics": [
        [
          -0.8660254037844386,
          0.060952740336060685,
          -0.4962708569375447,
          3.615457044938422
        ],
        [
          0.5000000000000002,
          0.10557324312260993,
          -0.8595663385315727,
          -0.30098436770681714
        ],
        [
          0.0,
          -0.9925417138750892,
          -0.12190548067212131,
          1.6
        ],
        [
          0.0,
          0.0,
          0.0,
          1.0
        ]
      ]
    },
    "target_region": {
      "type": "circle",
      "params": {
        "center": [
          1.8853041999999998,
          -3.2976970000000008
        ],
        "radius": 4.894227396468231,
        "object_center": [
          1.8853041999999998,
          -3.2976970000000008,
          1.1749999999999998
        ],
        "object_height": 2.3500000799999996,
        "occupancy_ratio": 0.3,
        "fov_vertical": 90.0,
        "sample_distance": 4.894227396468231,
        "min_distance": 2.3500000799999996
      },
      "sample_point": [
        3.658648912598652,
        -7.859353534488168,
        1.5
      ],
      "sample_forward": [
        -0.3615377033059689,
        0.9300001376115815,
        -0.06625883435953987
      ],
      "height": 1.5
    },
    "sample_target": [
      3.658648912598652,
      -7.859353534488168,
      1.5
    ],
    "camera_params": {
      "forward": [
        -0.3615377033059689,
        0.9300001376115815,
        -0.06625883435953987
      ]
    },
    "task_type": "screen_occupancy",
    "task_description": "Position where shoe cabinet occupies 30% of vertical FOV",
    "target_object": {
      "label": "shoe cabinet",
      "id": "92",
      "bbox_min": [
        1.0603042,
        -3.481697,
        -3.999999989900971e-08
      ],
      "bbox_max": [
        2.7103042,
        -3.113697,
        2.35000004
      ],
      "center": [
        1.8853042,
        -3.2976970000000003,
        1.175
      ]
    }
  },
  {
    "scene_id": "0245_841008",
    "object_label": "shoe cabinet",
    "preset": "occupancy_20",
    "distance": 7.418658282293236,
    "init_camera": {
      "intrinsics": [
        [
          320.0,
          0.0,
          320.0
        ],
        [
          0.0,
          320.0,
          240.0
        ],
        [
          0.0,
          0.0,
          1.0
        ]
      ],
      "extrinsics": [
        [
          -0.8660254037844386,
          0.10219442004252899,
          -0.4894448901686187,
          2.9030411676108363
        ],
        [
          0.5000000000000001,
          0.17700592776369534,
          -0.8477434172770162,
          -1.5349248633569514
        ],
        [
          0.0,
          -0.9788897803372373,
          -0.2043888400850579,
          1.6
        ],
        [
          0.0,
          0.0,
          0.0,
          1.0
        ]
      ]
    },
    "target_region": {
      "type": "circle",
      "params": {
        "center": [
          1.8853041999999998,
          -3.2976970000000008
        ],
        "radius": 7.418658282293236,
        "object_center": [
          1.8853041999999998,
          -3.2976970000000008,
          1.1749999999999998
        ],
        "object_height": 2.3500000799999996,
        "occupancy_ratio": 0.2,
        "fov_vertical": 90.0,
        "sample_distance": 7.418658282293236,
        "min_distance": 2.3500000799999996
      },
      "sample_point": [
        8.865334544065192,
        -5.810796103769523,
        1.5
      ],
      "sample_forward": [
        -0.9399734739996439,
        0.33842925870431806,
        -0.043766482950841346
      ],
      "height": 1.5
    },
    "sample_target": [
      8.865334544065192,
      -5.810796103769523,
      1.5
    ],
    "camera_params": {
      "forward": [
        -0.9399734739996439,
        0.33842925870431806,
        -0.043766482950841346
      ]
    },
    "task_type": "screen_occupancy",
    "task_description": "Position where shoe cabinet occupies 20% of vertical FOV",
    "target_object": {
      "label": "shoe cabinet",
      "id": "92",
      "bbox_min": [
        1.0603042,
        -3.481697,
        -3.999999989900971e-08
      ],
      "bbox_max": [
        2.7103042,
        -3.113697,
        2.35000004
      ],
      "center": [
        1.8853042,
        -3.2976970000000003,
        1.175
      ]
    }
  },
  {
    "scene_id": "0245_841008",
    "object_label": "shoe cabinet",
    "preset": "occupancy_30",
    "distance": 4.894227396468231,
    "init_camera": {
      "intrinsics": [
        [
          320.0,
          0.0,
          320.0
        ],
        [
          0.0,
          320.0,
          240.0
        ],
        [
          0.0,
          0.0,
          1.0
        ]
      ],
      "extrinsics": [
        [
          -0.8660254037844386,
          0.10219442004252899,
          -0.4894448901686187,
          2.9030411676108363
        ],
        [
          0.5000000000000001,
          0.17700592776369534,
          -0.8477434172770162,
          -1.5349248633569514
        ],
        [
          0.0,
          -0.9788897803372373,
          -0.2043888400850579,
          1.6
        ],
        [
          0.0,
          0.0,
          0.0,
          1.0
        ]
      ]
    },
    "target_region": {
      "type": "circle",
      "params": {
        "center": [
          1.8853041999999998,
          -3.2976970000000008
        ],
        "radius": 4.894227396468231,
        "object_center": [
          1.8853041999999998,
          -3.2976970000000008,
          1.1749999999999998
        ],
        "object_height": 2.3500000799999996,
        "occupancy_ratio": 0.3,
        "fov_vertical": 90.0,
        "sample_distance": 4.894227396468231,
        "min_distance": 2.3500000799999996
      },
      "sample_point": [
        -2.3090238057838497,
        -5.8198140449123645,
        1.5
      ],
      "sample_forward": [
        0.8551116448763417,
        0.5141924169668318,
        -0.06625883435953986
      ],
      "height": 1.5
    },
    "sample_target": [
      -2.3090238057838497,
      -5.8198140449123645,
      1.5
    ],
    "camera_params": {
      "forward": [
        0.8551116448763417,
        0.5141924169668318,
        -0.06625883435953986
      ]
    },
    "task_type": "screen_occupancy",
    "task_description": "Position where shoe cabinet occupies 30% of vertical FOV",
    "target_object": {
      "label": "shoe cabinet",
      "id": "92",
      "bbox_min": [
        1.0603042,
        -3.481697,
        -3.999999989900971e-08
      ],
      "bbox_max": [
        2.7103042,
        -3.113697,
        2.35000004
      ],
      "center": [
        1.8853042,
        -3.2976970000000003,
        1.175
      ]
    }
  },
  {
    "scene_id": "0245_841008",
    "object_label": "shoe cabinet",
    "preset": "occupancy_50",
    "distance": 2.836701032356929,
    "init_camera": {
      "intrinsics": [
        [
          320.0,
          0.0,
          320.0
        ],
        [
          0.0,
          320.0,
          240.0
        ],
        [
          0.0,
          0.0,
          1.0
        ]
      ],
      "extrinsics": [
        [
          -0.8660254037844386,
          0.10219442004252899,
          -0.4894448901686187,
          2.9030411676108363
        ],
        [
          0.5000000000000001,
          0.17700592776369534,
          -0.8477434172770162,
          -1.5349248633569514
        ],
        [
          0.0,
          -0.9788897803372373,
          -0.2043888400850579,
          1.6
        ],
        [
          0.0,
          0.0,
          0.0,
          1.0
        ]
      ]
    },
    "target_region": {
      "type": "circle",
      "params": {
        "center": [
          1.8853041999999998,
          -3.2976970000000008
        ],
        "radius": 2.836701032356929,
        "object_center": [
          1.8853041999999998,
          -3.2976970000000008,
          1.1749999999999998
        ],
        "object_height": 2.3500000799999996,
        "occupancy_ratio": 0.5,
        "fov_vertical": 90.0,
        "sample_distance": 2.836701032356929,
        "min_distance": 2.3500000799999996
      },
      "sample_point": [
        1.8834687597521929,
        -6.134397438561317,
        1.5
      ],
      "sample_forward": [
        0.0006428281801662946,
        0.9935005962608368,
        -0.11382509389977408
      ],
      "height": 1.5
    },
    "sample_target": [
      1.8834687597521929,
      -6.134397438561317,
      1.5
    ],
    "camera_params": {
      "forward": [
        0.0006428281801662946,
        0.9935005962608368,
        -0.11382509389977408
      ]
    },
    "task_type": "screen_occupancy",
    "task_description": "Position where shoe cabinet occupies 50% of vertical FOV",
    "target_object": {
      "label": "shoe cabinet",
      "id": "92",
      "bbox_min": [
        1.0603042,
        -3.481697,
        -3.999999989900971e-08
      ],
      "bbox_max": [
        2.7103042,
        -3.113697,
        2.35000004
      ],
      "center": [
        1.8853042,
        -3.2976970000000003,
        1.175
      ]
    }
  },
  {
    "scene_id": "0245_841008",
    "object_label": "shoe cabinet",
    "preset": "occupancy_20",
    "distance": 7.418658282293236,
    "init_camera": {
      "intrinsics": [
        [
          320.0,
          0.0,
          320.0
        ],
        [
          0.0,
          320.0,
          240.0
        ],
        [
          0.0,
          0.0,
          1.0
        ]
      ],
      "extrinsics": [
        [
          -0.766044443118978,
          0.10193349886337985,
          -0.6346538213672114,
          3.58619485302051
        ],
        [
          0.6427876096865394,
          0.12147961347613073,
          -0.7563509716680181,
          -1.2706544536528956
        ],
        [
          0.0,
          -0.9873460717089826,
          -0.15858037293700877,
          1.6
        ],
        [
          0.0,
          0.0,
          0.0,
          1.0
        ]
      ]
    },
    "target_region": {
      "type": "circle",
      "params": {
        "center": [
          1.8853041999999998,
          -3.2976970000000008
        ],
        "radius": 7.418658282293236,
        "object_center": [
          1.8853041999999998,
          -3.2976970000000008,
          1.1749999999999998
        ],
        "object_height": 2.3500000799999996,
        "occupancy_ratio": 0.2,
        "fov_vertical": 90.0,
        "sample_distance": 7.418658282293236,
        "min_distance": 2.3500000799999996
      },
      "sample_point": [
        4.566193419993189,
        3.619623557814443,
        1.5
      ],
      "sample_forward": [
        -0.3610248995074652,
        -0.9315285915664309,
        -0.043766482950841346
      ],
      "height": 1.5
    },
    "sample_target": [
      4.566193419993189,
      3.619623557814443,
      1.5
    ],
    "camera_params": {
      "forward": [
        -0.3610248995074652,
        -0.9315285915664309,
        -0.043766482950841346
      ]
    },
    "task_type": "screen_occupancy",
    "task_description": "Position where shoe cabinet occupies 20% of vertical FOV",
    "target_object": {
      "label": "shoe cabinet",
      "id": "92",
      "bbox_min": [
        1.0603042,
        -3.481697,
        -3.999999989900971e-08
      ],
      "bbox_max": [
        2.7103042,
        -3.113697,
        2.35000004
      ],
      "center": [
        1.8853042,
        -3.2976970000000003,
        1.175
      ]
    }
  },
  {
    "scene_id": "0245_841008",
    "object_label": "shoe cabinet",
    "preset": "occupancy_30",
    "distance": 4.894227396468231,
    "init_camera": {
      "intrinsics": [
        [
          320.0,
          0.0,
          320.0
        ],
        [
          0.0,
          320.0,
          240.0
        ],
        [
          0.0,
          0.0,
          1.0
        ]
      ],
      "extrinsics": [
        [
          -0.766044443118978,
          0.10193349886337985,
          -0.6346538213672114,
          3.58619485302051
        ],
        [
          0.6427876096865394,
          0.12147961347613073,
          -0.7563509716680181,
          -1.2706544536528956
        ],
        [
          0.0,
          -0.9873460717089826,
          -0.15858037293700877,
          1.6
        ],
        [
          0.0,
          0.0,
          0.0,
          1.0
        ]
      ]
    },
    "target_region": {
      "type": "circle",
      "params": {
        "center": [
          1.8853041999999998,
          -3.2976970000000008
        ],
        "radius": 4.894227396468231,
        "object_center": [
          1.8853041999999998,
          -3.2976970000000008,
          1.1749999999999998
        ],
        "object_height": 2.3500000799999996,
        "occupancy_ratio": 0.3,
        "fov_vertical": 90.0,
        "sample_distance": 4.894227396468231,
        "min_distance": 2.3500000799999996
      },
      "sample_point": [
        -2.506095885259923,
        -5.458499420287275,
        1.5
      ],
      "sample_forward": [
        0.8952893872483269,
        0.44052999892156075,
        -0.06625883435953986
      ],
      "height": 1.5
    },
    "sample_target": [
      -2.506095885259923,
      -5.458499420287275,
      1.5
    ],
    "camera_params": {
      "forward": [
        0.8952893872483269,
        0.44052999892156075,
        -0.06625883435953986
      ]
    },
    "task_type": "screen_occupancy",
    "task_description": "Position where shoe cabinet occupies 30% of vertical FOV",
    "target_object": {
      "label": "shoe cabinet",
      "id": "92",
      "bbox_min": [
        1.0603042,
        -3.481697,
        -3.999999989900971e-08
      ],
      "bbox_max": [
        2.7103042,
        -3.113697,
        2.35000004
      ],
      "center": [
        1.8853042,
        -3.2976970000000003,
        1.175
      ]
    }
  },
  {
    "scene_id": "0245_841008",
    "object_label": "shoe cabinet",
    "preset": "occupancy_50",
    "distance": 2.836701032356929,
    "init_camera": {
      "intrinsics": [
        [
          320.0,
          0.0,
          320.0
        ],
        [
          0.0,
          320.0,
          240.0
        ],
        [
          0.0,
          0.0,
          1.0
        ]
      ],
      "extrinsics": [
        [
          -0.766044443118978,
          0.10193349886337985,
          -0.6346538213672114,
          3.58619485302051
        ],
        [
          0.6427876096865394,
          0.12147961347613073,
          -0.7563509716680181,
          -1.2706544536528956
        ],
        [
          0.0,
          -0.9873460717089826,
          -0.15858037293700877,
          1.6
        ],
        [
          0.0,
          0.0,
          0.0,
          1.0
        ]
      ]
    },
    "target_region": {
      "type": "circle",
      "params": {
        "center": [
          1.8853041999999998,
          -3.2976970000000008
        ],
        "radius": 2.836701032356929,
        "object_center": [
          1.8853041999999998,
          -3.2976970000000008,
          1.1749999999999998
        ],
        "object_height": 2.3500000799999996,
        "occupancy_ratio": 0.5,
        "fov_vertical": 90.0,
        "sample_distance": 2.836701032356929,
        "min_distance": 2.3500000799999996
      },
      "sample_point": [
        2.036781176731134,
        -6.130350786203896,
        1.5
      ],
      "sample_forward": [
        -0.0530519418463854,
        0.9920833329237193,
        -0.11382509389977409
      ],
      "height": 1.5
    },
    "sample_target": [
      2.036781176731134,
      -6.130350786203896,
      1.5
    ],
    "camera_params": {
      "forward": [
        -0.0530519418463854,
        0.9920833329237193,
        -0.11382509389977409
      ]
    },
    "task_type": "screen_occupancy",
    "task_description": "Position where shoe cabinet occupies 50% of vertical FOV",
    "target_object": {
      "label": "shoe cabinet",
      "id": "92",
      "bbox_min": [
        1.0603042,
        -3.481697,
        -3.999999989900971e-08
      ],
      "bbox_max": [
        2.7103042,
        -3.113697,
        2.35000004
      ],
      "center": [
        1.8853042,
        -3.2976970000000003,
        1.175
      ]
    }
  },
  {
    "scene_id": "0245_841008",
    "object_label": "shoe cabinet",
    "preset": "right",
    "distance": 2.3500000799999996,
    "init_camera": {
      "intrinsics": [
        [
          320.0,
          0.0,
          320.0
        ],
        [
          0.0,
          320.0,
          240.0
        ],
        [
          0.0,
          0.0,
          1.0
        ]
      ],
      "extrinsics": [
        [
          -0.9396926207859083,
          0.04169412997166349,
          -0.339469259236263,
          3.068798448002305
        ],
        [
          0.3420201433256689,
          0.11455368062095157,
          -0.9326841243506195,
          -0.0460732775592394
        ],
        [
          0.0,
          -0.992541713875089,
          -0.12190548067212131,
          1.6
        ],
        [
          0.0,
          0.0,
          0.0,
          1.0
        ]
      ]
    },
    "target_region": {
      "type": "circle",
      "params": {
        "center": [
          1.8853041999999998,
          -3.2976970000000008
        ],
        "radius": 2.3500000799999996,
        "object_center": [
          1.8853041999999998,
          -3.2976970000000008,
          1.1749999999999998
        ],
        "sample_distance": 2.3500000799999996,
        "min_distance": 2.3500000799999996,
        "requested_distance": 0.8
      },
      "sample_point": [
        1.1873445327977437,
        -1.0537378473060572,
        1.5
      ],
      "sample_forward": [
        0.2942039133134693,
        -0.9458735154202345,
        -0.13699397876406189
      ],
      "height": 1.5
    },
    "sample_target": [
      1.1873445327977437,
      -1.0537378473060572,
      1.5
    ],
    "camera_params": {
      "forward": [
        0.2942039133134693,
        -0.9458735154202345,
        -0.13699397876406189
      ]
    },
    "task_type": "absolute_positioning",
    "task_description": "Move to any position 2.4m from shoe cabinet",
    "target_object": {
      "label": "shoe cabinet",
      "id": "92",
      "bbox_min": [
        1.0603042,
        -3.481697,
        -3.999999989900971e-08
      ],
      "bbox_max": [
        2.7103042,
        -3.113697,
        2.35000004
      ],
      "center": [
        1.8853042,
        -3.2976970000000003,
        1.175
      ]
    }
  },
  {
    "scene_id": "0245_841008",
    "object_label": "shoe cabinet",
    "preset": "back",
    "distance": 2.3500000799999996,
    "init_camera": {
      "intrinsics": [
        [
          320.0,
          0.0,
          320.0
        ],
        [
          0.0,
          320.0,
          240.0
        ],
        [
          0.0,
          0.0,
          1.0
        ]
      ],
      "extrinsics": [
        [
          -0.9396926207859083,
          0.04169412997166349,
          -0.339469259236263,
          3.068798448002305
        ],
        [
          0.3420201433256689,
          0.11455368062095157,
          -0.9326841243506195,
          -0.0460732775592394
        ],
        [
          0.0,
          -0.992541713875089,
          -0.12190548067212131,
          1.6
        ],
        [
          0.0,
          0.0,
          0.0,
          1.0
        ]
      ]
    },
    "target_region": {
      "type": "circle",
      "params": {
        "center": [
          1.8853041999999998,
          -3.2976970000000008
        ],
        "radius": 2.3500000799999996,
        "object_center": [
          1.8853041999999998,
          -3.2976970000000008,
          1.1749999999999998
        ],
        "sample_distance": 2.3500000799999996,
        "min_distance": 2.3500000799999996,
        "requested_distance": 1.0
      },
      "sample_point": [
        0.005440423354272639,
        -1.887515253821421,
        1.5
      ],
      "sample_forward": [
        0.7924000562988731,
        -0.5944197175060183,
        -0.13699397876406189
      ],
      "height": 1.5
    },
    "sample_target": [
      0.005440423354272639,
      -1.887515253821421,
      1.5
    ],
    "camera_params": {
      "forward": [
        0.7924000562988731,
        -0.5944197175060183,
        -0.13699397876406189
      ]
    },
    "task_type": "absolute_positioning",
    "task_description": "Move to any position 2.4m from shoe cabinet",
    "target_object": {
      "label": "shoe cabinet",
      "id": "92",
      "bbox_min": [
        1.0603042,
        -3.481697,
        -3.999999989900971e-08
      ],
      "bbox_max": [
        2.7103042,
        -3.113697,
        2.35000004
      ],
      "center": [
        1.8853042,
        -3.2976970000000003,
        1.175
      ]
    }
  },
  {
    "scene_id": "0245_841008",
    "object_label": "shoe cabinet",
    "preset": "back",
    "distance": 2.3500000799999996,
    "init_camera": {
      "intrinsics": [
        [
          320.0,
          0.0,
          320.0
        ],
        [
          0.0,
          320.0,
          240.0
        ],
        [
          0.0,
          0.0,
          1.0
        ]
      ],
      "extrinsics": [
        [
          -0.9396926207859083,
          0.04169412997166349,
          -0.339469259236263,
