[
  {
    "scene_id": "0350_840368",
    "object_label": "shower head",
    "preset": "back",
    "distance": 1.5,
    "init_camera": {
      "intrinsics": [
        [
          320.0,
          0.0,
          320.0
        ],
        [
          0.0,
          320.0,
          240.0
        ],
        [
          0.0,
          0.0,
          1.0
        ]
      ],
      "extrinsics": [
        [
          0.49999999999999944,
          -0.07279935173736421,
          0.8629601696408822,
          2.29916295694264
        ],
        [
          -0.866025403784439,
          -0.04203072532239741,
          0.49823028624208765,
          2.4486519720671724
        ],
        [
          0.0,
          -0.9964605724841765,
          -0.08406145064479492,
          1.6
        ],
        [
          0.0,
          0.0,
          0.0,
          1.0
        ]
      ]
    },
    "target_region": {
      "type": "circle",
      "params": {
        "center": [
          2.9925167999999998,
          2.84896
        ],
        "radius": 1.5,
        "object_center": [
          2.9925167999999998,
          2.84896,
          1.5324600000000002
        ],
        "sample_distance": 1.5,
        "min_distance": 1.3048699951171874,
        "requested_distance": 1.5
      },
      "sample_point": [
        1.5017769202567322,
        2.6825430208691783,
        1.5
      ],
      "sample_forward": [
        0.9935939688643076,
        0.11091868476040109,
        0.02163493488541406
      ],
      "height": 1.5
    },
    "sample_target": [
      1.5017769202567322,
      2.6825430208691783,
      1.5
    ],
    "camera_params": {
      "forward": [
        0.9935939688643076,
        0.11091868476040109,
        0.02163493488541406
      ]
    },
    "task_type": "absolute_positioning",
    "task_description": "Move to any position 1.5m from shower head",
    "target_object": {
      "label": "shower head",
      "id": "114",
      "bbox_min": [
        2.8701488037841796,
        2.592419991455078,
        0.8800250024414064
      ],
      "bbox_max": [
        3.1148847962158204,
        3.105500008544922,
        2.184894997558594
      ],
      "center": [
        2.9925167999999998,
        2.84896,
        1.5324600000000002
      ]
    }
  },
  {
    "scene_id": "0350_840368",
    "object_label": "shower head",
    "preset": "occupancy_20",
    "distance": 4.119312454062579,
    "init_camera": {
      "intrinsics": [
        [
          320.0,
          0.0,
          320.0
        ],
        [
          0.0,
          320.0,
          240.0
        ],
        [
          0.0,
          0.0,
          1.0
        ]
      ],
      "extrinsics": [
        [
          0.49999999999999944,
          -0.07279935173736421,
          0.8629601696408822,
          2.29916295694264
        ],
        [
          -0.866025403784439,
          -0.04203072532239741,
          0.49823028624208765,
          2.4486519720671724
        ],
        [
          0.0,
          -0.9964605724841765,
          -0.08406145064479492,
          1.6
        ],
        [
          0.0,
          0.0,
          0.0,
          1.0
        ]
      ]
    },
    "target_region": {
      "type": "circle",
      "params": {
        "center": [
          2.9925167999999998,
          2.84896
        ],
        "radius": 4.119312454062579,
        "object_center": [
          2.9925167999999998,
          2.84896,
          1.5324600000000002
        ],
        "object_height": 1.3048699951171874,
        "occupancy_ratio": 0.2,
        "fov_vertical": 90.0,
        "sample_distance": 4.119312454062579,
        "min_distance": 1.3048699951171874
      },
      "sample_point": [
        2.8866756686566433,
        6.966912494761326,
        1.5
      ],
      "sample_forward": [
        0.025693085106497277,
        -0.9996388225403889,
        0.007879711147940735
      ],
      "height": 1.5
    },
    "sample_target": [
      2.8866756686566433,
      6.966912494761326,
      1.5
    ],
    "camera_params": {
      "forward": [
        0.025693085106497277,
        -0.9996388225403889,
        0.007879711147940735
      ]
    },
    "task_type": "screen_occupancy",
    "task_description": "Position where shower head occupies 20% of vertical FOV",
    "target_object": {
      "label": "shower head",
      "id": "114",
      "bbox_min": [
        2.8701488037841796,
        2.592419991455078,
        0.8800250024414064
      ],
      "bbox_max": [
        3.1148847962158204,
        3.105500008544922,
        2.184894997558594
      ],
      "center": [
        2.9925167999999998,
        2.84896,
        1.5324600000000002
      ]
    }
  },
  {
    "scene_id": "0350_840368",
    "object_label": "shower head",
    "preset": "occupancy_30",
    "distance": 2.7175873453297523,
    "init_camera": {
      "intrinsics": [
        [
          320.0,
          0.0,
          320.0
        ],
        [
          0.0,
          320.0,
          240.0
        ],
        [
          0.0,
          0.0,
          1.0
        ]
      ],
      "extrinsics": [
        [
          0.49999999999999944,
          -0.07279935173736421,
          0.8629601696408822,
          2.29916295694264
        ],
        [
          -0.866025403784439,
          -0.04203072532239741,
          0.49823028624208765,
          2.4486519720671724
        ],
        [
          0.0,
          -0.9964605724841765,
          -0.08406145064479492,
          1.6
        ],
        [
          0.0,
          0.0,
          0.0,
          1.0
        ]
      ]
    },
    "target_region": {
      "type": "circle",
      "params": {
        "center": [
          2.9925167999999998,
          2.84896
        ],
        "radius": 2.7175873453297523,
        "object_center": [
          2.9925167999999998,
          2.84896,
          1.5324600000000002
        ],
        "object_height": 1.3048699951171874,
        "occupancy_ratio": 0.3,
        "fov_vertical": 90.0,
        "sample_distance": 2.7175873453297523,
        "min_distance": 1.3048699951171874
      },
      "sample_point": [
        4.7186413595964725,
        4.947953802814647,
        1.5
      ],
      "sample_forward": [
        -0.6351227103678196,
        -0.772318906927868,
        0.011943566334146291
      ],
      "height": 1.5
    },
    "sample_target": [
      4.7186413595964725,
      4.947953802814647,
      1.5
    ],
    "camera_params": {
      "forward": [
        -0.6351227103678196,
        -0.772318906927868,
        0.011943566334146291
      ]
    },
    "task_type": "screen_occupancy",
    "task_description": "Position where shower head occupies 30% of vertical FOV",
    "target_object": {
      "label": "shower head",
      "id": "114",
      "bbox_min": [
        2.8701488037841796,
        2.592419991455078,
        0.8800250024414064
      ],
      "bbox_max": [
        3.1148847962158204,
        3.105500008544922,
        2.184894997558594
      ],
      "center": [
        2.9925167999999998,
        2.84896,
        1.5324600000000002
      ]
    }
  },
  {
    "scene_id": "0350_840368",
    "object_label": "shower head",
    "preset": "occupancy_50",
    "distance": 1.5751174196728142,
    "init_camera": {
      "intrinsics": [
        [
          320.0,
          0.0,
          320.0
        ],
        [
          0.0,
          320.0,
          240.0
        ],
        [
          0.0,
          0.0,
          1.0
        ]
      ],
      "extrinsics": [
        [
          0.49999999999999944,
          -0.07279935173736421,
          0.8629601696408822,
          2.29916295694264
        ],
        [
          -0.866025403784439,
          -0.04203072532239741,
          0.49823028624208765,
          2.4486519720671724
        ],
        [
          0.0,
          -0.9964605724841765,
          -0.08406145064479492,
          1.6
        ],
        [
          0.0,
          0.0,
          0.0,
          1.0
        ]
      ]
    },
    "target_region": {
      "type": "circle",
      "params": {
        "center": [
          2.9925167999999998,
          2.84896
        ],
        "radius": 1.5751174196728142,
        "object_center": [
          2.9925167999999998,
          2.84896,
          1.5324600000000002
        ],
        "object_height": 1.3048699951171874,
        "occupancy_ratio": 0.5,
        "fov_vertical": 90.0,
        "sample_distance": 1.5751174196728142,
        "min_distance": 1.3048699951171874
      },
      "sample_point": [
        3.1517872454474727,
        1.2819157086783706,
        1.5
      ],
      "sample_forward": [
        -0.1010950891739193,
        0.9946633973776888,
        0.02060361283831333
      ],
      "height": 1.5
    },
    "sample_target": [
      3.1517872454474727,
      1.2819157086783706,
      1.5
    ],
    "camera_params": {
      "forward": [
        -0.1010950891739193,
        0.9946633973776888,
        0.02060361283831333
      ]
    },
    "task_type": "screen_occupancy",
    "task_description": "Position where shower head occupies 50% of vertical FOV",
    "target_object": {
      "label": "shower head",
      "id": "114",
      "bbox_min": [
        2.8701488037841796,
        2.592419991455078,
        0.8800250024414064
      ],
      "bbox_max": [
        3.1148847962158204,
        3.105500008544922,
        2.184894997558594
      ],
      "center": [
        2.9925167999999998,
        2.84896,
        1.5324600000000002
      ]
    }
  },
  {
    "scene_id": "0350_840368",
    "object_label": "mirror cabinet",
    "preset": "right",
    "distance": 1.5,
    "init_camera": {
      "intrinsics": [
        [
          320.0,
          0.0,
          320.0
        ],
        [
          0.0,
          320.0,
          240.0
        ],
        [
          0.0,
          0.0,
          1.0
        ]
      ],
      "extrinsics": [
        [
          1.0,
          0.0,
          0.0,
          2.013633
        ],
        [
          0.0,
          0.06517003965606329,
          0.9978741733962389,
          -2.009001
        ],
        [
          0.0,
          -0.997874173396239,
          0.06517003965606327,
          1.6
        ],
        [
          0.0,
          0.0,
          0.0,
          1.0
        ]
      ]
    },
    "target_region": {
      "type": "circle",
      "params": {
        "center": [
          2.013633,
          -1.209001
        ],
        "radius": 1.5,
        "object_center": [
          2.013633,
          -1.209001,
          1.6522471000000003
        ],
        "sample_distance": 1.5,
        "min_distance": 1.0000000080000002,
        "requested_distance": 1.5
      },
      "sample_point": [
        1.1737878700240405,
        0.03384257730796669,
        1.5
      ],
      "sample_forward": [
        0.5570348582637376,
        -0.8243272136965978,
        0.10097926241709924
      ],
      "height": 1.5
    },
    "sample_target": [
      1.1737878700240405,
      0.03384257730796669,
      1.5
    ],
    "camera_params": {
      "forward": [
        0.5570348582637376,
        -0.8243272136965978,
        0.10097926241709924
      ]
    },
    "task_type": "absolute_positioning",
    "task_description": "Move to any position 1.5m from mirror cabinet",
    "target_object": {
      "label": "mirror cabinet",
      "id": "116",
      "bbox_min": [
        1.564614181210154,
        -1.2940019994506835,
        1.152247096
      ],
      "bbox_max": [
        2.4626518187898463,
        -1.1240000005493165,
        2.152247104
      ],
      "center": [
        2.013633,
        -1.209001,
        1.6522471
      ]
    }
  },
  {
    "scene_id": "0350_840368",
    "object_label": "mirror cabinet",
    "preset": "occupancy_20",
    "distance": 3.156875782592529,
    "init_camera": {
      "intrinsics": [
        [
          320.0,
          0.0,
          320.0
        ],
        [
          0.0,
          320.0,
          240.0
        ],
        [
          0.0,
          0.0,
          1.0
        ]
      ],
      "extrinsics": [
        [
          1.0,
          0.0,
          0.0,
          2.013633
        ],
        [
          0.0,
          0.06517003965606329,
          0.9978741733962389,
          -2.009001
        ],
        [
          0.0,
          -0.997874173396239,
          0.06517003965606327,
          1.6
        ],
        [
          0.0,
          0.0,
          0.0,
          1.0
        ]
      ]
    },
    "target_region": {
      "type": "circle",
      "params": {
        "center": [
          2.013633,
          -1.209001
        ],
        "radius": 3.156875782592529,
        "object_center": [
          2.013633,
          -1.209001,
          1.6522471000000003
        ],
        "object_height": 1.0000000080000002,
        "occupancy_ratio": 0.2,
        "fov_vertical": 90.0,
        "sample_distance": 3.156875782592529,
        "min_distance": 1.0000000080000002
      },
      "sample_point": [
        -1.0572265206626121,
        -0.47709491922529923,
        1.5
      ],
      "sample_forward": [
        0.9716234526953691,
        -0.23157591822943613,
        0.04817115598076549
      ],
      "height": 1.5
    },
    "sample_target": [
      -1.0572265206626121,
      -0.47709491922529923,
      1.5
    ],
    "camera_params": {
      "forward": [
        0.9716234526953691,
        -0.23157591822943613,
        0.04817115598076549
      ]
    },
    "task_type": "screen_occupancy",
    "task_description": "Position where mirror cabinet occupies 20% of vertical FOV",
    "target_object": {
      "label": "mirror cabinet",
      "id": "116",
      "bbox_min": [
        1.564614181210154,
        -1.2940019994506835,
        1.152247096
      ],
      "bbox_max": [
        2.4626518187898463,
        -1.1240000005493165,
        2.152247104
      ],
      "center": [
        2.013633,
        -1.209001,
        1.6522471
      ]
    }
  },
  {
    "scene_id": "0350_840368",
    "object_label": "mirror cabinet",
    "preset": "occupancy_30",
    "distance": 2.082649901706408,
    "init_camera": {
      "intrinsics": [
        [
          320.0,
          0.0,
          320.0
        ],
        [
          0.0,
          320.0,
          240.0
        ],
        [
          0.0,
          0.0,
          1.0
        ]
      ],
      "extrinsics": [
        [
          1.0,
          0.0,
          0.0,
          2.013633
        ],
        [
          0.0,
          0.06517003965606329,
          0.9978741733962389,
          -2.009001
        ],
        [
          0.0,
          -0.997874173396239,
          0.06517003965606327,
          1.6
        ],
        [
          0.0,
          0.0,
          0.0,
          1.0
        ]
      ]
    },
    "target_region": {
      "type": "circle",
      "params": {
        "center": [
          2.013633,
          -1.209001
        ],
        "radius": 2.082649901706408,
        "object_center": [
          2.013633,
          -1.209001,
          1.6522471000000003
        ],
        "object_height": 1.0000000080000002,
        "occupancy_ratio": 0.3,
        "fov_vertical": 90.0,
        "sample_distance": 2.082649901706408,
        "min_distance": 1.0000000080000002
      },
      "sample_point": [
        0.06062950653598964,
        -1.932332160392723,
        1.5
      ],
      "sample_forward": [
        0.9352536402689609,
        0.34638857694891895,
        0.07290803880890075
      ],
      "height": 1.5
    },
    "sample_target": [
      0.06062950653598964,
      -1.932332160392723,
      1.5
    ],
    "camera_params": {
      "forward": [
        0.9352536402689609,
        0.34638857694891895,
        0.07290803880890075
      ]
    },
    "task_type": "screen_occupancy",
    "task_description": "Position where mirror cabinet occupies 30% of vertical FOV",
    "target_object": {
      "label": "mirror cabinet",
      "id": "116",
      "bbox_min": [
        1.564614181210154,
        -1.2940019994506835,
        1.152247096
      ],
      "bbox_max": [
        2.4626518187898463,
        -1.1240000005493165,
        2.152247104
      ],
      "center": [
        2.013633,
        -1.209001,
        1.6522471
      ]
    }
  },
  {
    "scene_id": "0350_840368",
    "object_label": "mirror cabinet",
    "preset": "occupancy_50",
    "distance": 1.207106790843402,
    "init_camera": {
      "intrinsics": [
        [
          320.0,
          0.0,
          320.0
        ],
        [
          0.0,
          320.0,
          240.0
        ],
        [
          0.0,
          0.0,
          1.0
        ]
      ],
      "extrinsics": [
        [
          1.0,
          0.0,
          0.0,
          2.013633
        ],
        [
          0.0,
          0.06517003965606329,
          0.9978741733962389,
          -2.009001
        ],
        [
          0.0,
          -0.997874173396239,
          0.06517003965606327,
          1.6
        ],
        [
          0.0,
          0.0,
          0.0,
          1.0
        ]
      ]
    },
    "target_region": {
      "type": "circle",
      "params": {
        "center": [
          2.013633,
          -1.209001
        ],
        "radius": 1.207106790843402,
        "object_center": [
          2.013633,
          -1.209001,
          1.6522471000000003
        ],
        "object_height": 1.0000000080000002,
        "occupancy_ratio": 0.5,
        "fov_vertical": 90.0,
        "sample_distance": 1.207106790843402,
        "min_distance": 1.0000000080000002
      },
      "sample_point": [
        3.12331988918854,
        -1.6840818483440656,
        1.5
      ],
      "sample_forward": [
        -0.9120688876675515,
        0.3904763272621744,
        0.12513425588830032
      ],
      "height": 1.5
    },
    "sample_target": [
      3.12331988918854,
      -1.6840818483440656,
      1.5
    ],
    "camera_params": {
      "forward": [
        -0.9120688876675515,
        0.3904763272621744,
        0.12513425588830032
      ]
    },
    "task_type": "screen_occupancy",
    "task_description": "Position where mirror cabinet occupies 50% of vertical FOV",
    "target_object": {
      "label": "mirror cabinet",
      "id": "116",
      "bbox_min": [
        1.564614181210154,
        -1.2940019994506835,
        1.152247096
      ],
      "bbox_max": [
        2.4626518187898463,
        -1.1240000005493165,
        2.152247104
      ],
      "center": [
        2.013633,
        -1.209001,
        1.6522471
      ]
    }
  },
  {
    "scene_id": "0350_840368",
    "object_label": "mirror cabinet",
    "preset": "occupancy_20",
    "distance": 3.156875782592529,
    "init_camera": {
      "intrinsics": [
        [
          320.0,
          0.0,
          320.0
        ],
        [
          0.0,
          320.0,
          240.0
        ],
        [
          0.0,
          0.0,
          1.0
        ]
      ],
      "extrinsics": [
        [
          1.0,
          0.0,
          0.0,
          2.013633
        ],
        [
          0.0,
          0.0521759346574023,
          0.9986379082743787,
          -2.2090009999999998
        ],
        [
          0.0,
          -0.9986379082743788,
          0.05217593465740229,
          1.6
        ],
        [
          0.0,
          0.0,
          0.0,
          1.0
        ]
      ]
    },
    "target_region": {
      "type": "circle",
      "params": {
        "center": [
          2.013633,
          -1.209001
        ],
        "radius": 3.156875782592529,
        "object_center": [
          2.013633,
          -1.209001,
          1.6522471000000003
        ],
        "object_height": 1.0000000080000002,
        "occupancy_ratio": 0.2,
        "fov_vertical": 90.0,
        "sample_distance": 3.156875782592529,
        "min_distance": 1.0000000080000002
      },
      "sample_point": [
        4.938796984883197,
        -2.39613215040481,
        1.5
      ],
      "sample_forward": [
        -0.9255252191018793,
        0.37560964915440465,
        0.04817115598076548
      ],
      "height": 1.5
    },
    "sample_target": [
      4.938796984883197,
      -2.39613215040481,
      1.5
    ],
    "camera_params": {
      "forward": [
        -0.9255252191018793,
        0.37560964915440465,
        0.04817115598076548
      ]
    },
    "task_type": "screen_occupancy",
    "task_description": "Position where mirror cabinet occupies 20% of vertical FOV",
    "target_object": {
      "label": "mirror cabinet",
      "id": "116",
      "bbox_min": [
        1.564614181210154,
        -1.2940019994506835,
        1.152247096
      ],
      "bbox_max": [
        2.4626518187898463,
        -1.1240000005493165,
        2.152247104
      ],
      "center": [
        2.013633,
        -1.209001,
        1.6522471
      ]
    }
  },
  {
    "scene_id": "0350_840368",
    "object_label": "mirror cabinet",
    "preset": "occupancy_30",
    "distance": 2.082649901706408,
    "init_camera": {
      "intrinsics": [
        [
          320.0,
          0.0,
          320.0
        ],
        [
          0.0,
          320.0,
          240.0
        ],
        [
          0.0,
          0.0,
          1.0
        ]
      ],
      "extrinsics": [
        [
          1.0,
          0.0,
          0.0,
          2.013633
        ],
        [
          0.0,
          0.0521759346574023,
          0.9986379082743787,
          -2.2090009999999998
        ],
        [
          0.0,
          -0.9986379082743788,
          0.05217593465740229,
          1.6
        ],
        [
          0.0,
          0.0,
          0.0,
          1.0
        ]
      ]
    },
    "target_region": {
      "type": "circle",
      "params": {
        "center": [
          2.013633,
          -1.209001
        ],
        "radius": 2.082649901706408,
        "object_center": [
          2.013633,
          -1.209001,
          1.6522471000000003
        ],
        "object_height": 1.0000000080000002,
        "occupancy_ratio": 0.3,
        "fov_vertical": 90.0,
        "sample_distance": 2.082649901706408,
        "min_distance": 1.0000000080000002
      },
      "sample_point": [
        3.7396165070755587,
        -0.04349186387928028,
        1.5
      ],
      "sample_forward": [
        -0.8265383873806935,
        -0.5581386136643499,
        0.07290803880890075
      ],
      "height": 1.5
    },
    "sample_target": [
      3.7396165070755587,
      -0.04349186387928028,
      1.5
    ],
    "camera_params": {
      "forward": [
        -0.8265383873806935,
        -0.5581386136643499,
        0.07290803880890075
      ]
    },
    "task_type": "screen_occupancy",
    "task_description": "Position where mirror cabinet occupies 30% of vertical FOV",
    "target_object": {
      "label": "mirror cabinet",
      "id": "116",
      "bbox_min": [
        1.564614181210154,
        -1.2940019994506835,
        1.152247096
      ],
      "bbox_max": [
        2.4626518187898463,
        -1.1240000005493165,
        2.152247104
      ],
      "center": [
        2.013633,
        -1.209001,
        1.6522471
      ]
    }
  },
  {
    "scene_id": "0350_840368",
    "object_label": "mirror cabinet",
    "preset": "occupancy_20",
    "distance": 3.156875782592529,
    "init_camera": {
      "intrinsics": [
        [
          320.0,
          0.0,
          320.0
        ],
        [
          0.0,
          320.0,
          240.0
        ],
        [
          0.0,
          0.0,
          1.0
        ]
      ],
      "extrinsics": [
        [
          1.0,
          1.3718140413536471e-17,
          3.413315291680766e-16,
          2.0136329999999996
        ],
        [
          -3.4160708450004814e-16,
          0.04015765783550235,
          0.9991933559212485,
          -2.509001
        ],
        [
          0.0,
          -0.9991933559212485,
          0.04015765783550235,
          1.6
        ],
        [
          0.0,
          0.0,
          0.0,
          1.0
        ]
      ]
    },
    "target_region": {
      "type": "circle",
      "params": {
        "center": [
          2.013633,
          -1.209001
        ],
        "radius": 3.156875782592529,
        "object_center": [
          2.013633,
          -1.209001,
          1.6522471000000003
        ],
        "object_height": 1.0000000080000002,
        "occupancy_ratio": 0.2,
        "fov_vertical": 90.0,
        "sample_distance": 3.156875782592529,
        "min_distance": 1.0000000080000002
      },
      "sample_point": [
        0.6463007387479014,
        -4.054395031423137,
        1.5
      ],
      "sample_forward": [
        0.43262548603098183,
        0.9002859149003352,
        0.04817115598076549
      ],
      "height": 1.5
    },
    "sample_target": [
      0.6463007387479014,
      -4.054395031423137,
      1.5
    ],
    "camera_params": {
      "forward": [
        0.43262548603098183,
        0.9002859149003352,
        0.04817115598076549
      ]
    },
    "task_type": "screen_occupancy",
    "task_description": "Position where mirror cabinet occupies 20% of vertical FOV",
    "target_object": {
      "label": "mirror cabinet",
      "id": "116",
      "bbox_min": [
        1.564614181210154,
        -1.2940019994506835,
        1.152247096
      ],
      "bbox_max": [
        2.4626518187898463,
        -1.1240000005493165,
        2.152247104
      ],
      "center": [
        2.013633,
        -1.209001,
        1.6522471
      ]
    }
  },
  {
    "scene_id": "0350_840368",
    "object_label": "mirror cabinet",
    "preset": "occupancy_30",
    "distance": 2.082649901706408,
    "init_camera": {
      "intrinsics": [
        [
          320.0,
          0.0,
          320.0
        ],
        [
          0.0,
          320.0,
          240.0
        ],
        [
          0.0,
          0.0,
          1.0
        ]
      ],
      "extrinsics": [
        [
          1.0,
          1.3718140413536471e-17,
          3.413315291680766e-16,
          2.0136329999999996
        ],
        [
          -3.4160708450004814e-16,
          0.04015765783550235,
          0.9991933559212485,
          -2.509001
        ],
        [
          0.0,
          -0.9991933559212485,
          0.04015765783550235,
          1.6
        ],
        [
          0.0,
          0.0,
          0.0,
          1.0
        ]
      ]
    },
    "target_region": {
      "type": "circle",
      "params": {
        "center": [
          2.013633,
          -1.209001
        ],
        "radius": 2.082649901706408,
        "object_center": [
          2.013633,
          -1.209001,
          1.6522471000000003
        ],
        "object_height": 1.0000000080000002,
        "occupancy_ratio": 0.3,
        "fov_vertical": 90.0,
        "sample_distance": 2.082649901706408,
        "min_distance": 1.0000000080000002
      },
      "sample_point": [
        3.620593609030169,
        0.11580397210083682,
        1.5
      ],
      "sample_forward": [
        -0.7695407429602673,
        -0.6344221487315838,
        0.07290803880890076
      ],
      "height": 1.5
    },
    "sample_target": [
      3.620593609030169,
      0.11580397210083682,
      1.5
    ],
    "camera_params": {
      "forward": [
        -0.7695407429602673,
        -0.6344221487315838,
        0.07290803880890076
      ]
    },
    "task_type": "screen_occupancy",
    "task_description": "Position where mirror cabinet occupies 30% of vertical FOV",
    "target_object": {
      "label": "mirror cabinet",
      "id": "116",
      "bbox_min": [
        1.564614181210154,
        -1.2940019994506835,
        1.152247096
      ],
      "bbox_max": [
        2.4626518187898463,
        -1.1240000005493165,
        2.152247104
      ],
      "center": [
        2.013633,
        -1.209001,
        1.6522471
      ]
    }
  },
  {
    "scene_id": "0350_840368",
    "object_label": "wine cabinet",
    "preset": "left",
    "distance": 2.4799999200000005,
    "init_camera": {
      "intrinsics": [
        [
          320.0,
          0.0,
          320.0
        ],
        [
          0.0,
          320.0,
          240.0
        ],
        [
          0.0,
          0.0,
          1.0
        ]
      ],
      "extrinsics": [
        [
          0.4999999999999998,
          -0.18880786851752493,
          0.8451932257098782,
          -0.9356259964938851
        ],
        [
          -0.8660254037844388,
          -0.10900827371371243,
          0.487972536380846,
          -0.1752230447637837
        ],
        [
          0.0,
          -0.9759450727616926,
          -0.2180165474274249,
          1.6
        ],
        [
          0.0,
          0.0,
          0.0,
          1.0
        ]
      ]
    },
    "target_region": {
      "type": "circle",
      "params": {
        "center": [
          0.45999999999999996,
          0.6305419999999999
        ],
        "radius": 2.4799999200000005,
        "object_center": [
          0.45999999999999996,
          0.6305419999999999,
          1.2400000000000002
        ],
        "sample_distance": 2.4799999200000005,
        "min_distance": 2.4799999200000005,
        "requested_distance": 0.8
      },
      "sample_point": [
        0.5708995725572167,
        -1.8469770994231782,
        1.5
      ],
      "sample_forward": [
        -0.04447382954805134,
        0.9935544347832374,
        -0.10426727007020255
      ],
      "height": 1.5
    },
    "sample_target": [
      0.5708995725572167,
      -1.8469770994231782,
      1.5
    ],
    "camera_params": {
      "forward": [
        -0.04447382954805134,
        0.9935544347832374,
        -0.10426727007020255
      ]
    },
    "task_type": "absolute_positioning",
    "task_description": "Move to any position 2.5m from wine cabinet",
    "target_object": {
      "label": "wine cabinet",
      "id": "124",
      "bbox_min": [
        0.2899999735479464,
        -0.06621750109523578,
        3.999999989900971e-08
      ],
      "bbox_max": [
        0.6300000264520536,
        1.3273015010952358,
        2.4799999600000002
      ],
      "center": [
        0.45999999999999996,
        0.630542,
        1.24
      ]
    }
  },
  {
    "scene_id": "0350_840368",
    "object_label": "wine cabinet",
    "preset": "back",
    "distance": 2.4799999200000005,
    "init_camera": {
      "intrinsics": [
        [
          320.0,
          0.0,
          320.0
        ],
        [
          0.0,
          320.0,
          240.0
        ],
        [
          0.0,
          0.0,
          1.0
        ]
      ],
      "extrinsics": [
        [
          0.4999999999999998,
          -0.18880786851752493,
          0.8451932257098782,
          -0.9356259964938851
        ],
        [
          -0.8660254037844388,
          -0.10900827371371243,
          0.487972536380846,
          -0.1752230447637837
        ],
        [
          0.0,
          -0.9759450727616926,
          -0.2180165474274249,
          1.6
        ],
        [
          0.0,
          0.0,
          0.0,
          1.0
        ]
      ]
    },
    "target_region": {
      "type": "circle",
      "params": {
        "center": [
          0.45999999999999996,
          0.6305419999999999
        ],
        "radius": 2.4799999200000005,
        "object_center": [
          0.45999999999999996,
          0.6305419999999999,
          1.2400000000000002
        ],
        "sample_distance": 2.4799999200000005,
        "min_distance": 2.4799999200000005,
        "requested_distance": 1.2
      },
      "sample_point": [
        -1.861947232545838,
        -0.24064147807607916,
        1.5
      ],
      "sample_forward": [
        0.9311657660946787,
        0.34936893457406537,
        -0.10426727007020255
      ],
      "height": 1.5
    },
    "sample_target": [
      -1.861947232545838,
      -0.24064147807607916,
      1.5
    ],
    "camera_params": {
      "forward": [
        0.9311657660946787,
        0.34936893457406537,
        -0.10426727007020255
      ]
    },
    "task_type": "absolute_positioning",
    "task_description": "Move to any position 2.5m from wine cabinet",
    "target_object": {
      "label": "wine cabinet",
      "id": "124",
      "bbox_min": [
        0.2899999735479464,
        -0.06621750109523578,
        3.999999989900971e-08
      ],
      "bbox_max": [
        0.6300000264520536,
        1.3273015010952358,
        2.4799999600000002
      ],
      "center": [
        0.45999999999999996,
        0.630542,
        1.24
      ]
    }
  },
  {
    "scene_id": "0350_840368",
    "object_label": "wine cabinet",
    "preset": "back",
    "distance": 2.4799999200000005,
    "init_camera": {
      "intrinsics": [
        [
          320.0,
          0.0,
          320.0
        ],
        [
          0.0,
          320.0,
          240.0
        ],
        [
          0.0,
          0.0,
          1.0
        ]
      ],
      "extrinsics": [
        [
          0.4999999999999998,
          -0.18880786851752493,
          0.8451932257098782,
          -0.9356259964938851
        ],
        [
          -0.8660254037844388,
          -0.10900827371371243,
          0.487972536380846,
          -0.1752230447637837
        ],
        [
          0.0,
          -0.9759450727616926,
          -0.2180165474274249,
          1.6
        ],
        [
          0.0,
          0.0,
          0.0,
          1.0
        ]
      ]
    },
    "target_region": {
      "type": "circle",
      "params": {
        "center": [
          0.45999999999999996,
          0.6305419999999999
        ],
        "radius": 2.4799999200000005,
        "object_center": [
          0.45999999999999996,
          0.6305419999999999,
          1.2400000000000002
        ],
        "sample_distance": 2.4799999200000005,
        "min_distance": 2.4799999200000005,
        "requested_distance": 1.5
      },
      "sample_point": [
        -1.9067865110201874,
        -0.11021518994343682,
        1.5
      ],
      "sample_forward": [
        0.9491475705502097,
        0.2970643460779874,
        -0.10426727007020256
      ],
      "height": 1.5
    },
    "sample_target": [
      -1.9067865110201874,
      -0.11021518994343682,
      1.5
    ],
    "camera_params": {
      "forward": [
        0.9491475705502097,
        0.2970643460779874,
        -0.10426727007020256
      ]
    },
    "task_type": "absolute_positioning",
    "task_description": "Move to any position 2.5m from wine cabinet",
    "target_object": {
      "label": "wine cabinet",
      "id": "124",
      "bbox_min": [
        0.2899999735479464,
        -0.06621750109523578,
        3.999999989900971e-08
      ],
      "bbox_max": [
        0.6300000264520536,
        1.3273015010952358,
        2.4799999600000002
      ],
      "center": [
        0.45999999999999996,
        0.630542,
        1.24
      ]
    }
  },
  {
    "scene_id": "0350_840368",
    "object_label": "wine cabinet",
    "preset": "occupancy_30",
    "distance": 5.1649715483001275,
    "init_camera": {
      "intrinsics": [
        [
          320.0,
          0.0,
          320.0
        ],
        [
          0.0,
          320.0,
          240.0
        ],
        [
          0.0,
          0.0,
          1.0
        ]
      ],
      "extrinsics": [
        [
          0.4999999999999998,
          -0.18880786851752493,
          0.8451932257098782,
          -0.9356259964938851
        ],
        [
          -0.8660254037844388,
          -0.10900827371371243,
          0.487972536380846,
          -0.1752230447637837
        ],
        [
          0.0,
          -0.9759450727616926,
          -0.2180165474274249,
          1.6
        ],
        [
          0.0,
          0.0,
          0.0,
          1.0
        ]
      ]
    },
    "target_region": {
      "type": "circle",
      "params": {
        "center": [
          0.45999999999999996,
          0.6305419999999999
        ],
        "radius": 5.1649715483001275,
        "object_center": [
          0.45999999999999996,
          0.6305419999999999,
          1.2400000000000002
        ],
        "object_height": 2.4799999200000005,
        "occupancy_ratio": 0.3,
        "fov_vertical": 90.0,
        "sample_distance": 5.1649715483001275,
        "min_distance": 2.4799999200000005
      },
      "sample_point": [
        -4.6943526022240505,
        0.9615712233262359,
        1.5
      ],
      "sample_forward": [
        0.9966820361608005,
        -0.06401014943974913,
        -0.050275436975342515
      ],
      "height": 1.5
    },
    "sample_target": [
      -4.6943526022240505,
      0.9615712233262359,
      1.5
    ],
    "camera_params": {
      "forward": [
        0.9966820361608005,
        -0.06401014943974913,
        -0.050275436975342515
      ]
    },
    "task_type": "screen_occupancy",
    "task_description": "Position where wine cabinet occupies 30% of vertical FOV",
    "target_object": {
      "label": "wine cabinet",
      "id": "124",
      "bbox_min": [
        0.2899999735479464,
        -0.06621750109523578,
        3.999999989900971e-08
      ],
      "bbox_max": [
        0.6300000264520536,
        1.3273015010952358,
        2.4799999600000002
      ],
      "center": [
        0.45999999999999996,
        0.630542,
        1.24
      ]
    }
  },
  {
    "scene_id": "0350_840368",
    "object_label": "wine cabinet",
    "preset": "occupancy_50",
    "distance": 2.993624720774096,
    "init_camera": {
      "intrinsics": [
        [
          320.0,
          0.0,
          320.0
        ],
        [
          0.0,
          320.0,
          240.0
        ],
        [
          0.0,
          0.0,
          1.0
        ]
      ],
      "extrinsics": [
        [
          0.4999999999999998,
          -0.18880786851752493,
          0.8451932257098782,
          -0.9356259964938851
        ],
        [
          -0.8660254037844388,
          -0.10900827371371243,
          0.487972536380846,
          -0.1752230447637837
        ],
        [
          0.0,
          -0.9759450727616926,
          -0.2180165474274249,
          1.6
        ],
        [
          0.0,
          0.0,
          0.0,
          1.0
        ]
      ]
    },
    "target_region": {
      "type": "circle",
      "params": {
        "center": [
          0.45999999999999996,
          0.6305419999999999
        ],
        "radius": 2.993624720774096,
        "object_center": [
          0.45999999999999996,
          0.6305419999999999,
          1.2400000000000002
        ],
        "object_height": 2.4799999200000005,
        "occupancy_ratio": 0.5,
        "fov_vertical": 90.0,
        "sample_distance": 2.993624720774096,
        "min_distance": 2.4799999200000005
      },
      "sample_point": [
        2.8369689621705927,
        -1.1892952239591756,
        1.5
      ],
      "sample_forward": [
        -0.7910325050503624,
        0.6056243985355871,
        -0.08652550983471084
      ],
      "height": 1.5
    },
    "sample_target": [
      2.8369689621705927,
      -1.1892952239591756,
      1.5
    ],
    "camera_params": {
      "forward": [
        -0.7910325050503624,
        0.6056243985355871,
        -0.08652550983471084
      ]
    },
    "task_type": "screen_occupancy",
    "task_description": "Position where wine cabinet occupies 50% of vertical FOV",
    "target_object": {
      "label": "wine cabinet",
      "id": "124",
      "bbox_min": [
        0.2899999735479464,
        -0.06621750109523578,
        3.999999989900971e-08
      ],
      "bbox_max": [
        0.6300000264520536,
        1.3273015010952358,
        2.4799999600000002
      ],
      "center": [
        0.45999999999999996,
        0.630542,
        1.24
      ]
    }
  },
  {
    "scene_id": "0350_840368",
    "object_label": "wine cabinet",
    "preset": "front",
    "distance": 2.4799999200000005,
    "init_camera": {
      "intrinsics": [
        [
