[
  {
    "scene_id": "0362_840317",
    "object_label": "wardrobe",
    "preset": "occupancy_20",
    "distance": 7.576501820093899,
    "init_camera": {
      "intrinsics": [
        [
          320.0,
          0.0,
          320.0
        ],
        [
          0.0,
          320.0,
          240.0
        ],
        [
          0.0,
          0.0,
          1.0
        ]
      ],
      "extrinsics": [
        [
          0.7660444431189779,
          -0.09871577964188061,
          0.6351622674688971,
          3.081412094311853
        ],
        [
          -0.6427876096865396,
          -0.11764488503394953,
          0.7569569141363423,
          -2.137273830724833
        ],
        [
          0.0,
          -0.9881370734240492,
          -0.15357449047597563,
          1.6
        ],
        [
          0.0,
          0.0,
          0.0,
          1.0
        ]
      ]
    },
    "target_region": {
      "type": "circle",
      "params": {
        "center": [
          4.7357552501967035,
          -0.16570443131541995
        ],
        "radius": 7.576501820093899,
        "object_center": [
          4.7357552501967035,
          -0.16570443131541995,
          1.1999999996065975
        ],
        "object_height": 2.400000000786805,
        "occupancy_ratio": 0.2,
        "fov_vertical": 90.0,
        "sample_distance": 7.576501820093899,
        "min_distance": 2.400000000786805
      },
      "sample_point": [
        12.209259717650504,
        -1.4107388906113225,
        1.5
      ],
      "sample_forward": [
        -0.9856333240208357,
        0.16419973494100146,
        -0.03956510615357161
      ],
      "height": 1.5
    },
    "sample_target": [
      12.209259717650504,
      -1.4107388906113225,
      1.5
    ],
    "camera_params": {
      "forward": [
        -0.9856333240208357,
        0.16419973494100146,
        -0.03956510615357161
      ]
    },
    "task_type": "screen_occupancy",
    "task_description": "Position where wardrobe occupies 20% of vertical FOV",
    "target_object": {
      "label": "wardrobe",
      "id": "90",
      "bbox_min": [
        3.6221052,
        -0.9838545231670369,
        -7.868052307458129e-10
      ],
      "bbox_max": [
        5.849405300393408,
        0.652445660536197,
        2.4
      ],
      "center": [
        4.7357552501967035,
        -0.16570443131541995,
        1.1999999996065973
      ]
    }
  },
  {
    "scene_id": "0362_840317",
    "object_label": "wardrobe",
    "preset": "occupancy_30",
    "distance": 4.99835972574714,
    "init_camera": {
      "intrinsics": [
        [
          320.0,
          0.0,
          320.0
        ],
        [
          0.0,
          320.0,
          240.0
        ],
        [
          0.0,
          0.0,
          1.0
        ]
      ],
      "extrinsics": [
        [
          0.7660444431189779,
          -0.09871577964188061,
          0.6351622674688971,
          3.081412094311853
        ],
        [
          -0.6427876096865396,
          -0.11764488503394953,
          0.7569569141363423,
          -2.137273830724833
        ],
        [
          0.0,
          -0.9881370734240492,
          -0.15357449047597563,
          1.6
        ],
        [
          0.0,
          0.0,
          0.0,
          1.0
        ]
      ]
    },
    "target_region": {
      "type": "circle",
      "params": {
        "center": [
          4.7357552501967035,
          -0.16570443131541995
        ],
        "radius": 4.99835972574714,
        "object_center": [
          4.7357552501967035,
          -0.16570443131541995,
          1.1999999996065975
        ],
        "object_height": 2.400000000786805,
        "occupancy_ratio": 0.3,
        "fov_vertical": 90.0,
        "sample_distance": 4.99835972574714,
        "min_distance": 2.400000000786805
      },
      "sample_point": [
        9.36499384607935,
        1.7194348129743688,
        1.5
      ],
      "sample_forward": [
        -0.9244878740932408,
        -0.37647408666152615,
        -0.059911874673806265
      ],
      "height": 1.5
    },
    "sample_target": [
      9.36499384607935,
      1.7194348129743688,
      1.5
    ],
    "camera_params": {
      "forward": [
        -0.9244878740932408,
        -0.37647408666152615,
        -0.059911874673806265
      ]
    },
    "task_type": "screen_occupancy",
    "task_description": "Position where wardrobe occupies 30% of vertical FOV",
    "target_object": {
      "label": "wardrobe",
      "id": "90",
      "bbox_min": [
        3.6221052,
        -0.9838545231670369,
        -7.868052307458129e-10
      ],
      "bbox_max": [
        5.849405300393408,
        0.652445660536197,
        2.4
      ],
      "center": [
        4.7357552501967035,
        -0.16570443131541995,
        1.1999999996065973
      ]
    }
  },
  {
    "scene_id": "0362_840317",
    "object_label": "wardrobe",
    "preset": "occupancy_50",
    "distance": 2.897056275797472,
    "init_camera": {
      "intrinsics": [
        [
          320.0,
          0.0,
          320.0
        ],
        [
          0.0,
          320.0,
          240.0
        ],
        [
          0.0,
          0.0,
          1.0
        ]
      ],
      "extrinsics": [
        [
          0.7660444431189779,
          -0.09871577964188061,
          0.6351622674688971,
          3.081412094311853
        ],
        [
          -0.6427876096865396,
          -0.11764488503394953,
          0.7569569141363423,
          -2.137273830724833
        ],
        [
          0.0,
          -0.9881370734240492,
          -0.15357449047597563,
          1.6
        ],
        [
          0.0,
          0.0,
          0.0,
          1.0
        ]
      ]
    },
    "target_region": {
      "type": "circle",
      "params": {
        "center": [
          4.7357552501967035,
          -0.16570443131541995
        ],
        "radius": 2.897056275797472,
        "object_center": [
          4.7357552501967035,
          -0.16570443131541995,
          1.1999999996065975
        ],
        "object_height": 2.400000000786805,
        "occupancy_ratio": 0.5,
        "fov_vertical": 90.0,
        "sample_distance": 2.897056275797472,
        "min_distance": 2.400000000786805
      },
      "sample_point": [
        1.8436077108702893,
        -0.33427986222302475,
        1.5
      ],
      "sample_forward": [
        0.9929957114778244,
        0.057879025075866064,
        -0.10300259920466415
      ],
      "height": 1.5
    },
    "sample_target": [
      1.8436077108702893,
      -0.33427986222302475,
      1.5
    ],
    "camera_params": {
      "forward": [
        0.9929957114778244,
        0.057879025075866064,
        -0.10300259920466415
      ]
    },
    "task_type": "screen_occupancy",
    "task_description": "Position where wardrobe occupies 50% of vertical FOV",
    "target_object": {
      "label": "wardrobe",
      "id": "90",
      "bbox_min": [
        3.6221052,
        -0.9838545231670369,
        -7.868052307458129e-10
      ],
      "bbox_max": [
        5.849405300393408,
        0.652445660536197,
        2.4
      ],
      "center": [
        4.7357552501967035,
        -0.16570443131541995,
        1.1999999996065973
      ]
    }
  },
  {
    "scene_id": "0362_840317",
    "object_label": "wardrobe",
    "preset": "occupancy_20",
    "distance": 7.576501820093899,
    "init_camera": {
      "intrinsics": [
        [
          320.0,
          0.0,
          320.0
        ],
        [
          0.0,
          320.0,
          240.0
        ],
        [
          0.0,
          0.0,
          1.0
        ]
      ],
      "extrinsics": [
        [
          0.6427876096865393,
          -0.1460902364710786,
          0.7519851937646708,
          3.1584997306691727
        ],
        [
          -0.766044443118978,
          -0.12258426354148366,
          0.6309904987387107,
          -1.4891789560233002
        ],
        [
          0.0,
          -0.9816469534103472,
          -0.19070725958962229,
          1.6
        ],
        [
          0.0,
          0.0,
          0.0,
          1.0
        ]
      ]
    },
    "target_region": {
      "type": "circle",
      "params": {
        "center": [
          4.7357552501967035,
          -0.16570443131541995
        ],
        "radius": 7.576501820093899,
        "object_center": [
          4.7357552501967035,
          -0.16570443131541995,
          1.1999999996065975
        ],
        "object_height": 2.400000000786805,
        "occupancy_ratio": 0.2,
        "fov_vertical": 90.0,
        "sample_distance": 7.576501820093899,
        "min_distance": 2.400000000786805
      },
      "sample_point": [
        12.312018587377139,
        -0.22581828647141505,
        1.5
      ],
      "sample_forward": [
        -0.9991855426329153,
        0.007928036858094883,
        -0.03956510615357161
      ],
      "height": 1.5
    },
    "sample_target": [
      12.312018587377139,
      -0.22581828647141505,
      1.5
    ],
    "camera_params": {
      "forward": [
        -0.9991855426329153,
        0.007928036858094883,
        -0.03956510615357161
      ]
    },
    "task_type": "screen_occupancy",
    "task_description": "Position where wardrobe occupies 20% of vertical FOV",
    "target_object": {
      "label": "wardrobe",
      "id": "90",
      "bbox_min": [
        3.6221052,
        -0.9838545231670369,
        -7.868052307458129e-10
      ],
      "bbox_max": [
        5.849405300393408,
        0.652445660536197,
        2.4
      ],
      "center": [
        4.7357552501967035,
        -0.16570443131541995,
        1.1999999996065973
      ]
    }
  },
  {
    "scene_id": "0362_840317",
    "object_label": "wardrobe",
    "preset": "occupancy_30",
    "distance": 4.99835972574714,
    "init_camera": {
      "intrinsics": [
        [
          320.0,
          0.0,
          320.0
        ],
        [
          0.0,
          320.0,
          240.0
        ],
        [
          0.0,
          0.0,
          1.0
        ]
      ],
      "extrinsics": [
        [
          0.6427876096865393,
          -0.1460902364710786,
          0.7519851937646708,
          3.1584997306691727
        ],
        [
          -0.766044443118978,
          -0.12258426354148366,
          0.6309904987387107,
          -1.4891789560233002
        ],
        [
          0.0,
          -0.9816469534103472,
          -0.19070725958962229,
          1.6
        ],
        [
          0.0,
          0.0,
          0.0,
          1.0
        ]
      ]
    },
    "target_region": {
      "type": "circle",
      "params": {
        "center": [
          4.7357552501967035,
          -0.16570443131541995
        ],
        "radius": 4.99835972574714,
        "object_center": [
          4.7357552501967035,
          -0.16570443131541995,
          1.1999999996065975
        ],
        "object_height": 2.400000000786805,
        "occupancy_ratio": 0.3,
        "fov_vertical": 90.0,
        "sample_distance": 4.99835972574714,
        "min_distance": 2.400000000786805
      },
      "sample_point": [
        9.717642284877128,
        -0.5711690064069006,
        1.5
      ],
      "sample_forward": [
        -0.9949139708981075,
        0.080973809252312,
        -0.05991187467380626
      ],
      "height": 1.5
    },
    "sample_target": [
      9.717642284877128,
      -0.5711690064069006,
      1.5
    ],
    "camera_params": {
      "forward": [
        -0.9949139708981075,
        0.080973809252312,
        -0.05991187467380626
      ]
    },
    "task_type": "screen_occupancy",
    "task_description": "Position where wardrobe occupies 30% of vertical FOV",
    "target_object": {
      "label": "wardrobe",
      "id": "90",
      "bbox_min": [
        3.6221052,
        -0.9838545231670369,
        -7.868052307458129e-10
      ],
      "bbox_max": [
        5.849405300393408,
        0.652445660536197,
        2.4
      ],
      "center": [
        4.7357552501967035,
        -0.16570443131541995,
        1.1999999996065973
      ]
    }
  },
  {
    "scene_id": "0362_840317",
    "object_label": "wardrobe",
    "preset": "occupancy_50",
    "distance": 2.897056275797472,
    "init_camera": {
      "intrinsics": [
        [
          320.0,
          0.0,
          320.0
        ],
        [
          0.0,
          320.0,
          240.0
        ],
        [
          0.0,
          0.0,
          1.0
        ]
      ],
      "extrinsics": [
        [
          0.6427876096865393,
          -0.1460902364710786,
          0.7519851937646708,
          3.1584997306691727
        ],
        [
          -0.766044443118978,
          -0.12258426354148366,
          0.6309904987387107,
          -1.4891789560233002
        ],
        [
          0.0,
          -0.9816469534103472,
          -0.19070725958962229,
          1.6
        ],
        [
          0.0,
          0.0,
          0.0,
          1.0
        ]
      ]
    },
    "target_region": {
      "type": "circle",
      "params": {
        "center": [
          4.7357552501967035,
          -0.16570443131541995
        ],
        "radius": 2.897056275797472,
        "object_center": [
          4.7357552501967035,
          -0.16570443131541995,
          1.1999999996065975
        ],
        "object_height": 2.400000000786805,
        "occupancy_ratio": 0.5,
        "fov_vertical": 90.0,
        "sample_distance": 2.897056275797472,
        "min_distance": 2.400000000786805
      },
      "sample_point": [
        5.565736570704403,
        2.609915512543215,
        1.5
      ],
      "sample_forward": [
        -0.2849674439716853,
        -0.95298689415612,
        -0.10300259920466415
      ],
      "height": 1.5
    },
    "sample_target": [
      5.565736570704403,
      2.609915512543215,
      1.5
    ],
    "camera_params": {
      "forward": [
        -0.2849674439716853,
        -0.95298689415612,
        -0.10300259920466415
      ]
    },
    "task_type": "screen_occupancy",
    "task_description": "Position where wardrobe occupies 50% of vertical FOV",
    "target_object": {
      "label": "wardrobe",
      "id": "90",
      "bbox_min": [
        3.6221052,
        -0.9838545231670369,
        -7.868052307458129e-10
      ],
      "bbox_max": [
        5.849405300393408,
        0.652445660536197,
        2.4
      ],
      "center": [
        4.7357552501967035,
        -0.16570443131541995,
        1.1999999996065973
      ]
    }
  },
  {
    "scene_id": "0362_840317",
    "object_label": "wardrobe",
    "preset": "occupancy_20",
    "distance": 7.576501820093899,
    "init_camera": {
      "intrinsics": [
        [
          320.0,
          0.0,
          320.0
        ],
        [
          0.0,
          320.0,
          240.0
        ],
        [
          0.0,
          0.0,
          1.0
        ]
      ],
      "extrinsics": [
        [
          0.984807753012208,
          -0.03311596809559219,
          0.17046120457200112,
          4.378220450301908
        ],
        [
          -0.17364817766693058,
          -0.1878099877995718,
          0.9667335304393238,
          -2.1933850418394245
        ],
        [
          0.0,
          -0.9816469534103472,
          -0.1907072595896223,
          1.6
        ],
        [
          0.0,
          0.0,
          0.0,
          1.0
        ]
      ]
    },
    "target_region": {
      "type": "circle",
      "params": {
        "center": [
          4.7357552501967035,
          -0.16570443131541995
        ],
        "radius": 7.576501820093899,
        "object_center": [
          4.7357552501967035,
          -0.16570443131541995,
          1.1999999996065975
        ],
        "object_height": 2.400000000786805,
        "occupancy_ratio": 0.2,
        "fov_vertical": 90.0,
        "sample_distance": 7.576501820093899,
        "min_distance": 2.400000000786805
      },
      "sample_point": [
        -2.717758246120191,
        -1.5253059869588586,
        1.5
      ],
      "sample_forward": [
        0.9829968410404774,
        0.17930926601684347,
        -0.03956510615357161
      ],
      "height": 1.5
    },
    "sample_target": [
      -2.717758246120191,
      -1.5253059869588586,
      1.5
    ],
    "camera_params": {
      "forward": [
        0.9829968410404774,
        0.17930926601684347,
        -0.03956510615357161
      ]
    },
    "task_type": "screen_occupancy",
    "task_description": "Position where wardrobe occupies 20% of vertical FOV",
    "target_object": {
      "label": "wardrobe",
      "id": "90",
      "bbox_min": [
        3.6221052,
        -0.9838545231670369,
        -7.868052307458129e-10
      ],
      "bbox_max": [
        5.849405300393408,
        0.652445660536197,
        2.4
      ],
      "center": [
        4.7357552501967035,
        -0.16570443131541995,
        1.1999999996065973
      ]
    }
  },
  {
    "scene_id": "0362_840317",
    "object_label": "wardrobe",
    "preset": "occupancy_30",
    "distance": 4.99835972574714,
    "init_camera": {
      "intrinsics": [
        [
          320.0,
          0.0,
          320.0
        ],
        [
          0.0,
          320.0,
          240.0
        ],
        [
          0.0,
          0.0,
          1.0
        ]
      ],
      "extrinsics": [
        [
          0.984807753012208,
          -0.03311596809559219,
          0.17046120457200112,
          4.378220450301908
        ],
        [
          -0.17364817766693058,
          -0.1878099877995718,
          0.9667335304393238,
          -2.1933850418394245
        ],
        [
          0.0,
          -0.9816469534103472,
          -0.1907072595896223,
          1.6
        ],
        [
          0.0,
          0.0,
          0.0,
          1.0
        ]
      ]
    },
    "target_region": {
      "type": "circle",
      "params": {
        "center": [
          4.7357552501967035,
          -0.16570443131541995
        ],
        "radius": 4.99835972574714,
        "object_center": [
          4.7357552501967035,
          -0.16570443131541995,
          1.1999999996065975
        ],
        "object_height": 2.400000000786805,
        "occupancy_ratio": 0.3,
        "fov_vertical": 90.0,
        "sample_distance": 4.99835972574714,
        "min_distance": 2.400000000786805
      },
      "sample_point": [
        7.746985983578854,
        -4.1552018204994035,
        1.5
      ],
      "sample_forward": [
        -0.6013615935857599,
        0.7967275575961116,
        -0.05991187467380626
      ],
      "height": 1.5
    },
    "sample_target": [
      7.746985983578854,
      -4.1552018204994035,
      1.5
    ],
    "camera_params": {
      "forward": [
        -0.6013615935857599,
        0.7967275575961116,
        -0.05991187467380626
      ]
    },
    "task_type": "screen_occupancy",
    "task_description": "Position where wardrobe occupies 30% of vertical FOV",
    "target_object": {
      "label": "wardrobe",
      "id": "90",
      "bbox_min": [
        3.6221052,
        -0.9838545231670369,
        -7.868052307458129e-10
      ],
      "bbox_max": [
        5.849405300393408,
        0.652445660536197,
        2.4
      ],
      "center": [
        4.7357552501967035,
        -0.16570443131541995,
        1.1999999996065973
      ]
    }
  },
  {
    "scene_id": "0362_840317",
    "object_label": "wardrobe",
    "preset": "occupancy_50",
    "distance": 2.897056275797472,
    "init_camera": {
      "intrinsics": [
        [
          320.0,
          0.0,
          320.0
        ],
        [
          0.0,
          320.0,
          240.0
        ],
        [
          0.0,
          0.0,
          1.0
        ]
      ],
      "extrinsics": [
        [
          0.984807753012208,
          -0.03311596809559219,
          0.17046120457200112,
          4.378220450301908
        ],
        [
          -0.17364817766693058,
          -0.1878099877995718,
          0.9667335304393238,
          -2.1933850418394245
        ],
        [
          0.0,
          -0.9816469534103472,
          -0.1907072595896223,
          1.6
        ],
        [
          0.0,
          0.0,
          0.0,
          1.0
        ]
      ]
    },
    "target_region": {
      "type": "circle",
      "params": {
        "center": [
          4.7357552501967035,
          -0.16570443131541995
        ],
        "radius": 2.897056275797472,
        "object_center": [
          4.7357552501967035,
          -0.16570443131541995,
          1.1999999996065975
        ],
        "object_height": 2.400000000786805,
        "occupancy_ratio": 0.5,
        "fov_vertical": 90.0,
        "sample_distance": 2.897056275797472,
        "min_distance": 2.400000000786805
      },
      "sample_point": [
        2.3168812796850298,
        -1.760064422007174,
        1.5
      ],
      "sample_forward": [
        0.8305010192816246,
        0.5474107429794068,
        -0.10300259920466413
      ],
      "height": 1.5
    },
    "sample_target": [
      2.3168812796850298,
      -1.760064422007174,
      1.5
    ],
    "camera_params": {
      "forward": [
        0.8305010192816246,
        0.5474107429794068,
        -0.10300259920466413
      ]
    },
    "task_type": "screen_occupancy",
    "task_description": "Position where wardrobe occupies 50% of vertical FOV",
    "target_object": {
      "label": "wardrobe",
      "id": "90",
      "bbox_min": [
        3.6221052,
        -0.9838545231670369,
        -7.868052307458129e-10
      ],
      "bbox_max": [
        5.849405300393408,
        0.652445660536197,
        2.4
      ],
      "center": [
        4.7357552501967035,
        -0.16570443131541995,
        1.1999999996065973
      ]
    }
  },
  {
    "scene_id": "0362_840317",
    "object_label": "wardrobe",
    "preset": "occupancy_30",
    "distance": 4.99835972574714,
    "init_camera": {
      "intrinsics": [
        [
          320.0,
          0.0,
          320.0
        ],
        [
          0.0,
          320.0,
          240.0
        ],
        [
          0.0,
          0.0,
          1.0
        ]
      ],
      "extrinsics": [
        [
          -1.213234240261919e-16,
          -0.19070725958962229,
          0.9816469534103472,
          2.6767943978658946
        ],
        [
          -1.0,
          2.3137257720064797e-17,
          -1.19096769572623e-16,
          -0.1657044313154197
        ],
        [
          0.0,
          -0.9816469534103472,
          -0.19070725958962229,
          1.6
        ],
        [
          0.0,
          0.0,
          0.0,
          1.0
        ]
      ]
    },
    "target_region": {
      "type": "circle",
      "params": {
        "center": [
          4.7357552501967035,
          -0.16570443131541995
        ],
        "radius": 4.99835972574714,
        "object_center": [
          4.7357552501967035,
          -0.16570443131541995,
          1.1999999996065975
        ],
        "object_height": 2.400000000786805,
        "occupancy_ratio": 0.3,
        "fov_vertical": 90.0,
        "sample_distance": 4.99835972574714,
        "min_distance": 2.400000000786805
      },
      "sample_point": [
        1.5607553724017564,
        -4.02614167649544,
        1.5
      ],
      "sample_forward": [
        0.6340673150611913,
        0.7709534403867475,
        -0.05991187467380626
      ],
      "height": 1.5
    },
    "sample_target": [
      1.5607553724017564,
      -4.02614167649544,
      1.5
    ],
    "camera_params": {
      "forward": [
        0.6340673150611913,
        0.7709534403867475,
        -0.05991187467380626
      ]
    },
    "task_type": "screen_occupancy",
    "task_description": "Position where wardrobe occupies 30% of vertical FOV",
    "target_object": {
      "label": "wardrobe",
      "id": "90",
      "bbox_min": [
        3.6221052,
        -0.9838545231670369,
        -7.868052307458129e-10
      ],
      "bbox_max": [
        5.849405300393408,
        0.652445660536197,
        2.4
      ],
      "center": [
        4.7357552501967035,
        -0.16570443131541995,
        1.1999999996065973
      ]
    }
  },
  {
    "scene_id": "0362_840317",
    "object_label": "wardrobe",
    "preset": "occupancy_50",
    "distance": 2.897056275797472,
    "init_camera": {
      "intrinsics": [
        [
          320.0,
          0.0,
          320.0
        ],
        [
          0.0,
          320.0,
          240.0
        ],
        [
          0.0,
          0.0,
          1.0
        ]
      ],
      "extrinsics": [
        [
          -1.213234240261919e-16,
          -0.19070725958962229,
          0.9816469534103472,
          2.6767943978658946
        ],
        [
          -1.0,
          2.3137257720064797e-17,
          -1.19096769572623e-16,
          -0.1657044313154197
        ],
        [
          0.0,
          -0.9816469534103472,
          -0.19070725958962229,
          1.6
        ],
        [
          0.0,
          0.0,
          0.0,
          1.0
        ]
      ]
    },
    "target_region": {
      "type": "circle",
      "params": {
        "center": [
          4.7357552501967035,
          -0.16570443131541995
        ],
        "radius": 2.897056275797472,
        "object_center": [
          4.7357552501967035,
          -0.16570443131541995,
          1.1999999996065975
        ],
        "object_height": 2.400000000786805,
        "occupancy_ratio": 0.5,
        "fov_vertical": 90.0,
        "sample_distance": 2.897056275797472,
        "min_distance": 2.400000000786805
      },
      "sample_point": [
        6.425595978283853,
        2.187457989520721,
        1.5
      ],
      "sample_forward": [
        -0.580193290022097,
        -0.807939484596723,
        -0.10300259920466415
      ],
      "height": 1.5
    },
    "sample_target": [
      6.425595978283853,
      2.187457989520721,
      1.5
    ],
    "camera_params": {
      "forward": [
        -0.580193290022097,
        -0.807939484596723,
        -0.10300259920466415
      ]
    },
    "task_type": "screen_occupancy",
    "task_description": "Position where wardrobe occupies 50% of vertical FOV",
    "target_object": {
      "label": "wardrobe",
      "id": "90",
      "bbox_min": [
        3.6221052,
        -0.9838545231670369,
        -7.868052307458129e-10
      ],
      "bbox_max": [
        5.849405300393408,
        0.652445660536197,
        2.4
      ],
      "center": [
        4.7357552501967035,
        -0.16570443131541995,
        1.1999999996065973
      ]
    }
  },
  {
    "scene_id": "0362_840317",
    "object_label": "wardrobe",
    "preset": "occupancy_20",
    "distance": 7.576501820093899,
    "init_camera": {
      "intrinsics": [
        [
          320.0,
          0.0,
          320.0
        ],
        [
          0.0,
          320.0,
          240.0
        ],
        [
          0.0,
          0.0,
          1.0
        ]
      ],
      "extrinsics": [
        [
          -0.1736481776669307,
          -0.18780998779957178,
          0.9667335304393236,
          2.708074639672699
        ],
        [
          -0.984807753012208,
          0.0331159680955922,
          -0.1704612045720012,
          0.1918303685793754
        ],
        [
          0.0,
          -0.9816469534103472,
          -0.19070725958962229,
          1.6
        ],
        [
          0.0,
          0.0,
          0.0,
          1.0
        ]
      ]
    },
    "target_region": {
      "type": "circle",
      "params": {
        "center": [
          4.7357552501967035,
          -0.16570443131541995
        ],
        "radius": 7.576501820093899,
        "object_center": [
          4.7357552501967035,
          -0.16570443131541995,
          1.1999999996065975
        ],
        "object_height": 2.400000000786805,
        "occupancy_ratio": 0.2,
        "fov_vertical": 90.0,
        "sample_distance": 7.576501820093899,
        "min_distance": 2.400000000786805
      },
      "sample_point": [
        7.130594882918762,
        7.022349753471298,
        1.5
      ],
      "sample_forward": [
        -0.3158402805505878,
        -0.9479870882859021,
        -0.0395651061535716
      ],
      "height": 1.5
    },
    "sample_target": [
      7.130594882918762,
      7.022349753471298,
      1.5
    ],
    "camera_params": {
      "forward": [
        -0.3158402805505878,
        -0.9479870882859021,
        -0.0395651061535716
      ]
    },
    "task_type": "screen_occupancy",
    "task_description": "Position where wardrobe occupies 20% of vertical FOV",
    "target_object": {
      "label": "wardrobe",
      "id": "90",
      "bbox_min": [
        3.6221052,
        -0.9838545231670369,
        -7.868052307458129e-10
      ],
      "bbox_max": [
        5.849405300393408,
        0.652445660536197,
        2.4
      ],
      "center": [
        4.7357552501967035,
        -0.16570443131541995,
        1.1999999996065973
      ]
    }
  },
  {
    "scene_id": "0362_840317",
    "object_label": "wardrobe",
    "preset": "occupancy_30",
    "distance": 4.99835972574714,
    "init_camera": {
      "intrinsics": [
        [
          320.0,
          0.0,
          320.0
        ],
        [
          0.0,
          320.0,
          240.0
        ],
        [
          0.0,
          0.0,
          1.0
        ]
      ],
      "extrinsics": [
        [
          -0.1736481776669307,
          -0.18780998779957178,
          0.9667335304393236,
          2.708074639672699
        ],
        [
          -0.984807753012208,
          0.0331159680955922,
          -0.1704612045720012,
          0.1918303685793754
        ],
        [
          0.0,
          -0.9816469534103472,
          -0.19070725958962229,
          1.6
        ],
        [
          0.0,
          0.0,
          0.0,
          1.0
        ]
      ]
    },
    "target_region": {
      "type": "circle",
      "params": {
        "center": [
          4.7357552501967035,
          -0.16570443131541995
        ],
        "radius": 4.99835972574714,
        "object_center": [
          4.7357552501967035,
          -0.16570443131541995,
          1.1999999996065975
        ],
        "object_height": 2.400000000786805,
        "occupancy_ratio": 0.3,
        "fov_vertical": 90.0,
        "sample_distance": 4.99835972574714,
        "min_distance": 2.400000000786805
      },
      "sample_point": [
        9.258632094671322,
        1.9620138295655518,
        1.5
      ],
      "sample_forward": [
        -0.9032467677196138,
        -0.4249186320663525,
        -0.05991187467380626
      ],
      "height": 1.5
    },
    "sample_target": [
      9.258632094671322,
      1.9620138295655518,
      1.5
    ],
    "camera_params": {
      "forward": [
        -0.9032467677196138,
        -0.4249186320663525,
        -0.05991187467380626
      ]
    },
    "task_type": "screen_occupancy",
    "task_description": "Position where wardrobe occupies 30% of vertical FOV",
    "target_object": {
      "label": "wardrobe",
      "id": "90",
      "bbox_min": [
        3.6221052,
        -0.9838545231670369,
        -7.868052307458129e-10
      ],
      "bbox_max": [
        5.849405300393408,
        0.652445660536197,
        2.4
      ],
      "center": [
        4.7357552501967035,
        -0.16570443131541995,
        1.1999999996065973
      ]
    }
  },
  {
    "scene_id": "0362_840317",
    "object_label": "wardrobe",
    "preset": "occupancy_50",
    "distance": 2.897056275797472,
    "init_camera": {
      "intrinsics": [
        [
          320.0,
          0.0,
          320.0
        ],
        [
          0.0,
          320.0,
          240.0
        ],
        [
          0.0,
          0.0,
          1.0
        ]
      ],
      "extrinsics": [
        [
          -0.1736481776669307,
          -0.18780998779957178,
          0.9667335304393236,
          2.708074639672699
        ],
        [
          -0.984807753012208,
          0.0331159680955922,
          -0.1704612045720012,
          0.1918303685793754
        ],
        [
          0.0,
          -0.9816469534103472,
          -0.19070725958962229,
          1.6
        ],
        [
          0.0,
          0.0,
          0.0,
          1.0
        ]
      ]
    },
    "target_region": {
      "type": "circle",
      "params": {
        "center": [
          4.7357552501967035,
          -0.16570443131541995
        ],
        "radius": 2.897056275797472,
        "object_center": [
          4.7357552501967035,
          -0.16570443131541995,
          1.1999999996065975
        ],
        "object_height": 2.400000000786805,
        "occupancy_ratio": 0.5,
        "fov_vertical": 90.0,
        "sample_distance": 2.897056275797472,
        "min_distance": 2.400000000786805
      },
      "sample_point": [
        3.3123268541603808,
        2.3575447966632552,
        1.5
      ],
      "sample_forward": [
        0.48872274793734183,
        -0.8663374286071547,
        -0.10300259920466413
      ],
      "height": 1.5
    },
    "sample_target": [
      3.3123268541603808,
      2.3575447966632552,
      1.5
    ],
    "camera_params": {
      "forward": [
        0.48872274793734183,
        -0.8663374286071547,
        -0.10300259920466413
      ]
    },
    "task_type": "screen_occupancy",
    "task_description": "Position where wardrobe occupies 50% of vertical FOV",
    "target_object": {
      "label": "wardrobe",
      "id": "90",
      "bbox_min": [
        3.6221052,
        -0.9838545231670369,
        -7.868052307458129e-10
      ],
      "bbox_max": [
        5.849405300393408,
        0.652445660536197,
        2.4
      ],
      "center": [
        4.7357552501967035,
        -0.16570443131541995,
        1.1999999996065973
      ]
    }
  },
  {
    "scene_id": "0362_840317",
    "object_label": "wardrobe",
    "preset": "back",
    "distance": 2.400000000786805,
    "init_camera": {
      "intrinsics": [
        [
          320.0,
          0.0,
          320.0
        ],
        [
          0.0,
          320.0,
          240.0
        ],
        [
          0.0,
          0.0,
          1.0
        ]
      ],
      "extrinsics": [
        [
          0.984807753012208,
          -0.041459100610867335,
          0.16862631047254695,
          -7.053105958833768
        ],
        [
          -0.17364817766693036,
          -0.23512624355211334,
          0.9563273288921668,
          -2.47408178089202
        ],
        [
          0.0,
          -0.9710802194307174,
          -0.23875344485554492,
          1.6
        ],
        [
          0.0,
          0.0,
          0.0,
          1.0
        ]
      ]
    },
    "target_region": {
      "type": "circle",
      "params": {
        "center": [
          -6.770594750268099,
          -0.8718810999153138
        ],
        "radius": 2.400000000786805,
        "object_center": [
          -6.770594750268099,
          -0.8718810999153138,
          1.1999999996065975
        ],
        "sample_distance": 2.400000000786805,
        "min_distance": 2.400000000786805,
        "requested_distance": 0.8
      },
      "sample_point": [
        -9.155816697675153,
        -1.1378064002994008,
        1.5
      ],
      "sample_forward": [
        0.9861679036050738,
        0.10994658014127792,
        -0.12403473470932062
      ],
      "height": 1.5
    },
    "sample_target": [
      -9.155816697675153,
      -1.1378064002994008,
      1.5
    ],
    "camera_params": {
      "forward": [
        0.9861679036050738,
        0.10994658014127792,
        -0.12403473470932062
      ]
    },
    "task_type": "absolute_positioning",
    "task_description": "Move to any position 2.4m from wardrobe",
    "target_object": {
      "label": "wardrobe",
      "id": "91",
      "bbox_min": [
        -7.520594800536197,
        -1.1699511998306276,
        -7.868052307458129e-10
      ],
      "bbox_max": [
        -6.0205947,
        -0.573811,
        2.4
      ],
      "center": [
        -6.770594750268099,
        -0.8718810999153137,
        1.1999999996065973
      ]
    }
  },
  {
    "scene_id": "0362_840317",
    "object_label": "wardrobe",
    "preset": "left",
    "distance": 2.400000000786805,
    "init_camera": {
      "intrinsics": [
        [
          320.0,
          0.0,
          320.0
        ],
        [
          0.0,
          320.0,
          240.0
        ],
        [
          0.0,
          0.0,
          1.0
        ]
      ],
      "extrinsics": [
        [
          0.984807753012208,
          -0.041459100610867335,
          0.16862631047254695,
          -7.053105958833768
        ],
        [
          -0.17364817766693036,
          -0.23512624355211334,
          0.9563273288921668,
          -2.47408178089202
        ],
        [
          0.0,
          -0.9710802194307174,
          -0.23875344485554492,
          1.6
        ],
        [
          0.0,
          0.0,
          0.0,
          1.0
        ]
      ]
    },
    "target_region": {
      "type": "circle",
      "params": {
        "center": [
          -6.770594750268099,
          -0.8718810999153138
        ],
        "radius": 2.400000000786805,
        "object_center": [
          -6.770594750268099,
          -0.8718810999153138,
          1.1999999996065975
        ],
        "sample_distance": 2.400000000786805,
        "min_distance": 2.400000000786805,
        "requested_distance": 1.0
      },
      "sample_point": [
        -5.958819803173798,
        -3.1304251971263266,
        1.5
      ],
      "sample_forward": [
        -0.3356276335815924,
        0.9337930585317118,
        -0.12403473470932062
      ],
      "height": 1.5
    },
    "sample_target": [
      -5.958819803173798,
      -3.1304251971263266,
      1.5
    ],
    "camera_params": {
      "forward": [
        -0.3356276335815924,
        0.9337930585317118,
        -0.12403473470932062
      ]
    },
    "task_type": "absolute_positioning",
    "task_description": "Move to any position 2.4m from wardrobe",
    "target_object": {
      "label": "wardrobe",
      "id": "91",
      "bbox_min": [
        -7.520594800536197,
        -1.1699511998306276,
        -7.868052307458129e-10
      ],
      "bbox_max": [
        -6.0205947,
        -0.573811,
        2.4
      ],
      "center": [
        -6.770594750268099,
        -0.8718810999153137,
        1.1999999996065973
      ]
    }
  },
  {
    "scene_id": "0362_840317",
    "object_label": "wardrobe",
    "preset": "front",
    "distance": 2.400000000786805,
    "init_camera": {
      "intrinsics": [
        [
          320.0,
          0.0,
          320.0
        ],
        [
          0.0,
          320.0,
          240.0
        ],
        [
          0.0,
          0.0,
          1.0
        ]
      ],
      "extrinsics": [
        [
          0.984807753012208,
          -0.041459100610867335,
          0.16862631047254695,
          -7.053105958833768
        ],
        [
          -0.17364817766693036,
          -0.23512624355211334,
          0.9563273288921668,
          -2.47408178089202
        ],
        [
          0.0,
          -0.9710802194307174,
          -0.23875344485554492,
          1.6
        ],
        [
          0.0,
          0.0,
          0.0,
          1.0
        ]
      ]
    },
    "target_region": {
      "type": "circle",
      "params": {
        "center": [
          -6.770594750268099,
          -0.8718810999153138
        ],
        "radius": 2.400000000786805,
        "object_center": [
          -6.770594750268099,
          -0.8718810999153138,
          1.1999999996065975
        ],
        "sample_distance": 2.400000000786805,
        "min_distance": 2.400000000786805,
        "requested_distance": 1.2
      },
      "sample_point": [
        -4.4015837003067855,
        -1.2563113913048713,
        1.5
      ],
      "sample_forward": [
        -0.9794655224002549,
