[
  {
    "scene_id": "0240_840881",
    "object_label": "window",
    "preset": "left",
    "distance": 1.5,
    "init_camera": {
      "intrinsics": [
        [
          320.0,
          0.0,
          320.0
        ],
        [
          0.0,
          320.0,
          240.0
        ],
        [
          0.0,
          0.0,
          1.0
        ]
      ],
      "extrinsics": [
        [
          0.5000000000000008,
          0.08995923193333019,
          -0.8613404301377967,
          -4.337049638564268
        ],
        [
          0.8660254037844382,
          -0.05193798677280028,
          0.49729512920396596,
          7.552860656411488
        ],
        [
          -0.0,
          -0.9945902584079304,
          -0.1038759735456004,
          1.6
        ],
        [
          0.0,
          0.0,
          0.0,
          1.0
        ]
      ]
    },
    "target_region": {
      "type": "circle",
      "params": {
        "center": [
          -5.166250501237798,
          8.031599997688321
        ],
        "radius": 1.5,
        "object_center": [
          -5.166250501237798,
          8.031599997688321,
          1.499999995517121
        ],
        "sample_distance": 1.5,
        "min_distance": 1.200000009000085,
        "requested_distance": 1.5
      },
      "sample_point": [
        -6.061375195288341,
        6.827958945671184,
        1.5
      ],
      "sample_forward": [
        0.5967497960336955,
        0.802427368011425,
        -2.9885859712900733e-09
      ],
      "height": 1.5
    },
    "sample_target": [
      -6.061375195288341,
      6.827958945671184,
      1.5
    ],
    "camera_params": {
      "forward": [
        0.5967497960336955,
        0.802427368011425,
        -2.9885859712900733e-09
      ]
    },
    "task_type": "absolute_positioning",
    "task_description": "Move to any position 1.5m from window",
    "target_object": {
      "label": "window",
      "id": "62",
      "bbox_min": [
        -5.766250502517577,
        7.965585895092665,
        0.8999999910170786
      ],
      "bbox_max": [
        -4.566250499958019,
        8.097614100283979,
        2.1000000000171637
      ],
      "center": [
        -5.166250501237798,
        8.031599997688321,
        1.499999995517121
      ]
    }
  },
  {
    "scene_id": "0240_840881",
    "object_label": "window",
    "preset": "occupancy_20",
    "distance": 3.788250937217177,
    "init_camera": {
      "intrinsics": [
        [
          320.0,
          0.0,
          320.0
        ],
        [
          0.0,
          320.0,
          240.0
        ],
        [
          0.0,
          0.0,
          1.0
        ]
      ],
      "extrinsics": [
        [
          0.5000000000000008,
          0.08995923193333019,
          -0.8613404301377967,
          -4.337049638564268
        ],
        [
          0.8660254037844382,
          -0.05193798677280028,
          0.49729512920396596,
          7.552860656411488
        ],
        [
          -0.0,
          -0.9945902584079304,
          -0.1038759735456004,
          1.6
        ],
        [
          0.0,
          0.0,
          0.0,
          1.0
        ]
      ]
    },
    "target_region": {
      "type": "circle",
      "params": {
        "center": [
          -5.166250501237798,
          8.031599997688321
        ],
        "radius": 3.788250937217177,
        "object_center": [
          -5.166250501237798,
          8.031599997688321,
          1.499999995517121
        ],
        "object_height": 1.200000009000085,
        "occupancy_ratio": 0.2,
        "fov_vertical": 90.0,
        "sample_distance": 3.788250937217177,
        "min_distance": 1.200000009000085
      },
      "sample_point": [
        -7.104702102730541,
        11.286327413616887,
        1.5
      ],
      "sample_forward": [
        0.5117009494932553,
        -0.8591636271908286,
        -1.183363782186035e-09
      ],
      "height": 1.5
    },
    "sample_target": [
      -7.104702102730541,
      11.286327413616887,
      1.5
    ],
    "camera_params": {
      "forward": [
        0.5117009494932553,
        -0.8591636271908286,
        -1.183363782186035e-09
      ]
    },
    "task_type": "screen_occupancy",
    "task_description": "Position where window occupies 20% of vertical FOV",
    "target_object": {
      "label": "window",
      "id": "62",
      "bbox_min": [
        -5.766250502517577,
        7.965585895092665,
        0.8999999910170786
      ],
      "bbox_max": [
        -4.566250499958019,
        8.097614100283979,
        2.1000000000171637
      ],
      "center": [
        -5.166250501237798,
        8.031599997688321,
        1.499999995517121
      ]
    }
  },
  {
    "scene_id": "0240_840881",
    "object_label": "window",
    "preset": "occupancy_30",
    "distance": 2.499179880798277,
    "init_camera": {
      "intrinsics": [
        [
          320.0,
          0.0,
          320.0
        ],
        [
          0.0,
          320.0,
          240.0
        ],
        [
          0.0,
          0.0,
          1.0
        ]
      ],
      "extrinsics": [
        [
          0.5000000000000008,
          0.08995923193333019,
          -0.8613404301377967,
          -4.337049638564268
        ],
        [
          0.8660254037844382,
          -0.05193798677280028,
          0.49729512920396596,
          7.552860656411488
        ],
        [
          -0.0,
          -0.9945902584079304,
          -0.1038759735456004,
          1.6
        ],
        [
          0.0,
          0.0,
          0.0,
          1.0
        ]
      ]
    },
    "target_region": {
      "type": "circle",
      "params": {
        "center": [
          -5.166250501237798,
          8.031599997688321
        ],
        "radius": 2.499179880798277,
        "object_center": [
          -5.166250501237798,
          8.031599997688321,
          1.499999995517121
        ],
        "object_height": 1.200000009000085,
        "occupancy_ratio": 0.3,
        "fov_vertical": 90.0,
        "sample_distance": 2.499179880798277,
        "min_distance": 1.200000009000085
      },
      "sample_point": [
        -7.658412344483564,
        7.844438506839499,
        1.5
      ],
      "sample_forward": [
        0.9971918637764207,
        0.07488916355594234,
        -1.7937400150257332e-09
      ],
      "height": 1.5
    },
    "sample_target": [
      -7.658412344483564,
      7.844438506839499,
      1.5
    ],
    "camera_params": {
      "forward": [
        0.9971918637764207,
        0.07488916355594234,
        -1.7937400150257332e-09
      ]
    },
    "task_type": "screen_occupancy",
    "task_description": "Position where window occupies 30% of vertical FOV",
    "target_object": {
      "label": "window",
      "id": "62",
      "bbox_min": [
        -5.766250502517577,
        7.965585895092665,
        0.8999999910170786
      ],
      "bbox_max": [
        -4.566250499958019,
        8.097614100283979,
        2.1000000000171637
      ],
      "center": [
        -5.166250501237798,
        8.031599997688321,
        1.499999995517121
      ]
    }
  },
  {
    "scene_id": "0240_840881",
    "object_label": "wardrobe",
    "preset": "occupancy_20",
    "distance": 8.36572075942828,
    "init_camera": {
      "intrinsics": [
        [
          320.0,
          0.0,
          320.0
        ],
        [
          0.0,
          320.0,
          240.0
        ],
        [
          0.0,
          0.0,
          1.0
        ]
      ],
      "extrinsics": [
        [
          0.9848077530122081,
          -0.0163519198141306,
          0.17287655805642954,
          -0.8391052860046604
        ],
        [
          -0.17364817766693036,
          -0.09273634555772547,
          0.9804316807435144,
          -4.638362823004228
        ],
        [
          0.0,
          -0.9955564197628332,
          -0.09416695316834685,
          1.6
        ],
        [
          0.0,
          0.0,
          0.0,
          1.0
        ]
      ]
    },
    "target_region": {
      "type": "circle",
      "params": {
        "center": [
          -0.33424607727007716,
          -1.775163971041204
        ],
        "radius": 8.36572075942828,
        "object_center": [
          -0.33424607727007716,
          -1.775163971041204,
          1.325
        ],
        "object_height": 2.650000000786805,
        "occupancy_ratio": 0.2,
        "fov_vertical": 90.0,
        "sample_distance": 8.36572075942828,
        "min_distance": 2.650000000786805
      },
      "sample_point": [
        -0.07246747140510112,
        -10.136787963199705,
        1.5
      ],
      "sample_forward": [
        -0.03128497305502157,
        0.9992916740714438,
        -0.020914124233103615
      ],
      "height": 1.5
    },
    "sample_target": [
      -0.07246747140510112,
      -10.136787963199705,
      1.5
    ],
    "camera_params": {
      "forward": [
        -0.03128497305502157,
        0.9992916740714438,
        -0.020914124233103615
      ]
    },
    "task_type": "screen_occupancy",
    "task_description": "Position where wardrobe occupies 20% of vertical FOV",
    "target_object": {
      "label": "wardrobe",
      "id": "72",
      "bbox_min": [
        -1.5124961015298986,
        -2.838414,
        -3.9340284274658187e-10
      ],
      "bbox_max": [
        0.8440039469897442,
        -0.7119139420824081,
        2.6500000003934026
      ],
      "center": [
        -0.33424607727007716,
        -1.7751639710412042,
        1.325
      ]
    }
  },
  {
    "scene_id": "0240_840881",
    "object_label": "wardrobe",
    "preset": "occupancy_30",
    "distance": 5.519022197008443,
    "init_camera": {
      "intrinsics": [
        [
          320.0,
          0.0,
          320.0
        ],
        [
          0.0,
          320.0,
          240.0
        ],
        [
          0.0,
          0.0,
          1.0
        ]
      ],
      "extrinsics": [
        [
          0.9848077530122081,
          -0.0163519198141306,
          0.17287655805642954,
          -0.8391052860046604
        ],
        [
          -0.17364817766693036,
          -0.09273634555772547,
          0.9804316807435144,
          -4.638362823004228
        ],
        [
          0.0,
          -0.9955564197628332,
          -0.09416695316834685,
          1.6
        ],
        [
          0.0,
          0.0,
          0.0,
          1.0
        ]
      ]
    },
    "target_region": {
      "type": "circle",
      "params": {
        "center": [
          -0.33424607727007716,
          -1.775163971041204
        ],
        "radius": 5.519022197008443,
        "object_center": [
          -0.33424607727007716,
          -1.775163971041204,
          1.325
        ],
        "object_height": 2.650000000786805,
        "occupancy_ratio": 0.3,
        "fov_vertical": 90.0,
        "sample_distance": 5.519022197008443,
        "min_distance": 2.650000000786805
      },
      "sample_point": [
        2.431964706403631,
        -6.5509030668628325,
        1.5
      ],
      "sample_forward": [
        -0.5009621482119134,
        0.8648887246275121,
        -0.031692587005483205
      ],
      "height": 1.5
    },
    "sample_target": [
      2.431964706403631,
      -6.5509030668628325,
      1.5
    ],
    "camera_params": {
      "forward": [
        -0.5009621482119134,
        0.8648887246275121,
        -0.031692587005483205
      ]
    },
    "task_type": "screen_occupancy",
    "task_description": "Position where wardrobe occupies 30% of vertical FOV",
    "target_object": {
      "label": "wardrobe",
      "id": "72",
      "bbox_min": [
        -1.5124961015298986,
        -2.838414,
        -3.9340284274658187e-10
      ],
      "bbox_max": [
        0.8440039469897442,
        -0.7119139420824081,
        2.6500000003934026
      ],
      "center": [
        -0.33424607727007716,
        -1.7751639710412042,
        1.325
      ]
    }
  },
  {
    "scene_id": "0240_840881",
    "object_label": "wardrobe",
    "preset": "occupancy_50",
    "distance": 3.198832971094109,
    "init_camera": {
      "intrinsics": [
        [
          320.0,
          0.0,
          320.0
        ],
        [
          0.0,
          320.0,
          240.0
        ],
        [
          0.0,
          0.0,
          1.0
        ]
      ],
      "extrinsics": [
        [
          0.9848077530122081,
          -0.0163519198141306,
          0.17287655805642954,
          -0.8391052860046604
        ],
        [
          -0.17364817766693036,
          -0.09273634555772547,
          0.9804316807435144,
          -4.638362823004228
        ],
        [
          0.0,
          -0.9955564197628332,
          -0.09416695316834685,
          1.6
        ],
        [
          0.0,
          0.0,
          0.0,
          1.0
        ]
      ]
    },
    "target_region": {
      "type": "circle",
      "params": {
        "center": [
          -0.33424607727007716,
          -1.775163971041204
        ],
        "radius": 3.198832971094109,
        "object_center": [
          -0.33424607727007716,
          -1.775163971041204,
          1.325
        ],
        "object_height": 2.650000000786805,
        "occupancy_ratio": 0.5,
        "fov_vertical": 90.0,
        "sample_distance": 3.198832971094109,
        "min_distance": 2.650000000786805
      },
      "sample_point": [
        1.896133707326947,
        0.5178555215535923,
        1.5
      ],
      "sample_forward": [
        -0.6962069043170628,
        -0.7157597165751477,
        -0.05462576781626403
      ],
      "height": 1.5
    },
    "sample_target": [
      1.896133707326947,
      0.5178555215535923,
      1.5
    ],
    "camera_params": {
      "forward": [
        -0.6962069043170628,
        -0.7157597165751477,
        -0.05462576781626403
      ]
    },
    "task_type": "screen_occupancy",
    "task_description": "Position where wardrobe occupies 50% of vertical FOV",
    "target_object": {
      "label": "wardrobe",
      "id": "72",
      "bbox_min": [
        -1.5124961015298986,
        -2.838414,
        -3.9340284274658187e-10
      ],
      "bbox_max": [
        0.8440039469897442,
        -0.7119139420824081,
        2.6500000003934026
      ],
      "center": [
        -0.33424607727007716,
        -1.7751639710412042,
        1.325
      ]
    }
  },
  {
    "scene_id": "0240_840881",
    "object_label": "wardrobe",
    "preset": "occupancy_20",
    "distance": 8.36572075942828,
    "init_camera": {
      "intrinsics": [
        [
          320.0,
          0.0,
          320.0
        ],
        [
          0.0,
          320.0,
          240.0
        ],
        [
          0.0,
          0.0,
          1.0
        ]
      ],
      "extrinsics": [
        [
          0.9396926207859082,
          -0.04015871385821841,
          0.33965431859725426,
          -1.1297488979763606
        ],
        [
          -0.34202014332566927,
          -0.1103351595197943,
          0.9331925707662005,
          -3.9607900080441727
        ],
        [
          0.0,
          -0.9930827912490455,
          -0.11741622428354916,
          1.6
        ],
        [
          0.0,
          0.0,
          0.0,
          1.0
        ]
      ]
    },
    "target_region": {
      "type": "circle",
      "params": {
        "center": [
          -0.33424607727007716,
          -1.775163971041204
        ],
        "radius": 8.36572075942828,
        "object_center": [
          -0.33424607727007716,
          -1.775163971041204,
          1.325
        ],
        "object_height": 2.650000000786805,
        "occupancy_ratio": 0.2,
        "fov_vertical": 90.0,
        "sample_distance": 8.36572075942828,
        "min_distance": 2.650000000786805
      },
      "sample_point": [
        4.463365254272224,
        -8.628499606787216,
        1.5
      ],
      "sample_forward": [
        -0.5733590823429789,
        0.8190372165551326,
        -0.020914124233103615
      ],
      "height": 1.5
    },
    "sample_target": [
      4.463365254272224,
      -8.628499606787216,
      1.5
    ],
    "camera_params": {
      "forward": [
        -0.5733590823429789,
        0.8190372165551326,
        -0.020914124233103615
      ]
    },
    "task_type": "screen_occupancy",
    "task_description": "Position where wardrobe occupies 20% of vertical FOV",
    "target_object": {
      "label": "wardrobe",
      "id": "72",
      "bbox_min": [
        -1.5124961015298986,
        -2.838414,
        -3.9340284274658187e-10
      ],
      "bbox_max": [
        0.8440039469897442,
        -0.7119139420824081,
        2.6500000003934026
      ],
      "center": [
        -0.33424607727007716,
        -1.7751639710412042,
        1.325
      ]
    }
  },
  {
    "scene_id": "0240_840881",
    "object_label": "wardrobe",
    "preset": "occupancy_30",
    "distance": 5.519022197008443,
    "init_camera": {
      "intrinsics": [
        [
          320.0,
          0.0,
          320.0
        ],
        [
          0.0,
          320.0,
          240.0
        ],
        [
          0.0,
          0.0,
          1.0
        ]
      ],
      "extrinsics": [
        [
          0.9396926207859082,
          -0.04015871385821841,
          0.33965431859725426,
          -1.1297488979763606
        ],
        [
          -0.34202014332566927,
          -0.1103351595197943,
          0.9331925707662005,
          -3.9607900080441727
        ],
        [
          0.0,
          -0.9930827912490455,
          -0.11741622428354916,
          1.6
        ],
        [
          0.0,
          0.0,
          0.0,
          1.0
        ]
      ]
    },
    "target_region": {
      "type": "circle",
      "params": {
        "center": [
          -0.33424607727007716,
          -1.775163971041204
        ],
        "radius": 5.519022197008443,
        "object_center": [
          -0.33424607727007716,
          -1.775163971041204,
          1.325
        ],
        "object_height": 2.650000000786805,
        "occupancy_ratio": 0.3,
        "fov_vertical": 90.0,
        "sample_distance": 5.519022197008443,
        "min_distance": 2.650000000786805
      },
      "sample_point": [
        3.8344842965129318,
        1.8416430575090996,
        1.5
      ],
      "sample_forward": [
        -0.7549591432772487,
        -0.6550055510535637,
        -0.031692587005483205
      ],
      "height": 1.5
    },
    "sample_target": [
      3.8344842965129318,
      1.8416430575090996,
      1.5
    ],
    "camera_params": {
      "forward": [
        -0.7549591432772487,
        -0.6550055510535637,
        -0.031692587005483205
      ]
    },
    "task_type": "screen_occupancy",
    "task_description": "Position where wardrobe occupies 30% of vertical FOV",
    "target_object": {
      "label": "wardrobe",
      "id": "72",
      "bbox_min": [
        -1.5124961015298986,
        -2.838414,
        -3.9340284274658187e-10
      ],
      "bbox_max": [
        0.8440039469897442,
        -0.7119139420824081,
        2.6500000003934026
      ],
      "center": [
        -0.33424607727007716,
        -1.7751639710412042,
        1.325
      ]
    }
  },
  {
    "scene_id": "0240_840881",
    "object_label": "wardrobe",
    "preset": "occupancy_50",
    "distance": 3.198832971094109,
    "init_camera": {
      "intrinsics": [
        [
          320.0,
          0.0,
          320.0
        ],
        [
          0.0,
          320.0,
          240.0
        ],
        [
          0.0,
          0.0,
          1.0
        ]
      ],
      "extrinsics": [
        [
          0.9396926207859082,
          -0.04015871385821841,
          0.33965431859725426,
          -1.1297488979763606
        ],
        [
          -0.34202014332566927,
          -0.1103351595197943,
          0.9331925707662005,
          -3.9607900080441727
        ],
        [
          0.0,
          -0.9930827912490455,
          -0.11741622428354916,
          1.6
        ],
        [
          0.0,
          0.0,
          0.0,
          1.0
        ]
      ]
    },
    "target_region": {
      "type": "circle",
      "params": {
        "center": [
          -0.33424607727007716,
          -1.775163971041204
        ],
        "radius": 3.198832971094109,
        "object_center": [
          -0.33424607727007716,
          -1.775163971041204,
          1.325
        ],
        "object_height": 2.650000000786805,
        "occupancy_ratio": 0.5,
        "fov_vertical": 90.0,
        "sample_distance": 3.198832971094109,
        "min_distance": 2.650000000786805
      },
      "sample_point": [
        2.5383132024767865,
        -0.36770684512263974,
        1.5
      ],
      "sample_forward": [
        -0.8966614643080386,
        -0.43933386383870715,
        -0.05462576781626403
      ],
      "height": 1.5
    },
    "sample_target": [
      2.5383132024767865,
      -0.36770684512263974,
      1.5
    ],
    "camera_params": {
      "forward": [
        -0.8966614643080386,
        -0.43933386383870715,
        -0.05462576781626403
      ]
    },
    "task_type": "screen_occupancy",
    "task_description": "Position where wardrobe occupies 50% of vertical FOV",
    "target_object": {
      "label": "wardrobe",
      "id": "72",
      "bbox_min": [
        -1.5124961015298986,
        -2.838414,
        -3.9340284274658187e-10
      ],
      "bbox_max": [
        0.8440039469897442,
        -0.7119139420824081,
        2.6500000003934026
      ],
      "center": [
        -0.33424607727007716,
        -1.7751639710412042,
        1.325
      ]
    }
  },
  {
    "scene_id": "0240_840881",
    "object_label": "wardrobe",
    "preset": "occupancy_20",
    "distance": 8.36572075942828,
    "init_camera": {
      "intrinsics": [
        [
          320.0,
          0.0,
          320.0
        ],
        [
          0.0,
          320.0,
          240.0
        ],
        [
          0.0,
          0.0,
          1.0
        ]
      ],
      "extrinsics": [
        [
          0.9396926207859082,
          -0.03220699481917957,
          0.34050034937607443,
          -1.3286246031529316
        ],
        [
          -0.3420201433256693,
          -0.08848799101418771,
          0.9355170212271724,
          -4.507196517294915
        ],
        [
          0.0,
          -0.9955564197628332,
          -0.09416695316834682,
          1.6
        ],
        [
          0.0,
          0.0,
          0.0,
          1.0
        ]
      ]
    },
    "target_region": {
      "type": "circle",
      "params": {
        "center": [
          -0.33424607727007716,
          -1.775163971041204
        ],
        "radius": 8.36572075942828,
        "object_center": [
          -0.33424607727007716,
          -1.775163971041204,
          1.325
        ],
        "object_height": 2.650000000786805,
        "occupancy_ratio": 0.2,
        "fov_vertical": 90.0,
        "sample_distance": 8.36572075942828,
        "min_distance": 2.650000000786805
      },
      "sample_point": [
        6.952042493488919,
        -5.885551141169598,
        1.5
      ],
      "sample_forward": [
        -0.8707791106691234,
        0.4912294166984024,
        -0.020914124233103615
      ],
      "height": 1.5
    },
    "sample_target": [
      6.952042493488919,
      -5.885551141169598,
      1.5
    ],
    "camera_params": {
      "forward": [
        -0.8707791106691234,
        0.4912294166984024,
        -0.020914124233103615
      ]
    },
    "task_type": "screen_occupancy",
    "task_description": "Position where wardrobe occupies 20% of vertical FOV",
    "target_object": {
      "label": "wardrobe",
      "id": "72",
      "bbox_min": [
        -1.5124961015298986,
        -2.838414,
        -3.9340284274658187e-10
      ],
      "bbox_max": [
        0.8440039469897442,
        -0.7119139420824081,
        2.6500000003934026
      ],
      "center": [
        -0.33424607727007716,
        -1.7751639710412042,
        1.325
      ]
    }
  },
  {
    "scene_id": "0240_840881",
    "object_label": "wardrobe",
    "preset": "occupancy_50",
    "distance": 3.198832971094109,
    "init_camera": {
      "intrinsics": [
        [
          320.0,
          0.0,
          320.0
        ],
        [
          0.0,
          320.0,
          240.0
        ],
        [
          0.0,
          0.0,
          1.0
        ]
      ],
      "extrinsics": [
        [
          0.9396926207859082,
          -0.03220699481917957,
          0.34050034937607443,
          -1.3286246031529316
        ],
        [
          -0.3420201433256693,
          -0.08848799101418771,
          0.9355170212271724,
          -4.507196517294915
        ],
        [
          0.0,
          -0.9955564197628332,
          -0.09416695316834682,
          1.6
        ],
        [
          0.0,
          0.0,
          0.0,
          1.0
        ]
      ]
    },
    "target_region": {
      "type": "circle",
      "params": {
        "center": [
          -0.33424607727007716,
          -1.775163971041204
        ],
        "radius": 3.198832971094109,
        "object_center": [
          -0.33424607727007716,
          -1.775163971041204,
          1.325
        ],
        "object_height": 2.650000000786805,
        "occupancy_ratio": 0.5,
        "fov_vertical": 90.0,
        "sample_distance": 3.198832971094109,
        "min_distance": 2.650000000786805
      },
      "sample_point": [
        2.6747909839178265,
        -2.8606262418532427,
        1.5
      ],
      "sample_forward": [
        -0.9392626277427648,
        0.3388240570211035,
        -0.05462576781626403
      ],
      "height": 1.5
    },
    "sample_target": [
      2.6747909839178265,
      -2.8606262418532427,
      1.5
    ],
    "camera_params": {
      "forward": [
        -0.9392626277427648,
        0.3388240570211035,
        -0.05462576781626403
      ]
    },
    "task_type": "screen_occupancy",
    "task_description": "Position where wardrobe occupies 50% of vertical FOV",
    "target_object": {
      "label": "wardrobe",
      "id": "72",
      "bbox_min": [
        -1.5124961015298986,
        -2.838414,
        -3.9340284274658187e-10
      ],
      "bbox_max": [
        0.8440039469897442,
        -0.7119139420824081,
        2.6500000003934026
      ],
      "center": [
        -0.33424607727007716,
        -1.7751639710412042,
        1.325
      ]
    }
  },
  {
    "scene_id": "0240_840881",
    "object_label": "wardrobe",
    "preset": "occupancy_20",
    "distance": 8.36572075942828,
    "init_camera": {
      "intrinsics": [
        [
          320.0,
          0.0,
          320.0
        ],
        [
          0.0,
          320.0,
          240.0
        ],
        [
          0.0,
          0.0,
          1.0
        ]
      ],
      "extrinsics": [
        [
          0.8660254037844384,
          -0.047083476584173466,
          0.497778209881417,
          -1.7879302319720627
        ],
        [
          -0.5000000000000004,
          -0.08155097364076788,
          0.8621771504152974,
          -4.293018785142856
        ],
        [
          0.0,
          -0.9955564197628332,
          -0.09416695316834685,
          1.6
        ],
        [
          0.0,
          0.0,
          0.0,
          1.0
        ]
      ]
    },
    "target_region": {
      "type": "circle",
      "params": {
        "center": [
          -0.33424607727007716,
          -1.775163971041204
        ],
        "radius": 8.36572075942828,
        "object_center": [
          -0.33424607727007716,
          -1.775163971041204,
          1.325
        ],
        "object_height": 2.650000000786805,
        "occupancy_ratio": 0.2,
        "fov_vertical": 90.0,
        "sample_distance": 8.36572075942828,
        "min_distance": 2.650000000786805
      },
      "sample_point": [
        7.8010575574447945,
        0.17473823053822102,
        1.5
      ],
      "sample_forward": [
        -0.9722442908025496,
        -0.2330314107784819,
        -0.020914124233103615
      ],
      "height": 1.5
    },
    "sample_target": [
      7.8010575574447945,
      0.17473823053822102,
      1.5
    ],
    "camera_params": {
      "forward": [
        -0.9722442908025496,
        -0.2330314107784819,
        -0.020914124233103615
      ]
    },
    "task_type": "screen_occupancy",
    "task_description": "Position where wardrobe occupies 20% of vertical FOV",
    "target_object": {
      "label": "wardrobe",
      "id": "72",
      "bbox_min": [
        -1.5124961015298986,
        -2.838414,
        -3.9340284274658187e-10
      ],
      "bbox_max": [
        0.8440039469897442,
        -0.7119139420824081,
        2.6500000003934026
      ],
      "center": [
        -0.33424607727007716,
        -1.7751639710412042,
        1.325
      ]
    }
  },
  {
    "scene_id": "0240_840881",
    "object_label": "wardrobe",
    "preset": "occupancy_30",
    "distance": 5.519022197008443,
    "init_camera": {
      "intrinsics": [
        [
          320.0,
          0.0,
          320.0
        ],
        [
          0.0,
          320.0,
          240.0
        ],
        [
          0.0,
          0.0,
          1.0
        ]
      ],
      "extrinsics": [
        [
          0.8660254037844384,
          -0.047083476584173466,
          0.497778209881417,
          -1.7879302319720627
        ],
        [
          -0.5000000000000004,
          -0.08155097364076788,
          0.8621771504152974,
          -4.293018785142856
        ],
        [
          0.0,
          -0.9955564197628332,
          -0.09416695316834685,
          1.6
        ],
        [
          0.0,
          0.0,
          0.0,
          1.0
        ]
      ]
    },
    "target_region": {
      "type": "circle",
      "params": {
        "center": [
          -0.33424607727007716,
          -1.775163971041204
        ],
        "radius": 5.519022197008443,
        "object_center": [
          -0.33424607727007716,
          -1.775163971041204,
          1.325
        ],
        "object_height": 2.650000000786805,
        "occupancy_ratio": 0.3,
        "fov_vertical": 90.0,
        "sample_distance": 5.519022197008443,
        "min_distance": 2.650000000786805
      },
      "sample_point": [
        4.4348346467364115,
        1.0025104265406384,
        1.5
      ],
      "sample_forward": [
        -0.8636828901814196,
        -0.5030382143900896,
        -0.031692587005483205
      ],
      "height": 1.5
    },
    "sample_target": [
      4.4348346467364115,
      1.0025104265406384,
      1.5
    ],
    "camera_params": {
      "forward": [
        -0.8636828901814196,
        -0.5030382143900896,
        -0.031692587005483205
      ]
    },
    "task_type": "screen_occupancy",
    "task_description": "Position where wardrobe occupies 30% of vertical FOV",
    "target_object": {
      "label": "wardrobe",
      "id": "72",
      "bbox_min": [
        -1.5124961015298986,
        -2.838414,
        -3.9340284274658187e-10
      ],
      "bbox_max": [
        0.8440039469897442,
        -0.7119139420824081,
        2.6500000003934026
      ],
      "center": [
        -0.33424607727007716,
        -1.7751639710412042,
        1.325
      ]
    }
  },
  {
    "scene_id": "0240_840881",
    "object_label": "wardrobe",
    "preset": "occupancy_50",
    "distance": 3.198832971094109,
    "init_camera": {
      "intrinsics": [
        [
          320.0,
          0.0,
          320.0
        ],
        [
          0.0,
          320.0,
          240.0
        ],
        [
          0.0,
          0.0,
          1.0
        ]
      ],
      "extrinsics": [
        [
          0.8660254037844384,
          -0.047083476584173466,
          0.497778209881417,
          -1.7879302319720627
        ],
        [
          -0.5000000000000004,
          -0.08155097364076788,
          0.8621771504152974,
          -4.293018785142856
        ],
        [
          0.0,
          -0.9955564197628332,
          -0.09416695316834685,
          1.6
        ],
        [
          0.0,
          0.0,
          0.0,
          1.0
        ]
      ]
    },
    "target_region": {
      "type": "circle",
      "params": {
        "center": [
          -0.33424607727007716,
          -1.775163971041204
        ],
        "radius": 3.198832971094109,
        "object_center": [
          -0.33424607727007716,
          -1.775163971041204,
          1.325
        ],
        "object_height": 2.650000000786805,
        "occupancy_ratio": 0.5,
        "fov_vertical": 90.0,
        "sample_distance": 3.198832971094109,
        "min_distance": 2.650000000786805
      },
      "sample_point": [
        -0.0952912205668873,
        -4.965059416571782,
        1.5
      ],
      "sample_forward": [
        -0.07458910011906907,
        0.9957170740897793,
        -0.05462576781626403
      ],
      "height": 1.5
    },
    "sample_target": [
      -0.0952912205668873,
      -4.965059416571782,
      1.5
    ],
    "camera_params": {
      "forward": [
        -0.07458910011906907,
        0.9957170740897793,
        -0.05462576781626403
      ]
    },
    "task_type": "screen_occupancy",
    "task_description": "Position where wardrobe occupies 50% of vertical FOV",
    "target_object": {
      "label": "wardrobe",
      "id": "72",
      "bbox_min": [
        -1.5124961015298986,
        -2.838414,
        -3.9340284274658187e-10
      ],
      "bbox_max": [
        0.8440039469897442,
        -0.7119139420824081,
        2.6500000003934026
      ],
      "center": [
        -0.33424607727007716,
        -1.7751639710412042,
        1.325
      ]
    }
  },
  {
    "scene_id": "0240_840881",
    "object_label": "wardrobe",
    "preset": "occupancy_20",
    "distance": 8.36572075942828,
    "init_camera": {
      "intrinsics": [
        [
          320.0,
          0.0,
          320.0
        ],
        [
          0.0,
          320.0,
          240.0
        ],
        [
          0.0,
          0.0,
          1.0
        ]
      ],
      "extrinsics": [
        [
          0.6427876096865393,
          -0.08994604614442447,
          0.7607455537934154,
          -2.1159847472853794
        ],
        [
          -0.7660444431189781,
          -0.07547369414564117,
          0.6383413136078103,
          -3.2702202319053413
        ],
        [
          0.0,
          -0.9930827912490455,
          -0.11741622428354917,
          1.6
        ],
        [
          0.0,
          0.0,
          0.0,
          1.0
        ]
      ]
    },
    "target_region": {
      "type": "circle",
      "params": {
        "center": [
          -0.33424607727007716,
          -1.775163971041204
        ],
        "radius": 8.36572075942828,
        "object_center": [
          -0.33424607727007716,
          -1.775163971041204,
          1.325
        ],
        "object_height": 2.650000000786805,
        "occupancy_ratio": 0.2,
        "fov_vertical": 90.0,
        "sample_distance": 8.36572075942828,
        "min_distance": 2.650000000786805
      },
      "sample_point": [
        7.646568835259861,
        0.7331974775281669,
        1.5
      ],
      "sample_forward": [
        -0.9537814546403262,
        -0.2997724740394718,
        -0.020914124233103622
      ],
      "height": 1.5
    },
    "sample_target": [
      7.646568835259861,
      0.7331974775281669,
      1.5
    ],
    "camera_params": {
      "forward": [
        -0.9537814546403262,
        -0.2997724740394718,
        -0.020914124233103622
      ]
    },
    "task_type": "screen_occupancy",
    "task_description": "Position where wardrobe occupies 20% of vertical FOV",
    "target_object": {
      "label": "wardrobe",
      "id": "72",
      "bbox_min": [
        -1.5124961015298986,
        -2.838414,
        -3.9340284274658187e-10
      ],
      "bbox_max": [
        0.8440039469897442,
        -0.7119139420824081,
        2.6500000003934026
      ],
      "center": [
        -0.33424607727007716,
        -1.7751639710412042,
        1.325
      ]
    }
  },
  {
    "scene_id": "0240_840881",
    "object_label": "wardrobe",
    "preset": "occupancy_30",
    "distance": 5.519022197008443,
    "init_camera": {
      "intrinsics": [
        [
          320.0,
          0.0,
          320.0
        ],
        [
          0.0,
          320.0,
          240.0
        ],
        [
          0.0,
          0.0,
          1.0
        ]
      ],
      "extrinsics": [
        [
          0.6427876096865393,
          -0.08994604614442447,
          0.7607455537934154,
          -2.1159847472853794
        ],
        [
          -0.7660444431189781,
          -0.07547369414564117,
          0.6383413136078103,
          -3.2702202319053413
        ],
        [
          0.0,
          -0.9930827912490455,
          -0.11741622428354917,
          1.6
        ],
        [
          0.0,
          0.0,
          0.0,
          1.0
        ]
      ]
    },
    "target_region": {
      "type": "circle",
      "params": {
        "center": [
          -0.33424607727007716,
          -1.775163971041204
        ],
        "radius": 5.519022197008443,
        "object_center": [
          -0.33424607727007716,
          -1.775163971041204,
          1.325
        ],
        "object_height": 2.650000000786805,
        "occupancy_ratio": 0.3,
        "fov_vertical": 90.0,
        "sample_distance": 5.519022197008443,
        "min_distance": 2.650000000786805
      },
      "sample_point": [
        0.9426535636670311,
        3.5941128255159063,
        1.5
      ],
      "sample_forward": [
        -0.23124715981525462,
        -0.9723786973223333,
        -0.031692587005483205
      ],
      "height": 1.5
    },
    "sample_target": [
      0.9426535636670311,
      3.5941128255159063,
      1.5
    ],
    "camera_params": {
      "forward": [
        -0.23124715981525462,
        -0.9723786973223333,
        -0.031692587005483205
      ]
    },
    "task_type": "screen_occupancy",
    "task_description": "Position where wardrobe occupies 30% of vertical FOV",
    "target_object": {
      "label": "wardrobe",
      "id": "72",
      "bbox_min": [
        -1.5124961015298986,
        -2.838414,
        -3.9340284274658187e-10
      ],
      "bbox_max": [
        0.8440039469897442,
        -0.7119139420824081,
        2.6500000003934026
      ],
      "center": [
        -0.33424607727007716,
        -1.7751639710412042,
        1.325
      ]
    }
  },
  {
    "scene_id": "0240_840881",
    "object_label": "wardrobe",
    "preset": "occupancy_50",
    "distance": 3.198832971094109,
    "init_camera": {
      "intrinsics": [
        [
          320.0,
          0.0,
          320.0
        ],
        [
          0.0,
          320.0,
          240.0
        ],
        [
          0.0,
          0.0,
          1.0
        ]
      ],
      "extrinsics": [
        [
          0.6427876096865393,
          -0.08994604614442447,
          0.7607455537934154,
          -2.1159847472853794
        ],
        [
          -0.7660444431189781,
          -0.07547369414564117,
          0.6383413136078103,
          -3.2702202319053413
        ],
        [
          0.0,
          -0.9930827912490455,
          -0.11741622428354917,
          1.6
        ],
        [
          0.0,
          0.0,
          0.0,
          1.0
        ]
      ]
    },
    "target_region": {
      "type": "circle",
      "params": {
        "center": [
          -0.33424607727007716,
          -1.775163971041204
        ],
        "radius": 3.198832971094109,
        "object_center": [
          -0.33424607727007716,
          -1.775163971041204,
          1.325
        ],
        "object_height": 2.650000000786805,
        "occupancy_ratio": 0.5,
        "fov_vertical": 90.0,
        "sample_distance": 3.198832971094109,
        "min_distance": 2.650000000786805
      },
