[
  {
    "scene_id": "0374_840227",
    "object_label": "wardrobe",
    "preset": "right",
    "distance": 1.5,
    "init_camera": {
      "intrinsics": [
        [
          320.0,
          0.0,
          320.0
        ],
        [
          0.0,
          320.0,
          240.0
        ],
        [
          0.0,
          0.0,
          1.0
        ]
      ],
      "extrinsics": [
        [
          0.7660444431189782,
          0.3856725658928434,
          -0.5142300876885416,
          -0.5100809122507686
        ],
        [
          0.6427876096865394,
          -0.45962666596782337,
          0.6128355544228552,
          -2.484981847624875
        ],
        [
          -0.0,
          -0.7999999999055833,
          -0.6000000001258889,
          1.1
        ],
        [
          0.0,
          0.0,
          0.0,
          1.0
        ]
      ]
    },
    "target_region": {
      "type": "circle",
      "params": {
        "center": [
          -1.024311,
          -1.8721462931296928
        ],
        "radius": 1.5,
        "object_center": [
          -1.024311,
          -1.8721462931296928,
          0.49999999980329873
        ],
        "sample_distance": 1.5,
        "min_distance": 1.0000000003934024,
        "requested_distance": 1.5
      },
      "sample_point": [
        -0.4977042958811042,
        -0.4676231074267889,
        1.5
      ],
      "sample_forward": [
        -0.29210884209059323,
        -0.7790892866651316,
        -0.5547001963007671
      ],
      "height": 1.5
    },
    "sample_target": [
      -0.4977042958811042,
      -0.4676231074267889,
      1.5
    ],
    "camera_params": {
      "forward": [
        -0.29210884209059323,
        -0.7790892866651316,
        -0.5547001963007671
      ]
    },
    "task_type": "absolute_positioning",
    "task_description": "Move to any position 1.5m from wardrobe",
    "target_object": {
      "label": "wardrobe",
      "id": "115",
      "bbox_min": [
        -1.1243110634446805,
        -2.1611964013589655,
        -3.9340250168606874e-10
      ],
      "bbox_max": [
        -0.9243109365553194,
        -1.5830961849004197,
        1.0
      ],
      "center": [
        -1.024311,
        -1.8721462931296926,
        0.49999999980329873
      ]
    }
  },
  {
    "scene_id": "0374_840227",
    "object_label": "wardrobe",
    "preset": "occupancy_20",
    "distance": 3.1568757585794445,
    "init_camera": {
      "intrinsics": [
        [
          320.0,
          0.0,
          320.0
        ],
        [
          0.0,
          320.0,
          240.0
        ],
        [
          0.0,
          0.0,
          1.0
        ]
      ],
      "extrinsics": [
        [
          0.7660444431189782,
          0.3856725658928434,
          -0.5142300876885416,
          -0.5100809122507686
        ],
        [
          0.6427876096865394,
          -0.45962666596782337,
          0.6128355544228552,
          -2.484981847624875
        ],
        [
          -0.0,
          -0.7999999999055833,
          -0.6000000001258889,
          1.1
        ],
        [
          0.0,
          0.0,
          0.0,
          1.0
        ]
      ]
    },
    "target_region": {
      "type": "circle",
      "params": {
        "center": [
          -1.024311,
          -1.8721462931296928
        ],
        "radius": 3.1568757585794445,
        "object_center": [
          -1.024311,
          -1.8721462931296928,
          0.49999999980329873
        ],
        "object_height": 1.0000000003934024,
        "occupancy_ratio": 0.2,
        "fov_vertical": 90.0,
        "sample_distance": 3.1568757585794445,
        "min_distance": 1.0000000003934024
      },
      "sample_point": [
        0.23204845144764907,
        -4.76825151978578,
        1.5
      ],
      "sample_forward": [
        -0.37939575956304683,
        0.8745666226139586,
        -0.30198026464521205
      ],
      "height": 1.5
    },
    "sample_target": [
      0.23204845144764907,
      -4.76825151978578,
      1.5
    ],
    "camera_params": {
      "forward": [
        -0.37939575956304683,
        0.8745666226139586,
        -0.30198026464521205
      ]
    },
    "task_type": "screen_occupancy",
    "task_description": "Position where wardrobe occupies 20% of vertical FOV",
    "target_object": {
      "label": "wardrobe",
      "id": "115",
      "bbox_min": [
        -1.1243110634446805,
        -2.1611964013589655,
        -3.9340250168606874e-10
      ],
      "bbox_max": [
        -0.9243109365553194,
        -1.5830961849004197,
        1.0
      ],
      "center": [
        -1.024311,
        -1.8721462931296926,
        0.49999999980329873
      ]
    }
  },
  {
    "scene_id": "0374_840227",
    "object_label": "wardrobe",
    "preset": "occupancy_30",
    "distance": 2.0826498858645284,
    "init_camera": {
      "intrinsics": [
        [
          320.0,
          0.0,
          320.0
        ],
        [
          0.0,
          320.0,
          240.0
        ],
        [
          0.0,
          0.0,
          1.0
        ]
      ],
      "extrinsics": [
        [
          0.7660444431189782,
          0.3856725658928434,
          -0.5142300876885416,
          -0.5100809122507686
        ],
        [
          0.6427876096865394,
          -0.45962666596782337,
          0.6128355544228552,
          -2.484981847624875
        ],
        [
          -0.0,
          -0.7999999999055833,
          -0.6000000001258889,
          1.1
        ],
        [
          0.0,
          0.0,
          0.0,
          1.0
        ]
      ]
    },
    "target_region": {
      "type": "circle",
      "params": {
        "center": [
          -1.024311,
          -1.8721462931296928
        ],
        "radius": 2.0826498858645284,
        "object_center": [
          -1.024311,
          -1.8721462931296928,
          0.49999999980329873
        ],
        "object_height": 1.0000000003934024,
        "occupancy_ratio": 0.3,
        "fov_vertical": 90.0,
        "sample_distance": 2.0826498858645284,
        "min_distance": 1.0000000003934024
      },
      "sample_point": [
        0.8782244802523864,
        -1.0249218284968806,
        1.5
      ],
      "sample_forward": [
        -0.8235057695255538,
        -0.3667181200824516,
        -0.43284647158238215
      ],
      "height": 1.5
    },
    "sample_target": [
      0.8782244802523864,
      -1.0249218284968806,
      1.5
    ],
    "camera_params": {
      "forward": [
        -0.8235057695255538,
        -0.3667181200824516,
        -0.43284647158238215
      ]
    },
    "task_type": "screen_occupancy",
    "task_description": "Position where wardrobe occupies 30% of vertical FOV",
    "target_object": {
      "label": "wardrobe",
      "id": "115",
      "bbox_min": [
        -1.1243110634446805,
        -2.1611964013589655,
        -3.9340250168606874e-10
      ],
      "bbox_max": [
        -0.9243109365553194,
        -1.5830961849004197,
        1.0
      ],
      "center": [
        -1.024311,
        -1.8721462931296926,
        0.49999999980329873
      ]
    }
  },
  {
    "scene_id": "0374_840227",
    "object_label": "wardrobe",
    "preset": "occupancy_50",
    "distance": 1.2071067816614263,
    "init_camera": {
      "intrinsics": [
        [
          320.0,
          0.0,
          320.0
        ],
        [
          0.0,
          320.0,
          240.0
        ],
        [
          0.0,
          0.0,
          1.0
        ]
      ],
      "extrinsics": [
        [
          0.7660444431189782,
          0.3856725658928434,
          -0.5142300876885416,
          -0.5100809122507686
        ],
        [
          0.6427876096865394,
          -0.45962666596782337,
          0.6128355544228552,
          -2.484981847624875
        ],
        [
          -0.0,
          -0.7999999999055833,
          -0.6000000001258889,
          1.1
        ],
        [
          0.0,
          0.0,
          0.0,
          1.0
        ]
      ]
    },
    "target_region": {
      "type": "circle",
      "params": {
        "center": [
          -1.024311,
          -1.8721462931296928
        ],
        "radius": 1.2071067816614263,
        "object_center": [
          -1.024311,
          -1.8721462931296928,
          0.49999999980329873
        ],
        "object_height": 1.0000000003934024,
        "occupancy_ratio": 0.5,
        "fov_vertical": 90.0,
        "sample_distance": 1.2071067816614263,
        "min_distance": 1.0000000003934024
      },
      "sample_point": [
        -1.4547591401918567,
        -2.999896789001177,
        1.5
      ],
      "sample_forward": [
        0.2746052401163686,
        0.7194506533867498,
        -0.6379519726766352
      ],
      "height": 1.5
    },
    "sample_target": [
      -1.4547591401918567,
      -2.999896789001177,
      1.5
    ],
    "camera_params": {
      "forward": [
        0.2746052401163686,
        0.7194506533867498,
        -0.6379519726766352
      ]
    },
    "task_type": "screen_occupancy",
    "task_description": "Position where wardrobe occupies 50% of vertical FOV",
    "target_object": {
      "label": "wardrobe",
      "id": "115",
      "bbox_min": [
        -1.1243110634446805,
        -2.1611964013589655,
        -3.9340250168606874e-10
      ],
      "bbox_max": [
        -0.9243109365553194,
        -1.5830961849004197,
        1.0
      ],
      "center": [
        -1.024311,
        -1.8721462931296926,
        0.49999999980329873
      ]
    }
  },
  {
    "scene_id": "0374_840227",
    "object_label": "wardrobe",
    "preset": "occupancy_20",
    "distance": 3.1568757585794445,
    "init_camera": {
      "intrinsics": [
        [
          320.0,
          0.0,
          320.0
        ],
        [
          0.0,
          320.0,
          240.0
        ],
        [
          0.0,
          0.0,
          1.0
        ]
      ],
      "extrinsics": [
        [
          0.9848077530122081,
          0.1041889066220183,
          -0.13891854211714863,
          -0.885392457866456
        ],
        [
          0.1736481776669299,
          -0.5908846519313011,
          0.7878462023167843,
          -2.659992495539459
        ],
        [
          -0.0,
          -0.7999999999055833,
          -0.6000000001258888,
          1.1
        ],
        [
          0.0,
          0.0,
          0.0,
          1.0
        ]
      ]
    },
    "target_region": {
      "type": "circle",
      "params": {
        "center": [
          -1.024311,
          -1.8721462931296928
        ],
        "radius": 3.1568757585794445,
        "object_center": [
          -1.024311,
          -1.8721462931296928,
          0.49999999980329873
        ],
        "object_height": 1.0000000003934024,
        "occupancy_ratio": 0.2,
        "fov_vertical": 90.0,
        "sample_distance": 3.1568757585794445,
        "min_distance": 1.0000000003934024
      },
      "sample_point": [
        -2.7333527571199814,
        0.7821032858524326,
        1.5
      ],
      "sample_forward": [
        0.5160968820032933,
        -0.8015309901378027,
        -0.30198026464521205
      ],
      "height": 1.5
    },
    "sample_target": [
      -2.7333527571199814,
      0.7821032858524326,
      1.5
    ],
    "camera_params": {
      "forward": [
        0.5160968820032933,
        -0.8015309901378027,
        -0.30198026464521205
      ]
    },
    "task_type": "screen_occupancy",
    "task_description": "Position where wardrobe occupies 20% of vertical FOV",
    "target_object": {
      "label": "wardrobe",
      "id": "115",
      "bbox_min": [
        -1.1243110634446805,
        -2.1611964013589655,
        -3.9340250168606874e-10
      ],
      "bbox_max": [
        -0.9243109365553194,
        -1.5830961849004197,
        1.0
      ],
      "center": [
        -1.024311,
        -1.8721462931296926,
        0.49999999980329873
      ]
    }
  },
  {
    "scene_id": "0374_840227",
    "object_label": "wardrobe",
    "preset": "occupancy_30",
    "distance": 2.0826498858645284,
    "init_camera": {
      "intrinsics": [
        [
          320.0,
          0.0,
          320.0
        ],
        [
          0.0,
          320.0,
          240.0
        ],
        [
          0.0,
          0.0,
          1.0
        ]
      ],
      "extrinsics": [
        [
          0.9848077530122081,
          0.1041889066220183,
          -0.13891854211714863,
          -0.885392457866456
        ],
        [
          0.1736481776669299,
          -0.5908846519313011,
          0.7878462023167843,
          -2.659992495539459
        ],
        [
          -0.0,
          -0.7999999999055833,
          -0.6000000001258888,
          1.1
        ],
        [
          0.0,
          0.0,
          0.0,
          1.0
        ]
      ]
    },
    "target_region": {
      "type": "circle",
      "params": {
        "center": [
          -1.024311,
          -1.8721462931296928
        ],
        "radius": 2.0826498858645284,
        "object_center": [
          -1.024311,
          -1.8721462931296928,
          0.49999999980329873
        ],
        "object_height": 1.0000000003934024,
        "occupancy_ratio": 0.3,
        "fov_vertical": 90.0,
        "sample_distance": 2.0826498858645284,
        "min_distance": 1.0000000003934024
      },
      "sample_point": [
        -2.5032385211727792,
        -0.4057889239289676,
        1.5
      ],
      "sample_forward": [
        0.6401485591397984,
        -0.6347076132125107,
        -0.43284647158238226
      ],
      "height": 1.5
    },
    "sample_target": [
      -2.5032385211727792,
      -0.4057889239289676,
      1.5
    ],
    "camera_params": {
      "forward": [
        0.6401485591397984,
        -0.6347076132125107,
        -0.43284647158238226
      ]
    },
    "task_type": "screen_occupancy",
    "task_description": "Position where wardrobe occupies 30% of vertical FOV",
    "target_object": {
      "label": "wardrobe",
      "id": "115",
      "bbox_min": [
        -1.1243110634446805,
        -2.1611964013589655,
        -3.9340250168606874e-10
      ],
      "bbox_max": [
        -0.9243109365553194,
        -1.5830961849004197,
        1.0
      ],
      "center": [
        -1.024311,
        -1.8721462931296926,
        0.49999999980329873
      ]
    }
  },
  {
    "scene_id": "0374_840227",
    "object_label": "wardrobe",
    "preset": "occupancy_50",
    "distance": 1.2071067816614263,
    "init_camera": {
      "intrinsics": [
        [
          320.0,
          0.0,
          320.0
        ],
        [
          0.0,
          320.0,
          240.0
        ],
        [
          0.0,
          0.0,
          1.0
        ]
      ],
      "extrinsics": [
        [
          0.9848077530122081,
          0.1041889066220183,
          -0.13891854211714863,
          -0.885392457866456
        ],
        [
          0.1736481776669299,
          -0.5908846519313011,
          0.7878462023167843,
          -2.659992495539459
        ],
        [
          -0.0,
          -0.7999999999055833,
          -0.6000000001258888,
          1.1
        ],
        [
          0.0,
          0.0,
          0.0,
          1.0
        ]
      ]
    },
    "target_region": {
      "type": "circle",
      "params": {
        "center": [
          -1.024311,
          -1.8721462931296928
        ],
        "radius": 1.2071067816614263,
        "object_center": [
          -1.024311,
          -1.8721462931296928,
          0.49999999980329873
        ],
        "object_height": 1.0000000003934024,
        "occupancy_ratio": 0.5,
        "fov_vertical": 90.0,
        "sample_distance": 1.2071067816614263,
        "min_distance": 1.0000000003934024
      },
      "sample_point": [
        -0.43878374930570807,
        -0.8165589585015294,
        1.5
      ],
      "sample_forward": [
        -0.37353826456287476,
        -0.6734140223260469,
        -0.6379519726766352
      ],
      "height": 1.5
    },
    "sample_target": [
      -0.43878374930570807,
      -0.8165589585015294,
      1.5
    ],
    "camera_params": {
      "forward": [
        -0.37353826456287476,
        -0.6734140223260469,
        -0.6379519726766352
      ]
    },
    "task_type": "screen_occupancy",
    "task_description": "Position where wardrobe occupies 50% of vertical FOV",
    "target_object": {
      "label": "wardrobe",
      "id": "115",
      "bbox_min": [
        -1.1243110634446805,
        -2.1611964013589655,
        -3.9340250168606874e-10
      ],
      "bbox_max": [
        -0.9243109365553194,
        -1.5830961849004197,
        1.0
      ],
      "center": [
        -1.024311,
        -1.8721462931296926,
        0.49999999980329873
      ]
    }
  },
  {
    "scene_id": "0374_840227",
    "object_label": "wardrobe",
    "preset": "left",
    "distance": 1.5,
    "init_camera": {
      "intrinsics": [
        [
          320.0,
          0.0,
          320.0
        ],
        [
          0.0,
          320.0,
          240.0
        ],
        [
          0.0,
          0.0,
          1.0
        ]
      ],
      "extrinsics": [
        [
          -0.49999999999999983,
          0.5196152423796861,
          -0.6928203229457838,
          -0.33149067697244894
        ],
        [
          0.8660254037844387,
          0.3000000000629443,
          -0.39999999995279156,
          -1.4721462931296927
        ],
        [
          0.0,
          -0.7999999999055833,
          -0.6000000001258888,
          1.1
        ],
        [
          0.0,
          0.0,
          0.0,
          1.0
        ]
      ]
    },
    "target_region": {
      "type": "circle",
      "params": {
        "center": [
          -1.024311,
          -1.8721462931296928
        ],
        "radius": 1.5,
        "object_center": [
          -1.024311,
          -1.8721462931296928,
          0.49999999980329873
        ],
        "sample_distance": 1.5,
        "min_distance": 1.0000000003934024,
        "requested_distance": 1.5
      },
      "sample_point": [
        -1.7588529358742329,
        -3.1799873172767925,
        1.5
      ],
      "sample_forward": [
        0.4074505559404363,
        0.7254596726818934,
        -0.554700196300767
      ],
      "height": 1.5
    },
    "sample_target": [
      -1.7588529358742329,
      -3.1799873172767925,
      1.5
    ],
    "camera_params": {
      "forward": [
        0.4074505559404363,
        0.7254596726818934,
        -0.554700196300767
      ]
    },
    "task_type": "absolute_positioning",
    "task_description": "Move to any position 1.5m from wardrobe",
    "target_object": {
      "label": "wardrobe",
      "id": "115",
      "bbox_min": [
        -1.1243110634446805,
        -2.1611964013589655,
        -3.9340250168606874e-10
      ],
      "bbox_max": [
        -0.9243109365553194,
        -1.5830961849004197,
        1.0
      ],
      "center": [
        -1.024311,
        -1.8721462931296926,
        0.49999999980329873
      ]
    }
  },
  {
    "scene_id": "0374_840227",
    "object_label": "wardrobe",
    "preset": "occupancy_20",
    "distance": 3.1568757585794445,
    "init_camera": {
      "intrinsics": [
        [
          320.0,
          0.0,
          320.0
        ],
        [
          0.0,
          320.0,
          240.0
        ],
        [
          0.0,
          0.0,
          1.0
        ]
      ],
      "extrinsics": [
        [
          -0.49999999999999983,
          0.5196152423796861,
          -0.6928203229457838,
          -0.33149067697244894
        ],
        [
          0.8660254037844387,
          0.3000000000629443,
          -0.39999999995279156,
          -1.4721462931296927
        ],
        [
          0.0,
          -0.7999999999055833,
          -0.6000000001258888,
          1.1
        ],
        [
          0.0,
          0.0,
          0.0,
          1.0
        ]
      ]
    },
    "target_region": {
      "type": "circle",
      "params": {
        "center": [
          -1.024311,
          -1.8721462931296928
        ],
        "radius": 3.1568757585794445,
        "object_center": [
          -1.024311,
          -1.8721462931296928,
          0.49999999980329873
        ],
        "object_height": 1.0000000003934024,
        "occupancy_ratio": 0.2,
        "fov_vertical": 90.0,
        "sample_distance": 3.1568757585794445,
        "min_distance": 1.0000000003934024
      },
      "sample_point": [
        -0.6727700188155163,
        -5.009387675882126,
        1.5
      ],
      "sample_forward": [
        -0.10615843851084636,
        0.9473849828331387,
        -0.301980264645212
      ],
      "height": 1.5
    },
    "sample_target": [
      -0.6727700188155163,
      -5.009387675882126,
      1.5
    ],
    "camera_params": {
      "forward": [
        -0.10615843851084636,
        0.9473849828331387,
        -0.301980264645212
      ]
    },
    "task_type": "screen_occupancy",
    "task_description": "Position where wardrobe occupies 20% of vertical FOV",
    "target_object": {
      "label": "wardrobe",
      "id": "115",
      "bbox_min": [
        -1.1243110634446805,
        -2.1611964013589655,
        -3.9340250168606874e-10
      ],
      "bbox_max": [
        -0.9243109365553194,
        -1.5830961849004197,
        1.0
      ],
      "center": [
        -1.024311,
        -1.8721462931296926,
        0.49999999980329873
      ]
    }
  },
  {
    "scene_id": "0374_840227",
    "object_label": "wardrobe",
    "preset": "occupancy_30",
    "distance": 2.0826498858645284,
    "init_camera": {
      "intrinsics": [
        [
          320.0,
          0.0,
          320.0
        ],
        [
          0.0,
          320.0,
          240.0
        ],
        [
          0.0,
          0.0,
          1.0
        ]
      ],
      "extrinsics": [
        [
          -0.49999999999999983,
          0.5196152423796861,
          -0.6928203229457838,
          -0.33149067697244894
        ],
        [
          0.8660254037844387,
          0.3000000000629443,
          -0.39999999995279156,
          -1.4721462931296927
        ],
        [
          0.0,
          -0.7999999999055833,
          -0.6000000001258888,
          1.1
        ],
        [
          0.0,
          0.0,
          0.0,
          1.0
        ]
      ]
    },
    "target_region": {
      "type": "circle",
      "params": {
        "center": [
          -1.024311,
          -1.8721462931296928
        ],
        "radius": 2.0826498858645284,
        "object_center": [
          -1.024311,
          -1.8721462931296928,
          0.49999999980329873
        ],
        "object_height": 1.0000000003934024,
        "occupancy_ratio": 0.3,
        "fov_vertical": 90.0,
        "sample_distance": 2.0826498858645284,
        "min_distance": 1.0000000003934024
      },
      "sample_point": [
        -2.0210912769847367,
        -0.04352396292977856,
        1.5
      ],
      "sample_forward": [
        0.4314528257508856,
        -0.7915127233280952,
        -0.43284647158238226
      ],
      "height": 1.5
    },
    "sample_target": [
      -2.0210912769847367,
      -0.04352396292977856,
      1.5
    ],
    "camera_params": {
      "forward": [
        0.4314528257508856,
        -0.7915127233280952,
        -0.43284647158238226
      ]
    },
    "task_type": "screen_occupancy",
    "task_description": "Position where wardrobe occupies 30% of vertical FOV",
    "target_object": {
      "label": "wardrobe",
      "id": "115",
      "bbox_min": [
        -1.1243110634446805,
        -2.1611964013589655,
        -3.9340250168606874e-10
      ],
      "bbox_max": [
        -0.9243109365553194,
        -1.5830961849004197,
        1.0
      ],
      "center": [
        -1.024311,
        -1.8721462931296926,
        0.49999999980329873
      ]
    }
  },
  {
    "scene_id": "0374_840227",
    "object_label": "wardrobe",
    "preset": "occupancy_50",
    "distance": 1.2071067816614263,
    "init_camera": {
      "intrinsics": [
        [
          320.0,
          0.0,
          320.0
        ],
        [
          0.0,
          320.0,
          240.0
        ],
        [
          0.0,
          0.0,
          1.0
        ]
      ],
      "extrinsics": [
        [
          -0.49999999999999983,
          0.5196152423796861,
          -0.6928203229457838,
          -0.33149067697244894
        ],
        [
          0.8660254037844387,
          0.3000000000629443,
          -0.39999999995279156,
          -1.4721462931296927
        ],
        [
          0.0,
          -0.7999999999055833,
          -0.6000000001258888,
          1.1
        ],
        [
          0.0,
          0.0,
          0.0,
          1.0
        ]
      ]
    },
    "target_region": {
      "type": "circle",
      "params": {
        "center": [
          -1.024311,
          -1.8721462931296928
        ],
        "radius": 1.2071067816614263,
        "object_center": [
          -1.024311,
          -1.8721462931296928,
          0.49999999980329873
        ],
        "object_height": 1.0000000003934024,
        "occupancy_ratio": 0.5,
        "fov_vertical": 90.0,
        "sample_distance": 1.2071067816614263,
        "min_distance": 1.0000000003934024
      },
      "sample_point": [
        -2.2166875214629926,
        -1.6841435979447048,
        1.5
      ],
      "sample_forward": [
        0.7606789538909938,
        -0.11993669023819555,
        -0.6379519726766352
      ],
      "height": 1.5
    },
    "sample_target": [
      -2.2166875214629926,
      -1.6841435979447048,
      1.5
    ],
    "camera_params": {
      "forward": [
        0.7606789538909938,
        -0.11993669023819555,
        -0.6379519726766352
      ]
    },
    "task_type": "screen_occupancy",
    "task_description": "Position where wardrobe occupies 50% of vertical FOV",
    "target_object": {
      "label": "wardrobe",
      "id": "115",
      "bbox_min": [
        -1.1243110634446805,
        -2.1611964013589655,
        -3.9340250168606874e-10
      ],
      "bbox_max": [
        -0.9243109365553194,
        -1.5830961849004197,
        1.0
      ],
      "center": [
        -1.024311,
        -1.8721462931296926,
        0.49999999980329873
      ]
    }
  },
  {
    "scene_id": "0374_840227",
    "object_label": "wardrobe",
    "preset": "occupancy_30",
    "distance": 2.0826498858645284,
    "init_camera": {
      "intrinsics": [
        [
          320.0,
          0.0,
          320.0
        ],
        [
          0.0,
          320.0,
          240.0
        ],
        [
          0.0,
          0.0,
          1.0
        ]
      ],
      "extrinsics": [
        [
          -0.6427876096865393,
          0.4596266659678233,
          -0.6128355544228551,
          -0.4114754455048175
        ],
        [
          0.7660444431189781,
          0.3856725658928433,
          -0.5142300876885415,
          -1.3579162053804612
        ],
        [
          0.0,
          -0.7999999999055833,
          -0.6000000001258888,
          1.1
        ],
        [
          0.0,
          0.0,
          0.0,
          1.0
        ]
      ]
    },
    "target_region": {
      "type": "circle",
      "params": {
        "center": [
          -1.024311,
          -1.8721462931296928
        ],
        "radius": 2.0826498858645284,
        "object_center": [
          -1.024311,
          -1.8721462931296928,
          0.49999999980329873
        ],
        "object_height": 1.0000000003934024,
        "occupancy_ratio": 0.3,
        "fov_vertical": 90.0,
        "sample_distance": 2.0826498858645284,
        "min_distance": 1.0000000003934024
      },
      "sample_point": [
        -2.7279574517188743,
        -0.6742233763119108,
        1.5
      ],
      "sample_forward": [
        0.7374173553053092,
        -0.5185167076702597,
        -0.43284647158238226
      ],
      "height": 1.5
    },
    "sample_target": [
      -2.7279574517188743,
      -0.6742233763119108,
      1.5
    ],
    "camera_params": {
      "forward": [
        0.7374173553053092,
        -0.5185167076702597,
        -0.43284647158238226
      ]
    },
    "task_type": "screen_occupancy",
    "task_description": "Position where wardrobe occupies 30% of vertical FOV",
    "target_object": {
      "label": "wardrobe",
      "id": "115",
      "bbox_min": [
        -1.1243110634446805,
        -2.1611964013589655,
        -3.9340250168606874e-10
      ],
      "bbox_max": [
        -0.9243109365553194,
        -1.5830961849004197,
        1.0
      ],
      "center": [
        -1.024311,
        -1.8721462931296926,
        0.49999999980329873
      ]
    }
  },
  {
    "scene_id": "0374_840227",
    "object_label": "wardrobe",
    "preset": "right",
    "distance": 1.5,
    "init_camera": {
      "intrinsics": [
        [
          320.0,
          0.0,
          320.0
        ],
        [
          0.0,
          320.0,
          240.0
        ],
        [
          0.0,
          0.0,
          1.0
        ]
      ],
      "extrinsics": [
        [
          -0.766044443118978,
          0.3856725658928434,
          -0.5142300876885416,
          -0.5100809122507685
        ],
        [
          0.6427876096865394,
          0.45962666596782326,
          -0.6128355544228551,
          -1.2593107386345102
        ],
        [
          0.0,
          -0.7999999999055833,
          -0.6000000001258888,
          1.1
        ],
        [
          0.0,
          0.0,
          0.0,
          1.0
        ]
      ]
    },
    "target_region": {
      "type": "circle",
      "params": {
        "center": [
          -1.024311,
          -1.8721462931296928
        ],
        "radius": 1.5,
        "object_center": [
          -1.024311,
          -1.8721462931296928,
          0.49999999980329873
        ],
        "sample_distance": 1.5,
        "min_distance": 1.0000000003934024,
        "requested_distance": 1.5
      },
      "sample_point": [
        -0.7358781947675803,
        -0.4001386447576616,
        1.5
      ],
      "sample_forward": [
        -0.15999373365053307,
        -0.8165229313475849,
        -0.554700196300767
      ],
      "height": 1.5
    },
    "sample_target": [
      -0.7358781947675803,
      -0.4001386447576616,
      1.5
    ],
    "camera_params": {
      "forward": [
        -0.15999373365053307,
        -0.8165229313475849,
        -0.554700196300767
      ]
    },
    "task_type": "absolute_positioning",
    "task_description": "Move to any position 1.5m from wardrobe",
    "target_object": {
      "label": "wardrobe",
      "id": "115",
      "bbox_min": [
        -1.1243110634446805,
        -2.1611964013589655,
        -3.9340250168606874e-10
      ],
      "bbox_max": [
        -0.9243109365553194,
        -1.5830961849004197,
        1.0
      ],
      "center": [
        -1.024311,
        -1.8721462931296926,
        0.49999999980329873
      ]
    }
  },
  {
    "scene_id": "0374_840227",
    "object_label": "wardrobe",
    "preset": "occupancy_20",
    "distance": 3.1568757585794445,
    "init_camera": {
      "intrinsics": [
        [
          320.0,
          0.0,
          320.0
        ],
        [
          0.0,
          320.0,
          240.0
        ],
        [
          0.0,
          0.0,
          1.0
        ]
      ],
      "extrinsics": [
        [
          -0.766044443118978,
          0.3856725658928434,
          -0.5142300876885416,
          -0.5100809122507685
        ],
        [
          0.6427876096865394,
          0.45962666596782326,
          -0.6128355544228551,
          -1.2593107386345102
        ],
        [
          0.0,
          -0.7999999999055833,
          -0.6000000001258888,
          1.1
        ],
        [
          0.0,
          0.0,
          0.0,
          1.0
        ]
      ]
    },
    "target_region": {
      "type": "circle",
      "params": {
        "center": [
          -1.024311,
          -1.8721462931296928
        ],
        "radius": 3.1568757585794445,
        "object_center": [
          -1.024311,
          -1.8721462931296928,
          0.49999999980329873
        ],
        "object_height": 1.0000000003934024,
        "occupancy_ratio": 0.2,
        "fov_vertical": 90.0,
        "sample_distance": 3.1568757585794445,
        "min_distance": 1.0000000003934024
      },
      "sample_point": [
        -3.7607774378617487,
        -3.4461907618670833,
        1.5
      ],
      "sample_forward": [
        0.826358858935686,
        0.4753303651391514,
        -0.3019802646452121
      ],
      "height": 1.5
    },
    "sample_target": [
      -3.7607774378617487,
      -3.4461907618670833,
      1.5
    ],
    "camera_params": {
      "forward": [
        0.826358858935686,
        0.4753303651391514,
        -0.3019802646452121
      ]
    },
    "task_type": "screen_occupancy",
    "task_description": "Position where wardrobe occupies 20% of vertical FOV",
    "target_object": {
      "label": "wardrobe",
      "id": "115",
      "bbox_min": [
        -1.1243110634446805,
        -2.1611964013589655,
        -3.9340250168606874e-10
      ],
      "bbox_max": [
        -0.9243109365553194,
        -1.5830961849004197,
        1.0
      ],
      "center": [
        -1.024311,
        -1.8721462931296926,
        0.49999999980329873
      ]
    }
  },
  {
    "scene_id": "0374_840227",
    "object_label": "wardrobe",
    "preset": "occupancy_30",
    "distance": 2.0826498858645284,
    "init_camera": {
      "intrinsics": [
        [
          320.0,
          0.0,
          320.0
        ],
        [
          0.0,
          320.0,
          240.0
        ],
        [
          0.0,
          0.0,
          1.0
        ]
      ],
      "extrinsics": [
        [
          -0.766044443118978,
          0.3856725658928434,
          -0.5142300876885416,
          -0.5100809122507685
        ],
        [
          0.6427876096865394,
          0.45962666596782326,
          -0.6128355544228551,
          -1.2593107386345102
        ],
        [
          0.0,
          -0.7999999999055833,
          -0.6000000001258888,
          1.1
        ],
        [
          0.0,
          0.0,
          0.0,
          1.0
        ]
      ]
    },
    "target_region": {
      "type": "circle",
      "params": {
        "center": [
          -1.024311,
          -1.8721462931296928
        ],
        "radius": 2.0826498858645284,
        "object_center": [
          -1.024311,
          -1.8721462931296928,
          0.49999999980329873
        ],
        "object_height": 1.0000000003934024,
        "occupancy_ratio": 0.3,
        "fov_vertical": 90.0,
        "sample_distance": 2.0826498858645284,
        "min_distance": 1.0000000003934024
      },
      "sample_point": [
        -0.9536416061784974,
        0.2093042548940729,
        1.5
      ],
      "sample_forward": [
        -0.030588997758486315,
        -0.9009485253080851,
        -0.43284647158238226
      ],
      "height": 1.5
    },
    "sample_target": [
      -0.9536416061784974,
      0.2093042548940729,
      1.5
    ],
    "camera_params": {
      "forward": [
        -0.030588997758486315,
        -0.9009485253080851,
        -0.43284647158238226
      ]
    },
    "task_type": "screen_occupancy",
    "task_description": "Position where wardrobe occupies 30% of vertical FOV",
    "target_object": {
      "label": "wardrobe",
      "id": "115",
      "bbox_min": [
        -1.1243110634446805,
        -2.1611964013589655,
        -3.9340250168606874e-10
      ],
      "bbox_max": [
        -0.9243109365553194,
        -1.5830961849004197,
        1.0
      ],
      "center": [
        -1.024311,
        -1.8721462931296926,
        0.49999999980329873
      ]
    }
  },
  {
    "scene_id": "0374_840227",
    "object_label": "wardrobe",
    "preset": "occupancy_50",
    "distance": 1.2071067816614263,
    "init_camera": {
      "intrinsics": [
        [
          320.0,
          0.0,
          320.0
        ],
        [
          0.0,
          320.0,
          240.0
        ],
        [
          0.0,
          0.0,
          1.0
        ]
      ],
      "extrinsics": [
        [
          -0.766044443118978,
          0.3856725658928434,
          -0.5142300876885416,
          -0.5100809122507685
        ],
        [
          0.6427876096865394,
          0.45962666596782326,
          -0.6128355544228551,
          -1.2593107386345102
        ],
        [
          0.0,
          -0.7999999999055833,
          -0.6000000001258888,
          1.1
        ],
        [
          0.0,
          0.0,
          0.0,
          1.0
        ]
      ]
    },
    "target_region": {
      "type": "circle",
      "params": {
        "center": [
          -1.024311,
          -1.8721462931296928
        ],
        "radius": 1.2071067816614263,
        "object_center": [
          -1.024311,
          -1.8721462931296928,
          0.49999999980329873
        ],
        "object_height": 1.0000000003934024,
        "occupancy_ratio": 0.5,
        "fov_vertical": 90.0,
        "sample_distance": 1.2071067816614263,
        "min_distance": 1.0000000003934024
      },
      "sample_point": [
        -2.219874067185445,
        -1.705605803412817,
        1.5
      ],
      "sample_forward": [
        0.7627118170202568,
        -0.10624483392451532,
        -0.6379519726766352
      ],
      "height": 1.5
    },
    "sample_target": [
      -2.219874067185445,
      -1.705605803412817,
      1.5
    ],
    "camera_params": {
      "forward": [
        0.7627118170202568,
        -0.10624483392451532,
        -0.6379519726766352
      ]
    },
    "task_type": "screen_occupancy",
    "task_description": "Position where wardrobe occupies 50% of vertical FOV",
    "target_object": {
      "label": "wardrobe",
      "id": "115",
      "bbox_min": [
        -1.1243110634446805,
        -2.1611964013589655,
        -3.9340250168606874e-10
      ],
      "bbox_max": [
        -0.9243109365553194,
        -1.5830961849004197,
        1.0
      ],
      "center": [
        -1.024311,
        -1.8721462931296926,
        0.49999999980329873
      ]
    }
  },
  {
    "scene_id": "0374_840227",
    "object_label": "wardrobe",
    "preset": "occupancy_20",
    "distance": 7.892189394585728,
    "init_camera": {
      "intrinsics": [
        [
          320.0,
          0.0,
          320.0
        ],
        [
          0.0,
          320.0,
          240.0
        ],
        [
          0.0,
          0.0,
          1.0
        ]
      ],
      "extrinsics": [
        [
          0.17364817766693005,
          -0.18051479066649848,
          0.9681222653898549,
          -4.168153898464898
        ],
        [
          -0.9848077530122081,
          -0.03182962801144421,
          0.17070607601283205,
          3.9953002683468575
        ],
        [
          0.0,
          -0.9830571118359723,
          -0.18329952228174703,
          1.6
        ],
        [
          0.0,
          0.0,
          0.0,
          1.0
        ]
      ]
    },
    "target_region": {
      "type": "circle",
      "params": {
        "center": [
          -2.3195795603602423,
          4.3212538
        ],
        "radius": 7.892189394585728,
        "object_center": [
          -2.3195795603602423,
          4.3212538,
          1.2499999998032987
        ],
        "object_height": 2.5000000003934026,
        "occupancy_ratio": 0.2,
        "fov_vertical": 90.0,
        "sample_distance": 7.892189394585728,
        "min_distance": 2.5000000003934026
      },
      "sample_point": [
        -10.119042041220547,
        3.1150040540253685,
        1.5
      ],
      "sample_forward": [
        0.9877553546631862,
        0.15276432812792073,
        -0.03166100734070731
      ],
      "height": 1.5
    },
    "sample_target": [
      -10.119042041220547,
      3.1150040540253685,
      1.5
