[
  {
    "scene_id": "0310_840543",
    "object_label": "wardrobe",
    "preset": "occupancy_20",
    "distance": 2.841188219896392,
    "init_camera": {
      "intrinsics": [
        [
          320.0,
          0.0,
          320.0
        ],
        [
          0.0,
          320.0,
          240.0
        ],
        [
          0.0,
          0.0,
          1.0
        ]
      ],
      "extrinsics": [
        [
          -0.49999999999999994,
          -0.41151978902824177,
          0.7620048971221586,
          -1.2774832592615002
        ],
        [
          -0.8660254037844387,
          0.23759106097231333,
          -0.43994373247729124,
          -2.914836706836039
        ],
        [
          0.0,
          -0.8798874649545827,
          -0.4751821219446267,
          1.0000000099443411
        ],
        [
          0.0,
          0.0,
          0.0,
          1.0
        ]
      ]
    },
    "target_region": {
      "type": "circle",
      "params": {
        "center": [
          -0.39549995500000007,
          -3.4240500049721705
        ],
        "radius": 2.841188219896392,
        "object_center": [
          -0.39549995500000007,
          -3.4240500049721705,
          0.4500000038793856
        ],
        "object_height": 0.9000000121299111,
        "occupancy_ratio": 0.2,
        "fov_vertical": 90.0,
        "sample_distance": 2.841188219896392,
        "min_distance": 1.5021000298330236
      },
      "sample_point": [
        -1.702195966533086,
        -0.901175447186636,
        1.5
      ],
      "sample_forward": [
        0.43139496056400545,
        -0.8329063230910962,
        -0.3466488784849169
      ],
      "height": 1.5
    },
    "sample_target": [
      -1.702195966533086,
      -0.901175447186636,
      1.5
    ],
    "camera_params": {
      "forward": [
        0.43139496056400545,
        -0.8329063230910962,
        -0.3466488784849169
      ]
    },
    "task_type": "screen_occupancy",
    "task_description": "Position where wardrobe occupies 20% of vertical FOV",
    "target_object": {
      "label": "wardrobe",
      "id": "110",
      "bbox_min": [
        -0.6255742395185032,
        -4.175100019888683,
        -2.1855699969819396e-09
      ],
      "bbox_max": [
        -0.16542567048149684,
        -2.6729999900556596,
        0.9000000099443412
      ],
      "center": [
        -0.395499955,
        -3.4240500049721714,
        0.4500000038793856
      ]
    }
  },
  {
    "scene_id": "0310_840543",
    "object_label": "wardrobe",
    "preset": "occupancy_30",
    "distance": 1.8743849218030457,
    "init_camera": {
      "intrinsics": [
        [
          320.0,
          0.0,
          320.0
        ],
        [
          0.0,
          320.0,
          240.0
        ],
        [
          0.0,
          0.0,
          1.0
        ]
      ],
      "extrinsics": [
        [
          -0.49999999999999994,
          -0.41151978902824177,
          0.7620048971221586,
          -1.2774832592615002
        ],
        [
          -0.8660254037844387,
          0.23759106097231333,
          -0.43994373247729124,
          -2.914836706836039
        ],
        [
          0.0,
          -0.8798874649545827,
          -0.4751821219446267,
          1.0000000099443411
        ],
        [
          0.0,
          0.0,
          0.0,
          1.0
        ]
      ]
    },
    "target_region": {
      "type": "circle",
      "params": {
        "center": [
          -0.39549995500000007,
          -3.4240500049721705
        ],
        "radius": 1.8743849218030457,
        "object_center": [
          -0.39549995500000007,
          -3.4240500049721705,
          0.4500000038793856
        ],
        "object_height": 0.9000000121299111,
        "occupancy_ratio": 0.3,
        "fov_vertical": 90.0,
        "sample_distance": 1.8743849218030457,
        "min_distance": 1.5021000298330236
      },
      "sample_point": [
        1.1617551374280473,
        -2.3808456088016388,
        1.5
      ],
      "sample_forward": [
        -0.724828702495619,
        -0.485562379979149,
        -0.48872541082647
      ],
      "height": 1.5
    },
    "sample_target": [
      1.1617551374280473,
      -2.3808456088016388,
      1.5
    ],
    "camera_params": {
      "forward": [
        -0.724828702495619,
        -0.485562379979149,
        -0.48872541082647
      ]
    },
    "task_type": "screen_occupancy",
    "task_description": "Position where wardrobe occupies 30% of vertical FOV",
    "target_object": {
      "label": "wardrobe",
      "id": "110",
      "bbox_min": [
        -0.6255742395185032,
        -4.175100019888683,
        -2.1855699969819396e-09
      ],
      "bbox_max": [
        -0.16542567048149684,
        -2.6729999900556596,
        0.9000000099443412
      ],
      "center": [
        -0.395499955,
        -3.4240500049721714,
        0.4500000038793856
      ]
    }
  },
  {
    "scene_id": "0310_840543",
    "object_label": "wardrobe",
    "preset": "occupancy_20",
    "distance": 2.841188219896392,
    "init_camera": {
      "intrinsics": [
        [
          320.0,
          0.0,
          320.0
        ],
        [
          0.0,
          320.0,
          240.0
        ],
        [
          0.0,
          0.0,
          1.0
        ]
      ],
      "extrinsics": [
        [
          0.8660254037844384,
          -0.23759106097231372,
          0.4399437324772918,
          -0.9047132531361332
        ],
        [
          -0.5000000000000007,
          -0.4115197890282417,
          0.7620048971221581,
          -4.306033309233671
        ],
        [
          0.0,
          -0.8798874649545826,
          -0.47518212194462683,
          1.0000000099443411
        ],
        [
          0.0,
          0.0,
          0.0,
          1.0
        ]
      ]
    },
    "target_region": {
      "type": "circle",
      "params": {
        "center": [
          -0.39549995500000007,
          -3.4240500049721705
        ],
        "radius": 2.841188219896392,
        "object_center": [
          -0.39549995500000007,
          -3.4240500049721705,
          0.4500000038793856
        ],
        "object_height": 0.9000000121299111,
        "occupancy_ratio": 0.2,
        "fov_vertical": 90.0,
        "sample_distance": 2.841188219896392,
        "min_distance": 1.5021000298330236
      },
      "sample_point": [
        1.1976947583683655,
        -5.776512779634741,
        1.5
      ],
      "sample_forward": [
        -0.5259801548930689,
        0.7766462719306727,
        -0.3466488784849169
      ],
      "height": 1.5
    },
    "sample_target": [
      1.1976947583683655,
      -5.776512779634741,
      1.5
    ],
    "camera_params": {
      "forward": [
        -0.5259801548930689,
        0.7766462719306727,
        -0.3466488784849169
      ]
    },
    "task_type": "screen_occupancy",
    "task_description": "Position where wardrobe occupies 20% of vertical FOV",
    "target_object": {
      "label": "wardrobe",
      "id": "110",
      "bbox_min": [
        -0.6255742395185032,
        -4.175100019888683,
        -2.1855699969819396e-09
      ],
      "bbox_max": [
        -0.16542567048149684,
        -2.6729999900556596,
        0.9000000099443412
      ],
      "center": [
        -0.395499955,
        -3.4240500049721714,
        0.4500000038793856
      ]
    }
  },
  {
    "scene_id": "0310_840543",
    "object_label": "wardrobe",
    "preset": "occupancy_30",
    "distance": 1.8743849218030457,
    "init_camera": {
      "intrinsics": [
        [
          320.0,
          0.0,
          320.0
        ],
        [
          0.0,
          320.0,
          240.0
        ],
        [
          0.0,
          0.0,
          1.0
        ]
      ],
      "extrinsics": [
        [
          0.8660254037844384,
          -0.23759106097231372,
          0.4399437324772918,
          -0.9047132531361332
        ],
        [
          -0.5000000000000007,
          -0.4115197890282417,
          0.7620048971221581,
          -4.306033309233671
        ],
        [
          0.0,
          -0.8798874649545826,
          -0.47518212194462683,
          1.0000000099443411
        ],
        [
          0.0,
          0.0,
          0.0,
          1.0
        ]
      ]
    },
    "target_region": {
      "type": "circle",
      "params": {
        "center": [
          -0.39549995500000007,
          -3.4240500049721705
        ],
        "radius": 1.8743849218030457,
        "object_center": [
          -0.39549995500000007,
          -3.4240500049721705,
          0.4500000038793856
        ],
        "object_height": 0.9000000121299111,
        "occupancy_ratio": 0.3,
        "fov_vertical": 90.0,
        "sample_distance": 1.8743849218030457,
        "min_distance": 1.5021000298330236
      },
      "sample_point": [
        -0.7489511183299826,
        -1.583291707361294,
        1.5
      ],
      "sample_forward": [
        0.1645148244226247,
        -0.8567860557675359,
        -0.48872541082647
      ],
      "height": 1.5
    },
    "sample_target": [
      -0.7489511183299826,
      -1.583291707361294,
      1.5
    ],
    "camera_params": {
      "forward": [
        0.1645148244226247,
        -0.8567860557675359,
        -0.48872541082647
      ]
    },
    "task_type": "screen_occupancy",
    "task_description": "Position where wardrobe occupies 30% of vertical FOV",
    "target_object": {
      "label": "wardrobe",
      "id": "110",
      "bbox_min": [
        -0.6255742395185032,
        -4.175100019888683,
        -2.1855699969819396e-09
      ],
      "bbox_max": [
        -0.16542567048149684,
        -2.6729999900556596,
        0.9000000099443412
      ],
      "center": [
        -0.395499955,
        -3.4240500049721714,
        0.4500000038793856
      ]
    }
  },
  {
    "scene_id": "0310_840543",
    "object_label": "wardrobe",
    "preset": "occupancy_20",
    "distance": 2.841188219896392,
    "init_camera": {
      "intrinsics": [
        [
          320.0,
          0.0,
          320.0
        ],
        [
          0.0,
          320.0,
          240.0
        ],
        [
          0.0,
          0.0,
          1.0
        ]
      ],
      "extrinsics": [
        [
          0.9848077530122081,
          0.0825145095355893,
          -0.15279085484133798,
          -0.2186520324697869
        ],
        [
          0.17364817766692994,
          -0.46796303778386084,
          0.8665199972655306,
          -4.427004412854933
        ],
        [
          -0.0,
          -0.8798874649545827,
          -0.4751821219446266,
          1.0000000099443411
        ],
        [
          0.0,
          0.0,
          0.0,
          1.0
        ]
      ]
    },
    "target_region": {
      "type": "circle",
      "params": {
        "center": [
          -0.39549995500000007,
          -3.4240500049721705
        ],
        "radius": 2.841188219896392,
        "object_center": [
          -0.39549995500000007,
          -3.4240500049721705,
          0.4500000038793856
        ],
        "object_height": 0.9000000121299111,
        "occupancy_ratio": 0.2,
        "fov_vertical": 90.0,
        "sample_distance": 2.841188219896392,
        "min_distance": 1.5021000298330236
      },
      "sample_point": [
        2.3803981351884094,
        -2.8184591416276423,
        1.5
      ],
      "sample_forward": [
        -0.9164399650547227,
        -0.1999308517854306,
        -0.3466488784849169
      ],
      "height": 1.5
    },
    "sample_target": [
      2.3803981351884094,
      -2.8184591416276423,
      1.5
    ],
    "camera_params": {
      "forward": [
        -0.9164399650547227,
        -0.1999308517854306,
        -0.3466488784849169
      ]
    },
    "task_type": "screen_occupancy",
    "task_description": "Position where wardrobe occupies 20% of vertical FOV",
    "target_object": {
      "label": "wardrobe",
      "id": "110",
      "bbox_min": [
        -0.6255742395185032,
        -4.175100019888683,
        -2.1855699969819396e-09
      ],
      "bbox_max": [
        -0.16542567048149684,
        -2.6729999900556596,
        0.9000000099443412
      ],
      "center": [
        -0.395499955,
        -3.4240500049721714,
        0.4500000038793856
      ]
    }
  },
  {
    "scene_id": "0310_840543",
    "object_label": "wardrobe",
    "preset": "occupancy_30",
    "distance": 1.8743849218030457,
    "init_camera": {
      "intrinsics": [
        [
          320.0,
          0.0,
          320.0
        ],
        [
          0.0,
          320.0,
          240.0
        ],
        [
          0.0,
          0.0,
          1.0
        ]
      ],
      "extrinsics": [
        [
          0.9848077530122081,
          0.0825145095355893,
          -0.15279085484133798,
          -0.2186520324697869
        ],
        [
          0.17364817766692994,
          -0.46796303778386084,
          0.8665199972655306,
          -4.427004412854933
        ],
        [
          -0.0,
          -0.8798874649545827,
          -0.4751821219446266,
          1.0000000099443411
        ],
        [
          0.0,
          0.0,
          0.0,
          1.0
        ]
      ]
    },
    "target_region": {
      "type": "circle",
      "params": {
        "center": [
          -0.39549995500000007,
          -3.4240500049721705
        ],
        "radius": 1.8743849218030457,
        "object_center": [
          -0.39549995500000007,
          -3.4240500049721705,
          0.4500000038793856
        ],
        "object_height": 0.9000000121299111,
        "occupancy_ratio": 0.3,
        "fov_vertical": 90.0,
        "sample_distance": 1.8743849218030457,
        "min_distance": 1.5021000298330236
      },
      "sample_point": [
        1.0646813482440016,
        -4.599290149257269,
        1.5
      ],
      "sample_forward": [
        -0.6796454380434875,
        0.5470187851977061,
        -0.4887254108264701
      ],
      "height": 1.5
    },
    "sample_target": [
      1.0646813482440016,
      -4.599290149257269,
      1.5
    ],
    "camera_params": {
      "forward": [
        -0.6796454380434875,
        0.5470187851977061,
        -0.4887254108264701
      ]
    },
    "task_type": "screen_occupancy",
    "task_description": "Position where wardrobe occupies 30% of vertical FOV",
    "target_object": {
      "label": "wardrobe",
      "id": "110",
      "bbox_min": [
        -0.6255742395185032,
        -4.175100019888683,
        -2.1855699969819396e-09
      ],
      "bbox_max": [
        -0.16542567048149684,
        -2.6729999900556596,
        0.9000000099443412
      ],
      "center": [
        -0.395499955,
        -3.4240500049721714,
        0.4500000038793856
      ]
    }
  },
  {
    "scene_id": "0310_840543",
    "object_label": "wardrobe",
    "preset": "occupancy_20",
    "distance": 2.841188219896392,
    "init_camera": {
      "intrinsics": [
        [
          320.0,
          0.0,
          320.0
        ],
        [
          0.0,
          320.0,
          240.0
        ],
        [
          0.0,
          0.0,
          1.0
        ]
      ],
      "extrinsics": [
        [
          0.17364817766692994,
          -0.46796303778386095,
          0.8665199972655306,
          -1.398454362882761
        ],
        [
          -0.9848077530122081,
          -0.08251450953558931,
          0.15279085484133798,
          -3.6008979275023845
        ],
        [
          0.0,
          -0.8798874649545827,
          -0.4751821219446267,
          1.0000000099443411
        ],
        [
          0.0,
          0.0,
          0.0,
          1.0
        ]
      ]
    },
    "target_region": {
      "type": "circle",
      "params": {
        "center": [
          -0.39549995500000007,
          -3.4240500049721705
        ],
        "radius": 2.841188219896392,
        "object_center": [
          -0.39549995500000007,
          -3.4240500049721705,
          0.4500000038793856
        ],
        "object_height": 0.9000000121299111,
        "occupancy_ratio": 0.2,
        "fov_vertical": 90.0,
        "sample_distance": 2.841188219896392,
        "min_distance": 1.5021000298330236
      },
      "sample_point": [
        -0.8845756444900155,
        -0.6252725092022953,
        1.5
      ],
      "sample_forward": [
        0.16146432369746067,
        -0.9239934129733128,
        -0.34664887848491693
      ],
      "height": 1.5
    },
    "sample_target": [
      -0.8845756444900155,
      -0.6252725092022953,
      1.5
    ],
    "camera_params": {
      "forward": [
        0.16146432369746067,
        -0.9239934129733128,
        -0.34664887848491693
      ]
    },
    "task_type": "screen_occupancy",
    "task_description": "Position where wardrobe occupies 20% of vertical FOV",
    "target_object": {
      "label": "wardrobe",
      "id": "110",
      "bbox_min": [
        -0.6255742395185032,
        -4.175100019888683,
        -2.1855699969819396e-09
      ],
      "bbox_max": [
        -0.16542567048149684,
        -2.6729999900556596,
        0.9000000099443412
      ],
      "center": [
        -0.395499955,
        -3.4240500049721714,
        0.4500000038793856
      ]
    }
  },
  {
    "scene_id": "0310_840543",
    "object_label": "wardrobe",
    "preset": "occupancy_20",
    "distance": 2.841188219896392,
    "init_camera": {
      "intrinsics": [
        [
          320.0,
          0.0,
          320.0
        ],
        [
          0.0,
          320.0,
          240.0
        ],
        [
          0.0,
          0.0,
          1.0
        ]
      ],
      "extrinsics": [
        [
          0.3420201433256689,
          -0.4465251335207554,
          0.8268237579398408,
          -1.3525079123291572
        ],
        [
          -0.9396926207859084,
          -0.1625218574532967,
          0.30093923687422575,
          -3.7723724153958846
        ],
        [
          0.0,
          -0.8798874649545827,
          -0.4751821219446267,
          1.0000000099443411
        ],
        [
          0.0,
          0.0,
          0.0,
          1.0
        ]
      ]
    },
    "target_region": {
      "type": "circle",
      "params": {
        "center": [
          -0.39549995500000007,
          -3.4240500049721705
        ],
        "radius": 2.841188219896392,
        "object_center": [
          -0.39549995500000007,
          -3.4240500049721705,
          0.4500000038793856
        ],
        "object_height": 0.9000000121299111,
        "occupancy_ratio": 0.2,
        "fov_vertical": 90.0,
        "sample_distance": 2.841188219896392,
        "min_distance": 1.5021000298330236
      },
      "sample_point": [
        -2.5375349045832665,
        -1.5574925385003127,
        1.5
      ],
      "sample_forward": [
        0.7071752530399433,
        -0.6162286235911486,
        -0.34664887848491693
      ],
      "height": 1.5
    },
    "sample_target": [
      -2.5375349045832665,
      -1.5574925385003127,
      1.5
    ],
    "camera_params": {
      "forward": [
        0.7071752530399433,
        -0.6162286235911486,
        -0.34664887848491693
      ]
    },
    "task_type": "screen_occupancy",
    "task_description": "Position where wardrobe occupies 20% of vertical FOV",
    "target_object": {
      "label": "wardrobe",
      "id": "110",
      "bbox_min": [
        -0.6255742395185032,
        -4.175100019888683,
        -2.1855699969819396e-09
      ],
      "bbox_max": [
        -0.16542567048149684,
        -2.6729999900556596,
        0.9000000099443412
      ],
      "center": [
        -0.395499955,
        -3.4240500049721714,
        0.4500000038793856
      ]
    }
  },
  {
    "scene_id": "0310_840543",
    "object_label": "wardrobe",
    "preset": "occupancy_30",
    "distance": 1.8743849218030457,
    "init_camera": {
      "intrinsics": [
        [
          320.0,
          0.0,
          320.0
        ],
        [
          0.0,
          320.0,
          240.0
        ],
        [
          0.0,
          0.0,
          1.0
        ]
      ],
      "extrinsics": [
        [
          0.3420201433256689,
          -0.4465251335207554,
          0.8268237579398408,
          -1.3525079123291572
        ],
        [
          -0.9396926207859084,
          -0.1625218574532967,
          0.30093923687422575,
          -3.7723724153958846
        ],
        [
          0.0,
          -0.8798874649545827,
          -0.4751821219446267,
          1.0000000099443411
        ],
        [
          0.0,
          0.0,
          0.0,
          1.0
        ]
      ]
    },
    "target_region": {
      "type": "circle",
      "params": {
        "center": [
          -0.39549995500000007,
          -3.4240500049721705
        ],
        "radius": 1.8743849218030457,
        "object_center": [
          -0.39549995500000007,
          -3.4240500049721705,
          0.4500000038793856
        ],
        "object_height": 0.9000000121299111,
        "occupancy_ratio": 0.3,
        "fov_vertical": 90.0,
        "sample_distance": 1.8743849218030457,
        "min_distance": 1.5021000298330236
      },
      "sample_point": [
        0.4201115349432239,
        -5.1116805132752186,
        1.5
      ],
      "sample_forward": [
        -0.3796286304476355,
        0.7855123014676159,
        -0.48872541082647
      ],
      "height": 1.5
    },
    "sample_target": [
      0.4201115349432239,
      -5.1116805132752186,
      1.5
    ],
    "camera_params": {
      "forward": [
        -0.3796286304476355,
        0.7855123014676159,
        -0.48872541082647
      ]
    },
    "task_type": "screen_occupancy",
    "task_description": "Position where wardrobe occupies 30% of vertical FOV",
    "target_object": {
      "label": "wardrobe",
      "id": "110",
      "bbox_min": [
        -0.6255742395185032,
        -4.175100019888683,
        -2.1855699969819396e-09
      ],
      "bbox_max": [
        -0.16542567048149684,
        -2.6729999900556596,
        0.9000000099443412
      ],
      "center": [
        -0.395499955,
        -3.4240500049721714,
        0.4500000038793856
      ]
    }
  },
  {
    "scene_id": "0310_840543",
    "object_label": "wardrobe",
    "preset": "occupancy_20",
    "distance": 7.892189394585728,
    "init_camera": {
      "intrinsics": [
        [
          320.0,
          0.0,
          320.0
        ],
        [
          0.0,
          320.0,
          240.0
        ],
        [
          0.0,
          0.0,
          1.0
        ]
      ],
      "extrinsics": [
        [
          -0.34202014332566866,
          -0.17668485539951811,
          0.9229326537900479,
          -0.37800551915179237
        ],
        [
          -0.9396926207859084,
          0.06430802821105268,
          -0.3359200142118915,
          4.335802860833745
        ],
        [
          0.0,
          -0.9821644156555754,
          -0.18802409584928778,
          1.6
        ],
        [
          0.0,
          0.0,
          0.0,
          1.0
        ]
      ]
    },
    "target_region": {
      "type": "circle",
      "params": {
        "center": [
          1.3399999713092987,
          3.7104999999999997
        ],
        "radius": 7.892189394585728,
        "object_center": [
          1.3399999713092987,
          3.7104999999999997,
          1.2499999998032987
        ],
        "object_height": 2.5000000003934026,
        "occupancy_ratio": 0.2,
        "fov_vertical": 90.0,
        "sample_distance": 7.892189394585728,
        "min_distance": 2.5000000003934026
      },
      "sample_point": [
        8.172375607966684,
        7.660853984090796,
        1.5
      ],
      "sample_forward": [
        -0.8652795800659104,
        -0.5002887455611343,
        -0.03166100734070731
      ],
      "height": 1.5
    },
    "sample_target": [
      8.172375607966684,
      7.660853984090796,
      1.5
    ],
    "camera_params": {
      "forward": [
        -0.8652795800659104,
        -0.5002887455611343,
        -0.03166100734070731
      ]
    },
    "task_type": "screen_occupancy",
    "task_description": "Position where wardrobe occupies 20% of vertical FOV",
    "target_object": {
      "label": "wardrobe",
      "id": "118",
      "bbox_min": [
        1.0579998997158686,
        2.7109999348263174,
        -3.9340284274658187e-10
      ],
      "bbox_max": [
        1.622000042902729,
        4.710000065173682,
        2.5
      ],
      "center": [
        1.339999971309299,
        3.7104999999999997,
        1.2499999998032987
      ]
    }
  },
  {
    "scene_id": "0310_840543",
    "object_label": "wardrobe",
    "preset": "occupancy_30",
    "distance": 5.206624713432341,
    "init_camera": {
      "intrinsics": [
        [
          320.0,
          0.0,
          320.0
        ],
        [
          0.0,
          320.0,
          240.0
        ],
        [
          0.0,
          0.0,
          1.0
        ]
      ],
      "extrinsics": [
        [
          -0.34202014332566866,
          -0.17668485539951811,
          0.9229326537900479,
          -0.37800551915179237
        ],
        [
          -0.9396926207859084,
          0.06430802821105268,
          -0.3359200142118915,
          4.335802860833745
        ],
        [
          0.0,
          -0.9821644156555754,
          -0.18802409584928778,
          1.6
        ],
        [
          0.0,
          0.0,
          0.0,
          1.0
        ]
      ]
    },
    "target_region": {
      "type": "circle",
      "params": {
        "center": [
          1.3399999713092987,
          3.7104999999999997
        ],
        "radius": 5.206624713432341,
        "object_center": [
          1.3399999713092987,
          3.7104999999999997,
          1.2499999998032987
        ],
        "object_height": 2.5000000003934026,
        "occupancy_ratio": 0.3,
        "fov_vertical": 90.0,
        "sample_distance": 5.206624713432341,
        "min_distance": 2.5000000003934026
      },
      "sample_point": [
        5.370837254041347,
        7.0061473880956555,
        1.5
      ],
      "sample_forward": [
        -0.7732838356427029,
        -0.632243545059488,
        -0.04796049691486213
      ],
      "height": 1.5
    },
    "sample_target": [
      5.370837254041347,
      7.0061473880956555,
      1.5
    ],
    "camera_params": {
      "forward": [
        -0.7732838356427029,
        -0.632243545059488,
        -0.04796049691486213
      ]
    },
    "task_type": "screen_occupancy",
    "task_description": "Position where wardrobe occupies 30% of vertical FOV",
    "target_object": {
      "label": "wardrobe",
      "id": "118",
      "bbox_min": [
        1.0579998997158686,
        2.7109999348263174,
        -3.9340284274658187e-10
      ],
      "bbox_max": [
        1.622000042902729,
        4.710000065173682,
        2.5
      ],
      "center": [
        1.339999971309299,
        3.7104999999999997,
        1.2499999998032987
      ]
    }
  },
  {
    "scene_id": "0310_840543",
    "object_label": "wardrobe",
    "preset": "occupancy_50",
    "distance": 3.017766953441248,
    "init_camera": {
      "intrinsics": [
        [
          320.0,
          0.0,
          320.0
        ],
        [
          0.0,
          320.0,
          240.0
        ],
        [
          0.0,
          0.0,
          1.0
        ]
      ],
      "extrinsics": [
        [
          -0.34202014332566866,
          -0.17668485539951811,
          0.9229326537900479,
          -0.37800551915179237
        ],
        [
          -0.9396926207859084,
          0.06430802821105268,
          -0.3359200142118915,
          4.335802860833745
        ],
        [
          0.0,
          -0.9821644156555754,
          -0.18802409584928778,
          1.6
        ],
        [
          0.0,
          0.0,
          0.0,
          1.0
        ]
      ]
    },
    "target_region": {
      "type": "circle",
      "params": {
        "center": [
          1.3399999713092987,
          3.7104999999999997
        ],
        "radius": 3.017766953441248,
        "object_center": [
          1.3399999713092987,
          3.7104999999999997,
          1.2499999998032987
        ],
        "object_height": 2.5000000003934026,
        "occupancy_ratio": 0.5,
        "fov_vertical": 90.0,
        "sample_distance": 3.017766953441248,
        "min_distance": 2.5000000003934026
      },
      "sample_point": [
        0.3156194632351268,
        6.5490844993517054,
        1.5
      ],
      "sample_forward": [
        0.33829099322375095,
        -0.9374129652667138,
        -0.0825598961576067
      ],
      "height": 1.5
    },
    "sample_target": [
      0.3156194632351268,
      6.5490844993517054,
      1.5
    ],
    "camera_params": {
      "forward": [
        0.33829099322375095,
        -0.9374129652667138,
        -0.0825598961576067
      ]
    },
    "task_type": "screen_occupancy",
    "task_description": "Position where wardrobe occupies 50% of vertical FOV",
    "target_object": {
      "label": "wardrobe",
      "id": "118",
      "bbox_min": [
        1.0579998997158686,
        2.7109999348263174,
        -3.9340284274658187e-10
      ],
      "bbox_max": [
        1.622000042902729,
        4.710000065173682,
        2.5
      ],
      "center": [
        1.339999971309299,
        3.7104999999999997,
        1.2499999998032987
      ]
    }
  },
  {
    "scene_id": "0310_840543",
    "object_label": "wardrobe",
    "preset": "occupancy_20",
    "distance": 7.892189394585728,
    "init_camera": {
      "intrinsics": [
        [
          320.0,
          0.0,
          320.0
        ],
        [
          0.0,
          320.0,
          240.0
        ],
        [
          0.0,
          0.0,
          1.0
        ]
      ],
      "extrinsics": [
        [
          -0.17364817766693044,
          -0.18516758734548913,
          0.9672431312703156,
          -0.4604878576880229
        ],
        [
          -0.984807753012208,
          0.03265004160170108,
          -0.1705510609478963,
          4.027974582689437
        ],
        [
          0.0,
          -0.9821644156555754,
          -0.18802409584928778,
          1.6
        ],
        [
          0.0,
          0.0,
          0.0,
          1.0
        ]
      ]
    },
    "target_region": {
      "type": "circle",
      "params": {
        "center": [
          1.3399999713092987,
          3.7104999999999997
        ],
        "radius": 7.892189394585728,
        "object_center": [
          1.3399999713092987,
          3.7104999999999997,
          1.2499999998032987
        ],
        "object_height": 2.5000000003934026,
        "occupancy_ratio": 0.2,
        "fov_vertical": 90.0,
        "sample_distance": 7.892189394585728,
        "min_distance": 2.5000000003934026
      },
      "sample_point": [
        6.165669578928811,
        9.955463272758998,
        1.5
      ],
      "sample_forward": [
        -0.6111422430018283,
        -0.7908873114628064,
        -0.03166100734070731
      ],
      "height": 1.5
    },
    "sample_target": [
      6.165669578928811,
      9.955463272758998,
      1.5
    ],
    "camera_params": {
      "forward": [
        -0.6111422430018283,
        -0.7908873114628064,
        -0.03166100734070731
      ]
    },
    "task_type": "screen_occupancy",
    "task_description": "Position where wardrobe occupies 20% of vertical FOV",
    "target_object": {
      "label": "wardrobe",
      "id": "118",
      "bbox_min": [
        1.0579998997158686,
        2.7109999348263174,
        -3.9340284274658187e-10
      ],
      "bbox_max": [
        1.622000042902729,
        4.710000065173682,
        2.5
      ],
      "center": [
        1.339999971309299,
        3.7104999999999997,
        1.2499999998032987
      ]
    }
  },
  {
    "scene_id": "0310_840543",
    "object_label": "wardrobe",
    "preset": "occupancy_30",
    "distance": 5.206624713432341,
    "init_camera": {
      "intrinsics": [
        [
          320.0,
          0.0,
          320.0
        ],
        [
          0.0,
          320.0,
          240.0
        ],
        [
          0.0,
          0.0,
          1.0
        ]
      ],
      "extrinsics": [
        [
          -0.17364817766693044,
          -0.18516758734548913,
          0.9672431312703156,
          -0.4604878576880229
        ],
        [
          -0.984807753012208,
          0.03265004160170108,
          -0.1705510609478963,
          4.027974582689437
        ],
        [
          0.0,
          -0.9821644156555754,
          -0.18802409584928778,
          1.6
        ],
        [
          0.0,
          0.0,
          0.0,
          1.0
        ]
      ]
    },
    "target_region": {
      "type": "circle",
      "params": {
        "center": [
          1.3399999713092987,
          3.7104999999999997
        ],
        "radius": 5.206624713432341,
        "object_center": [
          1.3399999713092987,
          3.7104999999999997,
          1.2499999998032987
        ],
        "object_height": 2.5000000003934026,
        "occupancy_ratio": 0.3,
        "fov_vertical": 90.0,
        "sample_distance": 5.206624713432341,
        "min_distance": 2.5000000003934026
      },
      "sample_point": [
        -3.5955190080243735,
        2.052310230654669,
        1.5
      ],
      "sample_forward": [
        0.9468397703813256,
        0.3181104210174797,
        -0.04796049691486212
      ],
      "height": 1.5
    },
    "sample_target": [
      -3.5955190080243735,
      2.052310230654669,
      1.5
    ],
    "camera_params": {
      "forward": [
        0.9468397703813256,
        0.3181104210174797,
        -0.04796049691486212
      ]
    },
    "task_type": "screen_occupancy",
    "task_description": "Position where wardrobe occupies 30% of vertical FOV",
    "target_object": {
      "label": "wardrobe",
      "id": "118",
      "bbox_min": [
        1.0579998997158686,
        2.7109999348263174,
        -3.9340284274658187e-10
      ],
      "bbox_max": [
        1.622000042902729,
        4.710000065173682,
        2.5
      ],
      "center": [
        1.339999971309299,
        3.7104999999999997,
        1.2499999998032987
      ]
    }
  },
  {
    "scene_id": "0310_840543",
    "object_label": "wardrobe",
    "preset": "occupancy_50",
    "distance": 3.017766953441248,
    "init_camera": {
      "intrinsics": [
        [
          320.0,
          0.0,
          320.0
        ],
        [
          0.0,
          320.0,
          240.0
        ],
        [
          0.0,
          0.0,
          1.0
        ]
      ],
      "extrinsics": [
        [
          -0.17364817766693044,
          -0.18516758734548913,
          0.9672431312703156,
          -0.4604878576880229
        ],
        [
          -0.984807753012208,
          0.03265004160170108,
          -0.1705510609478963,
          4.027974582689437
        ],
        [
          0.0,
          -0.9821644156555754,
          -0.18802409584928778,
          1.6
        ],
        [
          0.0,
          0.0,
          0.0,
          1.0
        ]
      ]
    },
    "target_region": {
      "type": "circle",
      "params": {
        "center": [
          1.3399999713092987,
          3.7104999999999997
        ],
        "radius": 3.017766953441248,
        "object_center": [
          1.3399999713092987,
          3.7104999999999997,
          1.2499999998032987
        ],
        "object_height": 2.5000000003934026,
        "occupancy_ratio": 0.5,
        "fov_vertical": 90.0,
        "sample_distance": 3.017766953441248,
        "min_distance": 2.5000000003934026
      },
      "sample_point": [
        -1.1456848919835927,
        5.421724165817755,
        1.5
      ],
      "sample_forward": [
        0.8208715361301175,
        -0.5651139572845695,
        -0.0825598961576067
      ],
      "height": 1.5
    },
    "sample_target": [
      -1.1456848919835927,
      5.421724165817755,
      1.5
    ],
    "camera_params": {
      "forward": [
        0.8208715361301175,
        -0.5651139572845695,
        -0.0825598961576067
      ]
    },
    "task_type": "screen_occupancy",
    "task_description": "Position where wardrobe occupies 50% of vertical FOV",
    "target_object": {
      "label": "wardrobe",
      "id": "118",
      "bbox_min": [
        1.0579998997158686,
        2.7109999348263174,
        -3.9340284274658187e-10
      ],
      "bbox_max": [
        1.622000042902729,
        4.710000065173682,
        2.5
      ],
      "center": [
        1.339999971309299,
        3.7104999999999997,
        1.2499999998032987
      ]
    }
  },
  {
    "scene_id": "0310_840543",
    "object_label": "wardrobe",
    "preset": "occupancy_30",
    "distance": 5.206624713432341,
    "init_camera": {
      "intrinsics": [
        [
          320.0,
          0.0,
          320.0
        ],
        [
          0.0,
          320.0,
          240.0
        ],
        [
          0.0,
          0.0,
          1.0
        ]
      ],
      "extrinsics": [
        [
          -2.429022234118405e-16,
          -0.18802409584928778,
          0.9821644156555754,
          -0.48826328463097224
        ],
        [
          -1.0,
          4.5671470936793006e-17,
          -2.3856992031873034e-16,
          3.7105
        ],
        [
          0.0,
          -0.9821644156555754,
          -0.18802409584928778,
          1.6
        ],
        [
          0.0,
          0.0,
          0.0,
          1.0
        ]
      ]
    },
    "target_region": {
      "type": "circle",
      "params": {
        "center": [
          1.3399999713092987,
          3.7104999999999997
        ],
        "radius": 5.206624713432341,
        "object_center": [
          1.3399999713092987,
          3.7104999999999997,
          1.2499999998032987
        ],
        "object_height": 2.5000000003934026,
        "occupancy_ratio": 0.3,
        "fov_vertical": 90.0,
        "sample_distance": 5.206624713432341,
        "min_distance": 2.5000000003934026
      },
      "sample_point": [
        5.920033871520175,
        1.234165939449292,
        1.5
      ],
      "sample_forward": [
        -0.8786428062727899,
        0.4750648479110573,
        -0.04796049691486212
      ],
      "height": 1.5
    },
    "sample_target": [
      5.920033871520175,
      1.234165939449292,
      1.5
    ],
    "camera_params": {
      "forward": [
        -0.8786428062727899,
        0.4750648479110573,
        -0.04796049691486212
      ]
    },
    "task_type": "screen_occupancy",
    "task_description": "Position where wardrobe occupies 30% of vertical FOV",
    "target_object": {
      "label": "wardrobe",
      "id": "118",
      "bbox_min": [
        1.0579998997158686,
        2.7109999348263174,
        -3.9340284274658187e-10
      ],
      "bbox_max": [
        1.622000042902729,
        4.710000065173682,
        2.5
      ],
      "center": [
        1.339999971309299,
        3.7104999999999997,
        1.2499999998032987
      ]
    }
  },
  {
    "scene_id": "0310_840543",
    "object_label": "wardrobe",
    "preset": "occupancy_50",
    "distance": 3.017766953441248,
    "init_camera": {
      "intrinsics": [
        [
          320.0,
          0.0,
          320.0
        ],
        [
          0.0,
          320.0,
          240.0
        ],
        [
          0.0,
          0.0,
          1.0
        ]
      ],
      "extrinsics": [
        [
          -2.429022234118405e-16,
          -0.18802409584928778,
          0.9821644156555754,
          -0.48826328463097224
        ],
        [
          -1.0,
          4.5671470936793006e-17,
          -2.3856992031873034e-16,
          3.7105
        ],
        [
          0.0,
          -0.9821644156555754,
          -0.18802409584928778,
          1.6
        ],
        [
          0.0,
          0.0,
          0.0,
