[
  {
    "scene_id": "0251_840828",
    "object_label": "side table",
    "preset": "closer",
    "distance": 0.7000000000000003,
    "init_camera": {
      "intrinsics": [
        [
          320.0,
          0.0,
          320.0
        ],
        [
          0.0,
          320.0,
          240.0
        ],
        [
          0.0,
          0.0,
          1.0
        ]
      ],
      "extrinsics": [
        [
          -0.8660254037844388,
          -0.1889427387715894,
          0.4629261728024143,
          2.347141
        ],
        [
          -0.49999999999999983,
          0.327258423273607,
          -0.8018116514471918,
          -1.9986235769724492
        ],
        [
          0.0,
          -0.9258523456048291,
          -0.3778854775431789,
          0.553038
        ],
        [
          0.0,
          0.0,
          0.0,
          1.0
        ]
      ]
    },
    "target_region": {
      "type": "point",
      "params": {
        "delta": 1.5,
        "start_position": [
          2.347141,
          -1.9986235769724492,
          0.553038
        ],
        "sample_distance": 0.7000000000000003,
        "min_distance": 0.5,
        "min_distance_enforced": false
      },
      "sample_point": [
        3.097141,
        -3.297661682649107,
        0.553038
      ],
      "sample_forward": [
        -0.45312819381700237,
        0.7848410540329658,
        -0.4227284706198107
      ],
      "height": 0.553038
    },
    "sample_target": [
      3.097141,
      -3.297661682649107,
      0.553038
    ],
    "camera_params": {
      "forward": [
        -0.45312819381700237,
        0.7848410540329658,
        -0.4227284706198107
      ]
    },
    "task_type": "delta_control",
    "task_description": "Move 1.5m toward side table",
    "target_object": {
      "label": "side table",
      "id": "91",
      "bbox_min": [
        2.509001,
        -2.9297954,
        0.0
      ],
      "bbox_max": [
        2.985281,
        -2.4530924,
        0.453038
      ],
      "center": [
        2.747141,
        -2.6914439000000003,
        0.226519
      ]
    }
  },
  {
    "scene_id": "0251_840828",
    "object_label": "side table",
    "preset": "occupancy_30",
    "distance": 0.9435195386211113,
    "init_camera": {
      "intrinsics": [
        [
          320.0,
          0.0,
          320.0
        ],
        [
          0.0,
          320.0,
          240.0
        ],
        [
          0.0,
          0.0,
          1.0
        ]
      ],
      "extrinsics": [
        [
          -0.8660254037844388,
          -0.1889427387715894,
          0.4629261728024143,
          2.347141
        ],
        [
          -0.49999999999999983,
          0.327258423273607,
          -0.8018116514471918,
          -1.9986235769724492
        ],
        [
          0.0,
          -0.9258523456048291,
          -0.3778854775431789,
          0.553038
        ],
        [
          0.0,
          0.0,
          0.0,
          1.0
        ]
      ]
    },
    "target_region": {
      "type": "circle",
      "params": {
        "center": [
          2.747141,
          -2.6914439
        ],
        "radius": 0.9435195386211113,
        "object_center": [
          2.747141,
          -2.6914439,
          0.226519
        ],
        "object_height": 0.453038,
        "occupancy_ratio": 0.3,
        "fov_vertical": 90.0,
        "sample_distance": 0.9435195386211113,
        "min_distance": 0.5
      },
      "sample_point": [
        3.6774902500835536,
        -2.5343471380067473,
        1.5
      ],
      "sample_forward": [
        -0.5869994115722779,
        -0.09911945093916902,
        -0.803496748754665
      ],
      "height": 1.5
    },
    "sample_target": [
      3.6774902500835536,
      -2.5343471380067473,
      1.5
    ],
    "camera_params": {
      "forward": [
        -0.5869994115722779,
        -0.09911945093916902,
        -0.803496748754665
      ]
    },
    "task_type": "screen_occupancy",
    "task_description": "Position where side table occupies 30% of vertical FOV",
    "target_object": {
      "label": "side table",
      "id": "91",
      "bbox_min": [
        2.509001,
        -2.9297954,
        0.0
      ],
      "bbox_max": [
        2.985281,
        -2.4530924,
        0.453038
      ],
      "center": [
        2.747141,
        -2.6914439000000003,
        0.226519
      ]
    }
  },
  {
    "scene_id": "0251_840828",
    "object_label": "side table",
    "preset": "occupancy_50",
    "distance": 0.5468652419351911,
    "init_camera": {
      "intrinsics": [
        [
          320.0,
          0.0,
          320.0
        ],
        [
          0.0,
          320.0,
          240.0
        ],
        [
          0.0,
          0.0,
          1.0
        ]
      ],
      "extrinsics": [
        [
          -0.8660254037844388,
          -0.1889427387715894,
          0.4629261728024143,
          2.347141
        ],
        [
          -0.49999999999999983,
          0.327258423273607,
          -0.8018116514471918,
          -1.9986235769724492
        ],
        [
          0.0,
          -0.9258523456048291,
          -0.3778854775431789,
          0.553038
        ],
        [
          0.0,
          0.0,
          0.0,
          1.0
        ]
      ]
    },
    "target_region": {
      "type": "circle",
      "params": {
        "center": [
          2.747141,
          -2.6914439
        ],
        "radius": 0.5468652419351911,
        "object_center": [
          2.747141,
          -2.6914439,
          0.226519
        ],
        "object_height": 0.453038,
        "occupancy_ratio": 0.5,
        "fov_vertical": 90.0,
        "sample_distance": 0.5468652419351911,
        "min_distance": 0.5
      },
      "sample_point": [
        2.617616053989464,
        -3.2227487853509658,
        1.5
      ],
      "sample_forward": [
        0.09345673398917399,
        0.3833548738430259,
        -0.9188606420850088
      ],
      "height": 1.5
    },
    "sample_target": [
      2.617616053989464,
      -3.2227487853509658,
      1.5
    ],
    "camera_params": {
      "forward": [
        0.09345673398917399,
        0.3833548738430259,
        -0.9188606420850088
      ]
    },
    "task_type": "screen_occupancy",
    "task_description": "Position where side table occupies 50% of vertical FOV",
    "target_object": {
      "label": "side table",
      "id": "91",
      "bbox_min": [
        2.509001,
        -2.9297954,
        0.0
      ],
      "bbox_max": [
        2.985281,
        -2.4530924,
        0.453038
      ],
      "center": [
        2.747141,
        -2.6914439000000003,
        0.226519
      ]
    }
  },
  {
    "scene_id": "0251_840828",
    "object_label": "side table",
    "preset": "closer",
    "distance": 0.5,
    "init_camera": {
      "intrinsics": [
        [
          320.0,
          0.0,
          320.0
        ],
        [
          0.0,
          320.0,
          240.0
        ],
        [
          0.0,
          0.0,
          1.0
        ]
      ],
      "extrinsics": [
        [
          -1.0,
          -0.0,
          0.0,
          2.747141
        ],
        [
          -0.0,
          0.31039180656382404,
          -0.9506087136240892,
          -1.6914439000000003
        ],
        [
          0.0,
          -0.9506087136240893,
          -0.310391806563824,
          0.553038
        ],
        [
          0.0,
          0.0,
          0.0,
          1.0
        ]
      ]
    },
    "target_region": {
      "type": "point",
      "params": {
        "delta": 0.5,
        "start_position": [
          2.747141,
          -1.6914439000000003,
          0.553038
        ],
        "sample_distance": 0.5,
        "min_distance": 0.5,
        "min_distance_enforced": true
      },
      "sample_point": [
        2.747141,
        -2.1914439,
        0.553038
      ],
      "sample_forward": [
        0.0,
        -0.8372794067483552,
        -0.5467752692241323
      ],
      "height": 0.553038
    },
    "sample_target": [
      2.747141,
      -2.1914439,
      0.553038
    ],
    "camera_params": {
      "forward": [
        0.0,
        -0.8372794067483552,
        -0.5467752692241323
      ]
    },
    "task_type": "delta_control",
    "task_description": "Move 0.5m toward side table",
    "target_object": {
      "label": "side table",
      "id": "91",
      "bbox_min": [
        2.509001,
        -2.9297954,
        0.0
      ],
      "bbox_max": [
        2.985281,
        -2.4530924,
        0.453038
      ],
      "center": [
        2.747141,
        -2.6914439000000003,
        0.226519
      ]
    }
  },
  {
    "scene_id": "0251_840828",
    "object_label": "side table",
    "preset": "closer",
    "distance": 0.5,
    "init_camera": {
      "intrinsics": [
        [
          320.0,
          0.0,
          320.0
        ],
        [
          0.0,
          320.0,
          240.0
        ],
        [
          0.0,
          0.0,
          1.0
        ]
      ],
      "extrinsics": [
        [
          -1.0,
          -0.0,
          0.0,
          2.747141
        ],
        [
          -0.0,
          0.31039180656382404,
          -0.9506087136240892,
          -1.6914439000000003
        ],
        [
          0.0,
          -0.9506087136240893,
          -0.310391806563824,
          0.553038
        ],
        [
          0.0,
          0.0,
          0.0,
          1.0
        ]
      ]
    },
    "target_region": {
      "type": "point",
      "params": {
        "delta": 0.7,
        "start_position": [
          2.747141,
          -1.6914439000000003,
          0.553038
        ],
        "sample_distance": 0.5,
        "min_distance": 0.5,
        "min_distance_enforced": true
      },
      "sample_point": [
        2.747141,
        -2.1914439,
        0.553038
      ],
      "sample_forward": [
        0.0,
        -0.8372794067483552,
        -0.5467752692241323
      ],
      "height": 0.553038
    },
    "sample_target": [
      2.747141,
      -2.1914439,
      0.553038
    ],
    "camera_params": {
      "forward": [
        0.0,
        -0.8372794067483552,
        -0.5467752692241323
      ]
    },
    "task_type": "delta_control",
    "task_description": "Move 0.7m toward side table",
    "target_object": {
      "label": "side table",
      "id": "91",
      "bbox_min": [
        2.509001,
        -2.9297954,
        0.0
      ],
      "bbox_max": [
        2.985281,
        -2.4530924,
        0.453038
      ],
      "center": [
        2.747141,
        -2.6914439000000003,
        0.226519
      ]
    }
  },
  {
    "scene_id": "0251_840828",
    "object_label": "side table",
    "preset": "closer",
    "distance": 0.5,
    "init_camera": {
      "intrinsics": [
        [
          320.0,
          0.0,
          320.0
        ],
        [
          0.0,
          320.0,
          240.0
        ],
        [
          0.0,
          0.0,
          1.0
        ]
      ],
      "extrinsics": [
        [
          -1.0,
          -0.0,
          0.0,
          2.747141
        ],
        [
          -0.0,
          0.31039180656382404,
          -0.9506087136240892,
          -1.6914439000000003
        ],
        [
          0.0,
          -0.9506087136240893,
          -0.310391806563824,
          0.553038
        ],
        [
          0.0,
          0.0,
          0.0,
          1.0
        ]
      ]
    },
    "target_region": {
      "type": "point",
      "params": {
        "delta": 1.0,
        "start_position": [
          2.747141,
          -1.6914439000000003,
          0.553038
        ],
        "sample_distance": 0.5,
        "min_distance": 0.5,
        "min_distance_enforced": true
      },
      "sample_point": [
        2.747141,
        -2.1914439,
        0.553038
      ],
      "sample_forward": [
        0.0,
        -0.8372794067483552,
        -0.5467752692241323
      ],
      "height": 0.553038
    },
    "sample_target": [
      2.747141,
      -2.1914439,
      0.553038
    ],
    "camera_params": {
      "forward": [
        0.0,
        -0.8372794067483552,
        -0.5467752692241323
      ]
    },
    "task_type": "delta_control",
    "task_description": "Move 1.0m toward side table",
    "target_object": {
      "label": "side table",
      "id": "91",
      "bbox_min": [
        2.509001,
        -2.9297954,
        0.0
      ],
      "bbox_max": [
        2.985281,
        -2.4530924,
        0.453038
      ],
      "center": [
        2.747141,
        -2.6914439000000003,
        0.226519
      ]
    }
  },
  {
    "scene_id": "0251_840828",
    "object_label": "side table",
    "preset": "closer",
    "distance": 0.5000000000000004,
    "init_camera": {
      "intrinsics": [
        [
          320.0,
          0.0,
          320.0
        ],
        [
          0.0,
          320.0,
          240.0
        ],
        [
          0.0,
          0.0,
          1.0
        ]
      ],
      "extrinsics": [
        [
          -1.0,
          -0.0,
          0.0,
          2.747141
        ],
        [
          -0.0,
          0.31039180656382404,
          -0.9506087136240892,
          -1.6914439000000003
        ],
        [
          0.0,
          -0.9506087136240893,
          -0.310391806563824,
          0.553038
        ],
        [
          0.0,
          0.0,
          0.0,
          1.0
        ]
      ]
    },
    "target_region": {
      "type": "point",
      "params": {
        "delta": 1.5,
        "start_position": [
          2.747141,
          -1.6914439000000003,
          0.553038
        ],
        "sample_distance": 0.5000000000000004,
        "min_distance": 0.5,
        "min_distance_enforced": true
      },
      "sample_point": [
        2.747141,
        -3.1914439000000003,
        0.553038
      ],
      "sample_forward": [
        0.0,
        0.8372794067483553,
        -0.546775269224132
      ],
      "height": 0.553038
    },
    "sample_target": [
      2.747141,
      -3.1914439000000003,
      0.553038
    ],
    "camera_params": {
      "forward": [
        0.0,
        0.8372794067483553,
        -0.546775269224132
      ]
    },
    "task_type": "delta_control",
    "task_description": "Move 1.5m toward side table",
    "target_object": {
      "label": "side table",
      "id": "91",
      "bbox_min": [
        2.509001,
        -2.9297954,
        0.0
      ],
      "bbox_max": [
        2.985281,
        -2.4530924,
        0.453038
      ],
      "center": [
        2.747141,
        -2.6914439000000003,
        0.226519
      ]
    }
  },
  {
    "scene_id": "0251_840828",
    "object_label": "side table",
    "preset": "closer",
    "distance": 0.5,
    "init_camera": {
      "intrinsics": [
        [
          320.0,
          0.0,
          320.0
        ],
        [
          0.0,
          320.0,
          240.0
        ],
        [
          0.0,
          0.0,
          1.0
        ]
      ],
      "extrinsics": [
        [
          -0.9848077530122081,
          -0.053898971572554306,
          0.16507147079512768,
          2.57349282233307
        ],
        [
          -0.17364817766693008,
          0.3056762575755195,
          -0.9361668312579648,
          -1.7066361469877922
        ],
        [
          0.0,
          -0.9506087136240893,
          -0.310391806563824,
          0.553038
        ],
        [
          0.0,
          0.0,
          0.0,
          1.0
        ]
      ]
    },
    "target_region": {
      "type": "point",
      "params": {
        "delta": 0.5,
        "start_position": [
          2.57349282233307,
          -1.7066361469877922,
          0.553038
        ],
        "sample_distance": 0.5,
        "min_distance": 0.5,
        "min_distance_enforced": true
      },
      "sample_point": [
        2.660316911166535,
        -2.199040023493896,
        0.553038
      ],
      "sample_forward": [
        0.1453920431799002,
        -0.8245592512032424,
        -0.5467752692241323
      ],
      "height": 0.553038
    },
    "sample_target": [
      2.660316911166535,
      -2.199040023493896,
      0.553038
    ],
    "camera_params": {
      "forward": [
        0.1453920431799002,
        -0.8245592512032424,
        -0.5467752692241323
      ]
    },
    "task_type": "delta_control",
    "task_description": "Move 0.5m toward side table",
    "target_object": {
      "label": "side table",
      "id": "91",
      "bbox_min": [
        2.509001,
        -2.9297954,
        0.0
      ],
      "bbox_max": [
        2.985281,
        -2.4530924,
        0.453038
      ],
      "center": [
        2.747141,
        -2.6914439000000003,
        0.226519
      ]
    }
  },
  {
    "scene_id": "0251_840828",
    "object_label": "side table",
    "preset": "closer",
    "distance": 0.5,
    "init_camera": {
      "intrinsics": [
        [
          320.0,
          0.0,
          320.0
        ],
        [
          0.0,
          320.0,
          240.0
        ],
        [
          0.0,
          0.0,
          1.0
        ]
      ],
      "extrinsics": [
        [
          -0.9848077530122081,
          -0.053898971572554306,
          0.16507147079512768,
          2.57349282233307
        ],
        [
          -0.17364817766693008,
          0.3056762575755195,
          -0.9361668312579648,
          -1.7066361469877922
        ],
        [
          0.0,
          -0.9506087136240893,
          -0.310391806563824,
          0.553038
        ],
        [
          0.0,
          0.0,
          0.0,
          1.0
        ]
      ]
    },
    "target_region": {
      "type": "point",
      "params": {
        "delta": 0.7,
        "start_position": [
          2.57349282233307,
          -1.7066361469877922,
          0.553038
        ],
        "sample_distance": 0.5,
        "min_distance": 0.5,
        "min_distance_enforced": true
      },
      "sample_point": [
        2.660316911166535,
        -2.199040023493896,
        0.553038
      ],
      "sample_forward": [
        0.1453920431799002,
        -0.8245592512032424,
        -0.5467752692241323
      ],
      "height": 0.553038
    },
    "sample_target": [
      2.660316911166535,
      -2.199040023493896,
      0.553038
    ],
    "camera_params": {
      "forward": [
        0.1453920431799002,
        -0.8245592512032424,
        -0.5467752692241323
      ]
    },
    "task_type": "delta_control",
    "task_description": "Move 0.7m toward side table",
    "target_object": {
      "label": "side table",
      "id": "91",
      "bbox_min": [
        2.509001,
        -2.9297954,
        0.0
      ],
      "bbox_max": [
        2.985281,
        -2.4530924,
        0.453038
      ],
      "center": [
        2.747141,
        -2.6914439000000003,
        0.226519
      ]
    }
  },
  {
    "scene_id": "0251_840828",
    "object_label": "side table",
    "preset": "closer",
    "distance": 0.5,
    "init_camera": {
      "intrinsics": [
        [
          320.0,
          0.0,
          320.0
        ],
        [
          0.0,
          320.0,
          240.0
        ],
        [
          0.0,
          0.0,
          1.0
        ]
      ],
      "extrinsics": [
        [
          -0.9848077530122081,
          -0.053898971572554306,
          0.16507147079512768,
          2.57349282233307
        ],
        [
          -0.17364817766693008,
          0.3056762575755195,
          -0.9361668312579648,
          -1.7066361469877922
        ],
        [
          0.0,
          -0.9506087136240893,
          -0.310391806563824,
          0.553038
        ],
        [
          0.0,
          0.0,
          0.0,
          1.0
        ]
      ]
    },
    "target_region": {
      "type": "point",
      "params": {
        "delta": 1.0,
        "start_position": [
          2.57349282233307,
          -1.7066361469877922,
          0.553038
        ],
        "sample_distance": 0.5,
        "min_distance": 0.5,
        "min_distance_enforced": true
      },
      "sample_point": [
        2.660316911166535,
        -2.199040023493896,
        0.553038
      ],
      "sample_forward": [
        0.1453920431799002,
        -0.8245592512032424,
        -0.5467752692241323
      ],
      "height": 0.553038
    },
    "sample_target": [
      2.660316911166535,
      -2.199040023493896,
      0.553038
    ],
    "camera_params": {
      "forward": [
        0.1453920431799002,
        -0.8245592512032424,
        -0.5467752692241323
      ]
    },
    "task_type": "delta_control",
    "task_description": "Move 1.0m toward side table",
    "target_object": {
      "label": "side table",
      "id": "91",
      "bbox_min": [
        2.509001,
        -2.9297954,
        0.0
      ],
      "bbox_max": [
        2.985281,
        -2.4530924,
        0.453038
      ],
      "center": [
        2.747141,
        -2.6914439000000003,
        0.226519
      ]
    }
  },
  {
    "scene_id": "0251_840828",
    "object_label": "side table",
    "preset": "closer",
    "distance": 0.5000000000000004,
    "init_camera": {
      "intrinsics": [
        [
          320.0,
          0.0,
          320.0
        ],
        [
          0.0,
          320.0,
          240.0
        ],
        [
          0.0,
          0.0,
          1.0
        ]
      ],
      "extrinsics": [
        [
          -0.9848077530122081,
          -0.053898971572554306,
          0.16507147079512768,
          2.57349282233307
        ],
        [
          -0.17364817766693008,
          0.3056762575755195,
          -0.9361668312579648,
          -1.7066361469877922
        ],
        [
          0.0,
          -0.9506087136240893,
          -0.310391806563824,
          0.553038
        ],
        [
          0.0,
          0.0,
          0.0,
          1.0
        ]
      ]
    },
    "target_region": {
      "type": "point",
      "params": {
        "delta": 1.5,
        "start_position": [
          2.57349282233307,
          -1.7066361469877922,
          0.553038
        ],
        "sample_distance": 0.5000000000000004,
        "min_distance": 0.5,
        "min_distance_enforced": true
      },
      "sample_point": [
        2.833965088833465,
        -3.1838477765061044,
        0.553038
      ],
      "sample_forward": [
        -0.1453920431799001,
        0.8245592512032425,
        -0.546775269224132
      ],
      "height": 0.553038
    },
    "sample_target": [
      2.833965088833465,
      -3.1838477765061044,
      0.553038
    ],
    "camera_params": {
      "forward": [
        -0.1453920431799001,
        0.8245592512032425,
        -0.546775269224132
      ]
    },
    "task_type": "delta_control",
    "task_description": "Move 1.5m toward side table",
    "target_object": {
      "label": "side table",
      "id": "91",
      "bbox_min": [
        2.509001,
        -2.9297954,
        0.0
      ],
      "bbox_max": [
        2.985281,
        -2.4530924,
        0.453038
      ],
      "center": [
        2.747141,
        -2.6914439000000003,
        0.226519
      ]
    }
  },
  {
    "scene_id": "0251_840828",
    "object_label": "side table",
    "preset": "closer",
    "distance": 0.4999999999999999,
    "init_camera": {
      "intrinsics": [
        [
          320.0,
          0.0,
          320.0
        ],
        [
          0.0,
          320.0,
          240.0
        ],
        [
          0.0,
          0.0,
          1.0
        ]
      ],
      "extrinsics": [
        [
          -0.8660254037844387,
          -0.15519590328191196,
          0.4753043568120446,
          2.247141
        ],
        [
          -0.49999999999999994,
          0.26880718961081707,
          -0.8232512950573078,
          -1.8254184962155615
        ],
        [
          0.0,
          -0.9506087136240893,
          -0.310391806563824,
          0.553038
        ],
        [
          0.0,
          0.0,
          0.0,
          1.0
        ]
      ]
    },
    "target_region": {
      "type": "point",
      "params": {
        "delta": 0.5,
        "start_position": [
          2.247141,
          -1.8254184962155615,
          0.553038
        ],
        "sample_distance": 0.4999999999999999,
        "min_distance": 0.5,
        "min_distance_enforced": true
      },
      "sample_point": [
        2.497141,
        -2.2584311981077807,
        0.553038
      ],
      "sample_forward": [
        0.41863970337417766,
        -0.7251052363096394,
        -0.5467752692241324
      ],
      "height": 0.553038
    },
    "sample_target": [
      2.497141,
      -2.2584311981077807,
      0.553038
    ],
    "camera_params": {
      "forward": [
        0.41863970337417766,
        -0.7251052363096394,
        -0.5467752692241324
      ]
    },
    "task_type": "delta_control",
    "task_description": "Move 0.5m toward side table",
    "target_object": {
      "label": "side table",
      "id": "91",
      "bbox_min": [
        2.509001,
        -2.9297954,
        0.0
      ],
      "bbox_max": [
        2.985281,
        -2.4530924,
        0.453038
      ],
      "center": [
        2.747141,
        -2.6914439000000003,
        0.226519
      ]
    }
  },
  {
    "scene_id": "0251_840828",
    "object_label": "side table",
    "preset": "closer",
    "distance": 0.4999999999999999,
    "init_camera": {
      "intrinsics": [
        [
          320.0,
          0.0,
          320.0
        ],
        [
          0.0,
          320.0,
          240.0
        ],
        [
          0.0,
          0.0,
          1.0
        ]
      ],
      "extrinsics": [
        [
          -0.8660254037844387,
          -0.15519590328191196,
          0.4753043568120446,
          2.247141
        ],
        [
          -0.49999999999999994,
          0.26880718961081707,
          -0.8232512950573078,
          -1.8254184962155615
        ],
        [
          0.0,
          -0.9506087136240893,
          -0.310391806563824,
          0.553038
        ],
        [
          0.0,
          0.0,
          0.0,
          1.0
        ]
      ]
    },
    "target_region": {
      "type": "point",
      "params": {
        "delta": 0.7,
        "start_position": [
          2.247141,
          -1.8254184962155615,
          0.553038
        ],
        "sample_distance": 0.4999999999999999,
        "min_distance": 0.5,
        "min_distance_enforced": true
      },
      "sample_point": [
        2.497141,
        -2.2584311981077807,
        0.553038
      ],
      "sample_forward": [
        0.41863970337417766,
        -0.7251052363096394,
        -0.5467752692241324
      ],
      "height": 0.553038
    },
    "sample_target": [
      2.497141,
      -2.2584311981077807,
      0.553038
    ],
    "camera_params": {
      "forward": [
        0.41863970337417766,
        -0.7251052363096394,
        -0.5467752692241324
      ]
    },
    "task_type": "delta_control",
    "task_description": "Move 0.7m toward side table",
    "target_object": {
      "label": "side table",
      "id": "91",
      "bbox_min": [
        2.509001,
        -2.9297954,
        0.0
      ],
      "bbox_max": [
        2.985281,
        -2.4530924,
        0.453038
      ],
      "center": [
        2.747141,
        -2.6914439000000003,
        0.226519
      ]
    }
  },
  {
    "scene_id": "0251_840828",
    "object_label": "side table",
    "preset": "closer",
    "distance": 0.4999999999999999,
    "init_camera": {
      "intrinsics": [
        [
          320.0,
          0.0,
          320.0
        ],
        [
          0.0,
          320.0,
          240.0
        ],
        [
          0.0,
          0.0,
          1.0
        ]
      ],
      "extrinsics": [
        [
          -0.8660254037844387,
          -0.15519590328191196,
          0.4753043568120446,
          2.247141
        ],
        [
          -0.49999999999999994,
          0.26880718961081707,
          -0.8232512950573078,
          -1.8254184962155615
        ],
        [
          0.0,
          -0.9506087136240893,
          -0.310391806563824,
          0.553038
        ],
        [
          0.0,
          0.0,
          0.0,
          1.0
        ]
      ]
    },
    "target_region": {
      "type": "point",
      "params": {
        "delta": 1.0,
        "start_position": [
          2.247141,
          -1.8254184962155615,
          0.553038
        ],
        "sample_distance": 0.4999999999999999,
        "min_distance": 0.5,
        "min_distance_enforced": true
      },
      "sample_point": [
        2.497141,
        -2.2584311981077807,
        0.553038
      ],
      "sample_forward": [
        0.41863970337417766,
        -0.7251052363096394,
        -0.5467752692241324
      ],
      "height": 0.553038
    },
    "sample_target": [
      2.497141,
      -2.2584311981077807,
      0.553038
    ],
    "camera_params": {
      "forward": [
        0.41863970337417766,
        -0.7251052363096394,
        -0.5467752692241324
      ]
    },
    "task_type": "delta_control",
    "task_description": "Move 1.0m toward side table",
    "target_object": {
      "label": "side table",
      "id": "91",
      "bbox_min": [
        2.509001,
        -2.9297954,
        0.0
      ],
      "bbox_max": [
        2.985281,
        -2.4530924,
        0.453038
      ],
      "center": [
        2.747141,
        -2.6914439000000003,
        0.226519
      ]
    }
  },
  {
    "scene_id": "0251_840828",
    "object_label": "side table",
    "preset": "closer",
    "distance": 0.5000000000000002,
    "init_camera": {
      "intrinsics": [
        [
          320.0,
          0.0,
          320.0
        ],
        [
          0.0,
          320.0,
          240.0
        ],
        [
          0.0,
          0.0,
          1.0
        ]
      ],
      "extrinsics": [
        [
          -0.8660254037844387,
          -0.15519590328191196,
          0.4753043568120446,
          2.247141
        ],
        [
          -0.49999999999999994,
          0.26880718961081707,
          -0.8232512950573078,
          -1.8254184962155615
        ],
        [
          0.0,
          -0.9506087136240893,
          -0.310391806563824,
          0.553038
        ],
        [
          0.0,
          0.0,
          0.0,
          1.0
        ]
      ]
    },
    "target_region": {
      "type": "point",
      "params": {
        "delta": 1.5,
        "start_position": [
          2.247141,
          -1.8254184962155615,
          0.553038
        ],
        "sample_distance": 0.5000000000000002,
        "min_distance": 0.5,
        "min_distance_enforced": true
      },
      "sample_point": [
        2.997141,
        -3.1244566018922195,
        0.553038
      ],
      "sample_forward": [
        -0.41863970337417744,
        0.7251052363096397,
        -0.5467752692241322
      ],
      "height": 0.553038
    },
    "sample_target": [
      2.997141,
      -3.1244566018922195,
      0.553038
    ],
    "camera_params": {
      "forward": [
        -0.41863970337417744,
        0.7251052363096397,
        -0.5467752692241322
      ]
    },
    "task_type": "delta_control",
    "task_description": "Move 1.5m toward side table",
    "target_object": {
      "label": "side table",
      "id": "91",
      "bbox_min": [
        2.509001,
        -2.9297954,
        0.0
      ],
      "bbox_max": [
        2.985281,
        -2.4530924,
        0.453038
      ],
      "center": [
        2.747141,
        -2.6914439000000003,
        0.226519
      ]
    }
  },
  {
    "scene_id": "0251_840828",
    "object_label": "side table",
    "preset": "occupancy_20",
    "distance": 1.4301846793526762,
    "init_camera": {
      "intrinsics": [
        [
          320.0,
          0.0,
          320.0
        ],
        [
          0.0,
          320.0,
          240.0
        ],
        [
          0.0,
          0.0,
          1.0
        ]
      ],
      "extrinsics": [
        [
          -0.8660254037844387,
          -0.15519590328191196,
          0.4753043568120446,
          2.247141
        ],
        [
          -0.49999999999999994,
          0.26880718961081707,
          -0.8232512950573078,
          -1.8254184962155615
        ],
        [
          0.0,
          -0.9506087136240893,
          -0.310391806563824,
          0.553038
        ],
        [
          0.0,
          0.0,
          0.0,
          1.0
        ]
      ]
    },
    "target_region": {
      "type": "circle",
      "params": {
        "center": [
          2.747141,
          -2.6914439
        ],
        "radius": 1.4301846793526762,
        "object_center": [
          2.747141,
          -2.6914439,
          0.226519
        ],
        "object_height": 0.453038,
        "occupancy_ratio": 0.2,
        "fov_vertical": 90.0,
        "sample_distance": 1.4301846793526762,
        "min_distance": 0.5
      },
      "sample_point": [
        1.6078743477032276,
        -3.5560245567461606,
        1.5
      ],
      "sample_forward": [
        0.5949207937464709,
        0.451480792079995,
        -0.6650070251891247
      ],
      "height": 1.5
    },
    "sample_target": [
      1.6078743477032276,
      -3.5560245567461606,
      1.5
    ],
    "camera_params": {
      "forward": [
        0.5949207937464709,
        0.451480792079995,
        -0.6650070251891247
      ]
    },
    "task_type": "screen_occupancy",
    "task_description": "Position where side table occupies 20% of vertical FOV",
    "target_object": {
      "label": "side table",
      "id": "91",
      "bbox_min": [
        2.509001,
        -2.9297954,
        0.0
      ],
      "bbox_max": [
        2.985281,
        -2.4530924,
        0.453038
      ],
      "center": [
        2.747141,
        -2.6914439000000003,
        0.226519
      ]
    }
  },
  {
    "scene_id": "0251_840828",
    "object_label": "side table",
    "preset": "occupancy_30",
    "distance": 0.9435195386211113,
    "init_camera": {
      "intrinsics": [
        [
          320.0,
          0.0,
          320.0
        ],
        [
          0.0,
          320.0,
          240.0
        ],
        [
          0.0,
          0.0,
          1.0
        ]
      ],
      "extrinsics": [
        [
          -0.8660254037844387,
          -0.15519590328191196,
          0.4753043568120446,
          2.247141
        ],
        [
          -0.49999999999999994,
          0.26880718961081707,
          -0.8232512950573078,
          -1.8254184962155615
        ],
        [
          0.0,
          -0.9506087136240893,
          -0.310391806563824,
          0.553038
        ],
        [
          0.0,
          0.0,
          0.0,
          1.0
        ]
      ]
    },
    "target_region": {
      "type": "circle",
      "params": {
        "center": [
          2.747141,
          -2.6914439
        ],
        "radius": 0.9435195386211113,
        "object_center": [
          2.747141,
          -2.6914439,
          0.226519
        ],
        "object_height": 0.453038,
        "occupancy_ratio": 0.3,
        "fov_vertical": 90.0,
        "sample_distance": 0.9435195386211113,
        "min_distance": 0.5
      },
      "sample_point": [
        3.681158816028895,
        -2.825009760534825,
        1.5
      ],
      "sample_forward": [
        -0.5893140757169913,
        0.08427274115935063,
        -0.803496748754665
      ],
      "height": 1.5
    },
    "sample_target": [
      3.681158816028895,
      -2.825009760534825,
      1.5
    ],
    "camera_params": {
      "forward": [
        -0.5893140757169913,
        0.08427274115935063,
        -0.803496748754665
      ]
    },
    "task_type": "screen_occupancy",
    "task_description": "Position where side table occupies 30% of vertical FOV",
    "target_object": {
      "label": "side table",
      "id": "91",
      "bbox_min": [
        2.509001,
        -2.9297954,
        0.0
      ],
      "bbox_max": [
        2.985281,
        -2.4530924,
        0.453038
      ],
      "center": [
        2.747141,
        -2.6914439000000003,
        0.226519
      ]
    }
  },
  {
    "scene_id": "0251_840828",
    "object_label": "side table",
    "preset": "front",
    "distance": 1.5,
    "init_camera": {
      "intrinsics": [
        [
          320.0,
          0.0,
          320.0
        ],
        [
          0.0,
          320.0,
          240.0
        ],
        [
          0.0,
          0.0,
          1.0
        ]
      ],
      "extrinsics": [
        [
          -1.0,
          -0.0,
          0.0,
          2.747141
        ],
        [
          -0.0,
          0.37788547754317897,
          -0.9258523456048289,
          -1.8914439000000003
        ],
        [
          0.0,
          -0.925852345604829,
          -0.3778854775431789,
          0.553038
        ],
        [
          0.0,
          0.0,
          0.0,
          1.0
        ]
      ]
    },
    "target_region": {
      "type": "circle",
      "params": {
        "center": [
          2.747141,
          -2.6914439
        ],
        "radius": 1.5,
        "object_center": [
          2.747141,
          -2.6914439,
          0.226519
        ],
        "sample_distance": 1.5,
        "min_distance": 0.5,
        "requested_distance": 1.5
      },
      "sample_point": [
        4.2370048022908415,
        -2.517358143479036,
        1.5
      ],
      "sample_forward": [
        -0.757168780393564,
        -0.0884727179398494,
        -0.6472001361075713
      ],
      "height": 1.5
    },
    "sample_target": [
      4.2370048022908415,
      -2.517358143479036,
      1.5
    ],
    "camera_params": {
      "forward": [
        -0.757168780393564,
        -0.0884727179398494,
        -0.6472001361075713
      ]
    },
    "task_type": "absolute_positioning",
    "task_description": "Move to any position 1.5m from side table",
    "target_object": {
      "label": "side table",
      "id": "91",
      "bbox_min": [
        2.509001,
        -2.9297954,
        0.0
      ],
      "bbox_max": [
        2.985281,
        -2.4530924,
        0.453038
      ],
      "center": [
        2.747141,
        -2.6914439000000003,
        0.226519
      ]
    }
  },
  {
    "scene_id": "0251_840828",
    "object_label": "side table",
    "preset": "closer",
    "distance": 0.7000000000000006,
    "init_camera": {
      "intrinsics": [
        [
          320.0,
          0.0,
          320.0
        ],
        [
          0.0,
          320.0,
          240.0
        ],
        [
          0.0,
          0.0,
          1.0
        ]
      ],
      "extrinsics": [
        [
          -1.0,
          -0.0,
          0.0,
          2.747141
        ],
        [
          -0.0,
          0.37788547754317897,
          -0.9258523456048289,
          -1.8914439000000003
        ],
        [
          0.0,
          -0.925852345604829,
          -0.3778854775431789,
          0.553038
        ],
        [
          0.0,
          0.0,
          0.0,
          1.0
        ]
      ]
    },
    "target_region": {
      "type": "point",
      "params": {
        "delta": 1.5,
        "start_position": [
          2.747141,
          -1.8914439000000003,
          0.553038
        ],
        "sample_distance": 0.7000000000000006,
        "min_distance": 0.5,
        "min_distance_enforced": false
      },
      "sample_point": [
        2.747141,
        -3.3914439000000005,
        0.553038
      ],
      "sample_forward": [
        0.0,
        0.906256387634005,
        -0.42272847061981056
      ],
      "height": 0.553038
    },
    "sample_target": [
      2.747141,
      -3.3914439000000005,
      0.553038
    ],
    "camera_params": {
      "forward": [
        0.0,
        0.906256387634005,
        -0.42272847061981056
      ]
    },
    "task_type": "delta_control",
    "task_description": "Move 1.5m toward side table",
    "target_object": {
      "label": "side table",
