[
  {
    "scene_id": "0267_840790",
    "object_label": "smoke lampblack machine",
    "preset": "occupancy_20",
    "distance": 2.0494279804063824,
    "init_camera": {
      "intrinsics": [
        [
          320.0,
          0.0,
          320.0
        ],
        [
          0.0,
          320.0,
          240.0
        ],
        [
          0.0,
          0.0,
          1.0
        ]
      ],
      "extrinsics": [
        [
          0.49999999999999967,
          0.2407137963595503,
          0.8318995541783715,
          2.219941896215561
        ],
        [
          -0.8660254037844389,
          0.138976175125843,
          0.48029743154361193,
          2.3771191000000003
        ],
        [
          0.0,
          -0.9605948630872247,
          0.2779523502516862,
          1.6
        ],
        [
          0.0,
          0.0,
          0.0,
          1.0
        ]
      ]
    },
    "target_region": {
      "type": "circle",
      "params": {
        "center": [
          3.0859673,
          2.8771191
        ],
        "radius": 2.0494279804063824,
        "object_center": [
          3.0859673,
          2.8771191,
          1.8893544000000004
        ],
        "object_height": 0.6491950073242192,
        "occupancy_ratio": 0.2,
        "fov_vertical": 90.0,
        "sample_distance": 2.0494279804063824,
        "min_distance": 0.8970000218556944
      },
      "sample_point": [
        1.9772439603145096,
        1.1534928055529594,
        1.5
      ],
      "sample_forward": [
        0.5314851399153705,
        0.8262491908268659,
        0.18664356594077522
      ],
      "height": 1.5
    },
    "sample_target": [
      1.9772439603145096,
      1.1534928055529594,
      1.5
    ],
    "camera_params": {
      "forward": [
        0.5314851399153705,
        0.8262491908268659,
        0.18664356594077522
      ]
    },
    "task_type": "screen_occupancy",
    "task_description": "Position where smoke lampblack machine occupies 20% of vertical FOV",
    "target_object": {
      "label": "smoke lampblack machine",
      "id": "81",
      "bbox_min": [
        2.8359672799454416,
        2.4286190890721526,
        1.5647568963378906
      ],
      "bbox_max": [
        3.335967320054558,
        3.325619110927847,
        2.21395190366211
      ],
      "center": [
        3.0859673,
        2.8771191,
        1.8893544000000002
      ]
    }
  },
  {
    "scene_id": "0267_840790",
    "object_label": "smoke lampblack machine",
    "preset": "occupancy_50",
    "distance": 0.8970000218556944,
    "init_camera": {
      "intrinsics": [
        [
          320.0,
          0.0,
          320.0
        ],
        [
          0.0,
          320.0,
          240.0
        ],
        [
          0.0,
          0.0,
          1.0
        ]
      ],
      "extrinsics": [
        [
          0.49999999999999967,
          0.2407137963595503,
          0.8318995541783715,
          2.219941896215561
        ],
        [
          -0.8660254037844389,
          0.138976175125843,
          0.48029743154361193,
          2.3771191000000003
        ],
        [
          0.0,
          -0.9605948630872247,
          0.2779523502516862,
          1.6
        ],
        [
          0.0,
          0.0,
          0.0,
          1.0
        ]
      ]
    },
    "target_region": {
      "type": "circle",
      "params": {
        "center": [
          3.0859673,
          2.8771191
        ],
        "radius": 0.8970000218556944,
        "object_center": [
          3.0859673,
          2.8771191,
          1.8893544000000004
        ],
        "object_height": 0.6491950073242192,
        "occupancy_ratio": 0.5,
        "fov_vertical": 90.0,
        "sample_distance": 0.8970000218556944,
        "min_distance": 0.8970000218556944
      },
      "sample_point": [
        2.799922400174722,
        3.727288115251122,
        1.5
      ],
      "sample_forward": [
        0.29252197833041366,
        -0.8694198792161107,
        0.39817077469033857
      ],
      "height": 1.5
    },
    "sample_target": [
      2.799922400174722,
      3.727288115251122,
      1.5
    ],
    "camera_params": {
      "forward": [
        0.29252197833041366,
        -0.8694198792161107,
        0.39817077469033857
      ]
    },
    "task_type": "screen_occupancy",
    "task_description": "Position where smoke lampblack machine occupies 50% of vertical FOV",
    "target_object": {
      "label": "smoke lampblack machine",
      "id": "81",
      "bbox_min": [
        2.8359672799454416,
        2.4286190890721526,
        1.5647568963378906
      ],
      "bbox_max": [
        3.335967320054558,
        3.325619110927847,
        2.21395190366211
      ],
      "center": [
        3.0859673,
        2.8771191,
        1.8893544000000002
      ]
    }
  },
  {
    "scene_id": "0267_840790",
    "object_label": "smoke lampblack machine",
    "preset": "right",
    "distance": 1.5,
    "init_camera": {
      "intrinsics": [
        [
          320.0,
          0.0,
          320.0
        ],
        [
          0.0,
          320.0,
          240.0
        ],
        [
          0.0,
          0.0,
          1.0
        ]
      ],
      "extrinsics": [
        [
          0.3420201433256686,
          0.3196162333246299,
          0.8836671799692828,
          2.334213203371273
        ],
        [
          -0.9396926207859084,
          0.11633079531844669,
          0.32162855050677414,
          2.603502985339465
        ],
        [
          0.0,
          -0.9403789711897823,
          0.34012849122654604,
          1.6
        ],
        [
          0.0,
          0.0,
          0.0,
          1.0
        ]
      ]
    },
    "target_region": {
      "type": "circle",
      "params": {
        "center": [
          3.0859673,
          2.8771191
        ],
        "radius": 1.5,
        "object_center": [
          3.0859673,
          2.8771191,
          1.8893544000000004
        ],
        "sample_distance": 1.5,
        "min_distance": 0.8970000218556944,
        "requested_distance": 1.5
      },
      "sample_point": [
        4.132178387835536,
        3.9520341476618994,
        1.5
      ],
      "sample_forward": [
        -0.6751017999175216,
        -0.6936239654430553,
        0.2512436154635054
      ],
      "height": 1.5
    },
    "sample_target": [
      4.132178387835536,
      3.9520341476618994,
      1.5
    ],
    "camera_params": {
      "forward": [
        -0.6751017999175216,
        -0.6936239654430553,
        0.2512436154635054
      ]
    },
    "task_type": "absolute_positioning",
    "task_description": "Move to any position 1.5m from smoke lampblack machine",
    "target_object": {
      "label": "smoke lampblack machine",
      "id": "81",
      "bbox_min": [
        2.8359672799454416,
        2.4286190890721526,
        1.5647568963378906
      ],
      "bbox_max": [
        3.335967320054558,
        3.325619110927847,
        2.21395190366211
      ],
      "center": [
        3.0859673,
        2.8771191,
        1.8893544000000002
      ]
    }
  },
  {
    "scene_id": "0267_840790",
    "object_label": "smoke lampblack machine",
    "preset": "occupancy_20",
    "distance": 2.0494279804063824,
    "init_camera": {
      "intrinsics": [
        [
          320.0,
          0.0,
          320.0
        ],
        [
          0.0,
          320.0,
          240.0
        ],
        [
          0.0,
          0.0,
          1.0
        ]
      ],
      "extrinsics": [
        [
          0.3420201433256686,
          0.3196162333246299,
          0.8836671799692828,
          2.334213203371273
        ],
        [
          -0.9396926207859084,
          0.11633079531844669,
          0.32162855050677414,
          2.603502985339465
        ],
        [
          0.0,
          -0.9403789711897823,
          0.34012849122654604,
          1.6
        ],
        [
          0.0,
          0.0,
          0.0,
          1.0
        ]
      ]
    },
    "target_region": {
      "type": "circle",
      "params": {
        "center": [
          3.0859673,
          2.8771191
        ],
        "radius": 2.0494279804063824,
        "object_center": [
          3.0859673,
          2.8771191,
          1.8893544000000004
        ],
        "object_height": 0.6491950073242192,
        "occupancy_ratio": 0.2,
        "fov_vertical": 90.0,
        "sample_distance": 2.0494279804063824,
        "min_distance": 0.8970000218556944
      },
      "sample_point": [
        4.953552072206136,
        2.033150993081062,
        1.5
      ],
      "sample_forward": [
        -0.8952581031092581,
        0.40457027586085037,
        0.18664356594077525
      ],
      "height": 1.5
    },
    "sample_target": [
      4.953552072206136,
      2.033150993081062,
      1.5
    ],
    "camera_params": {
      "forward": [
        -0.8952581031092581,
        0.40457027586085037,
        0.18664356594077525
      ]
    },
    "task_type": "screen_occupancy",
    "task_description": "Position where smoke lampblack machine occupies 20% of vertical FOV",
    "target_object": {
      "label": "smoke lampblack machine",
      "id": "81",
      "bbox_min": [
        2.8359672799454416,
        2.4286190890721526,
        1.5647568963378906
      ],
      "bbox_max": [
        3.335967320054558,
        3.325619110927847,
        2.21395190366211
      ],
      "center": [
        3.0859673,
        2.8771191,
        1.8893544000000002
      ]
    }
  },
  {
    "scene_id": "0267_840790",
    "object_label": "smoke lampblack machine",
    "preset": "occupancy_30",
    "distance": 1.3520459073757085,
    "init_camera": {
      "intrinsics": [
        [
          320.0,
          0.0,
          320.0
        ],
        [
          0.0,
          320.0,
          240.0
        ],
        [
          0.0,
          0.0,
          1.0
        ]
      ],
      "extrinsics": [
        [
          0.3420201433256686,
          0.3196162333246299,
          0.8836671799692828,
          2.334213203371273
        ],
        [
          -0.9396926207859084,
          0.11633079531844669,
          0.32162855050677414,
          2.603502985339465
        ],
        [
          0.0,
          -0.9403789711897823,
          0.34012849122654604,
          1.6
        ],
        [
          0.0,
          0.0,
          0.0,
          1.0
        ]
      ]
    },
    "target_region": {
      "type": "circle",
      "params": {
        "center": [
          3.0859673,
          2.8771191
        ],
        "radius": 1.3520459073757085,
        "object_center": [
          3.0859673,
          2.8771191,
          1.8893544000000004
        ],
        "object_height": 0.6491950073242192,
        "occupancy_ratio": 0.3,
        "fov_vertical": 90.0,
        "sample_distance": 1.3520459073757085,
        "min_distance": 0.8970000218556944
      },
      "sample_point": [
        3.6686832129685265,
        4.097147911309249,
        1.5
      ],
      "sample_forward": [
        -0.41415738985567296,
        -0.8671188426389332,
        0.2767283309826678
      ],
      "height": 1.5
    },
    "sample_target": [
      3.6686832129685265,
      4.097147911309249,
      1.5
    ],
    "camera_params": {
      "forward": [
        -0.41415738985567296,
        -0.8671188426389332,
        0.2767283309826678
      ]
    },
    "task_type": "screen_occupancy",
    "task_description": "Position where smoke lampblack machine occupies 30% of vertical FOV",
    "target_object": {
      "label": "smoke lampblack machine",
      "id": "81",
      "bbox_min": [
        2.8359672799454416,
        2.4286190890721526,
        1.5647568963378906
      ],
      "bbox_max": [
        3.335967320054558,
        3.325619110927847,
        2.21395190366211
      ],
      "center": [
        3.0859673,
        2.8771191,
        1.8893544000000002
      ]
    }
  },
  {
    "scene_id": "0267_840790",
    "object_label": "smoke lampblack machine",
    "preset": "occupancy_50",
    "distance": 0.8970000218556944,
    "init_camera": {
      "intrinsics": [
        [
          320.0,
          0.0,
          320.0
        ],
        [
          0.0,
          320.0,
          240.0
        ],
        [
          0.0,
          0.0,
          1.0
        ]
      ],
      "extrinsics": [
        [
          0.3420201433256686,
          0.3196162333246299,
          0.8836671799692828,
          2.334213203371273
        ],
        [
          -0.9396926207859084,
          0.11633079531844669,
          0.32162855050677414,
          2.603502985339465
        ],
        [
          0.0,
          -0.9403789711897823,
          0.34012849122654604,
          1.6
        ],
        [
          0.0,
          0.0,
          0.0,
          1.0
        ]
      ]
    },
    "target_region": {
      "type": "circle",
      "params": {
        "center": [
          3.0859673,
          2.8771191
        ],
        "radius": 0.8970000218556944,
        "object_center": [
          3.0859673,
          2.8771191,
          1.8893544000000004
        ],
        "object_height": 0.6491950073242192,
        "occupancy_ratio": 0.5,
        "fov_vertical": 90.0,
        "sample_distance": 0.8970000218556944,
        "min_distance": 0.8970000218556944
      },
      "sample_point": [
        3.591841643078072,
        2.136376102581566,
        1.5
      ],
      "sample_forward": [
        -0.5173291455788399,
        0.7575160653855225,
        0.39817077469033857
      ],
      "height": 1.5
    },
    "sample_target": [
      3.591841643078072,
      2.136376102581566,
      1.5
    ],
    "camera_params": {
      "forward": [
        -0.5173291455788399,
        0.7575160653855225,
        0.39817077469033857
      ]
    },
    "task_type": "screen_occupancy",
    "task_description": "Position where smoke lampblack machine occupies 50% of vertical FOV",
    "target_object": {
      "label": "smoke lampblack machine",
      "id": "81",
      "bbox_min": [
        2.8359672799454416,
        2.4286190890721526,
        1.5647568963378906
      ],
      "bbox_max": [
        3.335967320054558,
        3.325619110927847,
        2.21395190366211
      ],
      "center": [
        3.0859673,
        2.8771191,
        1.8893544000000002
      ]
    }
  },
  {
    "scene_id": "0267_840790",
    "object_label": "smoke lampblack machine",
    "preset": "occupancy_20",
    "distance": 2.0494279804063824,
    "init_camera": {
      "intrinsics": [
        [
          320.0,
          0.0,
          320.0
        ],
        [
          0.0,
          320.0,
          240.0
        ],
        [
          0.0,
          0.0,
          1.0
        ]
      ],
      "extrinsics": [
        [
          0.17364817766693014,
          0.3349611751802473,
          0.9260925015973415,
          2.298121097590233
        ],
        [
          -0.984807753012208,
          0.05906269267409215,
          0.1632950946634083,
          2.7382005578664557
        ],
        [
          0.0,
          -0.9403789711897823,
          0.340128491226546,
          1.6
        ],
        [
          0.0,
          0.0,
          0.0,
          1.0
        ]
      ]
    },
    "target_region": {
      "type": "circle",
      "params": {
        "center": [
          3.0859673,
          2.8771191
        ],
        "radius": 2.0494279804063824,
        "object_center": [
          3.0859673,
          2.8771191,
          1.8893544000000004
        ],
        "object_height": 0.6491950073242192,
        "occupancy_ratio": 0.2,
        "fov_vertical": 90.0,
        "sample_distance": 2.0494279804063824,
        "min_distance": 0.8970000218556944
      },
      "sample_point": [
        2.138120387477616,
        4.6941885200537214,
        1.5
      ],
      "sample_forward": [
        0.45436632466239385,
        -0.8710427212862177,
        0.18664356594077516
      ],
      "height": 1.5
    },
    "sample_target": [
      2.138120387477616,
      4.6941885200537214,
      1.5
    ],
    "camera_params": {
      "forward": [
        0.45436632466239385,
        -0.8710427212862177,
        0.18664356594077516
      ]
    },
    "task_type": "screen_occupancy",
    "task_description": "Position where smoke lampblack machine occupies 20% of vertical FOV",
    "target_object": {
      "label": "smoke lampblack machine",
      "id": "81",
      "bbox_min": [
        2.8359672799454416,
        2.4286190890721526,
        1.5647568963378906
      ],
      "bbox_max": [
        3.335967320054558,
        3.325619110927847,
        2.21395190366211
      ],
      "center": [
        3.0859673,
        2.8771191,
        1.8893544000000002
      ]
    }
  },
  {
    "scene_id": "0267_840790",
    "object_label": "smoke lampblack machine",
    "preset": "occupancy_30",
    "distance": 1.3520459073757085,
    "init_camera": {
      "intrinsics": [
        [
          320.0,
          0.0,
          320.0
        ],
        [
          0.0,
          320.0,
          240.0
        ],
        [
          0.0,
          0.0,
          1.0
        ]
      ],
      "extrinsics": [
        [
          0.17364817766693014,
          0.3349611751802473,
          0.9260925015973415,
          2.298121097590233
        ],
        [
          -0.984807753012208,
          0.05906269267409215,
          0.1632950946634083,
          2.7382005578664557
        ],
        [
          0.0,
          -0.9403789711897823,
          0.340128491226546,
          1.6
        ],
        [
          0.0,
          0.0,
          0.0,
          1.0
        ]
      ]
    },
    "target_region": {
      "type": "circle",
      "params": {
        "center": [
          3.0859673,
          2.8771191
        ],
        "radius": 1.3520459073757085,
        "object_center": [
          3.0859673,
          2.8771191,
          1.8893544000000004
        ],
        "object_height": 0.6491950073242192,
        "occupancy_ratio": 0.3,
        "fov_vertical": 90.0,
        "sample_distance": 1.3520459073757085,
        "min_distance": 0.8970000218556944
      },
      "sample_point": [
        2.455332621737077,
        1.681155873883234,
        1.5
      ],
      "sample_forward": [
        0.44821499891998196,
        0.8500145560957809,
        0.27672833098266775
      ],
      "height": 1.5
    },
    "sample_target": [
      2.455332621737077,
      1.681155873883234,
      1.5
    ],
    "camera_params": {
      "forward": [
        0.44821499891998196,
        0.8500145560957809,
        0.27672833098266775
      ]
    },
    "task_type": "screen_occupancy",
    "task_description": "Position where smoke lampblack machine occupies 30% of vertical FOV",
    "target_object": {
      "label": "smoke lampblack machine",
      "id": "81",
      "bbox_min": [
        2.8359672799454416,
        2.4286190890721526,
        1.5647568963378906
      ],
      "bbox_max": [
        3.335967320054558,
        3.325619110927847,
        2.21395190366211
      ],
      "center": [
        3.0859673,
        2.8771191,
        1.8893544000000002
      ]
    }
  },
  {
    "scene_id": "0267_840790",
    "object_label": "smoke lampblack machine",
    "preset": "occupancy_50",
    "distance": 0.8970000218556944,
    "init_camera": {
      "intrinsics": [
        [
          320.0,
          0.0,
          320.0
        ],
        [
          0.0,
          320.0,
          240.0
        ],
        [
          0.0,
          0.0,
          1.0
        ]
      ],
      "extrinsics": [
        [
          0.17364817766693014,
          0.3349611751802473,
          0.9260925015973415,
          2.298121097590233
        ],
        [
          -0.984807753012208,
          0.05906269267409215,
          0.1632950946634083,
          2.7382005578664557
        ],
        [
          0.0,
          -0.9403789711897823,
          0.340128491226546,
          1.6
        ],
        [
          0.0,
          0.0,
          0.0,
          1.0
        ]
      ]
    },
    "target_region": {
      "type": "circle",
      "params": {
        "center": [
          3.0859673,
          2.8771191
        ],
        "radius": 0.8970000218556944,
        "object_center": [
          3.0859673,
          2.8771191,
          1.8893544000000004
        ],
        "object_height": 0.6491950073242192,
        "occupancy_ratio": 0.5,
        "fov_vertical": 90.0,
        "sample_distance": 0.8970000218556944,
        "min_distance": 0.8970000218556944
      },
      "sample_point": [
        3.5329960739890165,
        3.654791469597244,
        1.5
      ],
      "sample_forward": [
        -0.4571511025638308,
        -0.7952816504906732,
        0.3981707746903387
      ],
      "height": 1.5
    },
    "sample_target": [
      3.5329960739890165,
      3.654791469597244,
      1.5
    ],
    "camera_params": {
      "forward": [
        -0.4571511025638308,
        -0.7952816504906732,
        0.3981707746903387
      ]
    },
    "task_type": "screen_occupancy",
    "task_description": "Position where smoke lampblack machine occupies 50% of vertical FOV",
    "target_object": {
      "label": "smoke lampblack machine",
      "id": "81",
      "bbox_min": [
        2.8359672799454416,
        2.4286190890721526,
        1.5647568963378906
      ],
      "bbox_max": [
        3.335967320054558,
        3.325619110927847,
        2.21395190366211
      ],
      "center": [
        3.0859673,
        2.8771191,
        1.8893544000000002
      ]
    }
  },
  {
    "scene_id": "0267_840790",
    "object_label": "smoke lampblack machine",
    "preset": "occupancy_20",
    "distance": 2.0494279804063824,
    "init_camera": {
      "intrinsics": [
        [
          320.0,
          0.0,
          320.0
        ],
        [
          0.0,
          320.0,
          240.0
        ],
        [
          0.0,
          0.0,
          1.0
        ]
      ],
      "extrinsics": [
        [
          0.766044443118978,
          0.1786643268250372,
          0.6174584759210058,
          2.4431796903134604
        ],
        [
          -0.6427876096865394,
          0.21292385336216413,
          0.7358583569566041,
          2.111074656881022
        ],
        [
          0.0,
          -0.9605948630872247,
          0.27795235025168624,
          1.6
        ],
        [
          0.0,
          0.0,
          0.0,
          1.0
        ]
      ]
    },
    "target_region": {
      "type": "circle",
      "params": {
        "center": [
          3.0859673,
          2.8771191
        ],
        "radius": 2.0494279804063824,
        "object_center": [
          3.0859673,
          2.8771191,
          1.8893544000000004
        ],
        "object_height": 0.6491950073242192,
        "occupancy_ratio": 0.2,
        "fov_vertical": 90.0,
        "sample_distance": 2.0494279804063824,
        "min_distance": 0.8970000218556944
      },
      "sample_point": [
        3.5044543539738187,
        0.8708729454793493,
        1.5
      ],
      "sample_forward": [
        -0.200608792538939,
        0.9617277637923222,
        0.18664356594077522
      ],
      "height": 1.5
    },
    "sample_target": [
      3.5044543539738187,
      0.8708729454793493,
      1.5
    ],
    "camera_params": {
      "forward": [
        -0.200608792538939,
        0.9617277637923222,
        0.18664356594077522
      ]
    },
    "task_type": "screen_occupancy",
    "task_description": "Position where smoke lampblack machine occupies 20% of vertical FOV",
    "target_object": {
      "label": "smoke lampblack machine",
      "id": "81",
      "bbox_min": [
        2.8359672799454416,
        2.4286190890721526,
        1.5647568963378906
      ],
      "bbox_max": [
        3.335967320054558,
        3.325619110927847,
        2.21395190366211
      ],
      "center": [
        3.0859673,
        2.8771191,
        1.8893544000000002
      ]
    }
  },
  {
    "scene_id": "0267_840790",
    "object_label": "smoke lampblack machine",
    "preset": "occupancy_30",
    "distance": 1.3520459073757085,
    "init_camera": {
      "intrinsics": [
        [
          320.0,
          0.0,
          320.0
        ],
        [
          0.0,
          320.0,
          240.0
        ],
        [
          0.0,
          0.0,
          1.0
        ]
      ],
      "extrinsics": [
        [
          0.766044443118978,
          0.1786643268250372,
          0.6174584759210058,
          2.4431796903134604
        ],
        [
          -0.6427876096865394,
          0.21292385336216413,
          0.7358583569566041,
          2.111074656881022
        ],
        [
          0.0,
          -0.9605948630872247,
          0.27795235025168624,
          1.6
        ],
        [
          0.0,
          0.0,
          0.0,
          1.0
        ]
      ]
    },
    "target_region": {
      "type": "circle",
      "params": {
        "center": [
          3.0859673,
          2.8771191
        ],
        "radius": 1.3520459073757085,
        "object_center": [
          3.0859673,
          2.8771191,
          1.8893544000000004
        ],
        "object_height": 0.6491950073242192,
        "occupancy_ratio": 0.3,
        "fov_vertical": 90.0,
        "sample_distance": 1.3520459073757085,
        "min_distance": 0.8970000218556944
      },
      "sample_point": [
        2.7499078898210785,
        4.186734390259547,
        1.5
      ],
      "sample_forward": [
        0.23884964364042796,
        -0.9307912110480995,
        0.27672833098266786
      ],
      "height": 1.5
    },
    "sample_target": [
      2.7499078898210785,
      4.186734390259547,
      1.5
    ],
    "camera_params": {
      "forward": [
        0.23884964364042796,
        -0.9307912110480995,
        0.27672833098266786
      ]
    },
    "task_type": "screen_occupancy",
    "task_description": "Position where smoke lampblack machine occupies 30% of vertical FOV",
    "target_object": {
      "label": "smoke lampblack machine",
      "id": "81",
      "bbox_min": [
        2.8359672799454416,
        2.4286190890721526,
        1.5647568963378906
      ],
      "bbox_max": [
        3.335967320054558,
        3.325619110927847,
        2.21395190366211
      ],
      "center": [
        3.0859673,
        2.8771191,
        1.8893544000000002
      ]
    }
  },
  {
    "scene_id": "0267_840790",
    "object_label": "smoke lampblack machine",
    "preset": "occupancy_20",
    "distance": 2.0494279804063824,
    "init_camera": {
      "intrinsics": [
        [
          320.0,
          0.0,
          320.0
        ],
        [
          0.0,
          320.0,
          240.0
        ],
        [
          0.0,
          0.0,
          1.0
        ]
      ],
      "extrinsics": [
        [
          -0.6427876096865394,
          0.2605535406505377,
          0.7203720853058742,
          2.4731317455048174
        ],
        [
          -0.7660444431189779,
          -0.21863037986180067,
          -0.6044639510905673,
          3.391349187749231
        ],
        [
          0.0,
          -0.9403789711897823,
          0.34012849122654615,
          1.6
        ],
        [
          0.0,
          0.0,
          0.0,
          1.0
        ]
      ]
    },
    "target_region": {
      "type": "circle",
      "params": {
        "center": [
          3.0859673,
          2.8771191
        ],
        "radius": 2.0494279804063824,
        "object_center": [
          3.0859673,
          2.8771191,
          1.8893544000000004
        ],
        "object_height": 0.6491950073242192,
        "occupancy_ratio": 0.2,
        "fov_vertical": 90.0,
        "sample_distance": 2.0494279804063824,
        "min_distance": 0.8970000218556944
      },
      "sample_point": [
        3.0410330656505256,
        0.8281837761168838,
        1.5
      ],
      "sample_forward": [
        0.021539979339656585,
        0.9821915335528802,
        0.18664356594077522
      ],
      "height": 1.5
    },
    "sample_target": [
      3.0410330656505256,
      0.8281837761168838,
      1.5
    ],
    "camera_params": {
      "forward": [
        0.021539979339656585,
        0.9821915335528802,
        0.18664356594077522
      ]
    },
    "task_type": "screen_occupancy",
    "task_description": "Position where smoke lampblack machine occupies 20% of vertical FOV",
    "target_object": {
      "label": "smoke lampblack machine",
      "id": "81",
      "bbox_min": [
        2.8359672799454416,
        2.4286190890721526,
        1.5647568963378906
      ],
      "bbox_max": [
        3.335967320054558,
        3.325619110927847,
        2.21395190366211
      ],
      "center": [
        3.0859673,
        2.8771191,
        1.8893544000000002
      ]
    }
  },
  {
    "scene_id": "0267_840790",
    "object_label": "smoke lampblack machine",
    "preset": "occupancy_30",
    "distance": 1.3520459073757085,
    "init_camera": {
      "intrinsics": [
        [
          320.0,
          0.0,
          320.0
        ],
        [
          0.0,
          320.0,
          240.0
        ],
        [
          0.0,
          0.0,
          1.0
        ]
      ],
      "extrinsics": [
        [
          -0.6427876096865394,
          0.2605535406505377,
          0.7203720853058742,
          2.4731317455048174
        ],
        [
          -0.7660444431189779,
          -0.21863037986180067,
          -0.6044639510905673,
          3.391349187749231
        ],
        [
          0.0,
          -0.9403789711897823,
          0.34012849122654615,
          1.6
        ],
        [
          0.0,
          0.0,
          0.0,
          1.0
        ]
      ]
    },
    "target_region": {
      "type": "circle",
      "params": {
        "center": [
          3.0859673,
          2.8771191
        ],
        "radius": 1.3520459073757085,
        "object_center": [
          3.0859673,
          2.8771191,
          1.8893544000000004
        ],
        "object_height": 0.6491950073242192,
        "occupancy_ratio": 0.3,
        "fov_vertical": 90.0,
        "sample_distance": 1.3520459073757085,
        "min_distance": 0.8970000218556944
      },
      "sample_point": [
        2.045617201266309,
        2.0135799823474163,
        1.5
      ],
      "sample_forward": [
        0.7394146475812977,
        0.6137486535820443,
        0.27672833098266775
      ],
      "height": 1.5
    },
    "sample_target": [
      2.045617201266309,
      2.0135799823474163,
      1.5
    ],
    "camera_params": {
      "forward": [
        0.7394146475812977,
        0.6137486535820443,
        0.27672833098266775
      ]
    },
    "task_type": "screen_occupancy",
    "task_description": "Position where smoke lampblack machine occupies 30% of vertical FOV",
    "target_object": {
      "label": "smoke lampblack machine",
      "id": "81",
      "bbox_min": [
        2.8359672799454416,
        2.4286190890721526,
        1.5647568963378906
      ],
      "bbox_max": [
        3.335967320054558,
        3.325619110927847,
        2.21395190366211
      ],
      "center": [
        3.0859673,
        2.8771191,
        1.8893544000000002
      ]
    }
  },
  {
    "scene_id": "0267_840790",
    "object_label": "smoke lampblack machine",
    "preset": "occupancy_50",
    "distance": 0.8970000218556944,
    "init_camera": {
      "intrinsics": [
        [
          320.0,
          0.0,
          320.0
        ],
        [
          0.0,
          320.0,
          240.0
        ],
        [
          0.0,
          0.0,
          1.0
        ]
      ],
      "extrinsics": [
        [
          -0.6427876096865394,
          0.2605535406505377,
          0.7203720853058742,
          2.4731317455048174
        ],
        [
          -0.7660444431189779,
          -0.21863037986180067,
          -0.6044639510905673,
          3.391349187749231
        ],
        [
          0.0,
          -0.9403789711897823,
          0.34012849122654615,
          1.6
        ],
        [
          0.0,
          0.0,
          0.0,
          1.0
        ]
      ]
    },
    "target_region": {
      "type": "circle",
      "params": {
        "center": [
          3.0859673,
          2.8771191
        ],
        "radius": 0.8970000218556944,
        "object_center": [
          3.0859673,
          2.8771191,
          1.8893544000000004
        ],
        "object_height": 0.6491950073242192,
        "occupancy_ratio": 0.5,
        "fov_vertical": 90.0,
        "sample_distance": 0.8970000218556944,
        "min_distance": 0.8970000218556944
      },
      "sample_point": [
        3.980941259808402,
        2.9373739792545868,
        1.5
      ],
      "sample_forward": [
        -0.9152393677960005,
        -0.061619264997831484,
        0.3981707746903388
      ],
      "height": 1.5
    },
    "sample_target": [
      3.980941259808402,
      2.9373739792545868,
      1.5
    ],
    "camera_params": {
      "forward": [
        -0.9152393677960005,
        -0.061619264997831484,
        0.3981707746903388
      ]
    },
    "task_type": "screen_occupancy",
    "task_description": "Position where smoke lampblack machine occupies 50% of vertical FOV",
    "target_object": {
      "label": "smoke lampblack machine",
      "id": "81",
      "bbox_min": [
        2.8359672799454416,
        2.4286190890721526,
        1.5647568963378906
      ],
      "bbox_max": [
        3.335967320054558,
        3.325619110927847,
        2.21395190366211
      ],
      "center": [
        3.0859673,
        2.8771191,
        1.8893544000000002
      ]
    }
  },
  {
    "scene_id": "0267_840790",
    "object_label": "tv",
    "preset": "occupancy_20",
    "distance": 4.850981609998428,
    "init_camera": {
      "intrinsics": [
        [
          320.0,
          0.0,
          320.0
        ],
        [
          0.0,
          320.0,
          240.0
        ],
        [
          0.0,
          0.0,
          1.0
        ]
      ],
      "extrinsics": [
        [
          0.9396926207859086,
          0.1784490508555028,
          -0.2917768234272228,
          -0.4543699786268788
        ],
        [
          0.34202014332566816,
          -0.4902847377486045,
          0.8016502338864946,
          2.010225988444324
        ],
        [
          -0.0,
          -0.8530983602021237,
          -0.5217501200962466,
          1.6
        ],
        [
          0.0,
          0.0,
          0.0,
          1.0
        ]
      ]
    },
    "target_region": {
      "type": "circle",
      "params": {
        "center": [
          -0.9194680000000001,
          3.2880723
        ],
        "radius": 4.850981609998428,
        "object_center": [
          -0.9194680000000001,
          3.2880723,
          0.7683200000000001
        ],
        "object_height": 1.5366400146484378,
        "occupancy_ratio": 0.2,
        "fov_vertical": 90.0,
        "sample_distance": 4.850981609998428,
        "min_distance": 1.5489031841033754
      },
      "sample_point": [
        -5.597998819641822,
        4.570012996836073,
        1.5
      ],
      "sample_forward": [
        0.9536633734808895,
        -0.2613085040317693,
        -0.14914434552381922
      ],
      "height": 1.5
    },
    "sample_target": [
      -5.597998819641822,
      4.570012996836073,
      1.5
    ],
    "camera_params": {
      "forward": [
        0.9536633734808895,
        -0.2613085040317693,
        -0.14914434552381922
      ]
    },
    "task_type": "screen_occupancy",
    "task_description": "Position where tv occupies 20% of vertical FOV",
    "target_object": {
      "label": "tv",
      "id": "83",
      "bbox_min": [
        -1.6939195920516876,
        2.767484926143869,
        -7.324218699977791e-09
      ],
      "bbox_max": [
        -0.14501640794831236,
        3.808659673856131,
        1.536640007324219
      ],
      "center": [
        -0.919468,
        3.2880723,
        0.7683200000000001
      ]
    }
  },
  {
    "scene_id": "0267_840790",
    "object_label": "tv",
    "preset": "occupancy_30",
    "distance": 3.200283149863437,
    "init_camera": {
      "intrinsics": [
        [
          320.0,
          0.0,
          320.0
        ],
        [
          0.0,
          320.0,
          240.0
        ],
        [
          0.0,
          0.0,
          1.0
        ]
      ],
      "extrinsics": [
        [
          0.9396926207859086,
          0.1784490508555028,
          -0.2917768234272228,
          -0.4543699786268788
        ],
        [
          0.34202014332566816,
          -0.4902847377486045,
          0.8016502338864946,
          2.010225988444324
        ],
        [
          -0.0,
          -0.8530983602021237,
          -0.5217501200962466,
          1.6
        ],
        [
          0.0,
          0.0,
          0.0,
          1.0
        ]
      ]
    },
    "target_region": {
      "type": "circle",
      "params": {
        "center": [
          -0.9194680000000001,
          3.2880723
        ],
        "radius": 3.200283149863437,
        "object_center": [
          -0.9194680000000001,
          3.2880723,
          0.7683200000000001
        ],
        "object_height": 1.5366400146484378,
        "occupancy_ratio": 0.3,
        "fov_vertical": 90.0,
        "sample_distance": 3.200283149863437,
        "min_distance": 1.5489031841033754
      },
      "sample_point": [
        0.32852698108907796,
        0.341155136848597,
        1.5
      ],
      "sample_forward": [
        -0.38015483210840495,
        0.8976677121069577,
        -0.2228788510946937
      ],
      "height": 1.5
    },
    "sample_target": [
      0.32852698108907796,
      0.341155136848597,
      1.5
    ],
    "camera_params": {
      "forward": [
        -0.38015483210840495,
        0.8976677121069577,
        -0.2228788510946937
      ]
    },
    "task_type": "screen_occupancy",
    "task_description": "Position where tv occupies 30% of vertical FOV",
    "target_object": {
      "label": "tv",
      "id": "83",
      "bbox_min": [
        -1.6939195920516876,
        2.767484926143869,
        -7.324218699977791e-09
      ],
      "bbox_max": [
        -0.14501640794831236,
        3.808659673856131,
        1.536640007324219
      ],
      "center": [
        -0.919468,
        3.2880723,
        0.7683200000000001
      ]
    }
  },
  {
    "scene_id": "0267_840790",
    "object_label": "tv",
    "preset": "occupancy_20",
    "distance": 4.850981609998428,
    "init_camera": {
      "intrinsics": [
        [
          320.0,
          0.0,
          320.0
        ],
        [
          0.0,
          320.0,
          240.0
        ],
        [
          0.0,
          0.0,
          1.0
        ]
      ],
      "extrinsics": [
        [
          0.6427876096865394,
          -0.39968378019638906,
          0.653511258266749,
          -1.9611778575368393
        ],
        [
          -0.766044443118978,
          -0.3353745125503312,
          0.5483610557818294,
          2.413973942747101
        ],
        [
          0.0,
          -0.8530983602021236,
          -0.5217501200962466,
          1.6
        ],
        [
          0.0,
          0.0,
          0.0,
          1.0
        ]
      ]
    },
    "target_region": {
      "type": "circle",
      "params": {
        "center": [
          -0.9194680000000001,
          3.2880723
        ],
        "radius": 4.850981609998428,
        "object_center": [
          -0.9194680000000001,
          3.2880723,
          0.7683200000000001
        ],
        "object_height": 1.5366400146484378,
        "occupancy_ratio": 0.2,
        "fov_vertical": 90.0,
        "sample_distance": 4.850981609998428,
        "min_distance": 1.5489031841033754
      },
      "sample_point": [
        2.6873374120789766,
        0.04415841397578246,
        1.5
      ],
