[
  {
    "scene_id": "0325_840494",
    "object_label": "wardrobe",
    "preset": "back",
    "distance": 2.3900000007868054,
    "init_camera": {
      "intrinsics": [
        [
          320.0,
          0.0,
          320.0
        ],
        [
          0.0,
          320.0,
          240.0
        ],
        [
          0.0,
          0.0,
          1.0
        ]
      ],
      "extrinsics": [
        [
          -0.6427876096865396,
          -0.19319305853991312,
          0.7412830302694502,
          6.407180145160225
        ],
        [
          -0.7660444431189779,
          0.16210822416685186,
          -0.6220103172970725,
          1.3068270978137209
        ],
        [
          0.0,
          -0.9676762711720607,
          -0.25219562686640024,
          1.6
        ],
        [
          0.0,
          0.0,
          0.0,
          1.0
        ]
      ]
    },
    "target_region": {
      "type": "circle",
      "params": {
        "center": [
          7.597603750000001,
          0.3079430900479358
        ],
        "radius": 2.3900000007868054,
        "object_center": [
          7.597603750000001,
          0.3079430900479358,
          1.195
        ],
        "sample_distance": 2.3900000007868054,
        "min_distance": 2.3900000007868054,
        "requested_distance": 0.8
      },
      "sample_point": [
        5.6658887764428005,
        1.7152729251242178,
        1.5
      ],
      "sample_forward": [
        0.8017468425042731,
        -0.5841039009790837,
        -0.12658844100250607
      ],
      "height": 1.5
    },
    "sample_target": [
      5.6658887764428005,
      1.7152729251242178,
      1.5
    ],
    "camera_params": {
      "forward": [
        0.8017468425042731,
        -0.5841039009790837,
        -0.12658844100250607
      ]
    },
    "task_type": "absolute_positioning",
    "task_description": "Move to any position 2.4m from wardrobe",
    "target_object": {
      "label": "wardrobe",
      "id": "138",
      "bbox_min": [
        6.972603422412283,
        0.008943019213190382,
        -3.9340284274658187e-10
      ],
      "bbox_max": [
        8.222604077587718,
        0.6069431608826813,
        2.3900000003934028
      ],
      "center": [
        7.597603750000001,
        0.30794309004793585,
        1.195
      ]
    }
  },
  {
    "scene_id": "0325_840494",
    "object_label": "wardrobe",
    "preset": "left",
    "distance": 2.3900000007868054,
    "init_camera": {
      "intrinsics": [
        [
          320.0,
          0.0,
          320.0
        ],
        [
          0.0,
          320.0,
          240.0
        ],
        [
          0.0,
          0.0,
          1.0
        ]
      ],
      "extrinsics": [
        [
          -0.6427876096865396,
          -0.19319305853991312,
          0.7412830302694502,
          6.407180145160225
        ],
        [
          -0.7660444431189779,
          0.16210822416685186,
          -0.6220103172970725,
          1.3068270978137209
        ],
        [
          0.0,
          -0.9676762711720607,
          -0.25219562686640024,
          1.6
        ],
        [
          0.0,
          0.0,
          0.0,
          1.0
        ]
      ]
    },
    "target_region": {
      "type": "circle",
      "params": {
        "center": [
          7.597603750000001,
          0.3079430900479358
        ],
        "radius": 2.3900000007868054,
        "object_center": [
          7.597603750000001,
          0.3079430900479358,
          1.195
        ],
        "sample_distance": 2.3900000007868054,
        "min_distance": 2.3900000007868054,
        "requested_distance": 1.0
      },
      "sample_point": [
        6.283962462296675,
        -1.6886656775883475,
        1.5
      ],
      "sample_forward": [
        0.5452190250717659,
        0.8286806268426626,
        -0.1265884410025061
      ],
      "height": 1.5
    },
    "sample_target": [
      6.283962462296675,
      -1.6886656775883475,
      1.5
    ],
    "camera_params": {
      "forward": [
        0.5452190250717659,
        0.8286806268426626,
        -0.1265884410025061
      ]
    },
    "task_type": "absolute_positioning",
    "task_description": "Move to any position 2.4m from wardrobe",
    "target_object": {
      "label": "wardrobe",
      "id": "138",
      "bbox_min": [
        6.972603422412283,
        0.008943019213190382,
        -3.9340284274658187e-10
      ],
      "bbox_max": [
        8.222604077587718,
        0.6069431608826813,
        2.3900000003934028
      ],
      "center": [
        7.597603750000001,
        0.30794309004793585,
        1.195
      ]
    }
  },
  {
    "scene_id": "0325_840494",
    "object_label": "wardrobe",
    "preset": "left",
    "distance": 2.3900000007868054,
    "init_camera": {
      "intrinsics": [
        [
          320.0,
          0.0,
          320.0
        ],
        [
          0.0,
          320.0,
          240.0
        ],
        [
          0.0,
          0.0,
          1.0
        ]
      ],
      "extrinsics": [
        [
          -0.6427876096865396,
          -0.19319305853991312,
          0.7412830302694502,
          6.407180145160225
        ],
        [
          -0.7660444431189779,
          0.16210822416685186,
          -0.6220103172970725,
          1.3068270978137209
        ],
        [
          0.0,
          -0.9676762711720607,
          -0.25219562686640024,
          1.6
        ],
        [
          0.0,
          0.0,
          0.0,
          1.0
        ]
      ]
    },
    "target_region": {
      "type": "circle",
      "params": {
        "center": [
          7.597603750000001,
          0.3079430900479358
        ],
        "radius": 2.3900000007868054,
        "object_center": [
          7.597603750000001,
          0.3079430900479358,
          1.195
        ],
        "sample_distance": 2.3900000007868054,
        "min_distance": 2.3900000007868054,
        "requested_distance": 1.2
      },
      "sample_point": [
        6.1639723308969145,
        -1.6043332911065766,
        1.5
      ],
      "sample_forward": [
        0.5950202174310499,
        0.7936789700205376,
        -0.1265884410025061
      ],
      "height": 1.5
    },
    "sample_target": [
      6.1639723308969145,
      -1.6043332911065766,
      1.5
    ],
    "camera_params": {
      "forward": [
        0.5950202174310499,
        0.7936789700205376,
        -0.1265884410025061
      ]
    },
    "task_type": "absolute_positioning",
    "task_description": "Move to any position 2.4m from wardrobe",
    "target_object": {
      "label": "wardrobe",
      "id": "138",
      "bbox_min": [
        6.972603422412283,
        0.008943019213190382,
        -3.9340284274658187e-10
      ],
      "bbox_max": [
        8.222604077587718,
        0.6069431608826813,
        2.3900000003934028
      ],
      "center": [
        7.597603750000001,
        0.30794309004793585,
        1.195
      ]
    }
  },
  {
    "scene_id": "0325_840494",
    "object_label": "wardrobe",
    "preset": "back",
    "distance": 2.3900000007868054,
    "init_camera": {
      "intrinsics": [
        [
          320.0,
          0.0,
          320.0
        ],
        [
          0.0,
          320.0,
          240.0
        ],
        [
          0.0,
          0.0,
          1.0
        ]
      ],
      "extrinsics": [
        [
          -0.6427876096865396,
          -0.19319305853991312,
          0.7412830302694502,
          6.407180145160225
        ],
        [
          -0.7660444431189779,
          0.16210822416685186,
          -0.6220103172970725,
          1.3068270978137209
        ],
        [
          0.0,
          -0.9676762711720607,
          -0.25219562686640024,
          1.6
        ],
        [
          0.0,
          0.0,
          0.0,
          1.0
        ]
      ]
    },
    "target_region": {
      "type": "circle",
      "params": {
        "center": [
          7.597603750000001,
          0.3079430900479358
        ],
        "radius": 2.3900000007868054,
        "object_center": [
          7.597603750000001,
          0.3079430900479358,
          1.195
        ],
        "sample_distance": 2.3900000007868054,
        "min_distance": 2.3900000007868054,
        "requested_distance": 1.5
      },
      "sample_point": [
        5.275051145963845,
        -0.25583825519665543,
        1.5
      ],
      "sample_forward": [
        0.963961682922124,
        0.23399410347806052,
        -0.12658844100250607
      ],
      "height": 1.5
    },
    "sample_target": [
      5.275051145963845,
      -0.25583825519665543,
      1.5
    ],
    "camera_params": {
      "forward": [
        0.963961682922124,
        0.23399410347806052,
        -0.12658844100250607
      ]
    },
    "task_type": "absolute_positioning",
    "task_description": "Move to any position 2.4m from wardrobe",
    "target_object": {
      "label": "wardrobe",
      "id": "138",
      "bbox_min": [
        6.972603422412283,
        0.008943019213190382,
        -3.9340284274658187e-10
      ],
      "bbox_max": [
        8.222604077587718,
        0.6069431608826813,
        2.3900000003934028
      ],
      "center": [
        7.597603750000001,
        0.30794309004793585,
        1.195
      ]
    }
  },
  {
    "scene_id": "0325_840494",
    "object_label": "wardrobe",
    "preset": "occupancy_20",
    "distance": 7.544933062520524,
    "init_camera": {
      "intrinsics": [
        [
          320.0,
          0.0,
          320.0
        ],
        [
          0.0,
          320.0,
          240.0
        ],
        [
          0.0,
          0.0,
          1.0
        ]
      ],
      "extrinsics": [
        [
          -0.6427876096865396,
          -0.19319305853991312,
          0.7412830302694502,
          6.407180145160225
        ],
        [
          -0.7660444431189779,
          0.16210822416685186,
          -0.6220103172970725,
          1.3068270978137209
        ],
        [
          0.0,
          -0.9676762711720607,
          -0.25219562686640024,
          1.6
        ],
        [
          0.0,
          0.0,
          0.0,
          1.0
        ]
      ]
    },
    "target_region": {
      "type": "circle",
      "params": {
        "center": [
          7.597603750000001,
          0.3079430900479358
        ],
        "radius": 7.544933062520524,
        "object_center": [
          7.597603750000001,
          0.3079430900479358,
          1.195
        ],
        "object_height": 2.3900000007868054,
        "occupancy_ratio": 0.2,
        "fov_vertical": 90.0,
        "sample_distance": 7.544933062520524,
        "min_distance": 2.3900000007868054
      },
      "sample_point": [
        14.695862953647286,
        -2.249542236547698,
        1.5
      ],
      "sample_forward": [
        -0.9400304116216217,
        0.3386906444668363,
        -0.040391491395140276
      ],
      "height": 1.5
    },
    "sample_target": [
      14.695862953647286,
      -2.249542236547698,
      1.5
    ],
    "camera_params": {
      "forward": [
        -0.9400304116216217,
        0.3386906444668363,
        -0.040391491395140276
      ]
    },
    "task_type": "screen_occupancy",
    "task_description": "Position where wardrobe occupies 20% of vertical FOV",
    "target_object": {
      "label": "wardrobe",
      "id": "138",
      "bbox_min": [
        6.972603422412283,
        0.008943019213190382,
        -3.9340284274658187e-10
      ],
      "bbox_max": [
        8.222604077587718,
        0.6069431608826813,
        2.3900000003934028
      ],
      "center": [
        7.597603750000001,
        0.30794309004793585,
        1.195
      ]
    }
  },
  {
    "scene_id": "0325_840494",
    "object_label": "wardrobe",
    "preset": "occupancy_30",
    "distance": 4.977533226896689,
    "init_camera": {
      "intrinsics": [
        [
          320.0,
          0.0,
          320.0
        ],
        [
          0.0,
          320.0,
          240.0
        ],
        [
          0.0,
          0.0,
          1.0
        ]
      ],
      "extrinsics": [
        [
          -0.6427876096865396,
          -0.19319305853991312,
          0.7412830302694502,
          6.407180145160225
        ],
        [
          -0.7660444431189779,
          0.16210822416685186,
          -0.6220103172970725,
          1.3068270978137209
        ],
        [
          0.0,
          -0.9676762711720607,
          -0.25219562686640024,
          1.6
        ],
        [
          0.0,
          0.0,
          0.0,
          1.0
        ]
      ]
    },
    "target_region": {
      "type": "circle",
      "params": {
        "center": [
          7.597603750000001,
          0.3079430900479358
        ],
        "radius": 4.977533226896689,
        "object_center": [
          7.597603750000001,
          0.3079430900479358,
          1.195
        ],
        "object_height": 2.3900000007868054,
        "occupancy_ratio": 0.3,
        "fov_vertical": 90.0,
        "sample_distance": 4.977533226896689,
        "min_distance": 2.3900000007868054
      },
      "sample_point": [
        2.63019577174006,
        -0.009381668488259165,
        1.5
      ],
      "sample_forward": [
        0.9960975550067622,
        0.06363206273863145,
        -0.061160620510072435
      ],
      "height": 1.5
    },
    "sample_target": [
      2.63019577174006,
      -0.009381668488259165,
      1.5
    ],
    "camera_params": {
      "forward": [
        0.9960975550067622,
        0.06363206273863145,
        -0.061160620510072435
      ]
    },
    "task_type": "screen_occupancy",
    "task_description": "Position where wardrobe occupies 30% of vertical FOV",
    "target_object": {
      "label": "wardrobe",
      "id": "138",
      "bbox_min": [
        6.972603422412283,
        0.008943019213190382,
        -3.9340284274658187e-10
      ],
      "bbox_max": [
        8.222604077587718,
        0.6069431608826813,
        2.3900000003934028
      ],
      "center": [
        7.597603750000001,
        0.30794309004793585,
        1.195
      ]
    }
  },
  {
    "scene_id": "0325_840494",
    "object_label": "wardrobe",
    "preset": "occupancy_50",
    "distance": 2.884985207985607,
    "init_camera": {
      "intrinsics": [
        [
          320.0,
          0.0,
          320.0
        ],
        [
          0.0,
          320.0,
          240.0
        ],
        [
          0.0,
          0.0,
          1.0
        ]
      ],
      "extrinsics": [
        [
          -0.6427876096865396,
          -0.19319305853991312,
          0.7412830302694502,
          6.407180145160225
        ],
        [
          -0.7660444431189779,
          0.16210822416685186,
          -0.6220103172970725,
          1.3068270978137209
        ],
        [
          0.0,
          -0.9676762711720607,
          -0.25219562686640024,
          1.6
        ],
        [
          0.0,
          0.0,
          0.0,
          1.0
        ]
      ]
    },
    "target_region": {
      "type": "circle",
      "params": {
        "center": [
          7.597603750000001,
          0.3079430900479358
        ],
        "radius": 2.884985207985607,
        "object_center": [
          7.597603750000001,
          0.3079430900479358,
          1.195
        ],
        "object_height": 2.3900000007868054,
        "occupancy_ratio": 0.5,
        "fov_vertical": 90.0,
        "sample_distance": 2.884985207985607,
        "min_distance": 2.3900000007868054
      },
      "sample_point": [
        8.547116509086313,
        -2.4163118852853303,
        1.5
      ],
      "sample_forward": [
        -0.3272982576106734,
        0.939054160337759,
        -0.1051338885296443
      ],
      "height": 1.5
    },
    "sample_target": [
      8.547116509086313,
      -2.4163118852853303,
      1.5
    ],
    "camera_params": {
      "forward": [
        -0.3272982576106734,
        0.939054160337759,
        -0.1051338885296443
      ]
    },
    "task_type": "screen_occupancy",
    "task_description": "Position where wardrobe occupies 50% of vertical FOV",
    "target_object": {
      "label": "wardrobe",
      "id": "138",
      "bbox_min": [
        6.972603422412283,
        0.008943019213190382,
        -3.9340284274658187e-10
      ],
      "bbox_max": [
        8.222604077587718,
        0.6069431608826813,
        2.3900000003934028
      ],
      "center": [
        7.597603750000001,
        0.30794309004793585,
        1.195
      ]
    }
  },
  {
    "scene_id": "0325_840494",
    "object_label": "wardrobe",
    "preset": "right",
    "distance": 2.3900000007868054,
    "init_camera": {
      "intrinsics": [
        [
          320.0,
          0.0,
          320.0
        ],
        [
          0.0,
          320.0,
          240.0
        ],
        [
          0.0,
          0.0,
          1.0
        ]
      ],
      "extrinsics": [
        [
          -0.49999999999999994,
          -0.21840781958964398,
          0.8380322334744037,
          6.25181096693588
        ],
        [
          -0.8660254037844386,
          0.12609781343320015,
          -0.4838381355860302,
          1.0849369156234618
        ],
        [
          0.0,
          -0.9676762711720607,
          -0.2521956268664003,
          1.6
        ],
        [
          0.0,
          0.0,
          0.0,
          1.0
        ]
      ]
    },
    "target_region": {
      "type": "circle",
      "params": {
        "center": [
          7.597603750000001,
          0.3079430900479358
        ],
        "radius": 2.3900000007868054,
        "object_center": [
          7.597603750000001,
          0.3079430900479358,
          1.195
        ],
        "sample_distance": 2.3900000007868054,
        "min_distance": 2.3900000007868054,
        "requested_distance": 0.8
      },
      "sample_point": [
        7.59159336088569,
        2.697935533338003,
        1.5
      ],
      "sample_forward": [
        0.0024945763534396695,
        -0.9919521882093773,
        -0.12658844100250607
      ],
      "height": 1.5
    },
    "sample_target": [
      7.59159336088569,
      2.697935533338003,
      1.5
    ],
    "camera_params": {
      "forward": [
        0.0024945763534396695,
        -0.9919521882093773,
        -0.12658844100250607
      ]
    },
    "task_type": "absolute_positioning",
    "task_description": "Move to any position 2.4m from wardrobe",
    "target_object": {
      "label": "wardrobe",
      "id": "138",
      "bbox_min": [
        6.972603422412283,
        0.008943019213190382,
        -3.9340284274658187e-10
      ],
      "bbox_max": [
        8.222604077587718,
        0.6069431608826813,
        2.3900000003934028
      ],
      "center": [
        7.597603750000001,
        0.30794309004793585,
        1.195
      ]
    }
  },
  {
    "scene_id": "0325_840494",
    "object_label": "wardrobe",
    "preset": "back",
    "distance": 2.3900000007868054,
    "init_camera": {
      "intrinsics": [
        [
          320.0,
          0.0,
          320.0
        ],
        [
          0.0,
          320.0,
          240.0
        ],
        [
          0.0,
          0.0,
          1.0
        ]
      ],
      "extrinsics": [
        [
          -0.49999999999999994,
          -0.21840781958964398,
          0.8380322334744037,
          6.25181096693588
        ],
        [
          -0.8660254037844386,
          0.12609781343320015,
          -0.4838381355860302,
          1.0849369156234618
        ],
        [
          0.0,
          -0.9676762711720607,
          -0.2521956268664003,
          1.6
        ],
        [
          0.0,
          0.0,
          0.0,
          1.0
        ]
      ]
    },
    "target_region": {
      "type": "circle",
      "params": {
        "center": [
          7.597603750000001,
          0.3079430900479358
        ],
        "radius": 2.3900000007868054,
        "object_center": [
          7.597603750000001,
          0.3079430900479358,
          1.195
        ],
        "sample_distance": 2.3900000007868054,
        "min_distance": 2.3900000007868054,
        "requested_distance": 1.0
      },
      "sample_point": [
        5.2687175002274715,
        -0.2290753820564912,
        1.5
      ],
      "sample_forward": [
        0.9665904250192706,
        0.22288633171556466,
        -0.12658844100250607
      ],
      "height": 1.5
    },
    "sample_target": [
      5.2687175002274715,
      -0.2290753820564912,
      1.5
    ],
    "camera_params": {
      "forward": [
        0.9665904250192706,
        0.22288633171556466,
        -0.12658844100250607
      ]
    },
    "task_type": "absolute_positioning",
    "task_description": "Move to any position 2.4m from wardrobe",
    "target_object": {
      "label": "wardrobe",
      "id": "138",
      "bbox_min": [
        6.972603422412283,
        0.008943019213190382,
        -3.9340284274658187e-10
      ],
      "bbox_max": [
        8.222604077587718,
        0.6069431608826813,
        2.3900000003934028
      ],
      "center": [
        7.597603750000001,
        0.30794309004793585,
        1.195
      ]
    }
  },
  {
    "scene_id": "0325_840494",
    "object_label": "wardrobe",
    "preset": "left",
    "distance": 2.3900000007868054,
    "init_camera": {
      "intrinsics": [
        [
          320.0,
          0.0,
          320.0
        ],
        [
          0.0,
          320.0,
          240.0
        ],
        [
          0.0,
          0.0,
          1.0
        ]
      ],
      "extrinsics": [
        [
          -0.49999999999999994,
          -0.21840781958964398,
          0.8380322334744037,
          6.25181096693588
        ],
        [
          -0.8660254037844386,
          0.12609781343320015,
          -0.4838381355860302,
          1.0849369156234618
        ],
        [
          0.0,
          -0.9676762711720607,
          -0.2521956268664003,
          1.6
        ],
        [
          0.0,
          0.0,
          0.0,
          1.0
        ]
      ]
    },
    "target_region": {
      "type": "circle",
      "params": {
        "center": [
          7.597603750000001,
          0.3079430900479358
        ],
        "radius": 2.3900000007868054,
        "object_center": [
          7.597603750000001,
          0.3079430900479358,
          1.195
        ],
        "sample_distance": 2.3900000007868054,
        "min_distance": 2.3900000007868054,
        "requested_distance": 1.2
      },
      "sample_point": [
        6.864722625186965,
        -1.9669163035528443,
        1.5
      ],
      "sample_forward": [
        0.3041779640335913,
        0.9441668988059974,
        -0.1265884410025061
      ],
      "height": 1.5
    },
    "sample_target": [
      6.864722625186965,
      -1.9669163035528443,
      1.5
    ],
    "camera_params": {
      "forward": [
        0.3041779640335913,
        0.9441668988059974,
        -0.1265884410025061
      ]
    },
    "task_type": "absolute_positioning",
    "task_description": "Move to any position 2.4m from wardrobe",
    "target_object": {
      "label": "wardrobe",
      "id": "138",
      "bbox_min": [
        6.972603422412283,
        0.008943019213190382,
        -3.9340284274658187e-10
      ],
      "bbox_max": [
        8.222604077587718,
        0.6069431608826813,
        2.3900000003934028
      ],
      "center": [
        7.597603750000001,
        0.30794309004793585,
        1.195
      ]
    }
  },
  {
    "scene_id": "0325_840494",
    "object_label": "wardrobe",
    "preset": "left",
    "distance": 2.3900000007868054,
    "init_camera": {
      "intrinsics": [
        [
          320.0,
          0.0,
          320.0
        ],
        [
          0.0,
          320.0,
          240.0
        ],
        [
          0.0,
          0.0,
          1.0
        ]
      ],
      "extrinsics": [
        [
          -0.49999999999999994,
          -0.21840781958964398,
          0.8380322334744037,
          6.25181096693588
        ],
        [
          -0.8660254037844386,
          0.12609781343320015,
          -0.4838381355860302,
          1.0849369156234618
        ],
        [
          0.0,
          -0.9676762711720607,
          -0.2521956268664003,
          1.6
        ],
        [
          0.0,
          0.0,
          0.0,
          1.0
        ]
      ]
    },
    "target_region": {
      "type": "circle",
      "params": {
        "center": [
          7.597603750000001,
          0.3079430900479358
        ],
        "radius": 2.3900000007868054,
        "object_center": [
          7.597603750000001,
          0.3079430900479358,
          1.195
        ],
        "sample_distance": 2.3900000007868054,
        "min_distance": 2.3900000007868054,
        "requested_distance": 1.5
      },
      "sample_point": [
        6.2402041941504125,
        -1.6591782711141736,
        1.5
      ],
      "sample_forward": [
        0.5633806347294873,
        0.8164420536794726,
        -0.12658844100250607
      ],
      "height": 1.5
    },
    "sample_target": [
      6.2402041941504125,
      -1.6591782711141736,
      1.5
    ],
    "camera_params": {
      "forward": [
        0.5633806347294873,
        0.8164420536794726,
        -0.12658844100250607
      ]
    },
    "task_type": "absolute_positioning",
    "task_description": "Move to any position 2.4m from wardrobe",
    "target_object": {
      "label": "wardrobe",
      "id": "138",
      "bbox_min": [
        6.972603422412283,
        0.008943019213190382,
        -3.9340284274658187e-10
      ],
      "bbox_max": [
        8.222604077587718,
        0.6069431608826813,
        2.3900000003934028
      ],
      "center": [
        7.597603750000001,
        0.30794309004793585,
        1.195
      ]
    }
  },
  {
    "scene_id": "0325_840494",
    "object_label": "wardrobe",
    "preset": "occupancy_20",
    "distance": 7.544933062520524,
    "init_camera": {
      "intrinsics": [
        [
          320.0,
          0.0,
          320.0
        ],
        [
          0.0,
          320.0,
          240.0
        ],
        [
          0.0,
          0.0,
          1.0
        ]
      ],
      "extrinsics": [
        [
          -0.49999999999999994,
          -0.21840781958964398,
          0.8380322334744037,
          6.25181096693588
        ],
        [
          -0.8660254037844386,
          0.12609781343320015,
          -0.4838381355860302,
          1.0849369156234618
        ],
        [
          0.0,
          -0.9676762711720607,
          -0.2521956268664003,
          1.6
        ],
        [
          0.0,
          0.0,
          0.0,
          1.0
        ]
      ]
    },
    "target_region": {
      "type": "circle",
      "params": {
        "center": [
          7.597603750000001,
          0.3079430900479358
        ],
        "radius": 7.544933062520524,
        "object_center": [
          7.597603750000001,
          0.3079430900479358,
          1.195
        ],
        "object_height": 2.3900000007868054,
        "occupancy_ratio": 0.2,
        "fov_vertical": 90.0,
        "sample_distance": 7.544933062520524,
        "min_distance": 2.3900000007868054
      },
      "sample_point": [
        15.06603445462428,
        -0.7637647657320925,
        1.5
      ],
      "sample_forward": [
        -0.9890526378394529,
        0.14192747093391236,
        -0.04039149139514028
      ],
      "height": 1.5
    },
    "sample_target": [
      15.06603445462428,
      -0.7637647657320925,
      1.5
    ],
    "camera_params": {
      "forward": [
        -0.9890526378394529,
        0.14192747093391236,
        -0.04039149139514028
      ]
    },
    "task_type": "screen_occupancy",
    "task_description": "Position where wardrobe occupies 20% of vertical FOV",
    "target_object": {
      "label": "wardrobe",
      "id": "138",
      "bbox_min": [
        6.972603422412283,
        0.008943019213190382,
        -3.9340284274658187e-10
      ],
      "bbox_max": [
        8.222604077587718,
        0.6069431608826813,
        2.3900000003934028
      ],
      "center": [
        7.597603750000001,
        0.30794309004793585,
        1.195
      ]
    }
  },
  {
    "scene_id": "0325_840494",
    "object_label": "wardrobe",
    "preset": "occupancy_30",
    "distance": 4.977533226896689,
    "init_camera": {
      "intrinsics": [
        [
          320.0,
          0.0,
          320.0
        ],
        [
          0.0,
          320.0,
          240.0
        ],
        [
          0.0,
          0.0,
          1.0
        ]
      ],
      "extrinsics": [
        [
          -0.49999999999999994,
          -0.21840781958964398,
          0.8380322334744037,
          6.25181096693588
        ],
        [
          -0.8660254037844386,
          0.12609781343320015,
          -0.4838381355860302,
          1.0849369156234618
        ],
        [
          0.0,
          -0.9676762711720607,
          -0.2521956268664003,
          1.6
        ],
        [
          0.0,
          0.0,
          0.0,
          1.0
        ]
      ]
    },
    "target_region": {
      "type": "circle",
      "params": {
        "center": [
          7.597603750000001,
          0.3079430900479358
        ],
        "radius": 4.977533226896689,
        "object_center": [
          7.597603750000001,
          0.3079430900479358,
          1.195
        ],
        "object_height": 2.3900000007868054,
        "occupancy_ratio": 0.3,
        "fov_vertical": 90.0,
        "sample_distance": 4.977533226896689,
        "min_distance": 2.3900000007868054
      },
      "sample_point": [
        4.482002881519405,
        4.189807107911458,
        1.5
      ],
      "sample_forward": [
        0.6247609258294882,
        -0.7784170887483802,
        -0.061160620510072435
      ],
      "height": 1.5
    },
    "sample_target": [
      4.482002881519405,
      4.189807107911458,
      1.5
    ],
    "camera_params": {
      "forward": [
        0.6247609258294882,
        -0.7784170887483802,
        -0.061160620510072435
      ]
    },
    "task_type": "screen_occupancy",
    "task_description": "Position where wardrobe occupies 30% of vertical FOV",
    "target_object": {
      "label": "wardrobe",
      "id": "138",
      "bbox_min": [
        6.972603422412283,
        0.008943019213190382,
        -3.9340284274658187e-10
      ],
      "bbox_max": [
        8.222604077587718,
        0.6069431608826813,
        2.3900000003934028
      ],
      "center": [
        7.597603750000001,
        0.30794309004793585,
        1.195
      ]
    }
  },
  {
    "scene_id": "0325_840494",
    "object_label": "wardrobe",
    "preset": "occupancy_50",
    "distance": 2.884985207985607,
    "init_camera": {
      "intrinsics": [
        [
          320.0,
          0.0,
          320.0
        ],
        [
          0.0,
          320.0,
          240.0
        ],
        [
          0.0,
          0.0,
          1.0
        ]
      ],
      "extrinsics": [
        [
          -0.49999999999999994,
          -0.21840781958964398,
          0.8380322334744037,
          6.25181096693588
        ],
        [
          -0.8660254037844386,
          0.12609781343320015,
          -0.4838381355860302,
          1.0849369156234618
        ],
        [
          0.0,
          -0.9676762711720607,
          -0.2521956268664003,
          1.6
        ],
        [
          0.0,
          0.0,
          0.0,
          1.0
        ]
      ]
    },
    "target_region": {
      "type": "circle",
      "params": {
        "center": [
          7.597603750000001,
          0.3079430900479358
        ],
        "radius": 2.884985207985607,
        "object_center": [
          7.597603750000001,
          0.3079430900479358,
          1.195
        ],
        "object_height": 2.3900000007868054,
        "occupancy_ratio": 0.5,
        "fov_vertical": 90.0,
        "sample_distance": 2.884985207985607,
        "min_distance": 2.3900000007868054
      },
      "sample_point": [
        9.275021554772303,
        -2.039269971974476,
        1.5
      ],
      "sample_forward": [
        -0.5782080541133505,
        0.8090873325179978,
        -0.1051338885296443
      ],
      "height": 1.5
    },
    "sample_target": [
      9.275021554772303,
      -2.039269971974476,
      1.5
    ],
    "camera_params": {
      "forward": [
        -0.5782080541133505,
        0.8090873325179978,
        -0.1051338885296443
      ]
    },
    "task_type": "screen_occupancy",
    "task_description": "Position where wardrobe occupies 50% of vertical FOV",
    "target_object": {
      "label": "wardrobe",
      "id": "138",
      "bbox_min": [
        6.972603422412283,
        0.008943019213190382,
        -3.9340284274658187e-10
      ],
      "bbox_max": [
        8.222604077587718,
        0.6069431608826813,
        2.3900000003934028
      ],
      "center": [
        7.597603750000001,
        0.30794309004793585,
        1.195
      ]
    }
  },
  {
    "scene_id": "0325_840494",
    "object_label": "wardrobe",
    "preset": "occupancy_20",
    "distance": 7.544933062520524,
    "init_camera": {
      "intrinsics": [
        [
          320.0,
          0.0,
          320.0
        ],
        [
          0.0,
          320.0,
          240.0
        ],
        [
          0.0,
          0.0,
          1.0
        ]
      ],
      "extrinsics": [
        [
          -0.984807753012208,
          0.03544276406158686,
          -0.16999264714310583,
          7.934912654674118
        ],
        [
          0.17364817766693033,
          0.20100590345947753,
          -0.9640762092113845,
          2.2209169487214195
        ],
        [
          0.0,
          -0.9789486387191689,
          -0.20410674351889035,
          1.6
        ],
        [
          0.0,
          0.0,
          0.0,
          1.0
        ]
      ]
    },
    "target_region": {
      "type": "circle",
      "params": {
        "center": [
          7.597603750000001,
          0.3079430900479358
        ],
        "radius": 7.544933062520524,
        "object_center": [
          7.597603750000001,
          0.3079430900479358,
          1.195
        ],
        "object_height": 2.3900000007868054,
        "occupancy_ratio": 0.2,
        "fov_vertical": 90.0,
        "sample_distance": 7.544933062520524,
        "min_distance": 2.3900000007868054
      },
      "sample_point": [
        3.528943323536417,
        -6.045954709889084,
        1.5
      ],
      "sample_forward": [
        0.5388172544434481,
        0.8414537977434654,
        -0.04039149139514028
      ],
      "height": 1.5
    },
    "sample_target": [
      3.528943323536417,
      -6.045954709889084,
      1.5
    ],
    "camera_params": {
      "forward": [
        0.5388172544434481,
        0.8414537977434654,
        -0.04039149139514028
      ]
    },
    "task_type": "screen_occupancy",
    "task_description": "Position where wardrobe occupies 20% of vertical FOV",
    "target_object": {
      "label": "wardrobe",
      "id": "138",
      "bbox_min": [
        6.972603422412283,
        0.008943019213190382,
        -3.9340284274658187e-10
      ],
      "bbox_max": [
        8.222604077587718,
        0.6069431608826813,
        2.3900000003934028
      ],
      "center": [
        7.597603750000001,
        0.30794309004793585,
        1.195
      ]
    }
  },
  {
    "scene_id": "0325_840494",
    "object_label": "wardrobe",
    "preset": "occupancy_30",
    "distance": 4.977533226896689,
    "init_camera": {
      "intrinsics": [
        [
          320.0,
          0.0,
          320.0
        ],
        [
          0.0,
          320.0,
          240.0
        ],
        [
          0.0,
          0.0,
          1.0
        ]
      ],
      "extrinsics": [
        [
          -0.984807753012208,
          0.03544276406158686,
          -0.16999264714310583,
          7.934912654674118
        ],
        [
          0.17364817766693033,
          0.20100590345947753,
          -0.9640762092113845,
          2.2209169487214195
        ],
        [
          0.0,
          -0.9789486387191689,
          -0.20410674351889035,
          1.6
        ],
        [
          0.0,
          0.0,
          0.0,
          1.0
        ]
      ]
    },
    "target_region": {
      "type": "circle",
      "params": {
        "center": [
          7.597603750000001,
          0.3079430900479358
        ],
        "radius": 4.977533226896689,
        "object_center": [
          7.597603750000001,
          0.3079430900479358,
          1.195
        ],
        "object_height": 2.3900000007868054,
        "occupancy_ratio": 0.3,
        "fov_vertical": 90.0,
        "sample_distance": 4.977533226896689,
        "min_distance": 2.3900000007868054
      },
      "sample_point": [
        2.774745347709187,
        -0.923265201149563,
        1.5
      ],
      "sample_forward": [
        0.9671115164469601,
        0.24689004284191807,
        -0.06116062051007245
      ],
      "height": 1.5
    },
    "sample_target": [
      2.774745347709187,
      -0.923265201149563,
      1.5
    ],
    "camera_params": {
      "forward": [
        0.9671115164469601,
        0.24689004284191807,
        -0.06116062051007245
      ]
    },
    "task_type": "screen_occupancy",
    "task_description": "Position where wardrobe occupies 30% of vertical FOV",
    "target_object": {
      "label": "wardrobe",
      "id": "138",
      "bbox_min": [
        6.972603422412283,
        0.008943019213190382,
        -3.9340284274658187e-10
      ],
      "bbox_max": [
        8.222604077587718,
        0.6069431608826813,
        2.3900000003934028
      ],
      "center": [
        7.597603750000001,
        0.30794309004793585,
        1.195
      ]
    }
  },
  {
    "scene_id": "0325_840494",
    "object_label": "wardrobe",
    "preset": "occupancy_50",
    "distance": 2.884985207985607,
    "init_camera": {
      "intrinsics": [
        [
          320.0,
          0.0,
          320.0
        ],
        [
          0.0,
          320.0,
          240.0
        ],
        [
          0.0,
          0.0,
          1.0
        ]
      ],
      "extrinsics": [
        [
          -0.984807753012208,
          0.03544276406158686,
          -0.16999264714310583,
          7.934912654674118
        ],
        [
          0.17364817766693033,
          0.20100590345947753,
          -0.9640762092113845,
          2.2209169487214195
        ],
        [
          0.0,
          -0.9789486387191689,
          -0.20410674351889035,
          1.6
        ],
        [
          0.0,
          0.0,
          0.0,
          1.0
        ]
      ]
    },
    "target_region": {
      "type": "circle",
      "params": {
        "center": [
          7.597603750000001,
          0.3079430900479358
        ],
        "radius": 2.884985207985607,
        "object_center": [
          7.597603750000001,
          0.3079430900479358,
          1.195
        ],
        "object_height": 2.3900000007868054,
        "occupancy_ratio": 0.5,
        "fov_vertical": 90.0,
        "sample_distance": 2.884985207985607,
        "min_distance": 2.3900000007868054
      },
      "sample_point": [
        10.447946938307803,
        0.7536822056335806,
        1.5
      ],
      "sample_forward": [
        -0.9825169279697814,
        -0.15364684095502756,
        -0.10513388852964427
      ],
      "height": 1.5
    },
    "sample_target": [
      10.447946938307803,
      0.7536822056335806,
      1.5
    ],
    "camera_params": {
      "forward": [
        -0.9825169279697814,
        -0.15364684095502756,
        -0.10513388852964427
      ]
    },
    "task_type": "screen_occupancy",
    "task_description": "Position where wardrobe occupies 50% of vertical FOV",
    "target_object": {
      "label": "wardrobe",
