[
  {
    "scene_id": "0303_840566",
    "object_label": "window combination",
    "preset": "occupancy_20",
    "distance": 6.205376108655538,
    "init_camera": {
      "intrinsics": [
        [
          320.0,
          0.0,
          320.0
        ],
        [
          0.0,
          320.0,
          240.0
        ],
        [
          0.0,
          0.0,
          1.0
        ]
      ],
      "extrinsics": [
        [
          -0.984807753012208,
          -0.014648684357201522,
          0.17302920462641228,
          -3.560623936089459
        ],
        [
          -0.17364817766693025,
          0.08307681727631537,
          -0.981297382460685,
          -3.7948361729123556
        ],
        [
          0.0,
          -0.9964354763244034,
          -0.08435841109314003,
          1.6
        ],
        [
          0.0,
          0.0,
          0.0,
          1.0
        ]
      ]
    },
    "target_region": {
      "type": "circle",
      "params": {
        "center": [
          -3.2177485,
          -5.7393794
        ],
        "radius": 6.205376108655538,
        "object_center": [
          -3.2177485,
          -5.7393794,
          1.4328349999999999
        ],
        "object_height": 1.9656700439453123,
        "occupancy_ratio": 0.2,
        "fov_vertical": 90.0,
        "sample_distance": 6.205376108655538,
        "min_distance": 1.9656700439453123
      },
      "sample_point": [
        -6.770746321913489,
        -0.6518555300460758,
        1.5
      ],
      "sample_forward": [
        0.5725341474126162,
        -0.8198094362345282,
        -0.010823045196875093
      ],
      "height": 1.5
    },
    "sample_target": [
      -6.770746321913489,
      -0.6518555300460758,
      1.5
    ],
    "camera_params": {
      "forward": [
        0.5725341474126162,
        -0.8198094362345282,
        -0.010823045196875093
      ]
    },
    "task_type": "screen_occupancy",
    "task_description": "Position where window combination occupies 20% of vertical FOV",
    "target_object": {
      "label": "window combination",
      "id": "97",
      "bbox_min": [
        -3.9541713268017844,
        -6.42001447414575,
        0.4499999780273438
      ],
      "bbox_max": [
        -2.481325673198216,
        -5.05874432585425,
        2.415670021972656
      ],
      "center": [
        -3.2177485,
        -5.739379400000001,
        1.4328349999999999
      ]
    }
  },
  {
    "scene_id": "0303_840566",
    "object_label": "window combination",
    "preset": "occupancy_30",
    "distance": 4.093802491059515,
    "init_camera": {
      "intrinsics": [
        [
          320.0,
          0.0,
          320.0
        ],
        [
          0.0,
          320.0,
          240.0
        ],
        [
          0.0,
          0.0,
          1.0
        ]
      ],
      "extrinsics": [
        [
          -0.984807753012208,
          -0.014648684357201522,
          0.17302920462641228,
          -3.560623936089459
        ],
        [
          -0.17364817766693025,
          0.08307681727631537,
          -0.981297382460685,
          -3.7948361729123556
        ],
        [
          0.0,
          -0.9964354763244034,
          -0.08435841109314003,
          1.6
        ],
        [
          0.0,
          0.0,
          0.0,
          1.0
        ]
      ]
    },
    "target_region": {
      "type": "circle",
      "params": {
        "center": [
          -3.2177485,
          -5.7393794
        ],
        "radius": 4.093802491059515,
        "object_center": [
          -3.2177485,
          -5.7393794,
          1.4328349999999999
        ],
        "object_height": 1.9656700439453123,
        "occupancy_ratio": 0.3,
        "fov_vertical": 90.0,
        "sample_distance": 4.093802491059515,
        "min_distance": 1.9656700439453123
      },
      "sample_point": [
        -2.5294264371487545,
        -1.703858172996319,
        1.5
      ],
      "sample_forward": [
        -0.16811496012086227,
        -0.985630893966033,
        -0.016404299536390065
      ],
      "height": 1.5
    },
    "sample_target": [
      -2.5294264371487545,
      -1.703858172996319,
      1.5
    ],
    "camera_params": {
      "forward": [
        -0.16811496012086227,
        -0.985630893966033,
        -0.016404299536390065
      ]
    },
    "task_type": "screen_occupancy",
    "task_description": "Position where window combination occupies 30% of vertical FOV",
    "target_object": {
      "label": "window combination",
      "id": "97",
      "bbox_min": [
        -3.9541713268017844,
        -6.42001447414575,
        0.4499999780273438
      ],
      "bbox_max": [
        -2.481325673198216,
        -5.05874432585425,
        2.415670021972656
      ],
      "center": [
        -3.2177485,
        -5.739379400000001,
        1.4328349999999999
      ]
    }
  },
  {
    "scene_id": "0303_840566",
    "object_label": "window combination",
    "preset": "occupancy_50",
    "distance": 2.3727736396216454,
    "init_camera": {
      "intrinsics": [
        [
          320.0,
          0.0,
          320.0
        ],
        [
          0.0,
          320.0,
          240.0
        ],
        [
          0.0,
          0.0,
          1.0
        ]
      ],
      "extrinsics": [
        [
          -0.984807753012208,
          -0.014648684357201522,
          0.17302920462641228,
          -3.560623936089459
        ],
        [
          -0.17364817766693025,
          0.08307681727631537,
          -0.981297382460685,
          -3.7948361729123556
        ],
        [
          0.0,
          -0.9964354763244034,
          -0.08435841109314003,
          1.6
        ],
        [
          0.0,
          0.0,
          0.0,
          1.0
        ]
      ]
    },
    "target_region": {
      "type": "circle",
      "params": {
        "center": [
          -3.2177485,
          -5.7393794
        ],
        "radius": 2.3727736396216454,
        "object_center": [
          -3.2177485,
          -5.7393794,
          1.4328349999999999
        ],
        "object_height": 1.9656700439453123,
        "occupancy_ratio": 0.5,
        "fov_vertical": 90.0,
        "sample_distance": 2.3727736396216454,
        "min_distance": 1.9656700439453123
      },
      "sample_point": [
        -0.8995447968883981,
        -5.233428477713058,
        1.5
      ],
      "sample_forward": [
        -0.9766104445480973,
        -0.21314647822835528,
        -0.028295201331975137
      ],
      "height": 1.5
    },
    "sample_target": [
      -0.8995447968883981,
      -5.233428477713058,
      1.5
    ],
    "camera_params": {
      "forward": [
        -0.9766104445480973,
        -0.21314647822835528,
        -0.028295201331975137
      ]
    },
    "task_type": "screen_occupancy",
    "task_description": "Position where window combination occupies 50% of vertical FOV",
    "target_object": {
      "label": "window combination",
      "id": "97",
      "bbox_min": [
        -3.9541713268017844,
        -6.42001447414575,
        0.4499999780273438
      ],
      "bbox_max": [
        -2.481325673198216,
        -5.05874432585425,
        2.415670021972656
      ],
      "center": [
        -3.2177485,
        -5.739379400000001,
        1.4328349999999999
      ]
    }
  },
  {
    "scene_id": "0303_840566",
    "object_label": "window combination",
    "preset": "occupancy_20",
    "distance": 6.205376108655538,
    "init_camera": {
      "intrinsics": [
        [
          320.0,
          0.0,
          320.0
        ],
        [
          0.0,
          320.0,
          240.0
        ],
        [
          0.0,
          0.0,
          1.0
        ]
      ],
      "extrinsics": [
        [
          -0.984807753012208,
          0.0182743164604328,
          -0.17268392792888912,
          -2.9434481511284325
        ],
        [
          0.17364817766693036,
          0.10363879870799318,
          -0.9793392210032836,
          -4.183744818329885
        ],
        [
          0.0,
          -0.9944471070701891,
          -0.10523759423196624,
          1.6
        ],
        [
          0.0,
          0.0,
          0.0,
          1.0
        ]
      ]
    },
    "target_region": {
      "type": "circle",
      "params": {
        "center": [
          -3.2177485,
          -5.7393794
        ],
        "radius": 6.205376108655538,
        "object_center": [
          -3.2177485,
          -5.7393794,
          1.4328349999999999
        ],
        "object_height": 1.9656700439453123,
        "occupancy_ratio": 0.2,
        "fov_vertical": 90.0,
        "sample_distance": 6.205376108655538,
        "min_distance": 1.9656700439453123
      },
      "sample_point": [
        -0.9722748673375201,
        0.045475033336288995,
        1.5
      ],
      "sample_forward": [
        -0.3618381986852865,
        -0.9321780836647328,
        -0.010823045196875093
      ],
      "height": 1.5
    },
    "sample_target": [
      -0.9722748673375201,
      0.045475033336288995,
      1.5
    ],
    "camera_params": {
      "forward": [
        -0.3618381986852865,
        -0.9321780836647328,
        -0.010823045196875093
      ]
    },
    "task_type": "screen_occupancy",
    "task_description": "Position where window combination occupies 20% of vertical FOV",
    "target_object": {
      "label": "window combination",
      "id": "97",
      "bbox_min": [
        -3.9541713268017844,
        -6.42001447414575,
        0.4499999780273438
      ],
      "bbox_max": [
        -2.481325673198216,
        -5.05874432585425,
        2.415670021972656
      ],
      "center": [
        -3.2177485,
        -5.739379400000001,
        1.4328349999999999
      ]
    }
  },
  {
    "scene_id": "0303_840566",
    "object_label": "window combination",
    "preset": "occupancy_50",
    "distance": 2.3727736396216454,
    "init_camera": {
      "intrinsics": [
        [
          320.0,
          0.0,
          320.0
        ],
        [
          0.0,
          320.0,
          240.0
        ],
        [
          0.0,
          0.0,
          1.0
        ]
      ],
      "extrinsics": [
        [
          -0.984807753012208,
          0.0182743164604328,
          -0.17268392792888912,
          -2.9434481511284325
        ],
        [
          0.17364817766693036,
          0.10363879870799318,
          -0.9793392210032836,
          -4.183744818329885
        ],
        [
          0.0,
          -0.9944471070701891,
          -0.10523759423196624,
          1.6
        ],
        [
          0.0,
          0.0,
          0.0,
          1.0
        ]
      ]
    },
    "target_region": {
      "type": "circle",
      "params": {
        "center": [
          -3.2177485,
          -5.7393794
        ],
        "radius": 2.3727736396216454,
        "object_center": [
          -3.2177485,
          -5.7393794,
          1.4328349999999999
        ],
        "object_height": 1.9656700439453123,
        "occupancy_ratio": 0.5,
        "fov_vertical": 90.0,
        "sample_distance": 2.3727736396216454,
        "min_distance": 1.9656700439453123
      },
      "sample_point": [
        -5.579685534825787,
        -5.9658925086752355,
        1.5
      ],
      "sample_forward": [
        0.9950343770392895,
        0.09542520679367743,
        -0.02829520133197514
      ],
      "height": 1.5
    },
    "sample_target": [
      -5.579685534825787,
      -5.9658925086752355,
      1.5
    ],
    "camera_params": {
      "forward": [
        0.9950343770392895,
        0.09542520679367743,
        -0.02829520133197514
      ]
    },
    "task_type": "screen_occupancy",
    "task_description": "Position where window combination occupies 50% of vertical FOV",
    "target_object": {
      "label": "window combination",
      "id": "97",
      "bbox_min": [
        -3.9541713268017844,
        -6.42001447414575,
        0.4499999780273438
      ],
      "bbox_max": [
        -2.481325673198216,
        -5.05874432585425,
        2.415670021972656
      ],
      "center": [
        -3.2177485,
        -5.739379400000001,
        1.4328349999999999
      ]
    }
  },
  {
    "scene_id": "0303_840566",
    "object_label": "window combination",
    "preset": "occupancy_20",
    "distance": 6.205376108655538,
    "init_camera": {
      "intrinsics": [
        [
          320.0,
          0.0,
          320.0
        ],
        [
          0.0,
          320.0,
          240.0
        ],
        [
          0.0,
          0.0,
          1.0
        ]
      ],
      "extrinsics": [
        [
          -0.9396926207859083,
          0.028852275852801458,
          -0.34080100442725364,
          -2.542415724443317
        ],
        [
          0.34202014332566893,
          0.07927097640544781,
          -0.9363430641913335,
          -3.8839178485403982
        ],
        [
          0.0,
          -0.9964354763244034,
          -0.08435841109314005,
          1.6
        ],
        [
          0.0,
          0.0,
          0.0,
          1.0
        ]
      ]
    },
    "target_region": {
      "type": "circle",
      "params": {
        "center": [
          -3.2177485,
          -5.7393794
        ],
        "radius": 6.205376108655538,
        "object_center": [
          -3.2177485,
          -5.7393794,
          1.4328349999999999
        ],
        "object_height": 1.9656700439453123,
        "occupancy_ratio": 0.2,
        "fov_vertical": 90.0,
        "sample_distance": 6.205376108655538,
        "min_distance": 1.9656700439453123
      },
      "sample_point": [
        -7.68343495521627,
        -1.4307442177675913,
        1.5
      ],
      "sample_forward": [
        0.7196058414334624,
        -0.6942984190299621,
        -0.01082304519687509
      ],
      "height": 1.5
    },
    "sample_target": [
      -7.68343495521627,
      -1.4307442177675913,
      1.5
    ],
    "camera_params": {
      "forward": [
        0.7196058414334624,
        -0.6942984190299621,
        -0.01082304519687509
      ]
    },
    "task_type": "screen_occupancy",
    "task_description": "Position where window combination occupies 20% of vertical FOV",
    "target_object": {
      "label": "window combination",
      "id": "97",
      "bbox_min": [
        -3.9541713268017844,
        -6.42001447414575,
        0.4499999780273438
      ],
      "bbox_max": [
        -2.481325673198216,
        -5.05874432585425,
        2.415670021972656
      ],
      "center": [
        -3.2177485,
        -5.739379400000001,
        1.4328349999999999
      ]
    }
  },
  {
    "scene_id": "0303_840566",
    "object_label": "window combination",
    "preset": "occupancy_30",
    "distance": 4.093802491059515,
    "init_camera": {
      "intrinsics": [
        [
          320.0,
          0.0,
          320.0
        ],
        [
          0.0,
          320.0,
          240.0
        ],
        [
          0.0,
          0.0,
          1.0
        ]
      ],
      "extrinsics": [
        [
          -0.9396926207859083,
          0.028852275852801458,
          -0.34080100442725364,
          -2.542415724443317
        ],
        [
          0.34202014332566893,
          0.07927097640544781,
          -0.9363430641913335,
          -3.8839178485403982
        ],
        [
          0.0,
          -0.9964354763244034,
          -0.08435841109314005,
          1.6
        ],
        [
          0.0,
          0.0,
          0.0,
          1.0
        ]
      ]
    },
    "target_region": {
      "type": "circle",
      "params": {
        "center": [
          -3.2177485,
          -5.7393794
        ],
        "radius": 4.093802491059515,
        "object_center": [
          -3.2177485,
          -5.7393794,
          1.4328349999999999
        ],
        "object_height": 1.9656700439453123,
        "occupancy_ratio": 0.3,
        "fov_vertical": 90.0,
        "sample_distance": 4.093802491059515,
        "min_distance": 1.9656700439453123
      },
      "sample_point": [
        -6.39237080933739,
        -8.32414090328467,
        1.5
      ],
      "sample_forward": [
        0.7753659685442833,
        0.6312990684137797,
        -0.016404299536390065
      ],
      "height": 1.5
    },
    "sample_target": [
      -6.39237080933739,
      -8.32414090328467,
      1.5
    ],
    "camera_params": {
      "forward": [
        0.7753659685442833,
        0.6312990684137797,
        -0.016404299536390065
      ]
    },
    "task_type": "screen_occupancy",
    "task_description": "Position where window combination occupies 30% of vertical FOV",
    "target_object": {
      "label": "window combination",
      "id": "97",
      "bbox_min": [
        -3.9541713268017844,
        -6.42001447414575,
        0.4499999780273438
      ],
      "bbox_max": [
        -2.481325673198216,
        -5.05874432585425,
        2.415670021972656
      ],
      "center": [
        -3.2177485,
        -5.739379400000001,
        1.4328349999999999
      ]
    }
  },
  {
    "scene_id": "0303_840566",
    "object_label": "window combination",
    "preset": "occupancy_50",
    "distance": 2.3727736396216454,
    "init_camera": {
      "intrinsics": [
        [
          320.0,
          0.0,
          320.0
        ],
        [
          0.0,
          320.0,
          240.0
        ],
        [
          0.0,
          0.0,
          1.0
        ]
      ],
      "extrinsics": [
        [
          -0.9396926207859083,
          0.028852275852801458,
          -0.34080100442725364,
          -2.542415724443317
        ],
        [
          0.34202014332566893,
          0.07927097640544781,
          -0.9363430641913335,
          -3.8839178485403982
        ],
        [
          0.0,
          -0.9964354763244034,
          -0.08435841109314005,
          1.6
        ],
        [
          0.0,
          0.0,
          0.0,
          1.0
        ]
      ]
    },
    "target_region": {
      "type": "circle",
      "params": {
        "center": [
          -3.2177485,
          -5.7393794
        ],
        "radius": 2.3727736396216454,
        "object_center": [
          -3.2177485,
          -5.7393794,
          1.4328349999999999
        ],
        "object_height": 1.9656700439453123,
        "occupancy_ratio": 0.5,
        "fov_vertical": 90.0,
        "sample_distance": 2.3727736396216454,
        "min_distance": 1.9656700439453123
      },
      "sample_point": [
        -5.487291657446584,
        -5.047116009829222,
        1.5
      ],
      "sample_forward": [
        0.956110780489206,
        -0.2916360008879294,
        -0.028295201331975137
      ],
      "height": 1.5
    },
    "sample_target": [
      -5.487291657446584,
      -5.047116009829222,
      1.5
    ],
    "camera_params": {
      "forward": [
        0.956110780489206,
        -0.2916360008879294,
        -0.028295201331975137
      ]
    },
    "task_type": "screen_occupancy",
    "task_description": "Position where window combination occupies 50% of vertical FOV",
    "target_object": {
      "label": "window combination",
      "id": "97",
      "bbox_min": [
        -3.9541713268017844,
        -6.42001447414575,
        0.4499999780273438
      ],
      "bbox_max": [
        -2.481325673198216,
        -5.05874432585425,
        2.415670021972656
      ],
      "center": [
        -3.2177485,
        -5.739379400000001,
        1.4328349999999999
      ]
    }
  },
  {
    "scene_id": "0303_840566",
    "object_label": "window combination",
    "preset": "occupancy_20",
    "distance": 6.205376108655538,
    "init_camera": {
      "intrinsics": [
        [
          320.0,
          0.0,
          320.0
        ],
        [
          0.0,
          320.0,
          240.0
        ],
        [
          0.0,
          0.0,
          1.0
        ]
      ],
      "extrinsics": [
        [
          -0.49999999999999967,
          -0.09113843003804148,
          0.8612164574427276,
          -4.585750592399447
        ],
        [
          -0.8660254037844389,
          0.05261879711598307,
          -0.4972235535350942,
          -4.9495630237012085
        ],
        [
          0.0,
          -0.994447107070189,
          -0.10523759423196621,
          1.6
        ],
        [
          0.0,
          0.0,
          0.0,
          1.0
        ]
      ]
    },
    "target_region": {
      "type": "circle",
      "params": {
        "center": [
          -3.2177485,
          -5.7393794
        ],
        "radius": 6.205376108655538,
        "object_center": [
          -3.2177485,
          -5.7393794,
          1.4328349999999999
        ],
        "object_height": 1.9656700439453123,
        "occupancy_ratio": 0.2,
        "fov_vertical": 90.0,
        "sample_distance": 6.205376108655538,
        "min_distance": 1.9656700439453123
      },
      "sample_point": [
        -1.6343884153424435,
        0.2605925576166497,
        1.5
      ],
      "sample_forward": [
        -0.2551444615376561,
        -0.9668423684548201,
        -0.010823045196875093
      ],
      "height": 1.5
    },
    "sample_target": [
      -1.6343884153424435,
      0.2605925576166497,
      1.5
    ],
    "camera_params": {
      "forward": [
        -0.2551444615376561,
        -0.9668423684548201,
        -0.010823045196875093
      ]
    },
    "task_type": "screen_occupancy",
    "task_description": "Position where window combination occupies 20% of vertical FOV",
    "target_object": {
      "label": "window combination",
      "id": "97",
      "bbox_min": [
        -3.9541713268017844,
        -6.42001447414575,
        0.4499999780273438
      ],
      "bbox_max": [
        -2.481325673198216,
        -5.05874432585425,
        2.415670021972656
      ],
      "center": [
        -3.2177485,
        -5.739379400000001,
        1.4328349999999999
      ]
    }
  },
  {
    "scene_id": "0303_840566",
    "object_label": "window combination",
    "preset": "occupancy_30",
    "distance": 4.093802491059515,
    "init_camera": {
      "intrinsics": [
        [
          320.0,
          0.0,
          320.0
        ],
        [
          0.0,
          320.0,
          240.0
        ],
        [
          0.0,
          0.0,
          1.0
        ]
      ],
      "extrinsics": [
        [
          -0.49999999999999967,
          -0.09113843003804148,
          0.8612164574427276,
          -4.585750592399447
        ],
        [
          -0.8660254037844389,
          0.05261879711598307,
          -0.4972235535350942,
          -4.9495630237012085
        ],
        [
          0.0,
          -0.994447107070189,
          -0.10523759423196621,
          1.6
        ],
        [
          0.0,
          0.0,
          0.0,
          1.0
        ]
      ]
    },
    "target_region": {
      "type": "circle",
      "params": {
        "center": [
          -3.2177485,
          -5.7393794
        ],
        "radius": 4.093802491059515,
        "object_center": [
          -3.2177485,
          -5.7393794,
          1.4328349999999999
        ],
        "object_height": 1.9656700439453123,
        "occupancy_ratio": 0.3,
        "fov_vertical": 90.0,
        "sample_distance": 4.093802491059515,
        "min_distance": 1.9656700439453123
      },
      "sample_point": [
        -0.6570387525391412,
        -8.933433943219955,
        1.5
      ],
      "sample_forward": [
        -0.625424696242114,
        0.7801120741836904,
        -0.016404299536390065
      ],
      "height": 1.5
    },
    "sample_target": [
      -0.6570387525391412,
      -8.933433943219955,
      1.5
    ],
    "camera_params": {
      "forward": [
        -0.625424696242114,
        0.7801120741836904,
        -0.016404299536390065
      ]
    },
    "task_type": "screen_occupancy",
    "task_description": "Position where window combination occupies 30% of vertical FOV",
    "target_object": {
      "label": "window combination",
      "id": "97",
      "bbox_min": [
        -3.9541713268017844,
        -6.42001447414575,
        0.4499999780273438
      ],
      "bbox_max": [
        -2.481325673198216,
        -5.05874432585425,
        2.415670021972656
      ],
      "center": [
        -3.2177485,
        -5.739379400000001,
        1.4328349999999999
      ]
    }
  },
  {
    "scene_id": "0303_840566",
    "object_label": "window combination",
    "preset": "occupancy_20",
    "distance": 6.205376108655538,
    "init_camera": {
      "intrinsics": [
        [
          320.0,
          0.0,
          320.0
        ],
        [
          0.0,
          320.0,
          240.0
        ],
        [
          0.0,
          0.0,
          1.0
        ]
      ],
      "extrinsics": [
        [
          -0.9396926207859084,
          -0.028852275852801434,
          0.3408010044272534,
          -3.8930812755566824
        ],
        [
          -0.34202014332566866,
          0.07927097640544782,
          -0.9363430641913337,
          -3.883917848540398
        ],
        [
          0.0,
          -0.9964354763244035,
          -0.08435841109314005,
          1.6
        ],
        [
          0.0,
          0.0,
          0.0,
          1.0
        ]
      ]
    },
    "target_region": {
      "type": "circle",
      "params": {
        "center": [
          -3.2177485,
          -5.7393794
        ],
        "radius": 6.205376108655538,
        "object_center": [
          -3.2177485,
          -5.7393794,
          1.4328349999999999
        ],
        "object_height": 1.9656700439453123,
        "occupancy_ratio": 0.2,
        "fov_vertical": 90.0,
        "sample_distance": 6.205376108655538,
        "min_distance": 1.9656700439453123
      },
      "sample_point": [
        2.032399062273207,
        -2.431412770145694,
        1.5
      ],
      "sample_forward": [
        -0.8460148046861666,
        -0.5330495398595646,
        -0.01082304519687509
      ],
      "height": 1.5
    },
    "sample_target": [
      2.032399062273207,
      -2.431412770145694,
      1.5
    ],
    "camera_params": {
      "forward": [
        -0.8460148046861666,
        -0.5330495398595646,
        -0.01082304519687509
      ]
    },
    "task_type": "screen_occupancy",
    "task_description": "Position where window combination occupies 20% of vertical FOV",
    "target_object": {
      "label": "window combination",
      "id": "97",
      "bbox_min": [
        -3.9541713268017844,
        -6.42001447414575,
        0.4499999780273438
      ],
      "bbox_max": [
        -2.481325673198216,
        -5.05874432585425,
        2.415670021972656
      ],
      "center": [
        -3.2177485,
        -5.739379400000001,
        1.4328349999999999
      ]
    }
  },
  {
    "scene_id": "0303_840566",
    "object_label": "window combination",
    "preset": "occupancy_50",
    "distance": 2.3727736396216454,
    "init_camera": {
      "intrinsics": [
        [
          320.0,
          0.0,
          320.0
        ],
        [
          0.0,
          320.0,
          240.0
        ],
        [
          0.0,
          0.0,
          1.0
        ]
      ],
      "extrinsics": [
        [
          -0.9396926207859084,
          -0.028852275852801434,
          0.3408010044272534,
          -3.8930812755566824
        ],
        [
          -0.34202014332566866,
          0.07927097640544782,
          -0.9363430641913337,
          -3.883917848540398
        ],
        [
          0.0,
          -0.9964354763244035,
          -0.08435841109314005,
          1.6
        ],
        [
          0.0,
          0.0,
          0.0,
          1.0
        ]
      ]
    },
    "target_region": {
      "type": "circle",
      "params": {
        "center": [
          -3.2177485,
          -5.7393794
        ],
        "radius": 2.3727736396216454,
        "object_center": [
          -3.2177485,
          -5.7393794,
          1.4328349999999999
        ],
        "object_height": 1.9656700439453123,
        "occupancy_ratio": 0.5,
        "fov_vertical": 90.0,
        "sample_distance": 2.3727736396216454,
        "min_distance": 1.9656700439453123
      },
      "sample_point": [
        -1.2098673258775832,
        -7.003684717353421,
        1.5
      ],
      "sample_forward": [
        -0.8458780923468517,
        0.5326252289079386,
        -0.02829520133197514
      ],
      "height": 1.5
    },
    "sample_target": [
      -1.2098673258775832,
      -7.003684717353421,
      1.5
    ],
    "camera_params": {
      "forward": [
        -0.8458780923468517,
        0.5326252289079386,
        -0.02829520133197514
      ]
    },
    "task_type": "screen_occupancy",
    "task_description": "Position where window combination occupies 50% of vertical FOV",
    "target_object": {
      "label": "window combination",
      "id": "97",
      "bbox_min": [
        -3.9541713268017844,
        -6.42001447414575,
        0.4499999780273438
      ],
      "bbox_max": [
        -2.481325673198216,
        -5.05874432585425,
        2.415670021972656
      ],
      "center": [
        -3.2177485,
        -5.739379400000001,
        1.4328349999999999
      ]
    }
  },
  {
    "scene_id": "0303_840566",
    "object_label": "shower head",
    "preset": "occupancy_20",
    "distance": 4.11931245406258,
    "init_camera": {
      "intrinsics": [
        [
          320.0,
          0.0,
          320.0
        ],
        [
          0.0,
          320.0,
          240.0
        ],
        [
          0.0,
          0.0,
          1.0
        ]
      ],
      "extrinsics": [
        [
          -1.0,
          -0.0,
          0.0,
          -4.4039155
        ],
        [
          0.0,
          -0.07333884128268843,
          -0.997307081274024,
          1.4999079685651253
        ],
        [
          0.0,
          -0.997307081274024,
          0.07333884128268843,
          1.6
        ],
        [
          0.0,
          0.0,
          0.0,
          1.0
        ]
      ]
    },
    "target_region": {
      "type": "circle",
      "params": {
        "center": [
          -4.4039155,
          0.49913788
        ],
        "radius": 4.11931245406258,
        "object_center": [
          -4.4039155,
          0.49913788,
          1.6735935000000002
        ],
        "object_height": 1.3048699951171876,
        "occupancy_ratio": 0.2,
        "fov_vertical": 90.0,
        "sample_distance": 4.11931245406258,
        "min_distance": 1.3048699951171876
      },
      "sample_point": [
        -8.445552994342204,
        1.2953171679259912,
        1.5
      ],
      "sample_forward": [
        0.9802736619258468,
        -0.19310826050512736,
        0.04210400763792906
      ],
      "height": 1.5
    },
    "sample_target": [
      -8.445552994342204,
      1.2953171679259912,
      1.5
    ],
    "camera_params": {
      "forward": [
        0.9802736619258468,
        -0.19310826050512736,
        0.04210400763792906
      ]
    },
    "task_type": "screen_occupancy",
    "task_description": "Position where shower head occupies 20% of vertical FOV",
    "target_object": {
      "label": "shower head",
      "id": "124",
      "bbox_min": [
        -4.526283534952284,
        0.24259785297802464,
        1.0211585024414063
      ],
      "bbox_max": [
        -4.2815474650477165,
        0.7556779070219753,
        2.326028497558594
      ],
      "center": [
        -4.4039155,
        0.49913788,
        1.6735935
      ]
    }
  },
  {
    "scene_id": "0303_840566",
    "object_label": "shower head",
    "preset": "occupancy_50",
    "distance": 1.5751174196728144,
    "init_camera": {
      "intrinsics": [
        [
          320.0,
          0.0,
          320.0
        ],
        [
          0.0,
          320.0,
          240.0
        ],
        [
          0.0,
          0.0,
          1.0
        ]
      ],
      "extrinsics": [
        [
          -1.0,
          -0.0,
          0.0,
          -4.4039155
        ],
        [
          0.0,
          -0.07333884128268843,
          -0.997307081274024,
          1.4999079685651253
        ],
        [
          0.0,
          -0.997307081274024,
          0.07333884128268843,
          1.6
        ],
        [
          0.0,
          0.0,
          0.0,
          1.0
        ]
      ]
    },
    "target_region": {
      "type": "circle",
      "params": {
        "center": [
          -4.4039155,
          0.49913788
        ],
        "radius": 1.5751174196728144,
        "object_center": [
          -4.4039155,
          0.49913788,
          1.6735935000000002
        ],
        "object_height": 1.3048699951171876,
        "occupancy_ratio": 0.5,
        "fov_vertical": 90.0,
        "sample_distance": 1.5751174196728144,
        "min_distance": 1.3048699951171876
      },
      "sample_point": [
        -5.11468321044641,
        -0.9064951259953464,
        1.5
      ],
      "sample_forward": [
        0.4485316845081267,
        0.8870281115940627,
        0.10954659846007762
      ],
      "height": 1.5
    },
    "sample_target": [
      -5.11468321044641,
      -0.9064951259953464,
      1.5
    ],
    "camera_params": {
      "forward": [
        0.4485316845081267,
        0.8870281115940627,
        0.10954659846007762
      ]
    },
    "task_type": "screen_occupancy",
    "task_description": "Position where shower head occupies 50% of vertical FOV",
    "target_object": {
      "label": "shower head",
      "id": "124",
      "bbox_min": [
        -4.526283534952284,
        0.24259785297802464,
        1.0211585024414063
      ],
      "bbox_max": [
        -4.2815474650477165,
        0.7556779070219753,
        2.326028497558594
      ],
      "center": [
        -4.4039155,
        0.49913788,
        1.6735935
      ]
    }
  },
  {
    "scene_id": "0303_840566",
    "object_label": "shower head",
    "preset": "occupancy_20",
    "distance": 4.11931245406258,
    "init_camera": {
      "intrinsics": [
        [
          320.0,
          0.0,
          320.0
        ],
        [
          0.0,
          320.0,
          240.0
        ],
        [
          0.0,
          0.0,
          1.0
        ]
      ],
      "extrinsics": [
        [
          -0.3420201433256687,
          -0.06891596797033127,
          -0.9371621049307326,
          -3.463499232672092
        ],
        [
          0.9396926207859084,
          -0.025083361006843566,
          -0.34109911087704603,
          0.8414214091270863
        ],
        [
          0.0,
          -0.997307081274024,
          0.07333884128268843,
          1.6
        ],
        [
          0.0,
          0.0,
          0.0,
          1.0
        ]
      ]
    },
    "target_region": {
      "type": "circle",
      "params": {
        "center": [
          -4.4039155,
          0.49913788
        ],
        "radius": 4.11931245406258,
        "object_center": [
          -4.4039155,
          0.49913788,
          1.6735935000000002
        ],
        "object_height": 1.3048699951171876,
        "occupancy_ratio": 0.2,
        "fov_vertical": 90.0,
        "sample_distance": 4.11931245406258,
        "min_distance": 1.3048699951171876
      },
      "sample_point": [
        -3.7399792228261797,
        -3.566317040921845,
        1.5
      ],
      "sample_forward": [
        -0.16103355301451197,
        0.9860504283982374,
        0.04210400763792905
      ],
      "height": 1.5
    },
    "sample_target": [
      -3.7399792228261797,
      -3.566317040921845,
      1.5
    ],
    "camera_params": {
      "forward": [
        -0.16103355301451197,
        0.9860504283982374,
        0.04210400763792905
      ]
    },
    "task_type": "screen_occupancy",
    "task_description": "Position where shower head occupies 20% of vertical FOV",
    "target_object": {
      "label": "shower head",
      "id": "124",
      "bbox_min": [
        -4.526283534952284,
        0.24259785297802464,
        1.0211585024414063
      ],
      "bbox_max": [
        -4.2815474650477165,
        0.7556779070219753,
        2.326028497558594
      ],
      "center": [
        -4.4039155,
        0.49913788,
        1.6735935
      ]
    }
  },
  {
    "scene_id": "0303_840566",
    "object_label": "shower head",
    "preset": "occupancy_30",
    "distance": 2.7175873453297528,
    "init_camera": {
      "intrinsics": [
        [
          320.0,
          0.0,
          320.0
        ],
        [
          0.0,
          320.0,
          240.0
        ],
        [
          0.0,
          0.0,
          1.0
        ]
      ],
      "extrinsics": [
        [
          -0.3420201433256687,
          -0.06891596797033127,
          -0.9371621049307326,
          -3.463499232672092
        ],
        [
          0.9396926207859084,
          -0.025083361006843566,
          -0.34109911087704603,
          0.8414214091270863
        ],
        [
          0.0,
          -0.997307081274024,
          0.07333884128268843,
          1.6
        ],
        [
          0.0,
          0.0,
          0.0,
          1.0
        ]
      ]
    },
    "target_region": {
      "type": "circle",
      "params": {
        "center": [
          -4.4039155,
          0.49913788
        ],
        "radius": 2.7175873453297528,
        "object_center": [
          -4.4039155,
          0.49913788,
          1.6735935000000002
        ],
        "object_height": 1.3048699951171876,
        "occupancy_ratio": 0.3,
        "fov_vertical": 90.0,
        "sample_distance": 2.7175873453297528,
        "min_distance": 1.3048699951171876
      },
      "sample_point": [
        -5.832290450650472,
        2.811069102993166,
        1.5
      ],
      "sample_forward": [
        0.5245350032650453,
        -0.8489989628066709,
        0.06374787449739618
      ],
      "height": 1.5
    },
    "sample_target": [
      -5.832290450650472,
      2.811069102993166,
      1.5
    ],
    "camera_params": {
      "forward": [
        0.5245350032650453,
        -0.8489989628066709,
        0.06374787449739618
      ]
    },
    "task_type": "screen_occupancy",
    "task_description": "Position where shower head occupies 30% of vertical FOV",
    "target_object": {
      "label": "shower head",
      "id": "124",
      "bbox_min": [
        -4.526283534952284,
        0.24259785297802464,
        1.0211585024414063
      ],
      "bbox_max": [
        -4.2815474650477165,
        0.7556779070219753,
        2.326028497558594
      ],
      "center": [
        -4.4039155,
        0.49913788,
        1.6735935
      ]
    }
  },
  {
    "scene_id": "0303_840566",
    "object_label": "shower head",
    "preset": "occupancy_30",
    "distance": 2.7175873453297528,
    "init_camera": {
      "intrinsics": [
        [
          320.0,
          0.0,
          320.0
        ],
        [
          0.0,
          320.0,
          240.0
        ],
        [
          0.0,
          0.0,
          1.0
        ]
      ],
      "extrinsics": [
        [
          -0.5,
          -0.06351329963492311,
          -0.8636932677574166,
          -3.5372231799549994
        ],
        [
          0.8660254037844386,
          -0.03666942064134422,
          -0.498653540637012,
          0.9995229242825625
        ],
        [
          0.0,
          -0.997307081274024,
          0.07333884128268844,
          1.6
        ],
        [
          0.0,
          0.0,
          0.0,
          1.0
        ]
      ]
    },
    "target_region": {
      "type": "circle",
      "params": {
        "center": [
          -4.4039155,
          0.49913788
        ],
        "radius": 2.7175873453297528,
        "object_center": [
          -4.4039155,
          0.49913788,
          1.6735935000000002
        ],
        "object_height": 1.3048699951171876,
        "occupancy_ratio": 0.3,
        "fov_vertical": 90.0,
        "sample_distance": 2.7175873453297528,
        "min_distance": 1.3048699951171876
      },
