[
  {
    "scene_id": "0308_840552",
    "object_label": "wardrobe",
    "preset": "occupancy_20",
    "distance": 7.892189394585728,
    "init_camera": {
      "intrinsics": [
        [
          320.0,
          0.0,
          320.0
        ],
        [
          0.0,
          320.0,
          240.0
        ],
        [
          0.0,
          0.0,
          1.0
        ]
      ],
      "extrinsics": [
        [
          -1.0,
          -0.0,
          0.0,
          -5.943448951332384
        ],
        [
          -0.0,
          0.1317153411426317,
          -0.9912875813343371,
          2.372544356570639
        ],
        [
          0.0,
          -0.9912875813343373,
          -0.13171534114263167,
          1.6
        ],
        [
          0.0,
          0.0,
          0.0,
          1.0
        ]
      ]
    },
    "target_region": {
      "type": "circle",
      "params": {
        "center": [
          -5.943448951332384,
          -0.26155012818873613
        ],
        "radius": 7.892189394585728,
        "object_center": [
          -5.943448951332384,
          -0.26155012818873613,
          1.2499999998032987
        ],
        "object_height": 2.5000000003934026,
        "occupancy_ratio": 0.2,
        "fov_vertical": 90.0,
        "sample_distance": 7.892189394585728,
        "min_distance": 2.5000000003934026
      },
      "sample_point": [
        -10.700436103924936,
        -6.558988231900501,
        1.5
      ],
      "sample_forward": [
        0.6024440201575264,
        0.7975329354895693,
        -0.03166100734070731
      ],
      "height": 1.5
    },
    "sample_target": [
      -10.700436103924936,
      -6.558988231900501,
      1.5
    ],
    "camera_params": {
      "forward": [
        0.6024440201575264,
        0.7975329354895693,
        -0.03166100734070731
      ]
    },
    "task_type": "screen_occupancy",
    "task_description": "Position where wardrobe occupies 20% of vertical FOV",
    "target_object": {
      "label": "wardrobe",
      "id": "83",
      "bbox_min": [
        -6.5915050000000015,
        -0.5675502013589703,
        -3.9340284274658187e-10
      ],
      "bbox_max": [
        -5.295392902664766,
        0.04444994498149799,
        2.5
      ],
      "center": [
        -5.943448951332384,
        -0.26155012818873613,
        1.2499999998032987
      ]
    }
  },
  {
    "scene_id": "0308_840552",
    "object_label": "wardrobe",
    "preset": "occupancy_30",
    "distance": 5.206624713432341,
    "init_camera": {
      "intrinsics": [
        [
          320.0,
          0.0,
          320.0
        ],
        [
          0.0,
          320.0,
          240.0
        ],
        [
          0.0,
          0.0,
          1.0
        ]
      ],
      "extrinsics": [
        [
          -1.0,
          -0.0,
          0.0,
          -5.943448951332384
        ],
        [
          -0.0,
          0.1317153411426317,
          -0.9912875813343371,
          2.372544356570639
        ],
        [
          0.0,
          -0.9912875813343373,
          -0.13171534114263167,
          1.6
        ],
        [
          0.0,
          0.0,
          0.0,
          1.0
        ]
      ]
    },
    "target_region": {
      "type": "circle",
      "params": {
        "center": [
          -5.943448951332384,
          -0.26155012818873613
        ],
        "radius": 5.206624713432341,
        "object_center": [
          -5.943448951332384,
          -0.26155012818873613,
          1.2499999998032987
        ],
        "object_height": 2.5000000003934026,
        "occupancy_ratio": 0.3,
        "fov_vertical": 90.0,
        "sample_distance": 5.206624713432341,
        "min_distance": 2.5000000003934026
      },
      "sample_point": [
        -10.68419235021285,
        1.8911906672847203,
        1.5
      ],
      "sample_forward": [
        0.9094736359090597,
        -0.4129860727942706,
        -0.04796049691486212
      ],
      "height": 1.5
    },
    "sample_target": [
      -10.68419235021285,
      1.8911906672847203,
      1.5
    ],
    "camera_params": {
      "forward": [
        0.9094736359090597,
        -0.4129860727942706,
        -0.04796049691486212
      ]
    },
    "task_type": "screen_occupancy",
    "task_description": "Position where wardrobe occupies 30% of vertical FOV",
    "target_object": {
      "label": "wardrobe",
      "id": "83",
      "bbox_min": [
        -6.5915050000000015,
        -0.5675502013589703,
        -3.9340284274658187e-10
      ],
      "bbox_max": [
        -5.295392902664766,
        0.04444994498149799,
        2.5
      ],
      "center": [
        -5.943448951332384,
        -0.26155012818873613,
        1.2499999998032987
      ]
    }
  },
  {
    "scene_id": "0308_840552",
    "object_label": "wardrobe",
    "preset": "back",
    "distance": 2.5000000003934026,
    "init_camera": {
      "intrinsics": [
        [
          320.0,
          0.0,
          320.0
        ],
        [
          0.0,
          320.0,
          240.0
        ],
        [
          0.0,
          0.0,
          1.0
        ]
      ],
      "extrinsics": [
        [
          -0.9848077530122081,
          -0.03664929301493786,
          0.16973661634588755,
          -6.224929386459139
        ],
        [
          -0.1736481776669303,
          0.20784846917745947,
          -0.9626241864058585,
          1.3348047461237131
        ],
        [
          0.0,
          -0.9774742161213728,
          -0.21105486684250635,
          1.6
        ],
        [
          0.0,
          0.0,
          0.0,
          1.0
        ]
      ]
    },
    "target_region": {
      "type": "circle",
      "params": {
        "center": [
          -5.943448951332384,
          -0.26155012818873613
        ],
        "radius": 2.5000000003934026,
        "object_center": [
          -5.943448951332384,
          -0.26155012818873613,
          1.2499999998032987
        ],
        "sample_distance": 2.5000000003934026,
        "min_distance": 2.5000000003934026,
        "requested_distance": 0.8
      },
      "sample_point": [
        -8.336450333563633,
        -0.9851137996139563,
        1.5
      ],
      "sample_forward": [
        0.9524501484617867,
        0.2879891049740769,
        -0.09950371908301084
      ],
      "height": 1.5
    },
    "sample_target": [
      -8.336450333563633,
      -0.9851137996139563,
      1.5
    ],
    "camera_params": {
      "forward": [
        0.9524501484617867,
        0.2879891049740769,
        -0.09950371908301084
      ]
    },
    "task_type": "absolute_positioning",
    "task_description": "Move to any position 2.5m from wardrobe",
    "target_object": {
      "label": "wardrobe",
      "id": "83",
      "bbox_min": [
        -6.5915050000000015,
        -0.5675502013589703,
        -3.9340284274658187e-10
      ],
      "bbox_max": [
        -5.295392902664766,
        0.04444994498149799,
        2.5
      ],
      "center": [
        -5.943448951332384,
        -0.26155012818873613,
        1.2499999998032987
      ]
    }
  },
  {
    "scene_id": "0308_840552",
    "object_label": "wardrobe",
    "preset": "back",
    "distance": 2.5000000003934026,
    "init_camera": {
      "intrinsics": [
        [
          320.0,
          0.0,
          320.0
        ],
        [
          0.0,
          320.0,
          240.0
        ],
        [
          0.0,
          0.0,
          1.0
        ]
      ],
      "extrinsics": [
        [
          -0.9848077530122081,
          -0.03664929301493786,
          0.16973661634588755,
          -6.224929386459139
        ],
        [
          -0.1736481776669303,
          0.20784846917745947,
          -0.9626241864058585,
          1.3348047461237131
        ],
        [
          0.0,
          -0.9774742161213728,
          -0.21105486684250635,
          1.6
        ],
        [
          0.0,
          0.0,
          0.0,
          1.0
        ]
      ]
    },
    "target_region": {
      "type": "circle",
      "params": {
        "center": [
          -5.943448951332384,
          -0.26155012818873613
        ],
        "radius": 2.5000000003934026,
        "object_center": [
          -5.943448951332384,
          -0.26155012818873613,
          1.2499999998032987
        ],
        "sample_distance": 2.5000000003934026,
        "min_distance": 2.5000000003934026,
        "requested_distance": 1.0
      },
      "sample_point": [
        -8.416149651257285,
        0.10689423743233828,
        1.5
      ],
      "sample_forward": [
        0.9841716625124152,
        -0.14664633850252795,
        -0.09950371908301082
      ],
      "height": 1.5
    },
    "sample_target": [
      -8.416149651257285,
      0.10689423743233828,
      1.5
    ],
    "camera_params": {
      "forward": [
        0.9841716625124152,
        -0.14664633850252795,
        -0.09950371908301082
      ]
    },
    "task_type": "absolute_positioning",
    "task_description": "Move to any position 2.5m from wardrobe",
    "target_object": {
      "label": "wardrobe",
      "id": "83",
      "bbox_min": [
        -6.5915050000000015,
        -0.5675502013589703,
        -3.9340284274658187e-10
      ],
      "bbox_max": [
        -5.295392902664766,
        0.04444994498149799,
        2.5
      ],
      "center": [
        -5.943448951332384,
        -0.26155012818873613,
        1.2499999998032987
      ]
    }
  },
  {
    "scene_id": "0308_840552",
    "object_label": "wardrobe",
    "preset": "left",
    "distance": 2.5000000003934026,
    "init_camera": {
      "intrinsics": [
        [
          320.0,
          0.0,
          320.0
        ],
        [
          0.0,
          320.0,
          240.0
        ],
        [
          0.0,
          0.0,
          1.0
        ]
      ],
      "extrinsics": [
        [
          -0.9848077530122081,
          -0.03664929301493786,
          0.16973661634588755,
          -6.224929386459139
        ],
        [
          -0.1736481776669303,
          0.20784846917745947,
          -0.9626241864058585,
          1.3348047461237131
        ],
        [
          0.0,
          -0.9774742161213728,
          -0.21105486684250635,
          1.6
        ],
        [
          0.0,
          0.0,
          0.0,
          1.0
        ]
      ]
    },
    "target_region": {
      "type": "circle",
      "params": {
        "center": [
          -5.943448951332384,
          -0.26155012818873613
        ],
        "radius": 2.5000000003934026,
        "object_center": [
          -5.943448951332384,
          -0.26155012818873613,
          1.2499999998032987
        ],
        "sample_distance": 2.5000000003934026,
        "min_distance": 2.5000000003934026,
        "requested_distance": 1.2
      },
      "sample_point": [
        -6.773081001499053,
        -2.6198780662209478,
        1.5
      ],
      "sample_forward": [
        0.3302058975883787,
        0.938649601867759,
        -0.09950371908301084
      ],
      "height": 1.5
    },
    "sample_target": [
      -6.773081001499053,
      -2.6198780662209478,
      1.5
    ],
    "camera_params": {
      "forward": [
        0.3302058975883787,
        0.938649601867759,
        -0.09950371908301084
      ]
    },
    "task_type": "absolute_positioning",
    "task_description": "Move to any position 2.5m from wardrobe",
    "target_object": {
      "label": "wardrobe",
      "id": "83",
      "bbox_min": [
        -6.5915050000000015,
        -0.5675502013589703,
        -3.9340284274658187e-10
      ],
      "bbox_max": [
        -5.295392902664766,
        0.04444994498149799,
        2.5
      ],
      "center": [
        -5.943448951332384,
        -0.26155012818873613,
        1.2499999998032987
      ]
    }
  },
  {
    "scene_id": "0308_840552",
    "object_label": "wardrobe",
    "preset": "back",
    "distance": 2.5000000003934026,
    "init_camera": {
      "intrinsics": [
        [
          320.0,
          0.0,
          320.0
        ],
        [
          0.0,
          320.0,
          240.0
        ],
        [
          0.0,
          0.0,
          1.0
        ]
      ],
      "extrinsics": [
        [
          -0.9848077530122081,
          -0.03664929301493786,
          0.16973661634588755,
          -6.224929386459139
        ],
        [
          -0.1736481776669303,
          0.20784846917745947,
          -0.9626241864058585,
          1.3348047461237131
        ],
        [
          0.0,
          -0.9774742161213728,
          -0.21105486684250635,
          1.6
        ],
        [
          0.0,
          0.0,
          0.0,
          1.0
        ]
      ]
    },
    "target_region": {
      "type": "circle",
      "params": {
        "center": [
          -5.943448951332384,
          -0.26155012818873613
        ],
        "radius": 2.5000000003934026,
        "object_center": [
          -5.943448951332384,
          -0.26155012818873613,
          1.2499999998032987
        ],
        "sample_distance": 2.5000000003934026,
        "min_distance": 2.5000000003934026,
        "requested_distance": 1.5
      },
      "sample_point": [
        -8.437960513407003,
        -0.0959842239600501,
        1.5
      ],
      "sample_forward": [
        0.9928527101067995,
        -0.06589769284453471,
        -0.09950371908301078
      ],
      "height": 1.5
    },
    "sample_target": [
      -8.437960513407003,
      -0.0959842239600501,
      1.5
    ],
    "camera_params": {
      "forward": [
        0.9928527101067995,
        -0.06589769284453471,
        -0.09950371908301078
      ]
    },
    "task_type": "absolute_positioning",
    "task_description": "Move to any position 2.5m from wardrobe",
    "target_object": {
      "label": "wardrobe",
      "id": "83",
      "bbox_min": [
        -6.5915050000000015,
        -0.5675502013589703,
        -3.9340284274658187e-10
      ],
      "bbox_max": [
        -5.295392902664766,
        0.04444994498149799,
        2.5
      ],
      "center": [
        -5.943448951332384,
        -0.26155012818873613,
        1.2499999998032987
      ]
    }
  },
  {
    "scene_id": "0308_840552",
    "object_label": "wardrobe",
    "preset": "occupancy_20",
    "distance": 7.892189394585728,
    "init_camera": {
      "intrinsics": [
        [
          320.0,
          0.0,
          320.0
        ],
        [
          0.0,
          320.0,
          240.0
        ],
        [
          0.0,
          0.0,
          1.0
        ]
      ],
      "extrinsics": [
        [
          -0.9848077530122081,
          -0.03664929301493786,
          0.16973661634588755,
          -6.224929386459139
        ],
        [
          -0.1736481776669303,
          0.20784846917745947,
          -0.9626241864058585,
          1.3348047461237131
        ],
        [
          0.0,
          -0.9774742161213728,
          -0.21105486684250635,
          1.6
        ],
        [
          0.0,
          0.0,
          0.0,
          1.0
        ]
      ]
    },
    "target_region": {
      "type": "circle",
      "params": {
        "center": [
          -5.943448951332384,
          -0.26155012818873613
        ],
        "radius": 7.892189394585728,
        "object_center": [
          -5.943448951332384,
          -0.26155012818873613,
          1.2499999998032987
        ],
        "object_height": 2.5000000003934026,
        "occupancy_ratio": 0.2,
        "fov_vertical": 90.0,
        "sample_distance": 7.892189394585728,
        "min_distance": 2.5000000003934026
      },
      "sample_point": [
        -12.03950413513376,
        4.750910807924365,
        1.5
      ],
      "sample_forward": [
        0.7720289910873321,
        -0.6347982494736794,
        -0.0316610073407073
      ],
      "height": 1.5
    },
    "sample_target": [
      -12.03950413513376,
      4.750910807924365,
      1.5
    ],
    "camera_params": {
      "forward": [
        0.7720289910873321,
        -0.6347982494736794,
        -0.0316610073407073
      ]
    },
    "task_type": "screen_occupancy",
    "task_description": "Position where wardrobe occupies 20% of vertical FOV",
    "target_object": {
      "label": "wardrobe",
      "id": "83",
      "bbox_min": [
        -6.5915050000000015,
        -0.5675502013589703,
        -3.9340284274658187e-10
      ],
      "bbox_max": [
        -5.295392902664766,
        0.04444994498149799,
        2.5
      ],
      "center": [
        -5.943448951332384,
        -0.26155012818873613,
        1.2499999998032987
      ]
    }
  },
  {
    "scene_id": "0308_840552",
    "object_label": "wardrobe",
    "preset": "occupancy_30",
    "distance": 5.206624713432341,
    "init_camera": {
      "intrinsics": [
        [
          320.0,
          0.0,
          320.0
        ],
        [
          0.0,
          320.0,
          240.0
        ],
        [
          0.0,
          0.0,
          1.0
        ]
      ],
      "extrinsics": [
        [
          -0.9848077530122081,
          -0.03664929301493786,
          0.16973661634588755,
          -6.224929386459139
        ],
        [
          -0.1736481776669303,
          0.20784846917745947,
          -0.9626241864058585,
          1.3348047461237131
        ],
        [
          0.0,
          -0.9774742161213728,
          -0.21105486684250635,
          1.6
        ],
        [
          0.0,
          0.0,
          0.0,
          1.0
        ]
      ]
    },
    "target_region": {
      "type": "circle",
      "params": {
        "center": [
          -5.943448951332384,
          -0.26155012818873613
        ],
        "radius": 5.206624713432341,
        "object_center": [
          -5.943448951332384,
          -0.26155012818873613,
          1.2499999998032987
        ],
        "object_height": 2.5000000003934026,
        "occupancy_ratio": 0.3,
        "fov_vertical": 90.0,
        "sample_distance": 5.206624713432341,
        "min_distance": 2.5000000003934026
      },
      "sample_point": [
        -2.8582334072381625,
        -4.45563953508075,
        1.5
      ],
      "sample_forward": [
        -0.5918738818711727,
        0.804602447606536,
        -0.04796049691486212
      ],
      "height": 1.5
    },
    "sample_target": [
      -2.8582334072381625,
      -4.45563953508075,
      1.5
    ],
    "camera_params": {
      "forward": [
        -0.5918738818711727,
        0.804602447606536,
        -0.04796049691486212
      ]
    },
    "task_type": "screen_occupancy",
    "task_description": "Position where wardrobe occupies 30% of vertical FOV",
    "target_object": {
      "label": "wardrobe",
      "id": "83",
      "bbox_min": [
        -6.5915050000000015,
        -0.5675502013589703,
        -3.9340284274658187e-10
      ],
      "bbox_max": [
        -5.295392902664766,
        0.04444994498149799,
        2.5
      ],
      "center": [
        -5.943448951332384,
        -0.26155012818873613,
        1.2499999998032987
      ]
    }
  },
  {
    "scene_id": "0308_840552",
    "object_label": "wardrobe",
    "preset": "occupancy_50",
    "distance": 3.017766953441248,
    "init_camera": {
      "intrinsics": [
        [
          320.0,
          0.0,
          320.0
        ],
        [
          0.0,
          320.0,
          240.0
        ],
        [
          0.0,
          0.0,
          1.0
        ]
      ],
      "extrinsics": [
        [
          -0.9848077530122081,
          -0.03664929301493786,
          0.16973661634588755,
          -6.224929386459139
        ],
        [
          -0.1736481776669303,
          0.20784846917745947,
          -0.9626241864058585,
          1.3348047461237131
        ],
        [
          0.0,
          -0.9774742161213728,
          -0.21105486684250635,
          1.6
        ],
        [
          0.0,
          0.0,
          0.0,
          1.0
        ]
      ]
    },
    "target_region": {
      "type": "circle",
      "params": {
        "center": [
          -5.943448951332384,
          -0.26155012818873613
        ],
        "radius": 3.017766953441248,
        "object_center": [
          -5.943448951332384,
          -0.26155012818873613,
          1.2499999998032987
        ],
        "object_height": 2.5000000003934026,
        "occupancy_ratio": 0.5,
        "fov_vertical": 90.0,
        "sample_distance": 3.017766953441248,
        "min_distance": 2.5000000003934026
      },
      "sample_point": [
        -8.956810079689014,
        -0.0985406333998444,
        1.5
      ],
      "sample_forward": [
        0.9951311265869932,
        -0.053832187807543876,
        -0.0825598961576067
      ],
      "height": 1.5
    },
    "sample_target": [
      -8.956810079689014,
      -0.0985406333998444,
      1.5
    ],
    "camera_params": {
      "forward": [
        0.9951311265869932,
        -0.053832187807543876,
        -0.0825598961576067
      ]
    },
    "task_type": "screen_occupancy",
    "task_description": "Position where wardrobe occupies 50% of vertical FOV",
    "target_object": {
      "label": "wardrobe",
      "id": "83",
      "bbox_min": [
        -6.5915050000000015,
        -0.5675502013589703,
        -3.9340284274658187e-10
      ],
      "bbox_max": [
        -5.295392902664766,
        0.04444994498149799,
        2.5
      ],
      "center": [
        -5.943448951332384,
        -0.26155012818873613,
        1.2499999998032987
      ]
    }
  },
  {
    "scene_id": "0308_840552",
    "object_label": "wardrobe",
    "preset": "occupancy_20",
    "distance": 7.892189394585728,
    "init_camera": {
      "intrinsics": [
        [
          320.0,
          0.0,
          320.0
        ],
        [
          0.0,
          320.0,
          240.0
        ],
        [
          0.0,
          0.0,
          1.0
        ]
      ],
      "extrinsics": [
        [
          -0.984807753012208,
          -0.029557381748487557,
          0.17111414550299464,
          -6.295299495240828
        ],
        [
          -0.17364817766693047,
          0.16762824174569768,
          -0.9704365424705522,
          1.7338934647018251
        ],
        [
          0.0,
          -0.9854070903709898,
          -0.17021417757219837,
          1.6
        ],
        [
          0.0,
          0.0,
          0.0,
          1.0
        ]
      ]
    },
    "target_region": {
      "type": "circle",
      "params": {
        "center": [
          -5.943448951332384,
          -0.26155012818873613
        ],
        "radius": 7.892189394585728,
        "object_center": [
          -5.943448951332384,
          -0.26155012818873613,
          1.2499999998032987
        ],
        "object_height": 2.5000000003934026,
        "occupancy_ratio": 0.2,
        "fov_vertical": 90.0,
        "sample_distance": 7.892189394585728,
        "min_distance": 2.5000000003934026
      },
      "sample_point": [
        -10.044042538243545,
        6.481726944199325,
        1.5
      ],
      "sample_forward": [
        0.519315694217206,
        -0.8539957788852783,
        -0.03166100734070731
      ],
      "height": 1.5
    },
    "sample_target": [
      -10.044042538243545,
      6.481726944199325,
      1.5
    ],
    "camera_params": {
      "forward": [
        0.519315694217206,
        -0.8539957788852783,
        -0.03166100734070731
      ]
    },
    "task_type": "screen_occupancy",
    "task_description": "Position where wardrobe occupies 20% of vertical FOV",
    "target_object": {
      "label": "wardrobe",
      "id": "83",
      "bbox_min": [
        -6.5915050000000015,
        -0.5675502013589703,
        -3.9340284274658187e-10
      ],
      "bbox_max": [
        -5.295392902664766,
        0.04444994498149799,
        2.5
      ],
      "center": [
        -5.943448951332384,
        -0.26155012818873613,
        1.2499999998032987
      ]
    }
  },
  {
    "scene_id": "0308_840552",
    "object_label": "wardrobe",
    "preset": "occupancy_50",
    "distance": 3.017766953441248,
    "init_camera": {
      "intrinsics": [
        [
          320.0,
          0.0,
          320.0
        ],
        [
          0.0,
          320.0,
          240.0
        ],
        [
          0.0,
          0.0,
          1.0
        ]
      ],
      "extrinsics": [
        [
          -0.984807753012208,
          -0.029557381748487557,
          0.17111414550299464,
          -6.295299495240828
        ],
        [
          -0.17364817766693047,
          0.16762824174569768,
          -0.9704365424705522,
          1.7338934647018251
        ],
        [
          0.0,
          -0.9854070903709898,
          -0.17021417757219837,
          1.6
        ],
        [
          0.0,
          0.0,
          0.0,
          1.0
        ]
      ]
    },
    "target_region": {
      "type": "circle",
      "params": {
        "center": [
          -5.943448951332384,
          -0.26155012818873613
        ],
        "radius": 3.017766953441248,
        "object_center": [
          -5.943448951332384,
          -0.26155012818873613,
          1.2499999998032987
        ],
        "object_height": 2.5000000003934026,
        "occupancy_ratio": 0.5,
        "fov_vertical": 90.0,
        "sample_distance": 3.017766953441248,
        "min_distance": 2.5000000003934026
      },
      "sample_point": [
        -3.225379993223627,
        -1.572663595531533,
        1.5
      ],
      "sample_forward": [
        -0.8976139630164452,
        0.4329815665179716,
        -0.0825598961576067
      ],
      "height": 1.5
    },
    "sample_target": [
      -3.225379993223627,
      -1.572663595531533,
      1.5
    ],
    "camera_params": {
      "forward": [
        -0.8976139630164452,
        0.4329815665179716,
        -0.0825598961576067
      ]
    },
    "task_type": "screen_occupancy",
    "task_description": "Position where wardrobe occupies 50% of vertical FOV",
    "target_object": {
      "label": "wardrobe",
      "id": "83",
      "bbox_min": [
        -6.5915050000000015,
        -0.5675502013589703,
        -3.9340284274658187e-10
      ],
      "bbox_max": [
        -5.295392902664766,
        0.04444994498149799,
        2.5
      ],
      "center": [
        -5.943448951332384,
        -0.26155012818873613,
        1.2499999998032987
      ]
    }
  },
  {
    "scene_id": "0308_840552",
    "object_label": "wardrobe",
    "preset": "right",
    "distance": 2.5000000003934026,
    "init_camera": {
      "intrinsics": [
        [
          320.0,
          0.0,
          320.0
        ],
        [
          0.0,
          320.0,
          240.0
        ],
        [
          0.0,
          0.0,
          1.0
        ]
      ],
      "extrinsics": [
        [
          -0.9848077530122081,
          0.03664929301493786,
          -0.16973661634588755,
          -5.661968516205628
        ],
        [
          0.1736481776669303,
          0.20784846917745947,
          -0.9626241864058585,
          1.3348047461237131
        ],
        [
          0.0,
          -0.9774742161213728,
          -0.21105486684250635,
          1.6
        ],
        [
          0.0,
          0.0,
          0.0,
          1.0
        ]
      ]
    },
    "target_region": {
      "type": "circle",
      "params": {
        "center": [
          -5.943448951332384,
          -0.26155012818873613
        ],
        "radius": 2.5000000003934026,
        "object_center": [
          -5.943448951332384,
          -0.26155012818873613,
          1.2499999998032987
        ],
        "sample_distance": 2.5000000003934026,
        "min_distance": 2.5000000003934026,
        "requested_distance": 0.8
      },
      "sample_point": [
        -7.182404601059066,
        1.9098523909166807,
        1.5
      ],
      "sample_forward": [
        0.49312277931886006,
        -0.8642505044288329,
        -0.09950371908301082
      ],
      "height": 1.5
    },
    "sample_target": [
      -7.182404601059066,
      1.9098523909166807,
      1.5
    ],
    "camera_params": {
      "forward": [
        0.49312277931886006,
        -0.8642505044288329,
        -0.09950371908301082
      ]
    },
    "task_type": "absolute_positioning",
    "task_description": "Move to any position 2.5m from wardrobe",
    "target_object": {
      "label": "wardrobe",
      "id": "83",
      "bbox_min": [
        -6.5915050000000015,
        -0.5675502013589703,
        -3.9340284274658187e-10
      ],
      "bbox_max": [
        -5.295392902664766,
        0.04444994498149799,
        2.5
      ],
      "center": [
        -5.943448951332384,
        -0.26155012818873613,
        1.2499999998032987
      ]
    }
  },
  {
    "scene_id": "0308_840552",
    "object_label": "wardrobe",
    "preset": "right",
    "distance": 2.5000000003934026,
    "init_camera": {
      "intrinsics": [
        [
          320.0,
          0.0,
          320.0
        ],
        [
          0.0,
          320.0,
          240.0
        ],
        [
          0.0,
          0.0,
          1.0
        ]
      ],
      "extrinsics": [
        [
          -0.9848077530122081,
          0.03664929301493786,
          -0.16973661634588755,
          -5.661968516205628
        ],
        [
          0.1736481776669303,
          0.20784846917745947,
          -0.9626241864058585,
          1.3348047461237131
        ],
        [
          0.0,
          -0.9774742161213728,
          -0.21105486684250635,
          1.6
        ],
        [
          0.0,
          0.0,
          0.0,
          1.0
        ]
      ]
    },
    "target_region": {
      "type": "circle",
      "params": {
        "center": [
          -5.943448951332384,
          -0.26155012818873613
        ],
        "radius": 2.5000000003934026,
        "object_center": [
          -5.943448951332384,
          -0.26155012818873613,
          1.2499999998032987
        ],
        "sample_distance": 2.5000000003934026,
        "min_distance": 2.5000000003934026,
        "requested_distance": 1.0
      },
      "sample_point": [
        -7.601826460255645,
        1.609220846533849,
        1.5
      ],
      "sample_forward": [
        0.6600589186065962,
        -0.7445946775639348,
        -0.09950371908301082
      ],
      "height": 1.5
    },
    "sample_target": [
      -7.601826460255645,
      1.609220846533849,
      1.5
    ],
    "camera_params": {
      "forward": [
        0.6600589186065962,
        -0.7445946775639348,
        -0.09950371908301082
      ]
    },
    "task_type": "absolute_positioning",
    "task_description": "Move to any position 2.5m from wardrobe",
    "target_object": {
      "label": "wardrobe",
      "id": "83",
      "bbox_min": [
        -6.5915050000000015,
        -0.5675502013589703,
        -3.9340284274658187e-10
      ],
      "bbox_max": [
        -5.295392902664766,
        0.04444994498149799,
        2.5
      ],
      "center": [
        -5.943448951332384,
        -0.26155012818873613,
        1.2499999998032987
      ]
    }
  },
  {
    "scene_id": "0308_840552",
    "object_label": "wardrobe",
    "preset": "right",
    "distance": 2.5000000003934026,
    "init_camera": {
      "intrinsics": [
        [
          320.0,
          0.0,
          320.0
        ],
        [
          0.0,
          320.0,
          240.0
        ],
        [
          0.0,
          0.0,
          1.0
        ]
      ],
      "extrinsics": [
        [
          -0.9848077530122081,
          0.03664929301493786,
          -0.16973661634588755,
          -5.661968516205628
        ],
        [
          0.1736481776669303,
          0.20784846917745947,
          -0.9626241864058585,
          1.3348047461237131
        ],
        [
          0.0,
          -0.9774742161213728,
          -0.21105486684250635,
          1.6
        ],
        [
          0.0,
          0.0,
          0.0,
          1.0
        ]
      ]
    },
    "target_region": {
      "type": "circle",
      "params": {
        "center": [
          -5.943448951332384,
          -0.26155012818873613
        ],
        "radius": 2.5000000003934026,
        "object_center": [
          -5.943448951332384,
          -0.26155012818873613,
          1.2499999998032987
        ],
        "sample_distance": 2.5000000003934026,
        "min_distance": 2.5000000003934026,
        "requested_distance": 1.2
      },
      "sample_point": [
        -7.4750403301412565,
        1.714361775294147,
        1.5
      ],
      "sample_forward": [
        0.6095961527482037,
        -0.786442331288975,
        -0.09950371908301082
      ],
      "height": 1.5
    },
    "sample_target": [
      -7.4750403301412565,
      1.714361775294147,
      1.5
    ],
    "camera_params": {
      "forward": [
        0.6095961527482037,
        -0.786442331288975,
        -0.09950371908301082
      ]
    },
    "task_type": "absolute_positioning",
    "task_description": "Move to any position 2.5m from wardrobe",
    "target_object": {
      "label": "wardrobe",
      "id": "83",
      "bbox_min": [
        -6.5915050000000015,
        -0.5675502013589703,
        -3.9340284274658187e-10
      ],
      "bbox_max": [
        -5.295392902664766,
        0.04444994498149799,
        2.5
      ],
      "center": [
        -5.943448951332384,
        -0.26155012818873613,
        1.2499999998032987
      ]
    }
  },
  {
    "scene_id": "0308_840552",
    "object_label": "wardrobe",
    "preset": "right",
    "distance": 2.5000000003934026,
    "init_camera": {
      "intrinsics": [
        [
          320.0,
          0.0,
          320.0
        ],
        [
          0.0,
          320.0,
          240.0
        ],
        [
          0.0,
          0.0,
          1.0
        ]
      ],
      "extrinsics": [
        [
          -0.9848077530122081,
          0.03664929301493786,
          -0.16973661634588755,
          -5.661968516205628
        ],
        [
          0.1736481776669303,
          0.20784846917745947,
          -0.9626241864058585,
          1.3348047461237131
        ],
        [
          0.0,
          -0.9774742161213728,
          -0.21105486684250635,
          1.6
        ],
        [
          0.0,
          0.0,
          0.0,
          1.0
        ]
      ]
    },
    "target_region": {
      "type": "circle",
      "params": {
        "center": [
          -5.943448951332384,
          -0.26155012818873613
        ],
        "radius": 2.5000000003934026,
        "object_center": [
          -5.943448951332384,
          -0.26155012818873613,
          1.2499999998032987
        ],
        "sample_distance": 2.5000000003934026,
        "min_distance": 2.5000000003934026,
        "requested_distance": 1.5
      },
      "sample_point": [
        -7.587177353627396,
        1.6221050795007432,
        1.5
      ],
      "sample_forward": [
        0.6542283562481664,
        -0.7497227939508518,
        -0.09950371908301085
      ],
      "height": 1.5
    },
    "sample_target": [
      -7.587177353627396,
      1.6221050795007432,
      1.5
    ],
    "camera_params": {
      "forward": [
        0.6542283562481664,
        -0.7497227939508518,
        -0.09950371908301085
      ]
    },
    "task_type": "absolute_positioning",
    "task_description": "Move to any position 2.5m from wardrobe",
    "target_object": {
      "label": "wardrobe",
      "id": "83",
      "bbox_min": [
        -6.5915050000000015,
        -0.5675502013589703,
        -3.9340284274658187e-10
      ],
      "bbox_max": [
        -5.295392902664766,
        0.04444994498149799,
        2.5
      ],
      "center": [
        -5.943448951332384,
        -0.26155012818873613,
        1.2499999998032987
      ]
    }
  },
  {
    "scene_id": "0308_840552",
    "object_label": "wardrobe",
    "preset": "occupancy_20",
    "distance": 7.892189394585728,
    "init_camera": {
      "intrinsics": [
        [
          320.0,
          0.0,
          320.0
        ],
        [
          0.0,
          320.0,
          240.0
        ],
        [
          0.0,
          0.0,
          1.0
        ]
      ],
      "extrinsics": [
        [
          -0.9848077530122081,
          0.03664929301493786,
          -0.16973661634588755,
          -5.661968516205628
        ],
        [
          0.1736481776669303,
          0.20784846917745947,
          -0.9626241864058585,
          1.3348047461237131
        ],
        [
          0.0,
          -0.9774742161213728,
          -0.21105486684250635,
          1.6
        ],
        [
          0.0,
          0.0,
          0.0,
          1.0
        ]
      ]
    },
    "target_region": {
      "type": "circle",
      "params": {
        "center": [
          -5.943448951332384,
          -0.26155012818873613
        ],
        "radius": 7.892189394585728,
        "object_center": [
          -5.943448951332384,
          -0.26155012818873613,
          1.2499999998032987
        ],
        "object_height": 2.5000000003934026,
        "occupancy_ratio": 0.2,
        "fov_vertical": 90.0,
        "sample_distance": 7.892189394585728,
        "min_distance": 2.5000000003934026
      },
      "sample_point": [
        -4.356611363240066,
        -7.992565579539793,
        1.5
      ],
      "sample_forward": [
        -0.2009635059422855,
        0.979086947055039,
        -0.03166100734070731
      ],
      "height": 1.5
    },
    "sample_target": [
      -4.356611363240066,
      -7.992565579539793,
      1.5
    ],
    "camera_params": {
      "forward": [
        -0.2009635059422855,
        0.979086947055039,
        -0.03166100734070731
      ]
    },
    "task_type": "screen_occupancy",
    "task_description": "Position where wardrobe occupies 20% of vertical FOV",
    "target_object": {
      "label": "wardrobe",
      "id": "83",
      "bbox_min": [
        -6.5915050000000015,
        -0.5675502013589703,
        -3.9340284274658187e-10
      ],
      "bbox_max": [
        -5.295392902664766,
        0.04444994498149799,
        2.5
      ],
      "center": [
        -5.943448951332384,
        -0.26155012818873613,
        1.2499999998032987
      ]
    }
  },
  {
    "scene_id": "0308_840552",
    "object_label": "wardrobe",
    "preset": "occupancy_30",
    "distance": 5.206624713432341,
    "init_camera": {
      "intrinsics": [
        [
          320.0,
          0.0,
          320.0
        ],
        [
          0.0,
          320.0,
          240.0
        ],
        [
          0.0,
          0.0,
          1.0
        ]
      ],
      "extrinsics": [
        [
          -0.9848077530122081,
          0.03664929301493786,
          -0.16973661634588755,
          -5.661968516205628
        ],
        [
          0.1736481776669303,
          0.20784846917745947,
          -0.9626241864058585,
          1.3348047461237131
        ],
        [
          0.0,
          -0.9774742161213728,
          -0.21105486684250635,
          1.6
        ],
        [
          0.0,
          0.0,
          0.0,
          1.0
        ]
      ]
    },
    "target_region": {
      "type": "circle",
      "params": {
        "center": [
          -5.943448951332384,
          -0.26155012818873613
        ],
        "radius": 5.206624713432341,
        "object_center": [
          -5.943448951332384,
          -0.26155012818873613,
          1.2499999998032987
        ],
        "object_height": 2.5000000003934026,
        "occupancy_ratio": 0.3,
        "fov_vertical": 90.0,
        "sample_distance": 5.206624713432341,
        "min_distance": 2.5000000003934026
      },
      "sample_point": [
        -9.91593543165505,
        -3.6273029518788595,
        1.5
      ],
      "sample_forward": [
        0.7620897017357708,
        0.6456927111590801,
        -0.04796049691486212
      ],
      "height": 1.5
    },
    "sample_target": [
      -9.91593543165505,
      -3.6273029518788595,
      1.5
    ],
    "camera_params": {
