[
  {
    "scene_id": "0361_840315",
    "object_label": "wardrobe",
    "preset": "occupancy_30",
    "distance": 5.414889702756183,
    "init_camera": {
      "intrinsics": [
        [
          320.0,
          0.0,
          320.0
        ],
        [
          0.0,
          320.0,
          240.0
        ],
        [
          0.0,
          0.0,
          1.0
        ]
      ],
      "extrinsics": [
        [
          -0.9848077530122081,
          -0.021269439573423653,
          0.17234065262519543,
          6.2591074983496515
        ],
        [
          -0.17364817766693033,
          0.12062498596621504,
          -0.9773924100143221,
          0.37127927164201635
        ],
        [
          0.0,
          -0.992470263383686,
          -0.12248582080843927,
          1.6
        ],
        [
          0.0,
          0.0,
          0.0,
          1.0
        ]
      ]
    },
    "target_region": {
      "type": "circle",
      "params": {
        "center": [
          6.681215098348652,
          -2.022611886154778
        ],
        "radius": 5.414889702756183,
        "object_center": [
          6.681215098348652,
          -2.022611886154778,
          1.2999999996065974
        ],
        "object_height": 2.6000000007868054,
        "occupancy_ratio": 0.3,
        "fov_vertical": 90.0,
        "sample_distance": 5.414889702756183,
        "min_distance": 2.6000000007868054
      },
      "sample_point": [
        2.2625762323131724,
        -5.152573717323911,
        1.5
      ],
      "sample_forward": [
        0.8154603724645889,
        0.5776348595184411,
        -0.03691002586053215
      ],
      "height": 1.5
    },
    "sample_target": [
      2.2625762323131724,
      -5.152573717323911,
      1.5
    ],
    "camera_params": {
      "forward": [
        0.8154603724645889,
        0.5776348595184411,
        -0.03691002586053215
      ]
    },
    "task_type": "screen_occupancy",
    "task_description": "Position where wardrobe occupies 30% of vertical FOV",
    "target_object": {
      "label": "wardrobe",
      "id": "85",
      "bbox_min": [
        5.581215,
        -2.319262001358962,
        -7.868052307458129e-10
      ],
      "bbox_max": [
        7.781215196697303,
        -1.7259617709505943,
        2.6
      ],
      "center": [
        6.681215098348652,
        -2.0226118861547784,
        1.2999999996065974
      ]
    }
  },
  {
    "scene_id": "0361_840315",
    "object_label": "wardrobe",
    "preset": "occupancy_30",
    "distance": 5.414889702756183,
    "init_camera": {
      "intrinsics": [
        [
          320.0,
          0.0,
          320.0
        ],
        [
          0.0,
          320.0,
          240.0
        ],
        [
          0.0,
          0.0,
          1.0
        ]
      ],
      "extrinsics": [
        [
          -1.0,
          -0.0,
          0.0,
          6.681215098348652
        ],
        [
          -0.0,
          0.12248582080843926,
          -0.9924702633836859,
          0.4082089014300645
        ],
        [
          0.0,
          -0.9924702633836859,
          -0.12248582080843926,
          1.6
        ],
        [
          0.0,
          0.0,
          0.0,
          1.0
        ]
      ]
    },
    "target_region": {
      "type": "circle",
      "params": {
        "center": [
          6.681215098348652,
          -2.022611886154778
        ],
        "radius": 5.414889702756183,
        "object_center": [
          6.681215098348652,
          -2.022611886154778,
          1.2999999996065974
        ],
        "object_height": 2.6000000007868054,
        "occupancy_ratio": 0.3,
        "fov_vertical": 90.0,
        "sample_distance": 5.414889702756183,
        "min_distance": 2.6000000007868054
      },
      "sample_point": [
        9.73784921783339,
        -6.492289542610186,
        1.5
      ],
      "sample_forward": [
        -0.5641022208722363,
        0.8248795878175101,
        -0.03691002586053214
      ],
      "height": 1.5
    },
    "sample_target": [
      9.73784921783339,
      -6.492289542610186,
      1.5
    ],
    "camera_params": {
      "forward": [
        -0.5641022208722363,
        0.8248795878175101,
        -0.03691002586053214
      ]
    },
    "task_type": "screen_occupancy",
    "task_description": "Position where wardrobe occupies 30% of vertical FOV",
    "target_object": {
      "label": "wardrobe",
      "id": "85",
      "bbox_min": [
        5.581215,
        -2.319262001358962,
        -7.868052307458129e-10
      ],
      "bbox_max": [
        7.781215196697303,
        -1.7259617709505943,
        2.6
      ],
      "center": [
        6.681215098348652,
        -2.0226118861547784,
        1.2999999996065974
      ]
    }
  },
  {
    "scene_id": "0361_840315",
    "object_label": "wardrobe",
    "preset": "occupancy_50",
    "distance": 3.138477632034782,
    "init_camera": {
      "intrinsics": [
        [
          320.0,
          0.0,
          320.0
        ],
        [
          0.0,
          320.0,
          240.0
        ],
        [
          0.0,
          0.0,
          1.0
        ]
      ],
      "extrinsics": [
        [
          -1.0,
          -0.0,
          0.0,
          6.681215098348652
        ],
        [
          -0.0,
          0.12248582080843926,
          -0.9924702633836859,
          0.4082089014300645
        ],
        [
          0.0,
          -0.9924702633836859,
          -0.12248582080843926,
          1.6
        ],
        [
          0.0,
          0.0,
          0.0,
          1.0
        ]
      ]
    },
    "target_region": {
      "type": "circle",
      "params": {
        "center": [
          6.681215098348652,
          -2.022611886154778
        ],
        "radius": 3.138477632034782,
        "object_center": [
          6.681215098348652,
          -2.022611886154778,
          1.2999999996065974
        ],
        "object_height": 2.6000000007868054,
        "occupancy_ratio": 0.5,
        "fov_vertical": 90.0,
        "sample_distance": 3.138477632034782,
        "min_distance": 2.6000000007868054
      },
      "sample_point": [
        8.992621528907556,
        0.10046186658053413,
        1.5
      ],
      "sample_forward": [
        -0.7349829298221997,
        -0.6750967490545131,
        -0.06359616565488226
      ],
      "height": 1.5
    },
    "sample_target": [
      8.992621528907556,
      0.10046186658053413,
      1.5
    ],
    "camera_params": {
      "forward": [
        -0.7349829298221997,
        -0.6750967490545131,
        -0.06359616565488226
      ]
    },
    "task_type": "screen_occupancy",
    "task_description": "Position where wardrobe occupies 50% of vertical FOV",
    "target_object": {
      "label": "wardrobe",
      "id": "85",
      "bbox_min": [
        5.581215,
        -2.319262001358962,
        -7.868052307458129e-10
      ],
      "bbox_max": [
        7.781215196697303,
        -1.7259617709505943,
        2.6
      ],
      "center": [
        6.681215098348652,
        -2.0226118861547784,
        1.2999999996065974
      ]
    }
  },
  {
    "scene_id": "0361_840315",
    "object_label": "wardrobe",
    "preset": "occupancy_30",
    "distance": 5.414889702756183,
    "init_camera": {
      "intrinsics": [
        [
          320.0,
          0.0,
          320.0
        ],
        [
          0.0,
          320.0,
          240.0
        ],
        [
          0.0,
          0.0,
          1.0
        ]
      ],
      "extrinsics": [
        [
          -0.9396926207859084,
          0.05214620224554252,
          -0.3380215259889199,
          7.346326837683678
        ],
        [
          0.3420201433256689,
          0.14327051317994194,
          -0.9287065099441508,
          -0.19523240091760474
        ],
        [
          0.0,
          -0.9883088250362451,
          -0.15246529557731142,
          1.6
        ],
        [
          0.0,
          0.0,
          0.0,
          1.0
        ]
      ]
    },
    "target_region": {
      "type": "circle",
      "params": {
        "center": [
          6.681215098348652,
          -2.022611886154778
        ],
        "radius": 5.414889702756183,
        "object_center": [
          6.681215098348652,
          -2.022611886154778,
          1.2999999996065974
        ],
        "object_height": 2.6000000007868054,
        "occupancy_ratio": 0.3,
        "fov_vertical": 90.0,
        "sample_distance": 5.414889702756183,
        "min_distance": 2.6000000007868054
      },
      "sample_point": [
        4.974079726441676,
        3.116134976164767,
        1.5
      ],
      "sample_forward": [
        0.3150520530028667,
        -0.9483563960292849,
        -0.03691002586053215
      ],
      "height": 1.5
    },
    "sample_target": [
      4.974079726441676,
      3.116134976164767,
      1.5
    ],
    "camera_params": {
      "forward": [
        0.3150520530028667,
        -0.9483563960292849,
        -0.03691002586053215
      ]
    },
    "task_type": "screen_occupancy",
    "task_description": "Position where wardrobe occupies 30% of vertical FOV",
    "target_object": {
      "label": "wardrobe",
      "id": "85",
      "bbox_min": [
        5.581215,
        -2.319262001358962,
        -7.868052307458129e-10
      ],
      "bbox_max": [
        7.781215196697303,
        -1.7259617709505943,
        2.6
      ],
      "center": [
        6.681215098348652,
        -2.0226118861547784,
        1.2999999996065974
      ]
    }
  },
  {
    "scene_id": "0361_840315",
    "object_label": "wardrobe",
    "preset": "occupancy_50",
    "distance": 3.138477632034782,
    "init_camera": {
      "intrinsics": [
        [
          320.0,
          0.0,
          320.0
        ],
        [
          0.0,
          320.0,
          240.0
        ],
        [
          0.0,
          0.0,
          1.0
        ]
      ],
      "extrinsics": [
        [
          -0.9396926207859084,
          0.05214620224554252,
          -0.3380215259889199,
          7.346326837683678
        ],
        [
          0.3420201433256689,
          0.14327051317994194,
          -0.9287065099441508,
          -0.19523240091760474
        ],
        [
          0.0,
          -0.9883088250362451,
          -0.15246529557731142,
          1.6
        ],
        [
          0.0,
          0.0,
          0.0,
          1.0
        ]
      ]
    },
    "target_region": {
      "type": "circle",
      "params": {
        "center": [
          6.681215098348652,
          -2.022611886154778
        ],
        "radius": 3.138477632034782,
        "object_center": [
          6.681215098348652,
          -2.022611886154778,
          1.2999999996065974
        ],
        "object_height": 2.6000000007868054,
        "occupancy_ratio": 0.5,
        "fov_vertical": 90.0,
        "sample_distance": 3.138477632034782,
        "min_distance": 2.6000000007868054
      },
      "sample_point": [
        5.719847313199189,
        0.9649981667904637,
        1.5
      ],
      "sample_forward": [
        0.30569652399685343,
        -0.9500027173278179,
        -0.06359616565488226
      ],
      "height": 1.5
    },
    "sample_target": [
      5.719847313199189,
      0.9649981667904637,
      1.5
    ],
    "camera_params": {
      "forward": [
        0.30569652399685343,
        -0.9500027173278179,
        -0.06359616565488226
      ]
    },
    "task_type": "screen_occupancy",
    "task_description": "Position where wardrobe occupies 50% of vertical FOV",
    "target_object": {
      "label": "wardrobe",
      "id": "85",
      "bbox_min": [
        5.581215,
        -2.319262001358962,
        -7.868052307458129e-10
      ],
      "bbox_max": [
        7.781215196697303,
        -1.7259617709505943,
        2.6
      ],
      "center": [
        6.681215098348652,
        -2.0226118861547784,
        1.2999999996065974
      ]
    }
  },
  {
    "scene_id": "0361_840315",
    "object_label": "wardrobe",
    "preset": "closer",
    "distance": 2.6600670238602953,
    "init_camera": {
      "intrinsics": [
        [
          320.0,
          0.0,
          320.0
        ],
        [
          0.0,
          320.0,
          240.0
        ],
        [
          0.0,
          0.0,
          1.0
        ]
      ],
      "extrinsics": [
        [
          -0.9396926207859083,
          0.03232424218634439,
          -0.3404892389013045,
          7.76202167476807
        ],
        [
          0.34202014332566877,
          0.0888101255079637,
          -0.9354864954486243,
          0.9468797773556283
        ],
        [
          0.0,
          -0.9955239349078144,
          -0.094509761536371,
          1.6
        ],
        [
          0.0,
          0.0,
          0.0,
          1.0
        ]
      ]
    },
    "target_region": {
      "type": "point",
      "params": {
        "delta": 0.5,
        "start_position": [
          7.76202167476807,
          0.9468797773556283,
          1.6
        ],
        "sample_distance": 2.6600670238602953,
        "min_distance": 2.6000000007868054,
        "min_distance_enforced": true
      },
      "sample_point": [
        7.591011603105235,
        0.4770334669626742,
        1.6
      ],
      "sample_forward": [
        -0.3398655757837664,
        -0.933772995115842,
        -0.11206865748084331
      ],
      "height": 1.6
    },
    "sample_target": [
      7.591011603105235,
      0.4770334669626742,
      1.6
    ],
    "camera_params": {
      "forward": [
        -0.3398655757837664,
        -0.933772995115842,
        -0.11206865748084331
      ]
    },
    "task_type": "delta_control",
    "task_description": "Move 0.5m toward wardrobe",
    "target_object": {
      "label": "wardrobe",
      "id": "85",
      "bbox_min": [
        5.581215,
        -2.319262001358962,
        -7.868052307458129e-10
      ],
      "bbox_max": [
        7.781215196697303,
        -1.7259617709505943,
        2.6
      ],
      "center": [
        6.681215098348652,
        -2.0226118861547784,
        1.2999999996065974
      ]
    }
  },
  {
    "scene_id": "0361_840315",
    "object_label": "wardrobe",
    "preset": "closer",
    "distance": 2.6000000007868054,
    "init_camera": {
      "intrinsics": [
        [
          320.0,
          0.0,
          320.0
        ],
        [
          0.0,
          320.0,
          240.0
        ],
        [
          0.0,
          0.0,
          1.0
        ]
      ],
      "extrinsics": [
        [
          -0.9396926207859083,
          0.03232424218634439,
          -0.3404892389013045,
          7.76202167476807
        ],
        [
          0.34202014332566877,
          0.0888101255079637,
          -0.9354864954486243,
          0.9468797773556283
        ],
        [
          0.0,
          -0.9955239349078144,
          -0.094509761536371,
          1.6
        ],
        [
          0.0,
          0.0,
          0.0,
          1.0
        ]
      ]
    },
    "target_region": {
      "type": "point",
      "params": {
        "delta": 0.7,
        "start_position": [
          7.76202167476807,
          0.9468797773556283,
          1.6
        ],
        "sample_distance": 2.6000000007868054,
        "min_distance": 2.6000000007868054,
        "min_distance_enforced": true
      },
      "sample_point": [
        7.570467471264494,
        0.42058892862793884,
        1.6
      ],
      "sample_forward": [
        -0.3397658666231414,
        -0.9334990464485117,
        -0.11462410809923557
      ],
      "height": 1.6
    },
    "sample_target": [
      7.570467471264494,
      0.42058892862793884,
      1.6
    ],
    "camera_params": {
      "forward": [
        -0.3397658666231414,
        -0.9334990464485117,
        -0.11462410809923557
      ]
    },
    "task_type": "delta_control",
    "task_description": "Move 0.7m toward wardrobe",
    "target_object": {
      "label": "wardrobe",
      "id": "85",
      "bbox_min": [
        5.581215,
        -2.319262001358962,
        -7.868052307458129e-10
      ],
      "bbox_max": [
        7.781215196697303,
        -1.7259617709505943,
        2.6
      ],
      "center": [
        6.681215098348652,
        -2.0226118861547784,
        1.2999999996065974
      ]
    }
  },
  {
    "scene_id": "0361_840315",
    "object_label": "wardrobe",
    "preset": "closer",
    "distance": 2.6000000007868054,
    "init_camera": {
      "intrinsics": [
        [
          320.0,
          0.0,
          320.0
        ],
        [
          0.0,
          320.0,
          240.0
        ],
        [
          0.0,
          0.0,
          1.0
        ]
      ],
      "extrinsics": [
        [
          -0.9396926207859083,
          0.03232424218634439,
          -0.3404892389013045,
          7.76202167476807
        ],
        [
          0.34202014332566877,
          0.0888101255079637,
          -0.9354864954486243,
          0.9468797773556283
        ],
        [
          0.0,
          -0.9955239349078144,
          -0.094509761536371,
          1.6
        ],
        [
          0.0,
          0.0,
          0.0,
          1.0
        ]
      ]
    },
    "target_region": {
      "type": "point",
      "params": {
        "delta": 1.0,
        "start_position": [
          7.76202167476807,
          0.9468797773556283,
          1.6
        ],
        "sample_distance": 2.6000000007868054,
        "min_distance": 2.6000000007868054,
        "min_distance_enforced": true
      },
      "sample_point": [
        7.570467471264494,
        0.42058892862793884,
        1.6
      ],
      "sample_forward": [
        -0.3397658666231414,
        -0.9334990464485117,
        -0.11462410809923557
      ],
      "height": 1.6
    },
    "sample_target": [
      7.570467471264494,
      0.42058892862793884,
      1.6
    ],
    "camera_params": {
      "forward": [
        -0.3397658666231414,
        -0.9334990464485117,
        -0.11462410809923557
      ]
    },
    "task_type": "delta_control",
    "task_description": "Move 1.0m toward wardrobe",
    "target_object": {
      "label": "wardrobe",
      "id": "85",
      "bbox_min": [
        5.581215,
        -2.319262001358962,
        -7.868052307458129e-10
      ],
      "bbox_max": [
        7.781215196697303,
        -1.7259617709505943,
        2.6
      ],
      "center": [
        6.681215098348652,
        -2.0226118861547784,
        1.2999999996065974
      ]
    }
  },
  {
    "scene_id": "0361_840315",
    "object_label": "wardrobe",
    "preset": "closer",
    "distance": 2.6000000007868054,
    "init_camera": {
      "intrinsics": [
        [
          320.0,
          0.0,
          320.0
        ],
        [
          0.0,
          320.0,
          240.0
        ],
        [
          0.0,
          0.0,
          1.0
        ]
      ],
      "extrinsics": [
        [
          -0.9396926207859083,
          0.03232424218634439,
          -0.3404892389013045,
          7.76202167476807
        ],
        [
          0.34202014332566877,
          0.0888101255079637,
          -0.9354864954486243,
          0.9468797773556283
        ],
        [
          0.0,
          -0.9955239349078144,
          -0.094509761536371,
          1.6
        ],
        [
          0.0,
          0.0,
          0.0,
          1.0
        ]
      ]
    },
    "target_region": {
      "type": "point",
      "params": {
        "delta": 1.5,
        "start_position": [
          7.76202167476807,
          0.9468797773556283,
          1.6
        ],
        "sample_distance": 2.6000000007868054,
        "min_distance": 2.6000000007868054,
        "min_distance_enforced": true
      },
      "sample_point": [
        7.570467471264494,
        0.42058892862793884,
        1.6
      ],
      "sample_forward": [
        -0.3397658666231414,
        -0.9334990464485117,
        -0.11462410809923557
      ],
      "height": 1.6
    },
    "sample_target": [
      7.570467471264494,
      0.42058892862793884,
      1.6
    ],
    "camera_params": {
      "forward": [
        -0.3397658666231414,
        -0.9334990464485117,
        -0.11462410809923557
      ]
    },
    "task_type": "delta_control",
    "task_description": "Move 1.5m toward wardrobe",
    "target_object": {
      "label": "wardrobe",
      "id": "85",
      "bbox_min": [
        5.581215,
        -2.319262001358962,
        -7.868052307458129e-10
      ],
      "bbox_max": [
        7.781215196697303,
        -1.7259617709505943,
        2.6
      ],
      "center": [
        6.681215098348652,
        -2.0226118861547784,
        1.2999999996065974
      ]
    }
  },
  {
    "scene_id": "0361_840315",
    "object_label": "wardrobe",
    "preset": "occupancy_30",
    "distance": 5.414889702756183,
    "init_camera": {
      "intrinsics": [
        [
          320.0,
          0.0,
          320.0
        ],
        [
          0.0,
          320.0,
          240.0
        ],
        [
          0.0,
          0.0,
          1.0
        ]
      ],
      "extrinsics": [
        [
          -0.9396926207859083,
          0.03232424218634439,
          -0.3404892389013045,
          7.76202167476807
        ],
        [
          0.34202014332566877,
          0.0888101255079637,
          -0.9354864954486243,
          0.9468797773556283
        ],
        [
          0.0,
          -0.9955239349078144,
          -0.094509761536371,
          1.6
        ],
        [
          0.0,
          0.0,
          0.0,
          1.0
        ]
      ]
    },
    "target_region": {
      "type": "circle",
      "params": {
        "center": [
          6.681215098348652,
          -2.022611886154778
        ],
        "radius": 5.414889702756183,
        "object_center": [
          6.681215098348652,
          -2.022611886154778,
          1.2999999996065974
        ],
        "object_height": 2.6000000007868054,
        "occupancy_ratio": 0.3,
        "fov_vertical": 90.0,
        "sample_distance": 5.414889702756183,
        "min_distance": 2.6000000007868054
      },
      "sample_point": [
        11.37369110221725,
        -4.7247775816909225,
        1.5
      ],
      "sample_forward": [
        -0.865997051560155,
        0.4986850275274896,
        -0.03691002586053214
      ],
      "height": 1.5
    },
    "sample_target": [
      11.37369110221725,
      -4.7247775816909225,
      1.5
    ],
    "camera_params": {
      "forward": [
        -0.865997051560155,
        0.4986850275274896,
        -0.03691002586053214
      ]
    },
    "task_type": "screen_occupancy",
    "task_description": "Position where wardrobe occupies 30% of vertical FOV",
    "target_object": {
      "label": "wardrobe",
      "id": "85",
      "bbox_min": [
        5.581215,
        -2.319262001358962,
        -7.868052307458129e-10
      ],
      "bbox_max": [
        7.781215196697303,
        -1.7259617709505943,
        2.6
      ],
      "center": [
        6.681215098348652,
        -2.0226118861547784,
        1.2999999996065974
      ]
    }
  },
  {
    "scene_id": "0361_840315",
    "object_label": "wardrobe",
    "preset": "occupancy_50",
    "distance": 3.138477632034782,
    "init_camera": {
      "intrinsics": [
        [
          320.0,
          0.0,
          320.0
        ],
        [
          0.0,
          320.0,
          240.0
        ],
        [
          0.0,
          0.0,
          1.0
        ]
      ],
      "extrinsics": [
        [
          -0.9396926207859083,
          0.03232424218634439,
          -0.3404892389013045,
          7.76202167476807
        ],
        [
          0.34202014332566877,
          0.0888101255079637,
          -0.9354864954486243,
          0.9468797773556283
        ],
        [
          0.0,
          -0.9955239349078144,
          -0.094509761536371,
          1.6
        ],
        [
          0.0,
          0.0,
          0.0,
          1.0
        ]
      ]
    },
    "target_region": {
      "type": "circle",
      "params": {
        "center": [
          6.681215098348652,
          -2.022611886154778
        ],
        "radius": 3.138477632034782,
        "object_center": [
          6.681215098348652,
          -2.022611886154778,
          1.2999999996065974
        ],
        "object_height": 2.6000000007868054,
        "occupancy_ratio": 0.5,
        "fov_vertical": 90.0,
        "sample_distance": 3.138477632034782,
        "min_distance": 2.6000000007868054
      },
      "sample_point": [
        9.607237369705308,
        -0.8875191523627373,
        1.5
      ],
      "sample_forward": [
        -0.9304189835652175,
        -0.3609377269494898,
        -0.06359616565488226
      ],
      "height": 1.5
    },
    "sample_target": [
      9.607237369705308,
      -0.8875191523627373,
      1.5
    ],
    "camera_params": {
      "forward": [
        -0.9304189835652175,
        -0.3609377269494898,
        -0.06359616565488226
      ]
    },
    "task_type": "screen_occupancy",
    "task_description": "Position where wardrobe occupies 50% of vertical FOV",
    "target_object": {
      "label": "wardrobe",
      "id": "85",
      "bbox_min": [
        5.581215,
        -2.319262001358962,
        -7.868052307458129e-10
      ],
      "bbox_max": [
        7.781215196697303,
        -1.7259617709505943,
        2.6
      ],
      "center": [
        6.681215098348652,
        -2.0226118861547784,
        1.2999999996065974
      ]
    }
  },
  {
    "scene_id": "0361_840315",
    "object_label": "wardrobe",
    "preset": "occupancy_30",
    "distance": 5.414889702756183,
    "init_camera": {
      "intrinsics": [
        [
          320.0,
          0.0,
          320.0
        ],
        [
          0.0,
          320.0,
          240.0
        ],
        [
          0.0,
          0.0,
          1.0
        ]
      ],
      "extrinsics": [
        [
          -0.9848077530122081,
          0.021269439573423653,
          -0.17234065262519543,
          7.103322698347652
        ],
        [
          0.17364817766693033,
          0.12062498596621504,
          -0.9773924100143221,
          0.37127927164201635
        ],
        [
          0.0,
          -0.992470263383686,
          -0.12248582080843927,
          1.6
        ],
        [
          0.0,
          0.0,
          0.0,
          1.0
        ]
      ]
    },
    "target_region": {
      "type": "circle",
      "params": {
        "center": [
          6.681215098348652,
          -2.022611886154778
        ],
        "radius": 5.414889702756183,
        "object_center": [
          6.681215098348652,
          -2.022611886154778,
          1.2999999996065974
        ],
        "object_height": 2.6000000007868054,
        "occupancy_ratio": 0.3,
        "fov_vertical": 90.0,
        "sample_distance": 5.414889702756183,
        "min_distance": 2.6000000007868054
      },
      "sample_point": [
        8.825383476689339,
        2.949668522102464,
        1.5
      ],
      "sample_forward": [
        -0.39570655069109034,
        -0.9176349904679608,
        -0.03691002586053215
      ],
      "height": 1.5
    },
    "sample_target": [
      8.825383476689339,
      2.949668522102464,
      1.5
    ],
    "camera_params": {
      "forward": [
        -0.39570655069109034,
        -0.9176349904679608,
        -0.03691002586053215
      ]
    },
    "task_type": "screen_occupancy",
    "task_description": "Position where wardrobe occupies 30% of vertical FOV",
    "target_object": {
      "label": "wardrobe",
      "id": "85",
      "bbox_min": [
        5.581215,
        -2.319262001358962,
        -7.868052307458129e-10
      ],
      "bbox_max": [
        7.781215196697303,
        -1.7259617709505943,
        2.6
      ],
      "center": [
        6.681215098348652,
        -2.0226118861547784,
        1.2999999996065974
      ]
    }
  },
  {
    "scene_id": "0361_840315",
    "object_label": "wardrobe",
    "preset": "occupancy_20",
    "distance": 7.892189396793593,
    "init_camera": {
      "intrinsics": [
        [
          320.0,
          0.0,
          320.0
        ],
        [
          0.0,
          320.0,
          240.0
        ],
        [
          0.0,
          0.0,
          1.0
        ]
      ],
      "extrinsics": [
        [
          -0.6427876096865395,
          -0.12048631602802484,
          0.7565098389865527,
          9.730534244767552
        ],
        [
          -0.7660444431189779,
          0.1011000233410249,
          -0.6347871268756,
          -1.4161558097251838
        ],
        [
          0.0,
          -0.9875534582646346,
          -0.15728371520777618,
          1.6
        ],
        [
          0.0,
          0.0,
          0.0,
          1.0
        ]
      ]
    },
    "target_region": {
      "type": "circle",
      "params": {
        "center": [
          11.41397898852576,
          -2.8287336733200266
        ],
        "radius": 7.892189396793593,
        "object_center": [
          11.41397898852576,
          -2.8287336733200266,
          1.2500000000000002
        ],
        "object_height": 2.5000000010927854,
        "occupancy_ratio": 0.2,
        "fov_vertical": 90.0,
        "sample_distance": 7.892189396793593,
        "min_distance": 2.6000000863299935
      },
      "sample_point": [
        19.195335097119973,
        -4.146743759057133,
        1.5
      ],
      "sample_forward": [
        -0.9854622904494366,
        0.16691810782074576,
        -0.03166100730697281
      ],
      "height": 1.5
    },
    "sample_target": [
      19.195335097119973,
      -4.146743759057133,
      1.5
    ],
    "camera_params": {
      "forward": [
        -0.9854622904494366,
        0.16691810782074576,
        -0.03166100730697281
      ]
    },
    "task_type": "screen_occupancy",
    "task_description": "Position where wardrobe occupies 20% of vertical FOV",
    "target_object": {
      "label": "wardrobe",
      "id": "95",
      "bbox_min": [
        10.113978945360763,
        -3.579261767752654,
        -5.463925845106132e-10
      ],
      "bbox_max": [
        12.713979031690757,
        -2.0782055788873985,
        2.5000000005463927
      ],
      "center": [
        11.41397898852576,
        -2.828733673320026,
        1.25
      ]
    }
  },
  {
    "scene_id": "0361_840315",
    "object_label": "wardrobe",
    "preset": "occupancy_30",
    "distance": 5.206624714888911,
    "init_camera": {
      "intrinsics": [
        [
          320.0,
          0.0,
          320.0
        ],
        [
          0.0,
          320.0,
          240.0
        ],
        [
          0.0,
          0.0,
          1.0
        ]
      ],
      "extrinsics": [
        [
          -0.6427876096865395,
          -0.12048631602802484,
          0.7565098389865527,
          9.730534244767552
        ],
        [
          -0.7660444431189779,
          0.1011000233410249,
          -0.6347871268756,
          -1.4161558097251838
        ],
        [
          0.0,
          -0.9875534582646346,
          -0.15728371520777618,
          1.6
        ],
        [
          0.0,
          0.0,
          0.0,
          1.0
        ]
      ]
    },
    "target_region": {
      "type": "circle",
      "params": {
        "center": [
          11.41397898852576,
          -2.8287336733200266
        ],
        "radius": 5.206624714888911,
        "object_center": [
          11.41397898852576,
          -2.8287336733200266,
          1.2500000000000002
        ],
        "object_height": 2.5000000010927854,
        "occupancy_ratio": 0.3,
        "fov_vertical": 90.0,
        "sample_distance": 5.206624714888911,
        "min_distance": 2.6000000863299935
      },
      "sample_point": [
        6.6457604663469745,
        -0.737553851677899,
        1.5
      ],
      "sample_forward": [
        0.9147445179159918,
        -0.4011760931102632,
        -0.04796049686382707
      ],
      "height": 1.5
    },
    "sample_target": [
      6.6457604663469745,
      -0.737553851677899,
      1.5
    ],
    "camera_params": {
      "forward": [
        0.9147445179159918,
        -0.4011760931102632,
        -0.04796049686382707
      ]
    },
    "task_type": "screen_occupancy",
    "task_description": "Position where wardrobe occupies 30% of vertical FOV",
    "target_object": {
      "label": "wardrobe",
      "id": "95",
      "bbox_min": [
        10.113978945360763,
        -3.579261767752654,
        -5.463925845106132e-10
      ],
      "bbox_max": [
        12.713979031690757,
        -2.0782055788873985,
        2.5000000005463927
      ],
      "center": [
        11.41397898852576,
        -2.828733673320026,
        1.25
      ]
    }
  },
  {
    "scene_id": "0361_840315",
    "object_label": "wardrobe",
    "preset": "occupancy_20",
    "distance": 7.892189396793593,
    "init_camera": {
      "intrinsics": [
        [
          320.0,
          0.0,
          320.0
        ],
        [
          0.0,
          320.0,
          240.0
        ],
        [
          0.0,
          0.0,
          1.0
        ]
      ],
      "extrinsics": [
        [
          -0.984807753012208,
          0.027312030522514782,
          -0.17148685837632865,
          11.795584931343338
        ],
        [
          0.17364817766693025,
          0.15489422215918214,
          -0.9725503022130302,
          -0.6645388275606132
        ],
        [
          0.0,
          -0.9875534582646346,
          -0.1572837152077762,
          1.6
        ],
        [
          0.0,
          0.0,
          0.0,
          1.0
        ]
      ]
    },
    "target_region": {
      "type": "circle",
      "params": {
        "center": [
          11.41397898852576,
          -2.8287336733200266
        ],
        "radius": 7.892189396793593,
        "object_center": [
          11.41397898852576,
          -2.8287336733200266,
          1.2500000000000002
        ],
        "object_height": 2.5000000010927854,
        "occupancy_ratio": 0.2,
        "fov_vertical": 90.0,
        "sample_distance": 7.892189396793593,
        "min_distance": 2.6000000863299935
      },
      "sample_point": [
        12.10871197326302,
        5.0328183079861635,
        1.5
      ],
      "sample_forward": [
        -0.08798378442464584,
        -0.9956186188971283,
        -0.031661007306972806
      ],
      "height": 1.5
    },
    "sample_target": [
      12.10871197326302,
      5.0328183079861635,
      1.5
    ],
    "camera_params": {
      "forward": [
        -0.08798378442464584,
        -0.9956186188971283,
        -0.031661007306972806
      ]
    },
    "task_type": "screen_occupancy",
    "task_description": "Position where wardrobe occupies 20% of vertical FOV",
    "target_object": {
      "label": "wardrobe",
      "id": "95",
      "bbox_min": [
        10.113978945360763,
        -3.579261767752654,
        -5.463925845106132e-10
      ],
      "bbox_max": [
        12.713979031690757,
        -2.0782055788873985,
        2.5000000005463927
      ],
      "center": [
        11.41397898852576,
        -2.828733673320026,
        1.25
      ]
    }
  },
  {
    "scene_id": "0361_840315",
    "object_label": "wardrobe",
    "preset": "occupancy_30",
    "distance": 5.206624714888911,
    "init_camera": {
      "intrinsics": [
        [
          320.0,
          0.0,
          320.0
        ],
        [
          0.0,
          320.0,
          240.0
        ],
        [
          0.0,
          0.0,
          1.0
        ]
      ],
      "extrinsics": [
        [
          -0.984807753012208,
          0.027312030522514782,
          -0.17148685837632865,
          11.795584931343338
        ],
        [
          0.17364817766693025,
          0.15489422215918214,
          -0.9725503022130302,
          -0.6645388275606132
        ],
        [
          0.0,
          -0.9875534582646346,
          -0.1572837152077762,
          1.6
        ],
        [
          0.0,
          0.0,
          0.0,
          1.0
        ]
      ]
    },
    "target_region": {
      "type": "circle",
      "params": {
        "center": [
          11.41397898852576,
          -2.8287336733200266
        ],
        "radius": 5.206624714888911,
        "object_center": [
          11.41397898852576,
          -2.8287336733200266,
          1.2500000000000002
        ],
        "object_height": 2.5000000010927854,
        "occupancy_ratio": 0.3,
        "fov_vertical": 90.0,
        "sample_distance": 5.206624714888911,
        "min_distance": 2.6000000863299935
      },
      "sample_point": [
        16.4930548146658,
        -3.97412865934532,
        1.5
      ],
      "sample_forward": [
        -0.9743800009229183,
        0.21973485054043757,
        -0.04796049686382708
      ],
      "height": 1.5
    },
    "sample_target": [
      16.4930548146658,
      -3.97412865934532,
      1.5
    ],
    "camera_params": {
      "forward": [
        -0.9743800009229183,
        0.21973485054043757,
        -0.04796049686382708
      ]
    },
    "task_type": "screen_occupancy",
    "task_description": "Position where wardrobe occupies 30% of vertical FOV",
    "target_object": {
      "label": "wardrobe",
      "id": "95",
      "bbox_min": [
        10.113978945360763,
        -3.579261767752654,
        -5.463925845106132e-10
      ],
      "bbox_max": [
        12.713979031690757,
        -2.0782055788873985,
        2.5000000005463927
      ],
      "center": [
        11.41397898852576,
        -2.828733673320026,
        1.25
      ]
    }
  },
  {
    "scene_id": "0361_840315",
    "object_label": "wardrobe",
    "preset": "occupancy_20",
    "distance": 7.892189396793593,
    "init_camera": {
      "intrinsics": [
        [
          320.0,
          0.0,
          320.0
        ],
        [
          0.0,
          320.0,
          240.0
        ],
        [
          0.0,
          0.0,
          1.0
        ]
      ],
      "extrinsics": [
        [
          -0.8660254037844388,
          -0.07864185760388807,
          0.49377672913231696,
          10.315188468680724
        ],
        [
          -0.4999999999999997,
          0.1362116929715311,
          -0.8552463824523491,
          -0.925572666073404
        ],
        [
          0.0,
          -0.9875534582646346,
          -0.15728371520777623,
          1.6
        ],
        [
          0.0,
          0.0,
          0.0,
          1.0
        ]
      ]
    },
    "target_region": {
      "type": "circle",
      "params": {
        "center": [
          11.41397898852576,
          -2.8287336733200266
        ],
        "radius": 7.892189396793593,
        "object_center": [
          11.41397898852576,
          -2.8287336733200266,
          1.2500000000000002
        ],
        "object_height": 2.5000000010927854,
        "occupancy_ratio": 0.2,
        "fov_vertical": 90.0,
        "sample_distance": 7.892189396793593,
        "min_distance": 2.6000000863299935
      },
      "sample_point": [
        19.29911237858569,
        -2.495079817021052,
        1.5
      ],
      "sample_forward": [
        -0.9986050635165722,
        -0.04225526872912599,
        -0.03166100730697282
      ],
      "height": 1.5
    },
    "sample_target": [
      19.29911237858569,
      -2.495079817021052,
      1.5
    ],
    "camera_params": {
      "forward": [
        -0.9986050635165722,
        -0.04225526872912599,
        -0.03166100730697282
      ]
    },
    "task_type": "screen_occupancy",
    "task_description": "Position where wardrobe occupies 20% of vertical FOV",
    "target_object": {
      "label": "wardrobe",
      "id": "95",
      "bbox_min": [
        10.113978945360763,
        -3.579261767752654,
        -5.463925845106132e-10
      ],
      "bbox_max": [
        12.713979031690757,
        -2.0782055788873985,
        2.5000000005463927
      ],
      "center": [
