[
  {
    "scene_id": "0322_840511",
    "object_label": "wardrobe",
    "preset": "occupancy_20",
    "distance": 7.892189395827652,
    "init_camera": {
      "intrinsics": [
        [
          320.0,
          0.0,
          320.0
        ],
        [
          0.0,
          320.0,
          240.0
        ],
        [
          0.0,
          0.0,
          1.0
        ]
      ],
      "extrinsics": [
        [
          -0.984807753012208,
          0.025255983457641382,
          -0.17180170228095307,
          4.0246864601708126
        ],
        [
          0.17364817766693058,
          0.14323379981988701,
          -0.9743358707253421,
          2.5981167138821624
        ],
        [
          0.0,
          -0.9893665720493815,
          -0.14544341205862887,
          1.6
        ],
        [
          0.0,
          0.0,
          0.0,
          1.0
        ]
      ]
    },
    "target_region": {
      "type": "circle",
      "params": {
        "center": [
          3.6112569688324085,
          0.2534415559608778
        ],
        "radius": 7.892189395827652,
        "object_center": [
          3.6112569688324085,
          0.2534415559608778,
          1.2499999996065974
        ],
        "object_height": 2.5000000007868053,
        "occupancy_ratio": 0.2,
        "fov_vertical": 90.0,
        "sample_distance": 7.892189395827652,
        "min_distance": 2.5000000007868053
      },
      "sample_point": [
        -1.2797336224274063,
        -5.9404961653778185,
        1.5
      ],
      "sample_forward": [
        0.619414755467608,
        0.7844252299116304,
        -0.03166100736061617
      ],
      "height": 1.5
    },
    "sample_target": [
      -1.2797336224274063,
      -5.9404961653778185,
      1.5
    ],
    "camera_params": {
      "forward": [
        0.619414755467608,
        0.7844252299116304,
        -0.03166100736061617
      ]
    },
    "task_type": "screen_occupancy",
    "task_description": "Position where wardrobe occupies 20% of vertical FOV",
    "target_object": {
      "label": "wardrobe",
      "id": "87",
      "bbox_min": [
        2.5097567385756667,
        -0.04755856135896818,
        -7.868052307458129e-10
      ],
      "bbox_max": [
        4.71275719908915,
        0.5544416732807238,
        2.5
      ],
      "center": [
        3.6112569688324085,
        0.2534415559608778,
        1.2499999996065974
      ]
    }
  },
  {
    "scene_id": "0322_840511",
    "object_label": "wardrobe",
    "preset": "occupancy_30",
    "distance": 5.206624714251662,
    "init_camera": {
      "intrinsics": [
        [
          320.0,
          0.0,
          320.0
        ],
        [
          0.0,
          320.0,
          240.0
        ],
        [
          0.0,
          0.0,
          1.0
        ]
      ],
      "extrinsics": [
        [
          -0.984807753012208,
          0.025255983457641382,
          -0.17180170228095307,
          4.0246864601708126
        ],
        [
          0.17364817766693058,
          0.14323379981988701,
          -0.9743358707253421,
          2.5981167138821624
        ],
        [
          0.0,
          -0.9893665720493815,
          -0.14544341205862887,
          1.6
        ],
        [
          0.0,
          0.0,
          0.0,
          1.0
        ]
      ]
    },
    "target_region": {
      "type": "circle",
      "params": {
        "center": [
          3.6112569688324085,
          0.2534415559608778
        ],
        "radius": 5.206624714251662,
        "object_center": [
          3.6112569688324085,
          0.2534415559608778,
          1.2499999996065974
        ],
        "object_height": 2.5000000007868053,
        "occupancy_ratio": 0.3,
        "fov_vertical": 90.0,
        "sample_distance": 5.206624714251662,
        "min_distance": 2.5000000007868053
      },
      "sample_point": [
        4.29768851196023,
        5.414619004146065,
        1.5
      ],
      "sample_forward": [
        -0.13168639150125913,
        -0.9901305393866849,
        -0.04796049694498113
      ],
      "height": 1.5
    },
    "sample_target": [
      4.29768851196023,
      5.414619004146065,
      1.5
    ],
    "camera_params": {
      "forward": [
        -0.13168639150125913,
        -0.9901305393866849,
        -0.04796049694498113
      ]
    },
    "task_type": "screen_occupancy",
    "task_description": "Position where wardrobe occupies 30% of vertical FOV",
    "target_object": {
      "label": "wardrobe",
      "id": "87",
      "bbox_min": [
        2.5097567385756667,
        -0.04755856135896818,
        -7.868052307458129e-10
      ],
      "bbox_max": [
        4.71275719908915,
        0.5544416732807238,
        2.5
      ],
      "center": [
        3.6112569688324085,
        0.2534415559608778,
        1.2499999996065974
      ]
    }
  },
  {
    "scene_id": "0322_840511",
    "object_label": "wardrobe",
    "preset": "occupancy_50",
    "distance": 3.017766953916127,
    "init_camera": {
      "intrinsics": [
        [
          320.0,
          0.0,
          320.0
        ],
        [
          0.0,
          320.0,
          240.0
        ],
        [
          0.0,
          0.0,
          1.0
        ]
      ],
      "extrinsics": [
        [
          -0.984807753012208,
          0.025255983457641382,
          -0.17180170228095307,
          4.0246864601708126
        ],
        [
          0.17364817766693058,
          0.14323379981988701,
          -0.9743358707253421,
          2.5981167138821624
        ],
        [
          0.0,
          -0.9893665720493815,
          -0.14544341205862887,
          1.6
        ],
        [
          0.0,
          0.0,
          0.0,
          1.0
        ]
      ]
    },
    "target_region": {
      "type": "circle",
      "params": {
        "center": [
          3.6112569688324085,
          0.2534415559608778
        ],
        "radius": 3.017766953916127,
        "object_center": [
          3.6112569688324085,
          0.2534415559608778,
          1.2499999996065974
        ],
        "object_height": 2.5000000007868053,
        "occupancy_ratio": 0.5,
        "fov_vertical": 90.0,
        "sample_distance": 3.017766953916127,
        "min_distance": 2.5000000007868053
      },
      "sample_point": [
        0.6031610980151441,
        0.012036046246737403,
        1.5
      ],
      "sample_forward": [
        0.9933923299650059,
        0.07972165517988165,
        -0.08255989620921934
      ],
      "height": 1.5
    },
    "sample_target": [
      0.6031610980151441,
      0.012036046246737403,
      1.5
    ],
    "camera_params": {
      "forward": [
        0.9933923299650059,
        0.07972165517988165,
        -0.08255989620921934
      ]
    },
    "task_type": "screen_occupancy",
    "task_description": "Position where wardrobe occupies 50% of vertical FOV",
    "target_object": {
      "label": "wardrobe",
      "id": "87",
      "bbox_min": [
        2.5097567385756667,
        -0.04755856135896818,
        -7.868052307458129e-10
      ],
      "bbox_max": [
        4.71275719908915,
        0.5544416732807238,
        2.5
      ],
      "center": [
        3.6112569688324085,
        0.2534415559608778,
        1.2499999996065974
      ]
    }
  },
  {
    "scene_id": "0322_840511",
    "object_label": "wardrobe",
    "preset": "occupancy_20",
    "distance": 7.892189395827652,
    "init_camera": {
      "intrinsics": [
        [
          320.0,
          0.0,
          320.0
        ],
        [
          0.0,
          320.0,
          240.0
        ],
        [
          0.0,
          0.0,
          1.0
        ]
      ],
      "extrinsics": [
        [
          -1.0,
          -0.0,
          0.0,
          3.6112569688324085
        ],
        [
          -0.0,
          0.1807321783151184,
          -0.9835323480808714,
          2.158117997225425
        ],
        [
          0.0,
          -0.9835323480808714,
          -0.1807321783151184,
          1.6
        ],
        [
          0.0,
          0.0,
          0.0,
          1.0
        ]
      ]
    },
    "target_region": {
      "type": "circle",
      "params": {
        "center": [
          3.6112569688324085,
          0.2534415559608778
        ],
        "radius": 7.892189395827652,
        "object_center": [
          3.6112569688324085,
          0.2534415559608778,
          1.2499999996065974
        ],
        "object_height": 2.5000000007868053,
        "occupancy_ratio": 0.2,
        "fov_vertical": 90.0,
        "sample_distance": 7.892189395827652,
        "min_distance": 2.5000000007868053
      },
      "sample_point": [
        -2.243042020450456,
        5.5462514716574605,
        1.5
      ],
      "sample_forward": [
        0.7414120123970364,
        -0.6703027737420514,
        -0.03166100736061617
      ],
      "height": 1.5
    },
    "sample_target": [
      -2.243042020450456,
      5.5462514716574605,
      1.5
    ],
    "camera_params": {
      "forward": [
        0.7414120123970364,
        -0.6703027737420514,
        -0.03166100736061617
      ]
    },
    "task_type": "screen_occupancy",
    "task_description": "Position where wardrobe occupies 20% of vertical FOV",
    "target_object": {
      "label": "wardrobe",
      "id": "87",
      "bbox_min": [
        2.5097567385756667,
        -0.04755856135896818,
        -7.868052307458129e-10
      ],
      "bbox_max": [
        4.71275719908915,
        0.5544416732807238,
        2.5
      ],
      "center": [
        3.6112569688324085,
        0.2534415559608778,
        1.2499999996065974
      ]
    }
  },
  {
    "scene_id": "0322_840511",
    "object_label": "wardrobe",
    "preset": "occupancy_30",
    "distance": 5.206624714251662,
    "init_camera": {
      "intrinsics": [
        [
          320.0,
          0.0,
          320.0
        ],
        [
          0.0,
          320.0,
          240.0
        ],
        [
          0.0,
          0.0,
          1.0
        ]
      ],
      "extrinsics": [
        [
          -1.0,
          -0.0,
          0.0,
          3.6112569688324085
        ],
        [
          -0.0,
          0.1807321783151184,
          -0.9835323480808714,
          2.158117997225425
        ],
        [
          0.0,
          -0.9835323480808714,
          -0.1807321783151184,
          1.6
        ],
        [
          0.0,
          0.0,
          0.0,
          1.0
        ]
      ]
    },
    "target_region": {
      "type": "circle",
      "params": {
        "center": [
          3.6112569688324085,
          0.2534415559608778
        ],
        "radius": 5.206624714251662,
        "object_center": [
          3.6112569688324085,
          0.2534415559608778,
          1.2499999996065974
        ],
        "object_height": 2.5000000007868053,
        "occupancy_ratio": 0.3,
        "fov_vertical": 90.0,
        "sample_distance": 5.206624714251662,
        "min_distance": 2.5000000007868053
      },
      "sample_point": [
        -1.0167133882708002,
        2.638987885175676,
        1.5
      ],
      "sample_forward": [
        0.8878390312961338,
        -0.45764794901750955,
        -0.04796049694498113
      ],
      "height": 1.5
    },
    "sample_target": [
      -1.0167133882708002,
      2.638987885175676,
      1.5
    ],
    "camera_params": {
      "forward": [
        0.8878390312961338,
        -0.45764794901750955,
        -0.04796049694498113
      ]
    },
    "task_type": "screen_occupancy",
    "task_description": "Position where wardrobe occupies 30% of vertical FOV",
    "target_object": {
      "label": "wardrobe",
      "id": "87",
      "bbox_min": [
        2.5097567385756667,
        -0.04755856135896818,
        -7.868052307458129e-10
      ],
      "bbox_max": [
        4.71275719908915,
        0.5544416732807238,
        2.5
      ],
      "center": [
        3.6112569688324085,
        0.2534415559608778,
        1.2499999996065974
      ]
    }
  },
  {
    "scene_id": "0322_840511",
    "object_label": "wardrobe",
    "preset": "occupancy_50",
    "distance": 3.017766953916127,
    "init_camera": {
      "intrinsics": [
        [
          320.0,
          0.0,
          320.0
        ],
        [
          0.0,
          320.0,
          240.0
        ],
        [
          0.0,
          0.0,
          1.0
        ]
      ],
      "extrinsics": [
        [
          -1.0,
          -0.0,
          0.0,
          3.6112569688324085
        ],
        [
          -0.0,
          0.1807321783151184,
          -0.9835323480808714,
          2.158117997225425
        ],
        [
          0.0,
          -0.9835323480808714,
          -0.1807321783151184,
          1.6
        ],
        [
          0.0,
          0.0,
          0.0,
          1.0
        ]
      ]
    },
    "target_region": {
      "type": "circle",
      "params": {
        "center": [
          3.6112569688324085,
          0.2534415559608778
        ],
        "radius": 3.017766953916127,
        "object_center": [
          3.6112569688324085,
          0.2534415559608778,
          1.2499999996065974
        ],
        "object_height": 2.5000000007868053,
        "occupancy_ratio": 0.5,
        "fov_vertical": 90.0,
        "sample_distance": 3.017766953916127,
        "min_distance": 2.5000000007868053
      },
      "sample_point": [
        5.914926357898658,
        2.2028067690565027,
        1.5
      ],
      "sample_forward": [
        -0.7607628214495168,
        -0.6437575576551265,
        -0.08255989620921936
      ],
      "height": 1.5
    },
    "sample_target": [
      5.914926357898658,
      2.2028067690565027,
      1.5
    ],
    "camera_params": {
      "forward": [
        -0.7607628214495168,
        -0.6437575576551265,
        -0.08255989620921936
      ]
    },
    "task_type": "screen_occupancy",
    "task_description": "Position where wardrobe occupies 50% of vertical FOV",
    "target_object": {
      "label": "wardrobe",
      "id": "87",
      "bbox_min": [
        2.5097567385756667,
        -0.04755856135896818,
        -7.868052307458129e-10
      ],
      "bbox_max": [
        4.71275719908915,
        0.5544416732807238,
        2.5
      ],
      "center": [
        3.6112569688324085,
        0.2534415559608778,
        1.2499999996065974
      ]
    }
  },
  {
    "scene_id": "0322_840511",
    "object_label": "wardrobe",
    "preset": "occupancy_20",
    "distance": 7.892189395827652,
    "init_camera": {
      "intrinsics": [
        [
          320.0,
          0.0,
          320.0
        ],
        [
          0.0,
          320.0,
          240.0
        ],
        [
          0.0,
          0.0,
          1.0
        ]
      ],
      "extrinsics": [
        [
          -0.9848077530122081,
          -0.02525598345764133,
          0.17180170228095273,
          3.1978274774940054
        ],
        [
          -0.17364817766693025,
          0.143233799819887,
          -0.9743358707253423,
          2.5981167138821624
        ],
        [
          0.0,
          -0.9893665720493814,
          -0.1454434120586289,
          1.6
        ],
        [
          0.0,
          0.0,
          0.0,
          1.0
        ]
      ]
    },
    "target_region": {
      "type": "circle",
      "params": {
        "center": [
          3.6112569688324085,
          0.2534415559608778
        ],
        "radius": 7.892189395827652,
        "object_center": [
          3.6112569688324085,
          0.2534415559608778,
          1.2499999996065974
        ],
        "object_height": 2.5000000007868053,
        "occupancy_ratio": 0.2,
        "fov_vertical": 90.0,
        "sample_distance": 7.892189395827652,
        "min_distance": 2.5000000007868053
      },
      "sample_point": [
        0.22070499776511587,
        7.380208760739362,
        1.5
      ],
      "sample_forward": [
        0.4293931629743552,
        -0.9025625142912761,
        -0.03166100736061617
      ],
      "height": 1.5
    },
    "sample_target": [
      0.22070499776511587,
      7.380208760739362,
      1.5
    ],
    "camera_params": {
      "forward": [
        0.4293931629743552,
        -0.9025625142912761,
        -0.03166100736061617
      ]
    },
    "task_type": "screen_occupancy",
    "task_description": "Position where wardrobe occupies 20% of vertical FOV",
    "target_object": {
      "label": "wardrobe",
      "id": "87",
      "bbox_min": [
        2.5097567385756667,
        -0.04755856135896818,
        -7.868052307458129e-10
      ],
      "bbox_max": [
        4.71275719908915,
        0.5544416732807238,
        2.5
      ],
      "center": [
        3.6112569688324085,
        0.2534415559608778,
        1.2499999996065974
      ]
    }
  },
  {
    "scene_id": "0322_840511",
    "object_label": "wardrobe",
    "preset": "occupancy_30",
    "distance": 5.206624714251662,
    "init_camera": {
      "intrinsics": [
        [
          320.0,
          0.0,
          320.0
        ],
        [
          0.0,
          320.0,
          240.0
        ],
        [
          0.0,
          0.0,
          1.0
        ]
      ],
      "extrinsics": [
        [
          -0.9848077530122081,
          -0.02525598345764133,
          0.17180170228095273,
          3.1978274774940054
        ],
        [
          -0.17364817766693025,
          0.143233799819887,
          -0.9743358707253423,
          2.5981167138821624
        ],
        [
          0.0,
          -0.9893665720493814,
          -0.1454434120586289,
          1.6
        ],
        [
          0.0,
          0.0,
          0.0,
          1.0
        ]
      ]
    },
    "target_region": {
      "type": "circle",
      "params": {
        "center": [
          3.6112569688324085,
          0.2534415559608778
        ],
        "radius": 5.206624714251662,
        "object_center": [
          3.6112569688324085,
          0.2534415559608778,
          1.2499999996065974
        ],
        "object_height": 2.5000000007868053,
        "occupancy_ratio": 0.3,
        "fov_vertical": 90.0,
        "sample_distance": 5.206624714251662,
        "min_distance": 2.5000000007868053
      },
      "sample_point": [
        7.998658041624173,
        3.05694877755348,
        1.5
      ],
      "sample_forward": [
        -0.8416877416676569,
        -0.5378303972993627,
        -0.04796049694498115
      ],
      "height": 1.5
    },
    "sample_target": [
      7.998658041624173,
      3.05694877755348,
      1.5
    ],
    "camera_params": {
      "forward": [
        -0.8416877416676569,
        -0.5378303972993627,
        -0.04796049694498115
      ]
    },
    "task_type": "screen_occupancy",
    "task_description": "Position where wardrobe occupies 30% of vertical FOV",
    "target_object": {
      "label": "wardrobe",
      "id": "87",
      "bbox_min": [
        2.5097567385756667,
        -0.04755856135896818,
        -7.868052307458129e-10
      ],
      "bbox_max": [
        4.71275719908915,
        0.5544416732807238,
        2.5
      ],
      "center": [
        3.6112569688324085,
        0.2534415559608778,
        1.2499999996065974
      ]
    }
  },
  {
    "scene_id": "0322_840511",
    "object_label": "wardrobe",
    "preset": "occupancy_50",
    "distance": 3.017766953916127,
    "init_camera": {
      "intrinsics": [
        [
          320.0,
          0.0,
          320.0
        ],
        [
          0.0,
          320.0,
          240.0
        ],
        [
          0.0,
          0.0,
          1.0
        ]
      ],
      "extrinsics": [
        [
          -0.9848077530122081,
          -0.02525598345764133,
          0.17180170228095273,
          3.1978274774940054
        ],
        [
          -0.17364817766693025,
          0.143233799819887,
          -0.9743358707253423,
          2.5981167138821624
        ],
        [
          0.0,
          -0.9893665720493814,
          -0.1454434120586289,
          1.6
        ],
        [
          0.0,
          0.0,
          0.0,
          1.0
        ]
      ]
    },
    "target_region": {
      "type": "circle",
      "params": {
        "center": [
          3.6112569688324085,
          0.2534415559608778
        ],
        "radius": 3.017766953916127,
        "object_center": [
          3.6112569688324085,
          0.2534415559608778,
          1.2499999996065974
        ],
        "object_height": 2.5000000007868053,
        "occupancy_ratio": 0.5,
        "fov_vertical": 90.0,
        "sample_distance": 3.017766953916127,
        "min_distance": 2.5000000007868053
      },
      "sample_point": [
        0.7643615814057854,
        1.2544930237672223,
        1.5
      ],
      "sample_forward": [
        0.9401575493383474,
        -0.330586820608499,
        -0.08255989620921934
      ],
      "height": 1.5
    },
    "sample_target": [
      0.7643615814057854,
      1.2544930237672223,
      1.5
    ],
    "camera_params": {
      "forward": [
        0.9401575493383474,
        -0.330586820608499,
        -0.08255989620921934
      ]
    },
    "task_type": "screen_occupancy",
    "task_description": "Position where wardrobe occupies 50% of vertical FOV",
    "target_object": {
      "label": "wardrobe",
      "id": "87",
      "bbox_min": [
        2.5097567385756667,
        -0.04755856135896818,
        -7.868052307458129e-10
      ],
      "bbox_max": [
        4.71275719908915,
        0.5544416732807238,
        2.5
      ],
      "center": [
        3.6112569688324085,
        0.2534415559608778,
        1.2499999996065974
      ]
    }
  },
  {
    "scene_id": "0322_840511",
    "object_label": "wardrobe",
    "preset": "occupancy_20",
    "distance": 7.892189395827652,
    "init_camera": {
      "intrinsics": [
        [
          320.0,
          0.0,
          320.0
        ],
        [
          0.0,
          320.0,
          240.0
        ],
        [
          0.0,
          0.0,
          1.0
        ]
      ],
      "extrinsics": [
        [
          -1.0,
          -0.0,
          0.0,
          3.6112569688324085
        ],
        [
          -0.0,
          0.1454434120586289,
          -0.9893665720493814,
          2.634287107541562
        ],
        [
          0.0,
          -0.9893665720493815,
          -0.14544341205862887,
          1.6
        ],
        [
          0.0,
          0.0,
          0.0,
          1.0
        ]
      ]
    },
    "target_region": {
      "type": "circle",
      "params": {
        "center": [
          3.6112569688324085,
          0.2534415559608778
        ],
        "radius": 7.892189395827652,
        "object_center": [
          3.6112569688324085,
          0.2534415559608778,
          1.2499999996065974
        ],
        "object_height": 2.5000000007868053,
        "occupancy_ratio": 0.2,
        "fov_vertical": 90.0,
        "sample_distance": 7.892189395827652,
        "min_distance": 2.5000000007868053
      },
      "sample_point": [
        7.163499843500352,
        7.301010216072339,
        1.5
      ],
      "sample_forward": [
        -0.4498703504983116,
        -0.8925324914844486,
        -0.03166100736061617
      ],
      "height": 1.5
    },
    "sample_target": [
      7.163499843500352,
      7.301010216072339,
      1.5
    ],
    "camera_params": {
      "forward": [
        -0.4498703504983116,
        -0.8925324914844486,
        -0.03166100736061617
      ]
    },
    "task_type": "screen_occupancy",
    "task_description": "Position where wardrobe occupies 20% of vertical FOV",
    "target_object": {
      "label": "wardrobe",
      "id": "87",
      "bbox_min": [
        2.5097567385756667,
        -0.04755856135896818,
        -7.868052307458129e-10
      ],
      "bbox_max": [
        4.71275719908915,
        0.5544416732807238,
        2.5
      ],
      "center": [
        3.6112569688324085,
        0.2534415559608778,
        1.2499999996065974
      ]
    }
  },
  {
    "scene_id": "0322_840511",
    "object_label": "wardrobe",
    "preset": "occupancy_30",
    "distance": 5.206624714251662,
    "init_camera": {
      "intrinsics": [
        [
          320.0,
          0.0,
          320.0
        ],
        [
          0.0,
          320.0,
          240.0
        ],
        [
          0.0,
          0.0,
          1.0
        ]
      ],
      "extrinsics": [
        [
          -1.0,
          -0.0,
          0.0,
          3.6112569688324085
        ],
        [
          -0.0,
          0.1454434120586289,
          -0.9893665720493814,
          2.634287107541562
        ],
        [
          0.0,
          -0.9893665720493815,
          -0.14544341205862887,
          1.6
        ],
        [
          0.0,
          0.0,
          0.0,
          1.0
        ]
      ]
    },
    "target_region": {
      "type": "circle",
      "params": {
        "center": [
          3.6112569688324085,
          0.2534415559608778
        ],
        "radius": 5.206624714251662,
        "object_center": [
          3.6112569688324085,
          0.2534415559608778,
          1.2499999996065974
        ],
        "object_height": 2.5000000007868053,
        "occupancy_ratio": 0.3,
        "fov_vertical": 90.0,
        "sample_distance": 5.206624714251662,
        "min_distance": 2.5000000007868053
      },
      "sample_point": [
        -1.2961158107128434,
        -1.4862806395733725,
        1.5
      ],
      "sample_forward": [
        0.9414401473235943,
        0.3337517636509498,
        -0.047960496944981126
      ],
      "height": 1.5
    },
    "sample_target": [
      -1.2961158107128434,
      -1.4862806395733725,
      1.5
    ],
    "camera_params": {
      "forward": [
        0.9414401473235943,
        0.3337517636509498,
        -0.047960496944981126
      ]
    },
    "task_type": "screen_occupancy",
    "task_description": "Position where wardrobe occupies 30% of vertical FOV",
    "target_object": {
      "label": "wardrobe",
      "id": "87",
      "bbox_min": [
        2.5097567385756667,
        -0.04755856135896818,
        -7.868052307458129e-10
      ],
      "bbox_max": [
        4.71275719908915,
        0.5544416732807238,
        2.5
      ],
      "center": [
        3.6112569688324085,
        0.2534415559608778,
        1.2499999996065974
      ]
    }
  },
  {
    "scene_id": "0322_840511",
    "object_label": "wardrobe",
    "preset": "occupancy_20",
    "distance": 7.892189395827652,
    "init_camera": {
      "intrinsics": [
        [
          320.0,
          0.0,
          320.0
        ],
        [
          0.0,
          320.0,
          240.0
        ],
        [
          0.0,
          0.0,
          1.0
        ]
      ],
      "extrinsics": [
        [
          -0.3420201433256689,
          -0.1698326943012797,
          0.9242180897958322,
          1.8214465719913489
        ],
        [
          -0.9396926207859083,
          0.06181404553089714,
          -0.33638787465605124,
          0.9048792653912032
        ],
        [
          0.0,
          -0.9835323480808713,
          -0.1807321783151184,
          1.6
        ],
        [
          0.0,
          0.0,
          0.0,
          1.0
        ]
      ]
    },
    "target_region": {
      "type": "circle",
      "params": {
        "center": [
          3.6112569688324085,
          0.2534415559608778
        ],
        "radius": 7.892189395827652,
        "object_center": [
          3.6112569688324085,
          0.2534415559608778,
          1.2499999996065974
        ],
        "object_height": 2.5000000007868053,
        "occupancy_ratio": 0.2,
        "fov_vertical": 90.0,
        "sample_distance": 7.892189395827652,
        "min_distance": 2.5000000007868053
      },
      "sample_point": [
        -4.083371676644944,
        -1.5013642645827492,
        1.5
      ],
      "sample_forward": [
        0.9744787751932158,
        0.22223567965302304,
        -0.03166100736061617
      ],
      "height": 1.5
    },
    "sample_target": [
      -4.083371676644944,
      -1.5013642645827492,
      1.5
    ],
    "camera_params": {
      "forward": [
        0.9744787751932158,
        0.22223567965302304,
        -0.03166100736061617
      ]
    },
    "task_type": "screen_occupancy",
    "task_description": "Position where wardrobe occupies 20% of vertical FOV",
    "target_object": {
      "label": "wardrobe",
      "id": "87",
      "bbox_min": [
        2.5097567385756667,
        -0.04755856135896818,
        -7.868052307458129e-10
      ],
      "bbox_max": [
        4.71275719908915,
        0.5544416732807238,
        2.5
      ],
      "center": [
        3.6112569688324085,
        0.2534415559608778,
        1.2499999996065974
      ]
    }
  },
  {
    "scene_id": "0322_840511",
    "object_label": "wardrobe",
    "preset": "occupancy_30",
    "distance": 5.206624714251662,
    "init_camera": {
      "intrinsics": [
        [
          320.0,
          0.0,
          320.0
        ],
        [
          0.0,
          320.0,
          240.0
        ],
        [
          0.0,
          0.0,
          1.0
        ]
      ],
      "extrinsics": [
        [
          -0.3420201433256689,
          -0.1698326943012797,
          0.9242180897958322,
          1.8214465719913489
        ],
        [
          -0.9396926207859083,
          0.06181404553089714,
          -0.33638787465605124,
          0.9048792653912032
        ],
        [
          0.0,
          -0.9835323480808713,
          -0.1807321783151184,
          1.6
        ],
        [
          0.0,
          0.0,
          0.0,
          1.0
        ]
      ]
    },
    "target_region": {
      "type": "circle",
      "params": {
        "center": [
          3.6112569688324085,
          0.2534415559608778
        ],
        "radius": 5.206624714251662,
        "object_center": [
          3.6112569688324085,
          0.2534415559608778,
          1.2499999996065974
        ],
        "object_height": 2.5000000007868053,
        "occupancy_ratio": 0.3,
        "fov_vertical": 90.0,
        "sample_distance": 5.206624714251662,
        "min_distance": 2.5000000007868053
      },
      "sample_point": [
        1.9920075837352416,
        5.201872857284425,
        1.5
      ],
      "sample_forward": [
        0.3106400202596346,
        -0.9493168957444529,
        -0.04796049694498113
      ],
      "height": 1.5
    },
    "sample_target": [
      1.9920075837352416,
      5.201872857284425,
      1.5
    ],
    "camera_params": {
      "forward": [
        0.3106400202596346,
        -0.9493168957444529,
        -0.04796049694498113
      ]
    },
    "task_type": "screen_occupancy",
    "task_description": "Position where wardrobe occupies 30% of vertical FOV",
    "target_object": {
      "label": "wardrobe",
      "id": "87",
      "bbox_min": [
        2.5097567385756667,
        -0.04755856135896818,
        -7.868052307458129e-10
      ],
      "bbox_max": [
        4.71275719908915,
        0.5544416732807238,
        2.5
      ],
      "center": [
        3.6112569688324085,
        0.2534415559608778,
        1.2499999996065974
      ]
    }
  },
  {
    "scene_id": "0322_840511",
    "object_label": "wardrobe",
    "preset": "occupancy_50",
    "distance": 3.017766953916127,
    "init_camera": {
      "intrinsics": [
        [
          320.0,
          0.0,
          320.0
        ],
        [
          0.0,
          320.0,
          240.0
        ],
        [
          0.0,
          0.0,
          1.0
        ]
      ],
      "extrinsics": [
        [
          -0.3420201433256689,
          -0.1698326943012797,
          0.9242180897958322,
          1.8214465719913489
        ],
        [
          -0.9396926207859083,
          0.06181404553089714,
          -0.33638787465605124,
          0.9048792653912032
        ],
        [
          0.0,
          -0.9835323480808713,
          -0.1807321783151184,
          1.6
        ],
        [
          0.0,
          0.0,
          0.0,
          1.0
        ]
      ]
    },
    "target_region": {
      "type": "circle",
      "params": {
        "center": [
          3.6112569688324085,
          0.2534415559608778
        ],
        "radius": 3.017766953916127,
        "object_center": [
          3.6112569688324085,
          0.2534415559608778,
          1.2499999996065974
        ],
        "object_height": 2.5000000007868053,
        "occupancy_ratio": 0.5,
        "fov_vertical": 90.0,
        "sample_distance": 3.017766953916127,
        "min_distance": 2.5000000007868053
      },
      "sample_point": [
        4.057654375654845,
        -2.7311265440044123,
        1.5
      ],
      "sample_forward": [
        -0.14741809406932152,
        0.9856225286989393,
        -0.08255989620921934
      ],
      "height": 1.5
    },
    "sample_target": [
      4.057654375654845,
      -2.7311265440044123,
      1.5
    ],
    "camera_params": {
      "forward": [
        -0.14741809406932152,
        0.9856225286989393,
        -0.08255989620921934
      ]
    },
    "task_type": "screen_occupancy",
    "task_description": "Position where wardrobe occupies 50% of vertical FOV",
    "target_object": {
      "label": "wardrobe",
      "id": "87",
      "bbox_min": [
        2.5097567385756667,
        -0.04755856135896818,
        -7.868052307458129e-10
      ],
      "bbox_max": [
        4.71275719908915,
        0.5544416732807238,
        2.5
      ],
      "center": [
        3.6112569688324085,
        0.2534415559608778,
        1.2499999996065974
      ]
    }
  },
  {
    "scene_id": "0322_840511",
    "object_label": "wardrobe",
    "preset": "right",
    "distance": 1.7000000262268342,
    "init_camera": {
      "intrinsics": [
        [
          320.0,
          0.0,
          320.0
        ],
        [
          0.0,
          320.0,
          240.0
        ],
        [
          0.0,
          0.0,
          1.0
        ]
      ],
      "extrinsics": [
        [
          -0.5000000000000001,
          0.4000679422412259,
          -0.7680791896613728,
          -2.708918670638485
        ],
        [
          0.8660254037844387,
          0.23097933414711144,
          -0.44345072690994325,
          3.0840207965260324
        ],
        [
          0.0,
          -0.8869014538198865,
          -0.4619586682942228,
          1.3117040050048827
        ],
        [
          0.0,
          0.0,
          0.0,
          1.0
        ]
      ]
    },
    "target_region": {
      "type": "circle",
      "params": {
        "center": [
          -3.7162432371546807,
          2.5024416868865833
        ],
        "radius": 1.7000000262268342,
        "object_center": [
          -3.7162432371546807,
          2.5024416868865833,
          0.7058520023057402
        ],
        "sample_distance": 1.7000000262268342,
        "min_distance": 1.7000000262268342,
        "requested_distance": 0.8
      },
      "sample_point": [
        -3.1838269874474188,
        4.116917771013844,
        1.5
      ],
      "sample_forward": [
        -0.2837517654948026,
        -0.8604366216698459,
        -0.4232419587753147
      ],
      "height": 1.5
    },
    "sample_target": [
      -3.1838269874474188,
      4.116917771013844,
      1.5
    ],
    "camera_params": {
      "forward": [
        -0.2837517654948026,
        -0.8604366216698459,
        -0.4232419587753147
      ]
    },
    "task_type": "absolute_positioning",
    "task_description": "Move to any position 1.7m from wardrobe",
    "target_object": {
      "label": "wardrobe",
      "id": "92",
      "bbox_min": [
        -4.0172432743093625,
        1.6524416737731662,
        0.19999999960659756
      ],
      "bbox_max": [
        -3.4152432,
        3.3524417000000004,
        1.2117040050048826
      ],
      "center": [
        -3.716243237154681,
        2.5024416868865833,
        0.7058520023057401
      ]
    }
  },
  {
    "scene_id": "0322_840511",
    "object_label": "wardrobe",
    "preset": "front",
    "distance": 1.7000000262268342,
    "init_camera": {
      "intrinsics": [
        [
          320.0,
          0.0,
          320.0
        ],
        [
          0.0,
          320.0,
          240.0
        ],
        [
          0.0,
          0.0,
          1.0
        ]
      ],
      "extrinsics": [
        [
          -0.5000000000000001,
          0.4000679422412259,
          -0.7680791896613728,
          -2.708918670638485
        ],
        [
          0.8660254037844387,
          0.23097933414711144,
          -0.44345072690994325,
          3.0840207965260324
        ],
        [
          0.0,
          -0.8869014538198865,
          -0.4619586682942228,
          1.3117040050048827
        ],
        [
          0.0,
          0.0,
          0.0,
          1.0
        ]
      ]
    },
    "target_region": {
      "type": "circle",
      "params": {
        "center": [
          -3.7162432371546807,
          2.5024416868865833
        ],
        "radius": 1.7000000262268342,
        "object_center": [
          -3.7162432371546807,
          2.5024416868865833,
          0.7058520023057402
        ],
        "sample_distance": 1.7000000262268342,
        "min_distance": 1.7000000262268342,
        "requested_distance": 1.0
      },
      "sample_point": [
        -2.3909570411404997,
        1.4377273647205393,
        1.5
      ],
      "sample_forward": [
        -0.7063125855224732,
        0.5674405483084495,
        -0.4232419587753148
      ],
      "height": 1.5
    },
    "sample_target": [
      -2.3909570411404997,
      1.4377273647205393,
      1.5
    ],
    "camera_params": {
      "forward": [
        -0.7063125855224732,
        0.5674405483084495,
        -0.4232419587753148
      ]
    },
    "task_type": "absolute_positioning",
    "task_description": "Move to any position 1.7m from wardrobe",
    "target_object": {
      "label": "wardrobe",
      "id": "92",
      "bbox_min": [
        -4.0172432743093625,
        1.6524416737731662,
        0.19999999960659756
      ],
      "bbox_max": [
        -3.4152432,
        3.3524417000000004,
        1.2117040050048826
      ],
      "center": [
        -3.716243237154681,
        2.5024416868865833,
        0.7058520023057401
      ]
    }
  },
  {
    "scene_id": "0322_840511",
    "object_label": "wardrobe",
    "preset": "right",
    "distance": 1.7000000262268342,
    "init_camera": {
      "intrinsics": [
        [
          320.0,
          0.0,
          320.0
        ],
        [
          0.0,
          320.0,
          240.0
        ],
        [
          0.0,
          0.0,
          1.0
        ]
      ],
      "extrinsics": [
        [
          -0.5000000000000001,
          0.4000679422412259,
          -0.7680791896613728,
          -2.708918670638485
        ],
        [
          0.8660254037844387,
          0.23097933414711144,
          -0.44345072690994325,
          3.0840207965260324
        ],
        [
          0.0,
          -0.8869014538198865,
          -0.4619586682942228,
          1.3117040050048827
        ],
        [
          0.0,
          0.0,
          0.0,
          1.0
        ]
      ]
    },
    "target_region": {
      "type": "circle",
      "params": {
        "center": [
          -3.7162432371546807,
          2.5024416868865833
        ],
        "radius": 1.7000000262268342,
        "object_center": [
          -3.7162432371546807,
          2.5024416868865833,
          0.7058520023057402
        ],
        "sample_distance": 1.7000000262268342,
        "min_distance": 1.7000000262268342,
        "requested_distance": 1.2
      },
      "sample_point": [
        -4.26751553649134,
        4.110576924096225,
        1.5
      ],
      "sample_forward": [
        0.29380111574574036,
        -0.857057261050038,
        -0.4232419587753147
      ],
      "height": 1.5
    },
