[
  {
    "scene_id": "0328_840489",
    "object_label": "wardrobe",
    "preset": "occupancy_20",
    "distance": 7.671208097229749,
    "init_camera": {
      "intrinsics": [
        [
          320.0,
          0.0,
          320.0
        ],
        [
          0.0,
          320.0,
          240.0
        ],
        [
          0.0,
          0.0,
          1.0
        ]
      ],
      "extrinsics": [
        [
          -0.4999999999999999,
          0.1696619849624087,
          -0.8492436698961114,
          -3.258639149028924
        ],
        [
          0.8660254037844387,
          0.09795439268929286,
          -0.49031106142210545,
          1.603857974493415
        ],
        [
          0.0,
          -0.9806221228442112,
          -0.19590878537858575,
          1.6
        ],
        [
          0.0,
          0.0,
          0.0,
          1.0
        ]
      ]
    },
    "target_region": {
      "type": "circle",
      "params": {
        "center": [
          -4.927573047415198,
          0.6402985390004086
        ],
        "radius": 7.671208097229749,
        "object_center": [
          -4.927573047415198,
          0.6402985390004086,
          1.2149999999999999
        ],
        "object_height": 2.430000002185569,
        "occupancy_ratio": 0.2,
        "fov_vertical": 90.0,
        "sample_distance": 7.671208097229749,
        "min_distance": 2.430000002185569
      },
      "sample_point": [
        0.46428308970515264,
        6.096975281084447,
        1.5
      ],
      "sample_forward": [
        -0.7023846601140846,
        -0.710828690783294,
        -0.03712629251258638
      ],
      "height": 1.5
    },
    "sample_target": [
      0.46428308970515264,
      6.096975281084447,
      1.5
    ],
    "camera_params": {
      "forward": [
        -0.7023846601140846,
        -0.710828690783294,
        -0.03712629251258638
      ]
    },
    "task_type": "screen_occupancy",
    "task_description": "Position where wardrobe occupies 20% of vertical FOV",
    "target_object": {
      "label": "wardrobe",
      "id": "102",
      "bbox_min": [
        -6.002573053502742,
        0.0902982486410299,
        -1.0927847142738757e-09
      ],
      "bbox_max": [
        -3.852573041327654,
        1.1902988293597871,
        2.4300000010927847
      ],
      "center": [
        -4.927573047415198,
        0.6402985390004086,
        1.215
      ]
    }
  },
  {
    "scene_id": "0328_840489",
    "object_label": "wardrobe",
    "preset": "occupancy_30",
    "distance": 5.060839225211633,
    "init_camera": {
      "intrinsics": [
        [
          320.0,
          0.0,
          320.0
        ],
        [
          0.0,
          320.0,
          240.0
        ],
        [
          0.0,
          0.0,
          1.0
        ]
      ],
      "extrinsics": [
        [
          -0.4999999999999999,
          0.1696619849624087,
          -0.8492436698961114,
          -3.258639149028924
        ],
        [
          0.8660254037844387,
          0.09795439268929286,
          -0.49031106142210545,
          1.603857974493415
        ],
        [
          0.0,
          -0.9806221228442112,
          -0.19590878537858575,
          1.6
        ],
        [
          0.0,
          0.0,
          0.0,
          1.0
        ]
      ]
    },
    "target_region": {
      "type": "circle",
      "params": {
        "center": [
          -4.927573047415198,
          0.6402985390004086
        ],
        "radius": 5.060839225211633,
        "object_center": [
          -4.927573047415198,
          0.6402985390004086,
          1.2149999999999999
        ],
        "object_height": 2.430000002185569,
        "occupancy_ratio": 0.3,
        "fov_vertical": 90.0,
        "sample_distance": 5.060839225211633,
        "min_distance": 2.430000002185569
      },
      "sample_point": [
        0.07430685996179598,
        1.4105524293631873,
        1.5
      ],
      "sample_forward": [
        -0.9867864075301913,
        -0.1519580804481624,
        -0.056225685413064025
      ],
      "height": 1.5
    },
    "sample_target": [
      0.07430685996179598,
      1.4105524293631873,
      1.5
    ],
    "camera_params": {
      "forward": [
        -0.9867864075301913,
        -0.1519580804481624,
        -0.056225685413064025
      ]
    },
    "task_type": "screen_occupancy",
    "task_description": "Position where wardrobe occupies 30% of vertical FOV",
    "target_object": {
      "label": "wardrobe",
      "id": "102",
      "bbox_min": [
        -6.002573053502742,
        0.0902982486410299,
        -1.0927847142738757e-09
      ],
      "bbox_max": [
        -3.852573041327654,
        1.1902988293597871,
        2.4300000010927847
      ],
      "center": [
        -4.927573047415198,
        0.6402985390004086,
        1.215
      ]
    }
  },
  {
    "scene_id": "0328_840489",
    "object_label": "wardrobe",
    "preset": "occupancy_50",
    "distance": 2.933269480921526,
    "init_camera": {
      "intrinsics": [
        [
          320.0,
          0.0,
          320.0
        ],
        [
          0.0,
          320.0,
          240.0
        ],
        [
          0.0,
          0.0,
          1.0
        ]
      ],
      "extrinsics": [
        [
          -0.4999999999999999,
          0.1696619849624087,
          -0.8492436698961114,
          -3.258639149028924
        ],
        [
          0.8660254037844387,
          0.09795439268929286,
          -0.49031106142210545,
          1.603857974493415
        ],
        [
          0.0,
          -0.9806221228442112,
          -0.19590878537858575,
          1.6
        ],
        [
          0.0,
          0.0,
          0.0,
          1.0
        ]
      ]
    },
    "target_region": {
      "type": "circle",
      "params": {
        "center": [
          -4.927573047415198,
          0.6402985390004086
        ],
        "radius": 2.933269480921526,
        "object_center": [
          -4.927573047415198,
          0.6402985390004086,
          1.2149999999999999
        ],
        "object_height": 2.430000002185569,
        "occupancy_ratio": 0.5,
        "fov_vertical": 90.0,
        "sample_distance": 2.933269480921526,
        "min_distance": 2.430000002185569
      },
      "sample_point": [
        -2.5505965728351576,
        -1.0784372426131241,
        1.5
      ],
      "sample_forward": [
        -0.806552423030305,
        0.5831990867533513,
        -0.09670581220382067
      ],
      "height": 1.5
    },
    "sample_target": [
      -2.5505965728351576,
      -1.0784372426131241,
      1.5
    ],
    "camera_params": {
      "forward": [
        -0.806552423030305,
        0.5831990867533513,
        -0.09670581220382067
      ]
    },
    "task_type": "screen_occupancy",
    "task_description": "Position where wardrobe occupies 50% of vertical FOV",
    "target_object": {
      "label": "wardrobe",
      "id": "102",
      "bbox_min": [
        -6.002573053502742,
        0.0902982486410299,
        -1.0927847142738757e-09
      ],
      "bbox_max": [
        -3.852573041327654,
        1.1902988293597871,
        2.4300000010927847
      ],
      "center": [
        -4.927573047415198,
        0.6402985390004086,
        1.215
      ]
    }
  },
  {
    "scene_id": "0328_840489",
    "object_label": "wardrobe",
    "preset": "occupancy_20",
    "distance": 7.671208097229749,
    "init_camera": {
      "intrinsics": [
        [
          320.0,
          0.0,
          320.0
        ],
        [
          0.0,
          320.0,
          240.0
        ],
        [
          0.0,
          0.0,
          1.0
        ]
      ],
      "extrinsics": [
        [
          -0.17364817766693033,
          0.19293249072403595,
          -0.9657242693522691,
          -3.029731442292039
        ],
        [
          0.9848077530122081,
          0.03401920356993318,
          -0.17028324461177397,
          0.974939219094682
        ],
        [
          0.0,
          -0.9806221228442112,
          -0.19590878537858575,
          1.6
        ],
        [
          0.0,
          0.0,
          0.0,
          1.0
        ]
      ]
    },
    "target_region": {
      "type": "circle",
      "params": {
        "center": [
          -4.927573047415198,
          0.6402985390004086
        ],
        "radius": 7.671208097229749,
        "object_center": [
          -4.927573047415198,
          0.6402985390004086,
          1.2149999999999999
        ],
        "object_height": 2.430000002185569,
        "occupancy_ratio": 0.2,
        "fov_vertical": 90.0,
        "sample_distance": 7.671208097229749,
        "min_distance": 2.430000002185569
      },
      "sample_point": [
        -10.368221713738782,
        6.048327362946769,
        1.5
      ],
      "sample_forward": [
        0.7087407503303238,
        -0.704491438716951,
        -0.03712629251258638
      ],
      "height": 1.5
    },
    "sample_target": [
      -10.368221713738782,
      6.048327362946769,
      1.5
    ],
    "camera_params": {
      "forward": [
        0.7087407503303238,
        -0.704491438716951,
        -0.03712629251258638
      ]
    },
    "task_type": "screen_occupancy",
    "task_description": "Position where wardrobe occupies 20% of vertical FOV",
    "target_object": {
      "label": "wardrobe",
      "id": "102",
      "bbox_min": [
        -6.002573053502742,
        0.0902982486410299,
        -1.0927847142738757e-09
      ],
      "bbox_max": [
        -3.852573041327654,
        1.1902988293597871,
        2.4300000010927847
      ],
      "center": [
        -4.927573047415198,
        0.6402985390004086,
        1.215
      ]
    }
  },
  {
    "scene_id": "0328_840489",
    "object_label": "wardrobe",
    "preset": "occupancy_30",
    "distance": 5.060839225211633,
    "init_camera": {
      "intrinsics": [
        [
          320.0,
          0.0,
          320.0
        ],
        [
          0.0,
          320.0,
          240.0
        ],
        [
          0.0,
          0.0,
          1.0
        ]
      ],
      "extrinsics": [
        [
          -0.17364817766693033,
          0.19293249072403595,
          -0.9657242693522691,
          -3.029731442292039
        ],
        [
          0.9848077530122081,
          0.03401920356993318,
          -0.17028324461177397,
          0.974939219094682
        ],
        [
          0.0,
          -0.9806221228442112,
          -0.19590878537858575,
          1.6
        ],
        [
          0.0,
          0.0,
          0.0,
          1.0
        ]
      ]
    },
    "target_region": {
      "type": "circle",
      "params": {
        "center": [
          -4.927573047415198,
          0.6402985390004086
        ],
        "radius": 5.060839225211633,
        "object_center": [
          -4.927573047415198,
          0.6402985390004086,
          1.2149999999999999
        ],
        "object_height": 2.430000002185569,
        "occupancy_ratio": 0.3,
        "fov_vertical": 90.0,
        "sample_distance": 5.060839225211633,
        "min_distance": 2.430000002185569
      },
      "sample_point": [
        -6.290212762846652,
        5.514240133784815,
        1.5
      ],
      "sample_forward": [
        0.26882579639016135,
        -0.9615463397543702,
        -0.056225685413064025
      ],
      "height": 1.5
    },
    "sample_target": [
      -6.290212762846652,
      5.514240133784815,
      1.5
    ],
    "camera_params": {
      "forward": [
        0.26882579639016135,
        -0.9615463397543702,
        -0.056225685413064025
      ]
    },
    "task_type": "screen_occupancy",
    "task_description": "Position where wardrobe occupies 30% of vertical FOV",
    "target_object": {
      "label": "wardrobe",
      "id": "102",
      "bbox_min": [
        -6.002573053502742,
        0.0902982486410299,
        -1.0927847142738757e-09
      ],
      "bbox_max": [
        -3.852573041327654,
        1.1902988293597871,
        2.4300000010927847
      ],
      "center": [
        -4.927573047415198,
        0.6402985390004086,
        1.215
      ]
    }
  },
  {
    "scene_id": "0328_840489",
    "object_label": "wardrobe",
    "preset": "occupancy_50",
    "distance": 2.933269480921526,
    "init_camera": {
      "intrinsics": [
        [
          320.0,
          0.0,
          320.0
        ],
        [
          0.0,
          320.0,
          240.0
        ],
        [
          0.0,
          0.0,
          1.0
        ]
      ],
      "extrinsics": [
        [
          -0.17364817766693033,
          0.19293249072403595,
          -0.9657242693522691,
          -3.029731442292039
        ],
        [
          0.9848077530122081,
          0.03401920356993318,
          -0.17028324461177397,
          0.974939219094682
        ],
        [
          0.0,
          -0.9806221228442112,
          -0.19590878537858575,
          1.6
        ],
        [
          0.0,
          0.0,
          0.0,
          1.0
        ]
      ]
    },
    "target_region": {
      "type": "circle",
      "params": {
        "center": [
          -4.927573047415198,
          0.6402985390004086
        ],
        "radius": 2.933269480921526,
        "object_center": [
          -4.927573047415198,
          0.6402985390004086,
          1.2149999999999999
        ],
        "object_height": 2.430000002185569,
        "occupancy_ratio": 0.5,
        "fov_vertical": 90.0,
        "sample_distance": 2.933269480921526,
        "min_distance": 2.430000002185569
      },
      "sample_point": [
        -2.007516832651408,
        0.36219505048398126,
        1.5
      ],
      "sample_forward": [
        -0.9908295015071801,
        0.09436569731121755,
        -0.09670581220382067
      ],
      "height": 1.5
    },
    "sample_target": [
      -2.007516832651408,
      0.36219505048398126,
      1.5
    ],
    "camera_params": {
      "forward": [
        -0.9908295015071801,
        0.09436569731121755,
        -0.09670581220382067
      ]
    },
    "task_type": "screen_occupancy",
    "task_description": "Position where wardrobe occupies 50% of vertical FOV",
    "target_object": {
      "label": "wardrobe",
      "id": "102",
      "bbox_min": [
        -6.002573053502742,
        0.0902982486410299,
        -1.0927847142738757e-09
      ],
      "bbox_max": [
        -3.852573041327654,
        1.1902988293597871,
        2.4300000010927847
      ],
      "center": [
        -4.927573047415198,
        0.6402985390004086,
        1.215
      ]
    }
  },
  {
    "scene_id": "0328_840489",
    "object_label": "wardrobe",
    "preset": "occupancy_20",
    "distance": 7.671208097229749,
    "init_camera": {
      "intrinsics": [
        [
          320.0,
          0.0,
          320.0
        ],
        [
          0.0,
          320.0,
          240.0
        ],
        [
          0.0,
          0.0,
          1.0
        ]
      ],
      "extrinsics": [
        [
          0.5000000000000006,
          0.16966198496240864,
          -0.849243669896111,
          -3.258639149028925
        ],
        [
          0.8660254037844384,
          -0.097954392689293,
          0.49031106142210606,
          -0.3232608964925989
        ],
        [
          -0.0,
          -0.9806221228442112,
          -0.19590878537858575,
          1.6
        ],
        [
          0.0,
          0.0,
          0.0,
          1.0
        ]
      ]
    },
    "target_region": {
      "type": "circle",
      "params": {
        "center": [
          -4.927573047415198,
          0.6402985390004086
        ],
        "radius": 7.671208097229749,
        "object_center": [
          -4.927573047415198,
          0.6402985390004086,
          1.2149999999999999
        ],
        "object_height": 2.430000002185569,
        "occupancy_ratio": 0.2,
        "fov_vertical": 90.0,
        "sample_distance": 7.671208097229749,
        "min_distance": 2.430000002185569
      },
      "sample_point": [
        1.279300630567067,
        5.148308389985006,
        1.5
      ],
      "sample_forward": [
        -0.8085551149383942,
        -0.5872480434290351,
        -0.03712629251258638
      ],
      "height": 1.5
    },
    "sample_target": [
      1.279300630567067,
      5.148308389985006,
      1.5
    ],
    "camera_params": {
      "forward": [
        -0.8085551149383942,
        -0.5872480434290351,
        -0.03712629251258638
      ]
    },
    "task_type": "screen_occupancy",
    "task_description": "Position where wardrobe occupies 20% of vertical FOV",
    "target_object": {
      "label": "wardrobe",
      "id": "102",
      "bbox_min": [
        -6.002573053502742,
        0.0902982486410299,
        -1.0927847142738757e-09
      ],
      "bbox_max": [
        -3.852573041327654,
        1.1902988293597871,
        2.4300000010927847
      ],
      "center": [
        -4.927573047415198,
        0.6402985390004086,
        1.215
      ]
    }
  },
  {
    "scene_id": "0328_840489",
    "object_label": "wardrobe",
    "preset": "occupancy_30",
    "distance": 5.060839225211633,
    "init_camera": {
      "intrinsics": [
        [
          320.0,
          0.0,
          320.0
        ],
        [
          0.0,
          320.0,
          240.0
        ],
        [
          0.0,
          0.0,
          1.0
        ]
      ],
      "extrinsics": [
        [
          0.5000000000000006,
          0.16966198496240864,
          -0.849243669896111,
          -3.258639149028925
        ],
        [
          0.8660254037844384,
          -0.097954392689293,
          0.49031106142210606,
          -0.3232608964925989
        ],
        [
          -0.0,
          -0.9806221228442112,
          -0.19590878537858575,
          1.6
        ],
        [
          0.0,
          0.0,
          0.0,
          1.0
        ]
      ]
    },
    "target_region": {
      "type": "circle",
      "params": {
        "center": [
          -4.927573047415198,
          0.6402985390004086
        ],
        "radius": 5.060839225211633,
        "object_center": [
          -4.927573047415198,
          0.6402985390004086,
          1.2149999999999999
        ],
        "object_height": 2.430000002185569,
        "occupancy_ratio": 0.3,
        "fov_vertical": 90.0,
        "sample_distance": 5.060839225211633,
        "min_distance": 2.430000002185569
      },
      "sample_point": [
        -7.938469195565598,
        4.7080495206232715,
        1.5
      ],
      "sample_forward": [
        0.5939989460958265,
        -0.8024985509874013,
        -0.056225685413064025
      ],
      "height": 1.5
    },
    "sample_target": [
      -7.938469195565598,
      4.7080495206232715,
      1.5
    ],
    "camera_params": {
      "forward": [
        0.5939989460958265,
        -0.8024985509874013,
        -0.056225685413064025
      ]
    },
    "task_type": "screen_occupancy",
    "task_description": "Position where wardrobe occupies 30% of vertical FOV",
    "target_object": {
      "label": "wardrobe",
      "id": "102",
      "bbox_min": [
        -6.002573053502742,
        0.0902982486410299,
        -1.0927847142738757e-09
      ],
      "bbox_max": [
        -3.852573041327654,
        1.1902988293597871,
        2.4300000010927847
      ],
      "center": [
        -4.927573047415198,
        0.6402985390004086,
        1.215
      ]
    }
  },
  {
    "scene_id": "0328_840489",
    "object_label": "wardrobe",
    "preset": "occupancy_50",
    "distance": 2.933269480921526,
    "init_camera": {
      "intrinsics": [
        [
          320.0,
          0.0,
          320.0
        ],
        [
          0.0,
          320.0,
          240.0
        ],
        [
          0.0,
          0.0,
          1.0
        ]
      ],
      "extrinsics": [
        [
          0.5000000000000006,
          0.16966198496240864,
          -0.849243669896111,
          -3.258639149028925
        ],
        [
          0.8660254037844384,
          -0.097954392689293,
          0.49031106142210606,
          -0.3232608964925989
        ],
        [
          -0.0,
          -0.9806221228442112,
          -0.19590878537858575,
          1.6
        ],
        [
          0.0,
          0.0,
          0.0,
          1.0
        ]
      ]
    },
    "target_region": {
      "type": "circle",
      "params": {
        "center": [
          -4.927573047415198,
          0.6402985390004086
        ],
        "radius": 2.933269480921526,
        "object_center": [
          -4.927573047415198,
          0.6402985390004086,
          1.2149999999999999
        ],
        "object_height": 2.430000002185569,
        "occupancy_ratio": 0.5,
        "fov_vertical": 90.0,
        "sample_distance": 2.933269480921526,
        "min_distance": 2.430000002185569
      },
      "sample_point": [
        -7.4757205056323714,
        -0.8126344872905473,
        1.5
      ],
      "sample_forward": [
        0.8646339282876941,
        0.4930072574920068,
        -0.09670581220382067
      ],
      "height": 1.5
    },
    "sample_target": [
      -7.4757205056323714,
      -0.8126344872905473,
      1.5
    ],
    "camera_params": {
      "forward": [
        0.8646339282876941,
        0.4930072574920068,
        -0.09670581220382067
      ]
    },
    "task_type": "screen_occupancy",
    "task_description": "Position where wardrobe occupies 50% of vertical FOV",
    "target_object": {
      "label": "wardrobe",
      "id": "102",
      "bbox_min": [
        -6.002573053502742,
        0.0902982486410299,
        -1.0927847142738757e-09
      ],
      "bbox_max": [
        -3.852573041327654,
        1.1902988293597871,
        2.4300000010927847
      ],
      "center": [
        -4.927573047415198,
        0.6402985390004086,
        1.215
      ]
    }
  },
  {
    "scene_id": "0328_840489",
    "object_label": "wardrobe",
    "preset": "occupancy_20",
    "distance": 7.671208097229749,
    "init_camera": {
      "intrinsics": [
        [
          320.0,
          0.0,
          320.0
        ],
        [
          0.0,
          320.0,
          240.0
        ],
        [
          0.0,
          0.0,
          1.0
        ]
      ],
      "extrinsics": [
        [
          0.9396926207859086,
          0.06700475085394146,
          -0.33539251900349804,
          -4.268459574954962
        ],
        [
          0.34202014332566816,
          -0.18409403996738735,
          0.921483372616118,
          -1.1706008434424193
        ],
        [
          -0.0,
          -0.9806221228442112,
          -0.19590878537858575,
          1.6
        ],
        [
          0.0,
          0.0,
          0.0,
          1.0
        ]
      ]
    },
    "target_region": {
      "type": "circle",
      "params": {
        "center": [
          -4.927573047415198,
          0.6402985390004086
        ],
        "radius": 7.671208097229749,
        "object_center": [
          -4.927573047415198,
          0.6402985390004086,
          1.2149999999999999
        ],
        "object_height": 2.430000002185569,
        "occupancy_ratio": 0.2,
        "fov_vertical": 90.0,
        "sample_distance": 7.671208097229749,
        "min_distance": 2.430000002185569
      },
      "sample_point": [
        -6.59896681128993,
        -6.846615148032715,
        1.5
      ],
      "sample_forward": [
        0.21772860975903868,
        0.9753029738992218,
        -0.03712629251258638
      ],
      "height": 1.5
    },
    "sample_target": [
      -6.59896681128993,
      -6.846615148032715,
      1.5
    ],
    "camera_params": {
      "forward": [
        0.21772860975903868,
        0.9753029738992218,
        -0.03712629251258638
      ]
    },
    "task_type": "screen_occupancy",
    "task_description": "Position where wardrobe occupies 20% of vertical FOV",
    "target_object": {
      "label": "wardrobe",
      "id": "102",
      "bbox_min": [
        -6.002573053502742,
        0.0902982486410299,
        -1.0927847142738757e-09
      ],
      "bbox_max": [
        -3.852573041327654,
        1.1902988293597871,
        2.4300000010927847
      ],
      "center": [
        -4.927573047415198,
        0.6402985390004086,
        1.215
      ]
    }
  },
  {
    "scene_id": "0328_840489",
    "object_label": "wardrobe",
    "preset": "occupancy_30",
    "distance": 5.060839225211633,
    "init_camera": {
      "intrinsics": [
        [
          320.0,
          0.0,
          320.0
        ],
        [
          0.0,
          320.0,
          240.0
        ],
        [
          0.0,
          0.0,
          1.0
        ]
      ],
      "extrinsics": [
        [
          0.9396926207859086,
          0.06700475085394146,
          -0.33539251900349804,
          -4.268459574954962
        ],
        [
          0.34202014332566816,
          -0.18409403996738735,
          0.921483372616118,
          -1.1706008434424193
        ],
        [
          -0.0,
          -0.9806221228442112,
          -0.19590878537858575,
          1.6
        ],
        [
          0.0,
          0.0,
          0.0,
          1.0
        ]
      ]
    },
    "target_region": {
      "type": "circle",
      "params": {
        "center": [
          -4.927573047415198,
          0.6402985390004086
        ],
        "radius": 5.060839225211633,
        "object_center": [
          -4.927573047415198,
          0.6402985390004086,
          1.2149999999999999
        ],
        "object_height": 2.430000002185569,
        "occupancy_ratio": 0.3,
        "fov_vertical": 90.0,
        "sample_distance": 5.060839225211633,
        "min_distance": 2.430000002185569
      },
      "sample_point": [
        0.09330713305775529,
        1.2750078242441105,
        1.5
      ],
      "sample_forward": [
        -0.9905348404349482,
        -0.1252174196521512,
        -0.056225685413064025
      ],
      "height": 1.5
    },
    "sample_target": [
      0.09330713305775529,
      1.2750078242441105,
      1.5
    ],
    "camera_params": {
      "forward": [
        -0.9905348404349482,
        -0.1252174196521512,
        -0.056225685413064025
      ]
    },
    "task_type": "screen_occupancy",
    "task_description": "Position where wardrobe occupies 30% of vertical FOV",
    "target_object": {
      "label": "wardrobe",
      "id": "102",
      "bbox_min": [
        -6.002573053502742,
        0.0902982486410299,
        -1.0927847142738757e-09
      ],
      "bbox_max": [
        -3.852573041327654,
        1.1902988293597871,
        2.4300000010927847
      ],
      "center": [
        -4.927573047415198,
        0.6402985390004086,
        1.215
      ]
    }
  },
  {
    "scene_id": "0328_840489",
    "object_label": "wardrobe",
    "preset": "occupancy_50",
    "distance": 2.933269480921526,
    "init_camera": {
      "intrinsics": [
        [
          320.0,
          0.0,
          320.0
        ],
        [
          0.0,
          320.0,
          240.0
        ],
        [
          0.0,
          0.0,
          1.0
        ]
      ],
      "extrinsics": [
        [
          0.9396926207859086,
          0.06700475085394146,
          -0.33539251900349804,
          -4.268459574954962
        ],
        [
          0.34202014332566816,
          -0.18409403996738735,
          0.921483372616118,
          -1.1706008434424193
        ],
        [
          -0.0,
          -0.9806221228442112,
          -0.19590878537858575,
          1.6
        ],
        [
          0.0,
          0.0,
          0.0,
          1.0
        ]
      ]
    },
    "target_region": {
      "type": "circle",
      "params": {
        "center": [
          -4.927573047415198,
          0.6402985390004086
        ],
        "radius": 2.933269480921526,
        "object_center": [
          -4.927573047415198,
          0.6402985390004086,
          1.2149999999999999
        ],
        "object_height": 2.430000002185569,
        "occupancy_ratio": 0.5,
        "fov_vertical": 90.0,
        "sample_distance": 2.933269480921526,
        "min_distance": 2.430000002185569
      },
      "sample_point": [
        -2.732806861944131,
        2.5863384252356365,
        1.5
      ],
      "sample_forward": [
        -0.7447250756612658,
        -0.6603276062435383,
        -0.09670581220382068
      ],
      "height": 1.5
    },
    "sample_target": [
      -2.732806861944131,
      2.5863384252356365,
      1.5
    ],
    "camera_params": {
      "forward": [
        -0.7447250756612658,
        -0.6603276062435383,
        -0.09670581220382068
      ]
    },
    "task_type": "screen_occupancy",
    "task_description": "Position where wardrobe occupies 50% of vertical FOV",
    "target_object": {
      "label": "wardrobe",
      "id": "102",
      "bbox_min": [
        -6.002573053502742,
        0.0902982486410299,
        -1.0927847142738757e-09
      ],
      "bbox_max": [
        -3.852573041327654,
        1.1902988293597871,
        2.4300000010927847
      ],
      "center": [
        -4.927573047415198,
        0.6402985390004086,
        1.215
      ]
    }
  },
  {
    "scene_id": "0328_840489",
    "object_label": "wardrobe",
    "preset": "occupancy_20",
    "distance": 7.671208097229749,
    "init_camera": {
      "intrinsics": [
        [
          320.0,
          0.0,
          320.0
        ],
        [
          0.0,
          320.0,
          240.0
        ],
        [
          0.0,
          0.0,
          1.0
        ]
      ],
      "extrinsics": [
        [
          -0.9848077530122081,
          -0.0340192035699332,
          0.17028324461177408,
          -5.262213727509471
        ],
        [
          -0.17364817766693044,
          0.19293249072403595,
          -0.9657242693522691,
          2.5381401441235676
        ],
        [
          0.0,
          -0.9806221228442112,
          -0.19590878537858575,
          1.6
        ],
        [
          0.0,
          0.0,
          0.0,
          1.0
        ]
      ]
    },
    "target_region": {
      "type": "circle",
      "params": {
        "center": [
          -4.927573047415198,
          0.6402985390004086
        ],
        "radius": 7.671208097229749,
        "object_center": [
          -4.927573047415198,
          0.6402985390004086,
          1.2149999999999999
        ],
        "object_height": 2.430000002185569,
        "occupancy_ratio": 0.2,
        "fov_vertical": 90.0,
        "sample_distance": 7.671208097229749,
        "min_distance": 2.430000002185569
      },
      "sample_point": [
        -0.6058190731458222,
        6.978269527959739,
        1.5
      ],
      "sample_forward": [
        -0.5629849200566929,
        -0.8256328592013699,
        -0.03712629251258638
      ],
      "height": 1.5
    },
    "sample_target": [
      -0.6058190731458222,
      6.978269527959739,
      1.5
    ],
    "camera_params": {
      "forward": [
        -0.5629849200566929,
        -0.8256328592013699,
        -0.03712629251258638
      ]
    },
    "task_type": "screen_occupancy",
    "task_description": "Position where wardrobe occupies 20% of vertical FOV",
    "target_object": {
      "label": "wardrobe",
      "id": "102",
      "bbox_min": [
        -6.002573053502742,
        0.0902982486410299,
        -1.0927847142738757e-09
      ],
      "bbox_max": [
        -3.852573041327654,
        1.1902988293597871,
        2.4300000010927847
      ],
      "center": [
        -4.927573047415198,
        0.6402985390004086,
        1.215
      ]
    }
  },
  {
    "scene_id": "0328_840489",
    "object_label": "wardrobe",
    "preset": "occupancy_30",
    "distance": 5.060839225211633,
    "init_camera": {
      "intrinsics": [
        [
          320.0,
          0.0,
          320.0
        ],
        [
          0.0,
          320.0,
          240.0
        ],
        [
          0.0,
          0.0,
          1.0
        ]
      ],
      "extrinsics": [
        [
          -0.9848077530122081,
          -0.0340192035699332,
          0.17028324461177408,
          -5.262213727509471
        ],
        [
          -0.17364817766693044,
          0.19293249072403595,
          -0.9657242693522691,
          2.5381401441235676
        ],
        [
          0.0,
          -0.9806221228442112,
          -0.19590878537858575,
          1.6
        ],
        [
          0.0,
          0.0,
          0.0,
          1.0
        ]
      ]
    },
    "target_region": {
      "type": "circle",
      "params": {
        "center": [
          -4.927573047415198,
          0.6402985390004086
        ],
        "radius": 5.060839225211633,
        "object_center": [
          -4.927573047415198,
          0.6402985390004086,
          1.2149999999999999
        ],
        "object_height": 2.430000002185569,
        "occupancy_ratio": 0.3,
        "fov_vertical": 90.0,
        "sample_distance": 5.060839225211633,
        "min_distance": 2.430000002185569
      },
      "sample_point": [
        -1.0461161722389614,
        3.8878185450339053,
        1.5
      ],
      "sample_forward": [
        -0.7657458709053806,
        -0.6406808359013021,
        -0.056225685413064025
      ],
      "height": 1.5
    },
    "sample_target": [
      -1.0461161722389614,
      3.8878185450339053,
      1.5
    ],
    "camera_params": {
      "forward": [
        -0.7657458709053806,
        -0.6406808359013021,
        -0.056225685413064025
      ]
    },
    "task_type": "screen_occupancy",
    "task_description": "Position where wardrobe occupies 30% of vertical FOV",
    "target_object": {
      "label": "wardrobe",
      "id": "102",
      "bbox_min": [
        -6.002573053502742,
        0.0902982486410299,
        -1.0927847142738757e-09
      ],
      "bbox_max": [
        -3.852573041327654,
        1.1902988293597871,
        2.4300000010927847
      ],
      "center": [
        -4.927573047415198,
        0.6402985390004086,
        1.215
      ]
    }
  },
  {
    "scene_id": "0328_840489",
    "object_label": "wardrobe",
    "preset": "back",
    "distance": 2.5000010721759947,
    "init_camera": {
      "intrinsics": [
        [
          320.0,
          0.0,
          320.0
        ],
        [
          0.0,
          320.0,
          240.0
        ],
        [
          0.0,
          0.0,
          1.0
        ]
      ],
      "extrinsics": [
        [
          -0.9848077530122081,
          -0.05354106223176768,
          0.16518790591971244,
          -0.1418057466770816
        ],
        [
          -0.1736481776669303,
          0.30364645283804453,
          -0.9368271676631861,
          -2.330122839529973
        ],
        [
          0.0,
          -0.9512792367827478,
          -0.3083306888164602,
          0.92000165
        ],
        [
          0.0,
          0.0,
          0.0,
          1.0
        ]
      ]
    },
    "target_region": {
      "type": "circle",
      "params": {
        "center": [
          0.1314267736104525,
          -3.879701464364993
        ],
        "radius": 2.5000010721759947,
        "object_center": [
          0.1314267736104525,
          -3.879701464364993,
          0.41000080751544454
        ],
        "sample_distance": 2.5000010721759947,
        "min_distance": 2.5000010721759947,
        "requested_distance": 0.8
      },
      "sample_point": [
        -1.7896727039249922,
        -2.2798945515488978,
        1.5
      ],
      "sample_forward": [
        0.7043990188257526,
        -0.5865924346322781,
        -0.39966403129315187
      ],
      "height": 1.5
    },
    "sample_target": [
      -1.7896727039249922,
      -2.2798945515488978,
      1.5
    ],
    "camera_params": {
      "forward": [
        0.7043990188257526,
        -0.5865924346322781,
        -0.39966403129315187
      ]
    },
    "task_type": "absolute_positioning",
    "task_description": "Move to any position 2.5m from wardrobe",
    "target_object": {
      "label": "wardrobe",
      "id": "103",
      "bbox_min": [
        -0.3435733,
        -5.12970200045299,
        -3.496911097045086e-08
      ],
      "bbox_max": [
        0.606426847220905,
        -2.629700928276995,
        0.82000165
      ],
      "center": [
        0.1314267736104525,
        -3.8797014643649925,
        0.41000080751544454
      ]
    }
  },
  {
    "scene_id": "0328_840489",
    "object_label": "wardrobe",
    "preset": "right",
    "distance": 2.5000010721759947,
    "init_camera": {
      "intrinsics": [
        [
          320.0,
          0.0,
          320.0
        ],
        [
          0.0,
          320.0,
          240.0
        ],
        [
          0.0,
          0.0,
          1.0
        ]
      ],
      "extrinsics": [
        [
          -0.9848077530122081,
          -0.05354106223176768,
          0.16518790591971244,
          -0.1418057466770816
        ],
        [
          -0.1736481776669303,
          0.30364645283804453,
          -0.9368271676631861,
          -2.330122839529973
        ],
        [
          0.0,
          -0.9512792367827478,
          -0.3083306888164602,
          0.92000165
        ],
        [
          0.0,
          0.0,
          0.0,
          1.0
        ]
      ]
    },
    "target_region": {
      "type": "circle",
      "params": {
        "center": [
          0.1314267736104525,
          -3.879701464364993
        ],
        "radius": 2.5000010721759947,
        "object_center": [
          0.1314267736104525,
          -3.879701464364993,
          0.41000080751544454
        ],
        "sample_distance": 2.5000010721759947,
        "min_distance": 2.5000010721759947,
        "requested_distance": 1.0
      },
      "sample_point": [
        -0.7506733639707103,
        -1.540491189900464,
        1.5
      ],
      "sample_forward": [
        0.32343482400784135,
        -0.857705413711213,
        -0.39966403129315187
      ],
      "height": 1.5
    },
    "sample_target": [
      -0.7506733639707103,
      -1.540491189900464,
      1.5
    ],
    "camera_params": {
      "forward": [
        0.32343482400784135,
        -0.857705413711213,
        -0.39966403129315187
      ]
    },
    "task_type": "absolute_positioning",
    "task_description": "Move to any position 2.5m from wardrobe",
    "target_object": {
      "label": "wardrobe",
      "id": "103",
      "bbox_min": [
        -0.3435733,
        -5.12970200045299,
        -3.496911097045086e-08
      ],
      "bbox_max": [
        0.606426847220905,
        -2.629700928276995,
        0.82000165
      ],
      "center": [
        0.1314267736104525,
        -3.8797014643649925,
        0.41000080751544454
      ]
    }
  },
  {
    "scene_id": "0328_840489",
    "object_label": "wardrobe",
    "preset": "right",
    "distance": 2.5000010721759947,
    "init_camera": {
      "intrinsics": [
        [
          320.0,
          0.0,
          320.0
        ],
        [
          0.0,
          320.0,
          240.0
        ],
        [
          0.0,
          0.0,
          1.0
        ]
      ],
      "extrinsics": [
        [
          -0.9848077530122081,
          -0.05354106223176768,
          0.16518790591971244,
          -0.1418057466770816
        ],
        [
          -0.1736481776669303,
          0.30364645283804453,
          -0.9368271676631861,
          -2.330122839529973
        ],
        [
          0.0,
          -0.9512792367827478,
          -0.3083306888164602,
          0.92000165
        ],
        [
          0.0,
          0.0,
          0.0,
          1.0
        ]
      ]
    },
    "target_region": {
      "type": "circle",
      "params": {
        "center": [
          0.1314267736104525,
          -3.879701464364993
        ],
        "radius": 2.5000010721759947,
        "object_center": [
          0.1314267736104525,
          -3.879701464364993,
          0.41000080751544454
        ],
