[
  {
    "scene_id": "0344_840395",
    "object_label": "wardrobe",
    "preset": "occupancy_30",
    "distance": 5.4148897155921905,
    "init_camera": {
      "intrinsics": [
        [
          320.0,
          0.0,
          320.0
        ],
        [
          0.0,
          320.0,
          240.0
        ],
        [
          0.0,
          0.0,
          1.0
        ]
      ],
      "extrinsics": [
        [
          0.17364817766693,
          -0.12463189558151046,
          0.9768895541445378,
          -2.8438903819657724
        ],
        [
          -0.9848077530122081,
          -0.02197596584786037,
          0.1722519855679445,
          -5.518526375019216
        ],
        [
          0.0,
          -0.9919596501515641,
          -0.1265545434632311,
          1.6
        ],
        [
          0.0,
          0.0,
          0.0,
          1.0
        ]
      ]
    },
    "target_region": {
      "type": "circle",
      "params": {
        "center": [
          -0.5281547690379353,
          -5.110199706272585
        ],
        "radius": 5.4148897155921905,
        "object_center": [
          -0.5281547690379353,
          -5.110199706272585,
          1.3000000030379413
        ],
        "object_height": 2.600000006950111,
        "occupancy_ratio": 0.3,
        "fov_vertical": 90.0,
        "sample_distance": 5.4148897155921905,
        "min_distance": 2.600000006950111
      },
      "sample_point": [
        4.582567872393292,
        -6.899485796977,
        1.5
      ],
      "sample_forward": [
        -0.9431845202401832,
        0.33021297797543303,
        -0.036910025140763816
      ],
      "height": 1.5
    },
    "sample_target": [
      4.582567872393292,
      -6.899485796977,
      1.5
    ],
    "camera_params": {
      "forward": [
        -0.9431845202401832,
        0.33021297797543303,
        -0.036910025140763816
      ]
    },
    "task_type": "screen_occupancy",
    "task_description": "Position where wardrobe occupies 30% of vertical FOV",
    "target_object": {
      "label": "wardrobe",
      "id": "73",
      "bbox_min": [
        -0.8248047785129871,
        -6.119199769282553,
        -4.371140676084906e-10
      ],
      "bbox_max": [
        -0.2315047595628837,
        -4.101199643262617,
        2.600000006512997
      ],
      "center": [
        -0.5281547690379353,
        -5.110199706272585,
        1.3000000030379415
      ]
    }
  },
  {
    "scene_id": "0344_840395",
    "object_label": "wardrobe",
    "preset": "occupancy_50",
    "distance": 3.1384776394745497,
    "init_camera": {
      "intrinsics": [
        [
          320.0,
          0.0,
          320.0
        ],
        [
          0.0,
          320.0,
          240.0
        ],
        [
          0.0,
          0.0,
          1.0
        ]
      ],
      "extrinsics": [
        [
          0.17364817766693,
          -0.12463189558151046,
          0.9768895541445378,
          -2.8438903819657724
        ],
        [
          -0.9848077530122081,
          -0.02197596584786037,
          0.1722519855679445,
          -5.518526375019216
        ],
        [
          0.0,
          -0.9919596501515641,
          -0.1265545434632311,
          1.6
        ],
        [
          0.0,
          0.0,
          0.0,
          1.0
        ]
      ]
    },
    "target_region": {
      "type": "circle",
      "params": {
        "center": [
          -0.5281547690379353,
          -5.110199706272585
        ],
        "radius": 3.1384776394745497,
        "object_center": [
          -0.5281547690379353,
          -5.110199706272585,
          1.3000000030379413
        ],
        "object_height": 2.600000006950111,
        "occupancy_ratio": 0.5,
        "fov_vertical": 90.0,
        "sample_distance": 3.1384776394745497,
        "min_distance": 2.600000006950111
      },
      "sample_point": [
        0.8926266534453429,
        -7.9086675090189615,
        1.5
      ],
      "sample_forward": [
        -0.45178125159420157,
        0.889859106027066,
        -0.06359616441804851
      ],
      "height": 1.5
    },
    "sample_target": [
      0.8926266534453429,
      -7.9086675090189615,
      1.5
    ],
    "camera_params": {
      "forward": [
        -0.45178125159420157,
        0.889859106027066,
        -0.06359616441804851
      ]
    },
    "task_type": "screen_occupancy",
    "task_description": "Position where wardrobe occupies 50% of vertical FOV",
    "target_object": {
      "label": "wardrobe",
      "id": "73",
      "bbox_min": [
        -0.8248047785129871,
        -6.119199769282553,
        -4.371140676084906e-10
      ],
      "bbox_max": [
        -0.2315047595628837,
        -4.101199643262617,
        2.600000006512997
      ],
      "center": [
        -0.5281547690379353,
        -5.110199706272585,
        1.3000000030379415
      ]
    }
  },
  {
    "scene_id": "0344_840395",
    "object_label": "wardrobe",
    "preset": "occupancy_50",
    "distance": 3.1384776394745497,
    "init_camera": {
      "intrinsics": [
        [
          320.0,
          0.0,
          320.0
        ],
        [
          0.0,
          320.0,
          240.0
        ],
        [
          0.0,
          0.0,
          1.0
        ]
      ],
      "extrinsics": [
        [
          0.49999999999999983,
          -0.1363863352305698,
          0.8552185495897378,
          -2.1572937461507395
        ],
        [
          -0.8660254037844387,
          -0.07874268735915599,
          0.49376065982159617,
          -6.050783533255974
        ],
        [
          0.0,
          -0.9875213196431928,
          -0.157485374718312,
          1.6
        ],
        [
          0.0,
          0.0,
          0.0,
          1.0
        ]
      ]
    },
    "target_region": {
      "type": "circle",
      "params": {
        "center": [
          -0.5281547690379353,
          -5.110199706272585
        ],
        "radius": 3.1384776394745497,
        "object_center": [
          -0.5281547690379353,
          -5.110199706272585,
          1.3000000030379413
        ],
        "object_height": 2.600000006950111,
        "occupancy_ratio": 0.5,
        "fov_vertical": 90.0,
        "sample_distance": 3.1384776394745497,
        "min_distance": 2.600000006950111
      },
      "sample_point": [
        -3.6584684005298795,
        -5.336426278490483,
        1.5
      ],
      "sample_forward": [
        0.9953797170616265,
        0.07193571250518703,
        -0.06359616441804851
      ],
      "height": 1.5
    },
    "sample_target": [
      -3.6584684005298795,
      -5.336426278490483,
      1.5
    ],
    "camera_params": {
      "forward": [
        0.9953797170616265,
        0.07193571250518703,
        -0.06359616441804851
      ]
    },
    "task_type": "screen_occupancy",
    "task_description": "Position where wardrobe occupies 50% of vertical FOV",
    "target_object": {
      "label": "wardrobe",
      "id": "73",
      "bbox_min": [
        -0.8248047785129871,
        -6.119199769282553,
        -4.371140676084906e-10
      ],
      "bbox_max": [
        -0.2315047595628837,
        -4.101199643262617,
        2.600000006512997
      ],
      "center": [
        -0.5281547690379353,
        -5.110199706272585,
        1.3000000030379415
      ]
    }
  },
  {
    "scene_id": "0344_840395",
    "object_label": "wardrobe",
    "preset": "occupancy_30",
    "distance": 5.4148897155921905,
    "init_camera": {
      "intrinsics": [
        [
          320.0,
          0.0,
          320.0
        ],
        [
          0.0,
          320.0,
          240.0
        ],
        [
          0.0,
          0.0,
          1.0
        ]
      ],
      "extrinsics": [
        [
          0.34202014332566866,
          -0.1189223706193278,
          0.9321371633647959,
          -2.737803972655086
        ],
        [
          -0.9396926207859084,
          -0.04328420309380887,
          0.339270181718118,
          -5.9144462445592465
        ],
        [
          0.0,
          -0.991959650151564,
          -0.1265545434632311,
          1.6
        ],
        [
          0.0,
          0.0,
          0.0,
          1.0
        ]
      ]
    },
    "target_region": {
      "type": "circle",
      "params": {
        "center": [
          -0.5281547690379353,
          -5.110199706272585
        ],
        "radius": 5.4148897155921905,
        "object_center": [
          -0.5281547690379353,
          -5.110199706272585,
          1.3000000030379413
        ],
        "object_height": 2.600000006950111,
        "occupancy_ratio": 0.3,
        "fov_vertical": 90.0,
        "sample_distance": 5.4148897155921905,
        "min_distance": 2.600000006950111
      },
      "sample_point": [
        -5.907615382563346,
        -4.491787109736188,
        1.5
      ],
      "sample_forward": [
        0.9927801475248971,
        -0.11412812416118996,
        -0.03691002514076381
      ],
      "height": 1.5
    },
    "sample_target": [
      -5.907615382563346,
      -4.491787109736188,
      1.5
    ],
    "camera_params": {
      "forward": [
        0.9927801475248971,
        -0.11412812416118996,
        -0.03691002514076381
      ]
    },
    "task_type": "screen_occupancy",
    "task_description": "Position where wardrobe occupies 30% of vertical FOV",
    "target_object": {
      "label": "wardrobe",
      "id": "73",
      "bbox_min": [
        -0.8248047785129871,
        -6.119199769282553,
        -4.371140676084906e-10
      ],
      "bbox_max": [
        -0.2315047595628837,
        -4.101199643262617,
        2.600000006512997
      ],
      "center": [
        -0.5281547690379353,
        -5.110199706272585,
        1.3000000030379415
      ]
    }
  },
  {
    "scene_id": "0344_840395",
    "object_label": "wardrobe",
    "preset": "occupancy_50",
    "distance": 3.1384776394745497,
    "init_camera": {
      "intrinsics": [
        [
          320.0,
          0.0,
          320.0
        ],
        [
          0.0,
          320.0,
          240.0
        ],
        [
          0.0,
          0.0,
          1.0
        ]
      ],
      "extrinsics": [
        [
          0.34202014332566866,
          -0.1189223706193278,
          0.9321371633647959,
          -2.737803972655086
        ],
        [
          -0.9396926207859084,
          -0.04328420309380887,
          0.339270181718118,
          -5.9144462445592465
        ],
        [
          0.0,
          -0.991959650151564,
          -0.1265545434632311,
          1.6
        ],
        [
          0.0,
          0.0,
          0.0,
          1.0
        ]
      ]
    },
    "target_region": {
      "type": "circle",
      "params": {
        "center": [
          -0.5281547690379353,
          -5.110199706272585
        ],
        "radius": 3.1384776394745497,
        "object_center": [
          -0.5281547690379353,
          -5.110199706272585,
          1.3000000030379413
        ],
        "object_height": 2.600000006950111,
        "occupancy_ratio": 0.5,
        "fov_vertical": 90.0,
        "sample_distance": 3.1384776394745497,
        "min_distance": 2.600000006950111
      },
      "sample_point": [
        1.9305521114538204,
        -7.060789968040607,
        1.5
      ],
      "sample_forward": [
        -0.7818216470133454,
        0.6202503044196371,
        -0.06359616441804851
      ],
      "height": 1.5
    },
    "sample_target": [
      1.9305521114538204,
      -7.060789968040607,
      1.5
    ],
    "camera_params": {
      "forward": [
        -0.7818216470133454,
        0.6202503044196371,
        -0.06359616441804851
      ]
    },
    "task_type": "screen_occupancy",
    "task_description": "Position where wardrobe occupies 50% of vertical FOV",
    "target_object": {
      "label": "wardrobe",
      "id": "73",
      "bbox_min": [
        -0.8248047785129871,
        -6.119199769282553,
        -4.371140676084906e-10
      ],
      "bbox_max": [
        -0.2315047595628837,
        -4.101199643262617,
        2.600000006512997
      ],
      "center": [
        -0.5281547690379353,
        -5.110199706272585,
        1.3000000030379415
      ]
    }
  },
  {
    "scene_id": "0344_840395",
    "object_label": "wardrobe",
    "preset": "occupancy_30",
    "distance": 5.4148897155921905,
    "init_camera": {
      "intrinsics": [
        [
          320.0,
          0.0,
          320.0
        ],
        [
          0.0,
          320.0,
          240.0
        ],
        [
          0.0,
          0.0,
          1.0
        ]
      ],
      "extrinsics": [
        [
          0.766044443118978,
          -0.10122964757577273,
          0.6347664685679449,
          -1.737346028750876
        ],
        [
          -0.6427876096865395,
          -0.12064079617547288,
          0.7564852193741878,
          -6.551257734169
        ],
        [
          0.0,
          -0.9875213196431929,
          -0.15748537471831198,
          1.6
        ],
        [
          0.0,
          0.0,
          0.0,
          1.0
        ]
      ]
    },
    "target_region": {
      "type": "circle",
      "params": {
        "center": [
          -0.5281547690379353,
          -5.110199706272585
        ],
        "radius": 5.4148897155921905,
        "object_center": [
          -0.5281547690379353,
          -5.110199706272585,
          1.3000000030379413
        ],
        "object_height": 2.600000006950111,
        "occupancy_ratio": 0.3,
        "fov_vertical": 90.0,
        "sample_distance": 5.4148897155921905,
        "min_distance": 2.600000006950111
      },
      "sample_point": [
        0.3515489234132595,
        -10.453153200877775,
        1.5
      ],
      "sample_forward": [
        -0.1623494294900219,
        0.9860427540367468,
        -0.0369100251407638
      ],
      "height": 1.5
    },
    "sample_target": [
      0.3515489234132595,
      -10.453153200877775,
      1.5
    ],
    "camera_params": {
      "forward": [
        -0.1623494294900219,
        0.9860427540367468,
        -0.0369100251407638
      ]
    },
    "task_type": "screen_occupancy",
    "task_description": "Position where wardrobe occupies 30% of vertical FOV",
    "target_object": {
      "label": "wardrobe",
      "id": "73",
      "bbox_min": [
        -0.8248047785129871,
        -6.119199769282553,
        -4.371140676084906e-10
      ],
      "bbox_max": [
        -0.2315047595628837,
        -4.101199643262617,
        2.600000006512997
      ],
      "center": [
        -0.5281547690379353,
        -5.110199706272585,
        1.3000000030379415
      ]
    }
  },
  {
    "scene_id": "0344_840395",
    "object_label": "wardrobe",
    "preset": "occupancy_50",
    "distance": 3.1384776394745497,
    "init_camera": {
      "intrinsics": [
        [
          320.0,
          0.0,
          320.0
        ],
        [
          0.0,
          320.0,
          240.0
        ],
        [
          0.0,
          0.0,
          1.0
        ]
      ],
      "extrinsics": [
        [
          0.766044443118978,
          -0.10122964757577273,
          0.6347664685679449,
          -1.737346028750876
        ],
        [
          -0.6427876096865395,
          -0.12064079617547288,
          0.7564852193741878,
          -6.551257734169
        ],
        [
          0.0,
          -0.9875213196431929,
          -0.15748537471831198,
          1.6
        ],
        [
          0.0,
          0.0,
          0.0,
          1.0
        ]
      ]
    },
    "target_region": {
      "type": "circle",
      "params": {
        "center": [
          -0.5281547690379353,
          -5.110199706272585
        ],
        "radius": 3.1384776394745497,
        "object_center": [
          -0.5281547690379353,
          -5.110199706272585,
          1.3000000030379413
        ],
        "object_height": 2.600000006950111,
        "occupancy_ratio": 0.5,
        "fov_vertical": 90.0,
        "sample_distance": 3.1384776394745497,
        "min_distance": 2.600000006950111
      },
      "sample_point": [
        1.7307536696645376,
        -7.289046777326563,
        1.5
      ],
      "sample_forward": [
        -0.7182895732758063,
        0.6928315933865695,
        -0.06359616441804851
      ],
      "height": 1.5
    },
    "sample_target": [
      1.7307536696645376,
      -7.289046777326563,
      1.5
    ],
    "camera_params": {
      "forward": [
        -0.7182895732758063,
        0.6928315933865695,
        -0.06359616441804851
      ]
    },
    "task_type": "screen_occupancy",
    "task_description": "Position where wardrobe occupies 50% of vertical FOV",
    "target_object": {
      "label": "wardrobe",
      "id": "73",
      "bbox_min": [
        -0.8248047785129871,
        -6.119199769282553,
        -4.371140676084906e-10
      ],
      "bbox_max": [
        -0.2315047595628837,
        -4.101199643262617,
        2.600000006512997
      ],
      "center": [
        -0.5281547690379353,
        -5.110199706272585,
        1.3000000030379415
      ]
    }
  },
  {
    "scene_id": "0344_840395",
    "object_label": "wardrobe",
    "preset": "occupancy_30",
    "distance": 5.4148897155921905,
    "init_camera": {
      "intrinsics": [
        [
          320.0,
          0.0,
          320.0
        ],
        [
          0.0,
          320.0,
          240.0
        ],
        [
          0.0,
          0.0,
          1.0
        ]
      ],
      "extrinsics": [
        [
          -0.17364817766693053,
          -0.15509281800862643,
          0.9725186518494631,
          -2.380743259380205
        ],
        [
          -0.984807753012208,
          0.02734704832902857,
          -0.17148127756328282,
          -4.783538371275279
        ],
        [
          0.0,
          -0.9875213196431928,
          -0.15748537471831198,
          1.6
        ],
        [
          0.0,
          0.0,
          0.0,
          1.0
        ]
      ]
    },
    "target_region": {
      "type": "circle",
      "params": {
        "center": [
          -0.5281547690379353,
          -5.110199706272585
        ],
        "radius": 5.4148897155921905,
        "object_center": [
          -0.5281547690379353,
          -5.110199706272585,
          1.3000000030379413
        ],
        "object_height": 2.600000006950111,
        "occupancy_ratio": 0.3,
        "fov_vertical": 90.0,
        "sample_distance": 5.4148897155921905,
        "min_distance": 2.600000006950111
      },
      "sample_point": [
        0.5453630954467916,
        -10.417608681154606,
        1.5
      ],
      "sample_forward": [
        -0.19811785984530386,
        0.9794830083541136,
        -0.03691002514076381
      ],
      "height": 1.5
    },
    "sample_target": [
      0.5453630954467916,
      -10.417608681154606,
      1.5
    ],
    "camera_params": {
      "forward": [
        -0.19811785984530386,
        0.9794830083541136,
        -0.03691002514076381
      ]
    },
    "task_type": "screen_occupancy",
    "task_description": "Position where wardrobe occupies 30% of vertical FOV",
    "target_object": {
      "label": "wardrobe",
      "id": "73",
      "bbox_min": [
        -0.8248047785129871,
        -6.119199769282553,
        -4.371140676084906e-10
      ],
      "bbox_max": [
        -0.2315047595628837,
        -4.101199643262617,
        2.600000006512997
      ],
      "center": [
        -0.5281547690379353,
        -5.110199706272585,
        1.3000000030379415
      ]
    }
  },
  {
    "scene_id": "0344_840395",
    "object_label": "wardrobe",
    "preset": "occupancy_50",
    "distance": 3.1384776394745497,
    "init_camera": {
      "intrinsics": [
        [
          320.0,
          0.0,
          320.0
        ],
        [
          0.0,
          320.0,
          240.0
        ],
        [
          0.0,
          0.0,
          1.0
        ]
      ],
      "extrinsics": [
        [
          -0.17364817766693053,
          -0.15509281800862643,
          0.9725186518494631,
          -2.380743259380205
        ],
        [
          -0.984807753012208,
          0.02734704832902857,
          -0.17148127756328282,
          -4.783538371275279
        ],
        [
          0.0,
          -0.9875213196431928,
          -0.15748537471831198,
          1.6
        ],
        [
          0.0,
          0.0,
          0.0,
          1.0
        ]
      ]
    },
    "target_region": {
      "type": "circle",
      "params": {
        "center": [
          -0.5281547690379353,
          -5.110199706272585
        ],
        "radius": 3.1384776394745497,
        "object_center": [
          -0.5281547690379353,
          -5.110199706272585,
          1.3000000030379413
        ],
        "object_height": 2.600000006950111,
        "occupancy_ratio": 0.5,
        "fov_vertical": 90.0,
        "sample_distance": 3.1384776394745497,
        "min_distance": 2.600000006950111
      },
      "sample_point": [
        1.8462282447345588,
        -7.162600056445619,
        1.5
      ],
      "sample_forward": [
        -0.7550082741448392,
        0.6526239605194892,
        -0.06359616441804848
      ],
      "height": 1.5
    },
    "sample_target": [
      1.8462282447345588,
      -7.162600056445619,
      1.5
    ],
    "camera_params": {
      "forward": [
        -0.7550082741448392,
        0.6526239605194892,
        -0.06359616441804848
      ]
    },
    "task_type": "screen_occupancy",
    "task_description": "Position where wardrobe occupies 50% of vertical FOV",
    "target_object": {
      "label": "wardrobe",
      "id": "73",
      "bbox_min": [
        -0.8248047785129871,
        -6.119199769282553,
        -4.371140676084906e-10
      ],
      "bbox_max": [
        -0.2315047595628837,
        -4.101199643262617,
        2.600000006512997
      ],
      "center": [
        -0.5281547690379353,
        -5.110199706272585,
        1.3000000030379415
      ]
    }
  },
  {
    "scene_id": "0344_840395",
    "object_label": "cabinet",
    "preset": "occupancy_20",
    "distance": 3.8137363760426712,
    "init_camera": {
      "intrinsics": [
        [
          320.0,
          0.0,
          320.0
        ],
        [
          0.0,
          320.0,
          240.0
        ],
        [
          0.0,
          0.0,
          1.0
        ]
      ],
      "extrinsics": [
        [
          0.3420201433256697,
          0.40405427920651393,
          -0.8483880957524055,
          1.7141026239994464
        ],
        [
          0.939692620785908,
          -0.1470637306590569,
          0.3087880139596613,
          -7.664793486964979
        ],
        [
          -0.0,
          -0.9028357539328761,
          -0.42998558280534843,
          1.3080730029296874
        ],
        [
          0.0,
          0.0,
          0.0,
          1.0
        ]
      ]
    },
    "target_region": {
      "type": "circle",
      "params": {
        "center": [
          0.3249951499278415,
          -7.159199714206201
        ],
        "radius": 3.8137363760426712,
        "object_center": [
          0.3249951499278415,
          -7.159199714206201,
          0.6040365014648437
        ],
        "object_height": 1.2080730029296873,
        "occupancy_ratio": 0.2,
        "fov_vertical": 90.0,
        "sample_distance": 3.8137363760426712,
        "min_distance": 1.6000000284124036
      },
      "sample_point": [
        -2.880966620553607,
        -9.224724894919945,
        1.5
      ],
      "sample_forward": [
        0.8183551925438298,
        0.527246853824237,
        -0.2287040313789743
      ],
      "height": 1.5
    },
    "sample_target": [
      -2.880966620553607,
      -9.224724894919945,
      1.5
    ],
    "camera_params": {
      "forward": [
        0.8183551925438298,
        0.527246853824237,
        -0.2287040313789743
      ]
    },
    "task_type": "screen_occupancy",
    "task_description": "Position where cabinet occupies 20% of vertical FOV",
    "target_object": {
      "label": "cabinet",
      "id": "74",
      "bbox_min": [
        0.00849517800000001,
        -7.959199728412404,
        0.0
      ],
      "bbox_max": [
        0.641495121855683,
        -6.3591997000000005,
        1.2080730029296873
      ],
      "center": [
        0.3249951499278415,
        -7.159199714206203,
        0.6040365014648437
      ]
    }
  },
  {
    "scene_id": "0344_840395",
    "object_label": "cabinet",
    "preset": "occupancy_30",
    "distance": 2.515993100677733,
    "init_camera": {
      "intrinsics": [
        [
          320.0,
          0.0,
          320.0
        ],
        [
          0.0,
          320.0,
          240.0
        ],
        [
          0.0,
          0.0,
          1.0
        ]
      ],
      "extrinsics": [
        [
          0.3420201433256697,
          0.40405427920651393,
          -0.8483880957524055,
          1.7141026239994464
        ],
        [
          0.939692620785908,
          -0.1470637306590569,
          0.3087880139596613,
          -7.664793486964979
        ],
        [
          -0.0,
          -0.9028357539328761,
          -0.42998558280534843,
          1.3080730029296874
        ],
        [
          0.0,
          0.0,
          0.0,
          1.0
        ]
      ]
    },
    "target_region": {
      "type": "circle",
      "params": {
        "center": [
          0.3249951499278415,
          -7.159199714206201
        ],
        "radius": 2.515993100677733,
        "object_center": [
          0.3249951499278415,
          -7.159199714206201,
          0.6040365014648437
        ],
        "object_height": 1.2080730029296873,
        "occupancy_ratio": 0.3,
        "fov_vertical": 90.0,
        "sample_distance": 2.515993100677733,
        "min_distance": 1.6000000284124036
      },
      "sample_point": [
        0.7479410094195693,
        -4.6790105918615446,
        1.5
      ],
      "sample_forward": [
        -0.15836146908284707,
        -0.928644610659627,
        -0.33547106015683725
      ],
      "height": 1.5
    },
    "sample_target": [
      0.7479410094195693,
      -4.6790105918615446,
      1.5
    ],
    "camera_params": {
      "forward": [
        -0.15836146908284707,
        -0.928644610659627,
        -0.33547106015683725
      ]
    },
    "task_type": "screen_occupancy",
    "task_description": "Position where cabinet occupies 30% of vertical FOV",
    "target_object": {
      "label": "cabinet",
      "id": "74",
      "bbox_min": [
        0.00849517800000001,
        -7.959199728412404,
        0.0
      ],
      "bbox_max": [
        0.641495121855683,
        -6.3591997000000005,
        1.2080730029296873
      ],
      "center": [
        0.3249951499278415,
        -7.159199714206203,
        0.6040365014648437
      ]
    }
  },
  {
    "scene_id": "0344_840395",
    "object_label": "cabinet",
    "preset": "occupancy_50",
    "distance": 1.6000000284124036,
    "init_camera": {
      "intrinsics": [
        [
          320.0,
          0.0,
          320.0
        ],
        [
          0.0,
          320.0,
          240.0
        ],
        [
          0.0,
          0.0,
          1.0
        ]
      ],
      "extrinsics": [
        [
          0.3420201433256697,
          0.40405427920651393,
          -0.8483880957524055,
          1.7141026239994464
        ],
        [
          0.939692620785908,
          -0.1470637306590569,
          0.3087880139596613,
          -7.664793486964979
        ],
        [
          -0.0,
          -0.9028357539328761,
          -0.42998558280534843,
          1.3080730029296874
        ],
        [
          0.0,
          0.0,
          0.0,
          1.0
        ]
      ]
    },
    "target_region": {
      "type": "circle",
      "params": {
        "center": [
          0.3249951499278415,
          -7.159199714206201
        ],
        "radius": 1.6000000284124036,
        "object_center": [
          0.3249951499278415,
          -7.159199714206201,
          0.6040365014648437
        ],
        "object_height": 1.2080730029296873,
        "occupancy_ratio": 0.5,
        "fov_vertical": 90.0,
        "sample_distance": 1.6000000284124036,
        "min_distance": 1.6000000284124036
      },
      "sample_point": [
        0.6706428366754813,
        -5.596980853877822,
        1.5
      ],
      "sample_forward": [
        -0.18848913439232942,
        -0.8519116198502324,
        -0.48858820921117563
      ],
      "height": 1.5
    },
    "sample_target": [
      0.6706428366754813,
      -5.596980853877822,
      1.5
    ],
    "camera_params": {
      "forward": [
        -0.18848913439232942,
        -0.8519116198502324,
        -0.48858820921117563
      ]
    },
    "task_type": "screen_occupancy",
    "task_description": "Position where cabinet occupies 50% of vertical FOV",
    "target_object": {
      "label": "cabinet",
      "id": "74",
      "bbox_min": [
        0.00849517800000001,
        -7.959199728412404,
        0.0
      ],
      "bbox_max": [
        0.641495121855683,
        -6.3591997000000005,
        1.2080730029296873
      ],
      "center": [
        0.3249951499278415,
        -7.159199714206203,
        0.6040365014648437
      ]
    }
  },
  {
    "scene_id": "0344_840395",
    "object_label": "cabinet",
    "preset": "occupancy_20",
    "distance": 3.8137363760426712,
    "init_camera": {
      "intrinsics": [
        [
          320.0,
          0.0,
          320.0
        ],
        [
          0.0,
          320.0,
          240.0
        ],
        [
          0.0,
          0.0,
          1.0
        ]
      ],
      "extrinsics": [
        [
          -0.17364817766693064,
          0.42345313563017994,
          -0.8891196501697184,
          1.7807943974400726
        ],
        [
          0.984807753012208,
          0.07466621287720188,
          -0.15677578340299334,
          -6.902503028374715
        ],
        [
          0.0,
          -0.9028357539328762,
          -0.42998558280534843,
          1.3080730029296874
        ],
        [
          0.0,
          0.0,
          0.0,
          1.0
        ]
      ]
    },
    "target_region": {
      "type": "circle",
      "params": {
        "center": [
          0.3249951499278415,
          -7.159199714206201
        ],
        "radius": 3.8137363760426712,
        "object_center": [
          0.3249951499278415,
          -7.159199714206201,
          0.6040365014648437
        ],
        "object_height": 1.2080730029296873,
        "occupancy_ratio": 0.2,
        "fov_vertical": 90.0,
        "sample_distance": 3.8137363760426712,
        "min_distance": 1.6000000284124036
      },
      "sample_point": [
        -2.8523161545685043,
        -9.26853089263002,
        1.5
      ],
      "sample_forward": [
        0.8110418621655365,
        0.538428791806367,
        -0.22870403137897433
      ],
      "height": 1.5
    },
    "sample_target": [
      -2.8523161545685043,
      -9.26853089263002,
      1.5
    ],
    "camera_params": {
      "forward": [
        0.8110418621655365,
        0.538428791806367,
        -0.22870403137897433
      ]
    },
    "task_type": "screen_occupancy",
    "task_description": "Position where cabinet occupies 20% of vertical FOV",
    "target_object": {
      "label": "cabinet",
      "id": "74",
      "bbox_min": [
        0.00849517800000001,
        -7.959199728412404,
        0.0
      ],
      "bbox_max": [
        0.641495121855683,
        -6.3591997000000005,
        1.2080730029296873
      ],
      "center": [
        0.3249951499278415,
        -7.159199714206203,
        0.6040365014648437
      ]
    }
  },
  {
    "scene_id": "0344_840395",
    "object_label": "cabinet",
    "preset": "occupancy_20",
    "distance": 3.8137363760426712,
    "init_camera": {
      "intrinsics": [
        [
          320.0,
          0.0,
          320.0
        ],
        [
          0.0,
          320.0,
          240.0
        ],
        [
          0.0,
          0.0,
          1.0
        ]
      ],
      "extrinsics": [
        [
          0.34202014332566927,
          0.48069026779079777,
          -0.8074398355361839,
          1.4362811291851254
        ],
        [
          0.9396926207859081,
          -0.17495694937730052,
          0.29388406609596934,
          -7.563674732413223
        ],
        [
          -0.0,
          -0.8592595255892134,
          -0.5115398984284609,
          1.3080730029296874
        ],
        [
          0.0,
          0.0,
          0.0,
          1.0
        ]
      ]
    },
    "target_region": {
      "type": "circle",
      "params": {
        "center": [
          0.3249951499278415,
          -7.159199714206201
        ],
        "radius": 3.8137363760426712,
        "object_center": [
          0.3249951499278415,
          -7.159199714206201,
          0.6040365014648437
        ],
        "object_height": 1.2080730029296873,
        "occupancy_ratio": 0.2,
        "fov_vertical": 90.0,
        "sample_distance": 3.8137363760426712,
        "min_distance": 1.6000000284124036
      },
      "sample_point": [
        -3.3535683497872797,
        -8.165557366591637,
        1.5
      ],
      "sample_forward": [
        0.938991715001641,
        0.25688329098888907,
        -0.22870403137897433
      ],
      "height": 1.5
    },
    "sample_target": [
      -3.3535683497872797,
      -8.165557366591637,
      1.5
    ],
    "camera_params": {
      "forward": [
        0.938991715001641,
        0.25688329098888907,
        -0.22870403137897433
      ]
    },
    "task_type": "screen_occupancy",
    "task_description": "Position where cabinet occupies 20% of vertical FOV",
    "target_object": {
      "label": "cabinet",
      "id": "74",
      "bbox_min": [
        0.00849517800000001,
        -7.959199728412404,
        0.0
      ],
      "bbox_max": [
        0.641495121855683,
        -6.3591997000000005,
        1.2080730029296873
      ],
      "center": [
        0.3249951499278415,
        -7.159199714206203,
        0.6040365014648437
      ]
    }
  },
  {
    "scene_id": "0344_840395",
    "object_label": "cabinet",
    "preset": "occupancy_30",
    "distance": 2.515993100677733,
    "init_camera": {
      "intrinsics": [
        [
          320.0,
          0.0,
          320.0
        ],
        [
          0.0,
          320.0,
          240.0
        ],
        [
          0.0,
          0.0,
          1.0
        ]
      ],
      "extrinsics": [
        [
          0.34202014332566927,
          0.48069026779079777,
          -0.8074398355361839,
          1.4362811291851254
        ],
        [
          0.9396926207859081,
          -0.17495694937730052,
          0.29388406609596934,
          -7.563674732413223
        ],
        [
          -0.0,
          -0.8592595255892134,
          -0.5115398984284609,
          1.3080730029296874
        ],
        [
          0.0,
          0.0,
          0.0,
          1.0
        ]
      ]
    },
    "target_region": {
      "type": "circle",
      "params": {
        "center": [
          0.3249951499278415,
          -7.159199714206201
        ],
        "radius": 2.515993100677733,
        "object_center": [
          0.3249951499278415,
          -7.159199714206201,
          0.6040365014648437
        ],
        "object_height": 1.2080730029296873,
        "occupancy_ratio": 0.3,
        "fov_vertical": 90.0,
        "sample_distance": 2.515993100677733,
        "min_distance": 1.6000000284124036
      },
      "sample_point": [
        0.9626756645151527,
        -4.725358132678426,
        1.5
      ],
      "sample_forward": [
        -0.2387634748733781,
        -0.9112909364542354,
        -0.33547106015683714
      ],
      "height": 1.5
    },
    "sample_target": [
      0.9626756645151527,
      -4.725358132678426,
      1.5
    ],
    "camera_params": {
      "forward": [
        -0.2387634748733781,
        -0.9112909364542354,
        -0.33547106015683714
      ]
    },
    "task_type": "screen_occupancy",
    "task_description": "Position where cabinet occupies 30% of vertical FOV",
    "target_object": {
      "label": "cabinet",
      "id": "74",
      "bbox_min": [
        0.00849517800000001,
        -7.959199728412404,
        0.0
      ],
      "bbox_max": [
        0.641495121855683,
        -6.3591997000000005,
        1.2080730029296873
      ],
      "center": [
        0.3249951499278415,
        -7.159199714206203,
        0.6040365014648437
      ]
    }
  },
  {
    "scene_id": "0344_840395",
    "object_label": "cabinet",
    "preset": "occupancy_20",
    "distance": 3.8137363760426712,
    "init_camera": {
      "intrinsics": [
        [
          320.0,
          0.0,
          320.0
        ],
        [
          0.0,
          320.0,
          240.0
        ],
        [
          0.0,
          0.0,
          1.0
        ]
      ],
      "extrinsics": [
        [
          -0.3420201433256685,
          0.4806902677907978,
          -0.8074398355361843,
          1.4362811291851258
        ],
        [
          0.9396926207859084,
          0.1749569493773001,
          -0.2938840660959687,
          -6.754724695999183
        ],
        [
          0.0,
          -0.8592595255892134,
          -0.5115398984284609,
          1.3080730029296874
        ],
        [
          0.0,
          0.0,
          0.0,
          1.0
        ]
      ]
    },
    "target_region": {
      "type": "circle",
      "params": {
        "center": [
          0.3249951499278415,
          -7.159199714206201
        ],
        "radius": 3.8137363760426712,
        "object_center": [
          0.3249951499278415,
          -7.159199714206201,
          0.6040365014648437
        ],
        "object_height": 1.2080730029296873,
        "occupancy_ratio": 0.2,
        "fov_vertical": 90.0,
        "sample_distance": 3.8137363760426712,
        "min_distance": 1.6000000284124036
      },
      "sample_point": [
        1.7248191167174718,
        -3.6116543645380066,
        1.5
      ],
      "sample_forward": [
        -0.35731967312185525,
        -0.9055479651741788,
        -0.22870403137897433
      ],
      "height": 1.5
    },
    "sample_target": [
      1.7248191167174718,
      -3.6116543645380066,
      1.5
    ],
    "camera_params": {
      "forward": [
        -0.35731967312185525,
        -0.9055479651741788,
        -0.22870403137897433
      ]
    },
    "task_type": "screen_occupancy",
    "task_description": "Position where cabinet occupies 20% of vertical FOV",
    "target_object": {
      "label": "cabinet",
      "id": "74",
      "bbox_min": [
        0.00849517800000001,
        -7.959199728412404,
        0.0
      ],
      "bbox_max": [
        0.641495121855683,
        -6.3591997000000005,
        1.2080730029296873
      ],
      "center": [
        0.3249951499278415,
        -7.159199714206203,
        0.6040365014648437
      ]
    }
  },
  {
    "scene_id": "0344_840395",
    "object_label": "cabinet",
    "preset": "occupancy_30",
    "distance": 2.515993100677733,
    "init_camera": {
      "intrinsics": [
        [
          320.0,
          0.0,
          320.0
        ],
        [
          0.0,
          320.0,
          240.0
        ],
        [
          0.0,
          0.0,
          1.0
        ]
      ],
      "extrinsics": [
        [
          -0.3420201433256685,
          0.4806902677907978,
          -0.8074398355361843,
          1.4362811291851258
        ],
        [
          0.9396926207859084,
          0.1749569493773001,
          -0.2938840660959687,
          -6.754724695999183
        ],
        [
          0.0,
          -0.8592595255892134,
          -0.5115398984284609,
          1.3080730029296874
        ],
        [
          0.0,
          0.0,
          0.0,
          1.0
        ]
      ]
    },
