[
  {
    "scene_id": "0266_840789",
    "object_label": "wardrobe",
    "preset": "occupancy_30",
    "distance": 5.206624715070982,
    "init_camera": {
      "intrinsics": [
        [
          320.0,
          0.0,
          320.0
        ],
        [
          0.0,
          320.0,
          240.0
        ],
        [
          0.0,
          0.0,
          1.0
        ]
      ],
      "extrinsics": [
        [
          1.0,
          -3.916385689278703e-17,
          2.2120385576990297e-16,
          -2.1907783371546814
        ],
        [
          -2.246440595568704e-16,
          -0.1743373805211724,
          0.9846859792609093,
          -1.5296661395272946
        ],
        [
          0.0,
          -0.9846859792609093,
          -0.1743373805211724,
          1.6
        ],
        [
          0.0,
          0.0,
          0.0,
          1.0
        ]
      ]
    },
    "target_region": {
      "type": "circle",
      "params": {
        "center": [
          -2.190778337154681,
          0.44719098603421126
        ],
        "radius": 5.206624715070982,
        "object_center": [
          -2.190778337154681,
          0.44719098603421126,
          1.2499999998032987
        ],
        "object_height": 2.500000001180208,
        "occupancy_ratio": 0.3,
        "fov_vertical": 90.0,
        "sample_distance": 5.206624715070982,
        "min_distance": 2.500000001180208
      },
      "sample_point": [
        1.1872257969560405,
        4.409264810878828,
        1.5
      ],
      "sample_forward": [
        -0.6480430266962669,
        -0.7600921169749528,
        -0.047960496899802606
      ],
      "height": 1.5
    },
    "sample_target": [
      1.1872257969560405,
      4.409264810878828,
      1.5
    ],
    "camera_params": {
      "forward": [
        -0.6480430266962669,
        -0.7600921169749528,
        -0.047960496899802606
      ]
    },
    "task_type": "screen_occupancy",
    "task_description": "Position where wardrobe occupies 30% of vertical FOV",
    "target_object": {
      "label": "wardrobe",
      "id": "60",
      "bbox_min": [
        -3.2837783743093625,
        -0.12780902871838315,
        -7.868052307458129e-10
      ],
      "bbox_max": [
        -1.0977782999999999,
        1.0221910007868058,
        2.5000000003934026
      ],
      "center": [
        -2.190778337154681,
        0.4471909860342113,
        1.2499999998032987
      ]
    }
  },
  {
    "scene_id": "0266_840789",
    "object_label": "wardrobe",
    "preset": "occupancy_50",
    "distance": 3.0177669543910057,
    "init_camera": {
      "intrinsics": [
        [
          320.0,
          0.0,
          320.0
        ],
        [
          0.0,
          320.0,
          240.0
        ],
        [
          0.0,
          0.0,
          1.0
        ]
      ],
      "extrinsics": [
        [
          1.0,
          -3.916385689278703e-17,
          2.2120385576990297e-16,
          -2.1907783371546814
        ],
        [
          -2.246440595568704e-16,
          -0.1743373805211724,
          0.9846859792609093,
          -1.5296661395272946
        ],
        [
          0.0,
          -0.9846859792609093,
          -0.1743373805211724,
          1.6
        ],
        [
          0.0,
          0.0,
          0.0,
          1.0
        ]
      ]
    },
    "target_region": {
      "type": "circle",
      "params": {
        "center": [
          -2.190778337154681,
          0.44719098603421126
        ],
        "radius": 3.0177669543910057,
        "object_center": [
          -2.190778337154681,
          0.44719098603421126,
          1.2499999998032987
        ],
        "object_height": 2.500000001180208,
        "occupancy_ratio": 0.5,
        "fov_vertical": 90.0,
        "sample_distance": 3.0177669543910057,
        "min_distance": 2.500000001180208
      },
      "sample_point": [
        -1.4837527726238753,
        -2.4865834160141573,
        1.5
      ],
      "sample_forward": [
        -0.23348782849705396,
        0.9688484388666974,
        -0.0825598961318004
      ],
      "height": 1.5
    },
    "sample_target": [
      -1.4837527726238753,
      -2.4865834160141573,
      1.5
    ],
    "camera_params": {
      "forward": [
        -0.23348782849705396,
        0.9688484388666974,
        -0.0825598961318004
      ]
    },
    "task_type": "screen_occupancy",
    "task_description": "Position where wardrobe occupies 50% of vertical FOV",
    "target_object": {
      "label": "wardrobe",
      "id": "60",
      "bbox_min": [
        -3.2837783743093625,
        -0.12780902871838315,
        -7.868052307458129e-10
      ],
      "bbox_max": [
        -1.0977782999999999,
        1.0221910007868058,
        2.5000000003934026
      ],
      "center": [
        -2.190778337154681,
        0.4471909860342113,
        1.2499999998032987
      ]
    }
  },
  {
    "scene_id": "0266_840789",
    "object_label": "wardrobe",
    "preset": "occupancy_30",
    "distance": 5.206624715070982,
    "init_camera": {
      "intrinsics": [
        [
          320.0,
          0.0,
          320.0
        ],
        [
          0.0,
          320.0,
          240.0
        ],
        [
          0.0,
          0.0,
          1.0
        ]
      ],
      "extrinsics": [
        [
          0.7660444431189781,
          0.09014404603352716,
          -0.6364353558149013,
          -0.6024042541153272
        ],
        [
          0.6427876096865391,
          -0.10742949071143387,
          0.7584741217463832,
          -1.445759533811473
        ],
        [
          -0.0,
          -0.9901176472976266,
          -0.14023924026396006,
          1.6
        ],
        [
          0.0,
          0.0,
          0.0,
          1.0
        ]
      ]
    },
    "target_region": {
      "type": "circle",
      "params": {
        "center": [
          -2.190778337154681,
          0.44719098603421126
        ],
        "radius": 5.206624715070982,
        "object_center": [
          -2.190778337154681,
          0.44719098603421126,
          1.2499999998032987
        ],
        "object_height": 2.500000001180208,
        "occupancy_ratio": 0.3,
        "fov_vertical": 90.0,
        "sample_distance": 5.206624715070982,
        "min_distance": 2.500000001180208
      },
      "sample_point": [
        0.326629892331578,
        5.004777708160609,
        1.5
      ],
      "sample_forward": [
        -0.48294459796326983,
        -0.874336494740566,
        -0.047960496899802606
      ],
      "height": 1.5
    },
    "sample_target": [
      0.326629892331578,
      5.004777708160609,
      1.5
    ],
    "camera_params": {
      "forward": [
        -0.48294459796326983,
        -0.874336494740566,
        -0.047960496899802606
      ]
    },
    "task_type": "screen_occupancy",
    "task_description": "Position where wardrobe occupies 30% of vertical FOV",
    "target_object": {
      "label": "wardrobe",
      "id": "60",
      "bbox_min": [
        -3.2837783743093625,
        -0.12780902871838315,
        -7.868052307458129e-10
      ],
      "bbox_max": [
        -1.0977782999999999,
        1.0221910007868058,
        2.5000000003934026
      ],
      "center": [
        -2.190778337154681,
        0.4471909860342113,
        1.2499999998032987
      ]
    }
  },
  {
    "scene_id": "0266_840789",
    "object_label": "wardrobe",
    "preset": "occupancy_50",
    "distance": 3.0177669543910057,
    "init_camera": {
      "intrinsics": [
        [
          320.0,
          0.0,
          320.0
        ],
        [
          0.0,
          320.0,
          240.0
        ],
        [
          0.0,
          0.0,
          1.0
        ]
      ],
      "extrinsics": [
        [
          0.7660444431189781,
          0.09014404603352716,
          -0.6364353558149013,
          -0.6024042541153272
        ],
        [
          0.6427876096865391,
          -0.10742949071143387,
          0.7584741217463832,
          -1.445759533811473
        ],
        [
          -0.0,
          -0.9901176472976266,
          -0.14023924026396006,
          1.6
        ],
        [
          0.0,
          0.0,
          0.0,
          1.0
        ]
      ]
    },
    "target_region": {
      "type": "circle",
      "params": {
        "center": [
          -2.190778337154681,
          0.44719098603421126
        ],
        "radius": 3.0177669543910057,
        "object_center": [
          -2.190778337154681,
          0.44719098603421126,
          1.2499999998032987
        ],
        "object_height": 2.500000001180208,
        "occupancy_ratio": 0.5,
        "fov_vertical": 90.0,
        "sample_distance": 3.0177669543910057,
        "min_distance": 2.500000001180208
      },
      "sample_point": [
        -2.9005787970781363,
        -2.485913290684709,
        1.5
      ],
      "sample_forward": [
        0.23440420879790802,
        0.9686271369564933,
        -0.0825598961318004
      ],
      "height": 1.5
    },
    "sample_target": [
      -2.9005787970781363,
      -2.485913290684709,
      1.5
    ],
    "camera_params": {
      "forward": [
        0.23440420879790802,
        0.9686271369564933,
        -0.0825598961318004
      ]
    },
    "task_type": "screen_occupancy",
    "task_description": "Position where wardrobe occupies 50% of vertical FOV",
    "target_object": {
      "label": "wardrobe",
      "id": "60",
      "bbox_min": [
        -3.2837783743093625,
        -0.12780902871838315,
        -7.868052307458129e-10
      ],
      "bbox_max": [
        -1.0977782999999999,
        1.0221910007868058,
        2.5000000003934026
      ],
      "center": [
        -2.190778337154681,
        0.4471909860342113,
        1.2499999998032987
      ]
    }
  },
  {
    "scene_id": "0266_840789",
    "object_label": "wardrobe",
    "preset": "occupancy_30",
    "distance": 5.206624715070982,
    "init_camera": {
      "intrinsics": [
        [
          320.0,
          0.0,
          320.0
        ],
        [
          0.0,
          320.0,
          240.0
        ],
        [
          0.0,
          0.0,
          1.0
        ]
      ],
      "extrinsics": [
        [
          0.984807753012208,
          -0.02435228850923148,
          0.1719321251291014,
          -2.619875383856733
        ],
        [
          -0.1736481776669304,
          -0.13810869108848972,
          0.9750755354529096,
          -1.9863392937787874
        ],
        [
          0.0,
          -0.9901176472976266,
          -0.14023924026396006,
          1.6
        ],
        [
          0.0,
          0.0,
          0.0,
          1.0
        ]
      ]
    },
    "target_region": {
      "type": "circle",
      "params": {
        "center": [
          -2.190778337154681,
          0.44719098603421126
        ],
        "radius": 5.206624715070982,
        "object_center": [
          -2.190778337154681,
          0.44719098603421126,
          1.2499999998032987
        ],
        "object_height": 2.500000001180208,
        "occupancy_ratio": 0.3,
        "fov_vertical": 90.0,
        "sample_distance": 5.206624715070982,
        "min_distance": 2.500000001180208
      },
      "sample_point": [
        -7.390450046634028,
        0.17820206948166312,
        1.5
      ],
      "sample_forward": [
        0.9975153548250518,
        0.05160336835299719,
        -0.047960496899802606
      ],
      "height": 1.5
    },
    "sample_target": [
      -7.390450046634028,
      0.17820206948166312,
      1.5
    ],
    "camera_params": {
      "forward": [
        0.9975153548250518,
        0.05160336835299719,
        -0.047960496899802606
      ]
    },
    "task_type": "screen_occupancy",
    "task_description": "Position where wardrobe occupies 30% of vertical FOV",
    "target_object": {
      "label": "wardrobe",
      "id": "60",
      "bbox_min": [
        -3.2837783743093625,
        -0.12780902871838315,
        -7.868052307458129e-10
      ],
      "bbox_max": [
        -1.0977782999999999,
        1.0221910007868058,
        2.5000000003934026
      ],
      "center": [
        -2.190778337154681,
        0.4471909860342113,
        1.2499999998032987
      ]
    }
  },
  {
    "scene_id": "0266_840789",
    "object_label": "wardrobe",
    "preset": "occupancy_50",
    "distance": 3.0177669543910057,
    "init_camera": {
      "intrinsics": [
        [
          320.0,
          0.0,
          320.0
        ],
        [
          0.0,
          320.0,
          240.0
        ],
        [
          0.0,
          0.0,
          1.0
        ]
      ],
      "extrinsics": [
        [
          0.984807753012208,
          -0.02435228850923148,
          0.1719321251291014,
          -2.619875383856733
        ],
        [
          -0.1736481776669304,
          -0.13810869108848972,
          0.9750755354529096,
          -1.9863392937787874
        ],
        [
          0.0,
          -0.9901176472976266,
          -0.14023924026396006,
          1.6
        ],
        [
          0.0,
          0.0,
          0.0,
          1.0
        ]
      ]
    },
    "target_region": {
      "type": "circle",
      "params": {
        "center": [
          -2.190778337154681,
          0.44719098603421126
        ],
        "radius": 3.0177669543910057,
        "object_center": [
          -2.190778337154681,
          0.44719098603421126,
          1.2499999998032987
        ],
        "object_height": 2.500000001180208,
        "occupancy_ratio": 0.5,
        "fov_vertical": 90.0,
        "sample_distance": 3.0177669543910057,
        "min_distance": 2.500000001180208
      },
      "sample_point": [
        0.08164534194825235,
        -1.5385099012261674,
        1.5
      ],
      "sample_forward": [
        -0.750444251066274,
        0.6557570354882098,
        -0.0825598961318004
      ],
      "height": 1.5
    },
    "sample_target": [
      0.08164534194825235,
      -1.5385099012261674,
      1.5
    ],
    "camera_params": {
      "forward": [
        -0.750444251066274,
        0.6557570354882098,
        -0.0825598961318004
      ]
    },
    "task_type": "screen_occupancy",
    "task_description": "Position where wardrobe occupies 50% of vertical FOV",
    "target_object": {
      "label": "wardrobe",
      "id": "60",
      "bbox_min": [
        -3.2837783743093625,
        -0.12780902871838315,
        -7.868052307458129e-10
      ],
      "bbox_max": [
        -1.0977782999999999,
        1.0221910007868058,
        2.5000000003934026
      ],
      "center": [
        -2.190778337154681,
        0.4471909860342113,
        1.2499999998032987
      ]
    }
  },
  {
    "scene_id": "0266_840789",
    "object_label": "wardrobe",
    "preset": "occupancy_30",
    "distance": 5.206624715070982,
    "init_camera": {
      "intrinsics": [
        [
          320.0,
          0.0,
          320.0
        ],
        [
          0.0,
          320.0,
          240.0
        ],
        [
          0.0,
          0.0,
          1.0
        ]
      ],
      "extrinsics": [
        [
          0.8660254037844386,
          0.07011962013198006,
          -0.4950588236488134,
          -0.9552426336787396
        ],
        [
          0.5000000000000001,
          -0.12145074467601892,
          0.8574670352950254,
          -1.6928196269514733
        ],
        [
          -0.0,
          -0.9901176472976266,
          -0.14023924026396006,
          1.6
        ],
        [
          0.0,
          0.0,
          0.0,
          1.0
        ]
      ]
    },
    "target_region": {
      "type": "circle",
      "params": {
        "center": [
          -2.190778337154681,
          0.44719098603421126
        ],
        "radius": 5.206624715070982,
        "object_center": [
          -2.190778337154681,
          0.44719098603421126,
          1.2499999998032987
        ],
        "object_height": 2.500000001180208,
        "occupancy_ratio": 0.3,
        "fov_vertical": 90.0,
        "sample_distance": 5.206624715070982,
        "min_distance": 2.500000001180208
      },
      "sample_point": [
        2.5839787737833104,
        2.5233979735802663,
        1.5
      ],
      "sample_forward": [
        -0.9159988937450954,
        -0.398303674844817,
        -0.04796049689980262
      ],
      "height": 1.5
    },
    "sample_target": [
      2.5839787737833104,
      2.5233979735802663,
      1.5
    ],
    "camera_params": {
      "forward": [
        -0.9159988937450954,
        -0.398303674844817,
        -0.04796049689980262
      ]
    },
    "task_type": "screen_occupancy",
    "task_description": "Position where wardrobe occupies 30% of vertical FOV",
    "target_object": {
      "label": "wardrobe",
      "id": "60",
      "bbox_min": [
        -3.2837783743093625,
        -0.12780902871838315,
        -7.868052307458129e-10
      ],
      "bbox_max": [
        -1.0977782999999999,
        1.0221910007868058,
        2.5000000003934026
      ],
      "center": [
        -2.190778337154681,
        0.4471909860342113,
        1.2499999998032987
      ]
    }
  },
  {
    "scene_id": "0266_840789",
    "object_label": "wardrobe",
    "preset": "occupancy_50",
    "distance": 3.0177669543910057,
    "init_camera": {
      "intrinsics": [
        [
          320.0,
          0.0,
          320.0
        ],
        [
          0.0,
          320.0,
          240.0
        ],
        [
          0.0,
          0.0,
          1.0
        ]
      ],
      "extrinsics": [
        [
          0.8660254037844386,
          0.07011962013198006,
          -0.4950588236488134,
          -0.9552426336787396
        ],
        [
          0.5000000000000001,
          -0.12145074467601892,
          0.8574670352950254,
          -1.6928196269514733
        ],
        [
          -0.0,
          -0.9901176472976266,
          -0.14023924026396006,
          1.6
        ],
        [
          0.0,
          0.0,
          0.0,
          1.0
        ]
      ]
    },
    "target_region": {
      "type": "circle",
      "params": {
        "center": [
          -2.190778337154681,
          0.44719098603421126
        ],
        "radius": 3.0177669543910057,
        "object_center": [
          -2.190778337154681,
          0.44719098603421126,
          1.2499999998032987
        ],
        "object_height": 2.500000001180208,
        "occupancy_ratio": 0.5,
        "fov_vertical": 90.0,
        "sample_distance": 3.0177669543910057,
        "min_distance": 2.500000001180208
      },
      "sample_point": [
        0.8200509574973656,
        0.24268096310275272,
        1.5
      ],
      "sample_forward": [
        -0.9942950145659029,
        0.06753730495139464,
        -0.08255989613180041
      ],
      "height": 1.5
    },
    "sample_target": [
      0.8200509574973656,
      0.24268096310275272,
      1.5
    ],
    "camera_params": {
      "forward": [
        -0.9942950145659029,
        0.06753730495139464,
        -0.08255989613180041
      ]
    },
    "task_type": "screen_occupancy",
    "task_description": "Position where wardrobe occupies 50% of vertical FOV",
    "target_object": {
      "label": "wardrobe",
      "id": "60",
      "bbox_min": [
        -3.2837783743093625,
        -0.12780902871838315,
        -7.868052307458129e-10
      ],
      "bbox_max": [
        -1.0977782999999999,
        1.0221910007868058,
        2.5000000003934026
      ],
      "center": [
        -2.190778337154681,
        0.4471909860342113,
        1.2499999998032987
      ]
    }
  },
  {
    "scene_id": "0266_840789",
    "object_label": "hand sink combination",
    "preset": "back",
    "distance": 1.5,
    "init_camera": {
      "intrinsics": [
        [
          320.0,
          0.0,
          320.0
        ],
        [
          0.0,
          320.0,
          240.0
        ],
        [
          0.0,
          0.0,
          1.0
        ]
      ],
      "extrinsics": [
        [
          1.0,
          -7.566854154877066e-17,
          2.670420745788413e-16,
          -1.6829000000000003
        ],
        [
          -2.775557561562892e-16,
          -0.2726246524181699,
          0.9621204700524109,
          2.142820999895929
        ],
        [
          0.0,
          -0.962120470052411,
          -0.27262465241816985,
          0.9933750000000001
        ],
        [
          0.0,
          0.0,
          0.0,
          1.0
        ]
      ]
    },
    "target_region": {
      "type": "circle",
      "params": {
        "center": [
          -1.6829,
          2.9428209998959285
        ],
        "radius": 1.5,
        "object_center": [
          -1.6829,
          2.9428209998959285,
          0.7666885
        ],
        "sample_distance": 1.5,
        "min_distance": 1.1447361016575917,
        "requested_distance": 1.5
      },
      "sample_point": [
        -3.130980046072939,
        3.3340551755061316,
        1.5
      ],
      "sample_forward": [
        0.8672932922539515,
        -0.23432045564568368,
        -0.4391995779566517
      ],
      "height": 1.5
    },
    "sample_target": [
      -3.130980046072939,
      3.3340551755061316,
      1.5
    ],
    "camera_params": {
      "forward": [
        0.8672932922539515,
        -0.23432045564568368,
        -0.4391995779566517
      ]
    },
    "task_type": "absolute_positioning",
    "task_description": "Move to any position 1.5m from hand sink combination",
    "target_object": {
      "label": "hand sink combination",
      "id": "62",
      "bbox_min": [
        -1.9439526114441594,
        2.370452949067133,
        0.6400020000000001
      ],
      "bbox_max": [
        -1.421847388555841,
        3.5151890507247248,
        0.8933750000000001
      ],
      "center": [
        -1.6829,
        2.942820999895929,
        0.7666885000000001
      ]
    }
  },
  {
    "scene_id": "0266_840789",
    "object_label": "sofa",
    "preset": "left",
    "distance": 2.5690601002699376,
    "init_camera": {
      "intrinsics": [
        [
          320.0,
          0.0,
          320.0
        ],
        [
          0.0,
          320.0,
          240.0
        ],
        [
          0.0,
          0.0,
          1.0
        ]
      ],
      "extrinsics": [
        [
          -0.34202014332566893,
          -0.2759138072530692,
          0.8982726715906508,
          0.6507924940526615
        ],
        [
          -0.9396926207859084,
          0.10042441306317947,
          -0.32694451471377683,
          -0.31441169734030305
        ],
        [
          0.0,
          -0.9559218107293255,
          -0.29362134079791935,
          0.8950059907226562
        ],
        [
          0.0,
          0.0,
          0.0,
          1.0
        ]
      ]
    },
    "target_region": {
      "type": "circle",
      "params": {
        "center": [
          2.1575017,
          -0.8628089999999999
        ],
        "radius": 2.5690601002699376,
        "object_center": [
          2.1575017,
          -0.8628089999999999,
          0.40250299999999994
        ],
        "sample_distance": 2.5690601002699376,
        "min_distance": 2.5690601002699376,
        "requested_distance": 1.0
      },
      "sample_point": [
        3.483088285286931,
        -3.0634657210054175,
        1.5
      ],
      "sample_forward": [
        -0.47449716859710894,
        0.7877308014136581,
        -0.39285190784508434
      ],
      "height": 1.5
    },
    "sample_target": [
      3.483088285286931,
      -3.0634657210054175,
      1.5
    ],
    "camera_params": {
      "forward": [
        -0.47449716859710894,
        0.7877308014136581,
        -0.39285190784508434
      ]
    },
    "task_type": "absolute_positioning",
    "task_description": "Move to any position 2.6m from sofa",
    "target_object": {
      "label": "sofa",
      "id": "70",
      "bbox_min": [
        1.6807816426307036,
        -2.1473390501349687,
        0.010000009277343735
      ],
      "bbox_max": [
        2.634221757369296,
        0.4217210501349689,
        0.7950059907226562
      ],
      "center": [
        2.1575016999999996,
        -0.8628089999999999,
        0.40250299999999994
      ]
    }
  },
  {
    "scene_id": "0266_840789",
    "object_label": "sofa",
    "preset": "right",
    "distance": 2.5690601002699376,
    "init_camera": {
      "intrinsics": [
        [
          320.0,
          0.0,
          320.0
        ],
        [
          0.0,
          320.0,
          240.0
        ],
        [
          0.0,
          0.0,
          1.0
        ]
      ],
      "extrinsics": [
        [
          -0.34202014332566893,
          -0.2759138072530692,
          0.8982726715906508,
          0.6507924940526615
        ],
        [
          -0.9396926207859084,
          0.10042441306317947,
          -0.32694451471377683,
          -0.31441169734030305
        ],
        [
          0.0,
          -0.9559218107293255,
          -0.29362134079791935,
          0.8950059907226562
        ],
        [
          0.0,
          0.0,
          0.0,
          1.0
        ]
      ]
    },
    "target_region": {
      "type": "circle",
      "params": {
        "center": [
          2.1575017,
          -0.8628089999999999
        ],
        "radius": 2.5690601002699376,
        "object_center": [
          2.1575017,
          -0.8628089999999999,
          0.40250299999999994
        ],
        "sample_distance": 2.5690601002699376,
        "min_distance": 2.5690601002699376,
        "requested_distance": 1.2
      },
      "sample_point": [
        1.3043220919878493,
        1.5604438459224421,
        1.5
      ],
      "sample_forward": [
        0.3053978614448099,
        -0.867409663727246,
        -0.39285190784508434
      ],
      "height": 1.5
    },
    "sample_target": [
      1.3043220919878493,
      1.5604438459224421,
      1.5
    ],
    "camera_params": {
      "forward": [
        0.3053978614448099,
        -0.867409663727246,
        -0.39285190784508434
      ]
    },
    "task_type": "absolute_positioning",
    "task_description": "Move to any position 2.6m from sofa",
    "target_object": {
      "label": "sofa",
      "id": "70",
      "bbox_min": [
        1.6807816426307036,
        -2.1473390501349687,
        0.010000009277343735
      ],
      "bbox_max": [
        2.634221757369296,
        0.4217210501349689,
        0.7950059907226562
      ],
      "center": [
        2.1575016999999996,
        -0.8628089999999999,
        0.40250299999999994
      ]
    }
  },
  {
    "scene_id": "0266_840789",
    "object_label": "sofa",
    "preset": "back",
    "distance": 2.5690601002699376,
    "init_camera": {
      "intrinsics": [
        [
          320.0,
          0.0,
          320.0
        ],
        [
          0.0,
          320.0,
          240.0
        ],
        [
          0.0,
          0.0,
          1.0
        ]
      ],
      "extrinsics": [
        [
          -0.34202014332566893,
          -0.2759138072530692,
          0.8982726715906508,
          0.6507924940526615
        ],
        [
          -0.9396926207859084,
          0.10042441306317947,
          -0.32694451471377683,
          -0.31441169734030305
        ],
        [
          0.0,
          -0.9559218107293255,
          -0.29362134079791935,
          0.8950059907226562
        ],
        [
          0.0,
          0.0,
          0.0,
          1.0
        ]
      ]
    },
    "target_region": {
      "type": "circle",
      "params": {
        "center": [
          2.1575017,
          -0.8628089999999999
        ],
        "radius": 2.5690601002699376,
        "object_center": [
          2.1575017,
          -0.8628089999999999,
          0.40250299999999994
        ],
        "sample_distance": 2.5690601002699376,
        "min_distance": 2.5690601002699376,
        "requested_distance": 1.5
      },
      "sample_point": [
        -0.2926152554700412,
        -0.09015338245930105,
        1.5
      ],
      "sample_forward": [
        0.877025741664893,
        -0.276574089458181,
        -0.39285190784508434
      ],
      "height": 1.5
    },
    "sample_target": [
      -0.2926152554700412,
      -0.09015338245930105,
      1.5
    ],
    "camera_params": {
      "forward": [
        0.877025741664893,
        -0.276574089458181,
        -0.39285190784508434
      ]
    },
    "task_type": "absolute_positioning",
    "task_description": "Move to any position 2.6m from sofa",
    "target_object": {
      "label": "sofa",
      "id": "70",
      "bbox_min": [
        1.6807816426307036,
        -2.1473390501349687,
        0.010000009277343735
      ],
      "bbox_max": [
        2.634221757369296,
        0.4217210501349689,
        0.7950059907226562
      ],
      "center": [
        2.1575016999999996,
        -0.8628089999999999,
        0.40250299999999994
      ]
    }
  },
  {
    "scene_id": "0266_840789",
    "object_label": "sofa",
    "preset": "occupancy_20",
    "distance": 2.5690601002699376,
    "init_camera": {
      "intrinsics": [
        [
          320.0,
          0.0,
          320.0
        ],
        [
          0.0,
          320.0,
          240.0
        ],
        [
          0.0,
          0.0,
          1.0
        ]
      ],
      "extrinsics": [
        [
          -0.34202014332566893,
          -0.2759138072530692,
          0.8982726715906508,
          0.6507924940526615
        ],
        [
          -0.9396926207859084,
          0.10042441306317947,
          -0.32694451471377683,
          -0.31441169734030305
        ],
        [
          0.0,
          -0.9559218107293255,
          -0.29362134079791935,
          0.8950059907226562
        ],
        [
          0.0,
          0.0,
          0.0,
          1.0
        ]
      ]
    },
    "target_region": {
      "type": "circle",
      "params": {
        "center": [
          2.1575017,
          -0.8628089999999999
        ],
        "radius": 2.5690601002699376,
        "object_center": [
          2.1575017,
          -0.8628089999999999,
          0.40250299999999994
        ],
        "object_height": 0.7850059814453125,
        "occupancy_ratio": 0.2,
        "fov_vertical": 90.0,
        "sample_distance": 2.5690601002699376,
        "min_distance": 2.5690601002699376
      },
      "sample_point": [
        2.8445221650096744,
        -3.3383034313120303,
        1.5
      ],
      "sample_forward": [
        -0.24592076370839056,
        0.8861096751980306,
        -0.39285190784508434
      ],
      "height": 1.5
    },
    "sample_target": [
      2.8445221650096744,
      -3.3383034313120303,
      1.5
    ],
    "camera_params": {
      "forward": [
        -0.24592076370839056,
        0.8861096751980306,
        -0.39285190784508434
      ]
    },
    "task_type": "screen_occupancy",
    "task_description": "Position where sofa occupies 20% of vertical FOV",
    "target_object": {
      "label": "sofa",
      "id": "70",
      "bbox_min": [
        1.6807816426307036,
        -2.1473390501349687,
        0.010000009277343735
      ],
      "bbox_max": [
        2.634221757369296,
        0.4217210501349689,
        0.7950059907226562
      ],
      "center": [
        2.1575016999999996,
        -0.8628089999999999,
        0.40250299999999994
      ]
    }
  },
  {
    "scene_id": "0266_840789",
    "object_label": "sofa",
    "preset": "front",
    "distance": 2.5690601002699376,
    "init_camera": {
      "intrinsics": [
        [
          320.0,
          0.0,
          320.0
        ],
        [
          0.0,
          320.0,
          240.0
        ],
        [
          0.0,
          0.0,
          1.0
        ]
      ],
      "extrinsics": [
        [
          0.17364817766693003,
          -0.28916057286763075,
          0.9413992104797082,
          0.5784546002038768
        ],
        [
          -0.9848077530122081,
          -0.05098681075367931,
          0.16599408042521935,
          -1.141237607503508
        ],
        [
          0.0,
          -0.9559218107293255,
          -0.29362134079791935,
          0.8950059907226562
        ],
        [
          0.0,
          0.0,
          0.0,
          1.0
        ]
      ]
    },
    "target_region": {
      "type": "circle",
      "params": {
        "center": [
          2.1575017,
          -0.8628089999999999
        ],
        "radius": 2.5690601002699376,
        "object_center": [
          2.1575017,
          -0.8628089999999999,
          0.40250299999999994
        ],
        "sample_distance": 2.5690601002699376,
        "min_distance": 2.5690601002699376,
        "requested_distance": 0.8
      },
      "sample_point": [
        4.433010770260433,
        -2.0553391966665164,
        1.5
      ],
      "sample_forward": [
        -0.8145243946640446,
        0.4268692879555157,
        -0.3928519078450844
      ],
      "height": 1.5
    },
    "sample_target": [
      4.433010770260433,
      -2.0553391966665164,
      1.5
    ],
    "camera_params": {
      "forward": [
        -0.8145243946640446,
        0.4268692879555157,
        -0.3928519078450844
      ]
    },
    "task_type": "absolute_positioning",
    "task_description": "Move to any position 2.6m from sofa",
    "target_object": {
      "label": "sofa",
      "id": "70",
      "bbox_min": [
        1.6807816426307036,
        -2.1473390501349687,
        0.010000009277343735
      ],
      "bbox_max": [
        2.634221757369296,
        0.4217210501349689,
        0.7950059907226562
      ],
      "center": [
        2.1575016999999996,
        -0.8628089999999999,
        0.40250299999999994
      ]
    }
  },
  {
    "scene_id": "0266_840789",
    "object_label": "sofa",
    "preset": "back",
    "distance": 2.5690601002699376,
    "init_camera": {
      "intrinsics": [
        [
          320.0,
          0.0,
          320.0
        ],
        [
          0.0,
          320.0,
          240.0
        ],
        [
          0.0,
          0.0,
          1.0
        ]
      ],
      "extrinsics": [
        [
          0.17364817766693003,
          -0.28916057286763075,
          0.9413992104797082,
          0.5784546002038768
        ],
        [
          -0.9848077530122081,
          -0.05098681075367931,
          0.16599408042521935,
          -1.141237607503508
        ],
        [
          0.0,
          -0.9559218107293255,
          -0.29362134079791935,
          0.8950059907226562
        ],
        [
          0.0,
          0.0,
          0.0,
          1.0
        ]
      ]
    },
    "target_region": {
      "type": "circle",
      "params": {
        "center": [
          2.1575017,
          -0.8628089999999999
        ],
        "radius": 2.5690601002699376,
        "object_center": [
          2.1575017,
          -0.8628089999999999,
          0.40250299999999994
        ],
        "sample_distance": 2.5690601002699376,
        "min_distance": 2.5690601002699376,
        "requested_distance": 1.2
      },
      "sample_point": [
        -0.2659156212717515,
        -0.010096688748994942,
        1.5
      ],
      "sample_forward": [
        0.8674685381066473,
        -0.3052305913528225,
        -0.39285190784508434
      ],
      "height": 1.5
    },
    "sample_target": [
      -0.2659156212717515,
      -0.010096688748994942,
      1.5
    ],
    "camera_params": {
      "forward": [
        0.8674685381066473,
        -0.3052305913528225,
        -0.39285190784508434
      ]
    },
    "task_type": "absolute_positioning",
    "task_description": "Move to any position 2.6m from sofa",
    "target_object": {
      "label": "sofa",
      "id": "70",
      "bbox_min": [
        1.6807816426307036,
        -2.1473390501349687,
        0.010000009277343735
      ],
      "bbox_max": [
        2.634221757369296,
        0.4217210501349689,
        0.7950059907226562
      ],
      "center": [
        2.1575016999999996,
        -0.8628089999999999,
        0.40250299999999994
      ]
    }
  },
  {
    "scene_id": "0266_840789",
    "object_label": "sofa",
    "preset": "back",
    "distance": 2.5690601002699376,
    "init_camera": {
      "intrinsics": [
        [
          320.0,
          0.0,
          320.0
        ],
        [
          0.0,
          320.0,
          240.0
        ],
        [
          0.0,
          0.0,
          1.0
        ]
      ],
      "extrinsics": [
        [
          0.17364817766693003,
          -0.28916057286763075,
          0.9413992104797082,
          0.5784546002038768
        ],
        [
          -0.9848077530122081,
          -0.05098681075367931,
          0.16599408042521935,
          -1.141237607503508
        ],
        [
          0.0,
          -0.9559218107293255,
          -0.29362134079791935,
          0.8950059907226562
        ],
        [
          0.0,
          0.0,
          0.0,
          1.0
        ]
      ]
    },
    "target_region": {
      "type": "circle",
      "params": {
        "center": [
          2.1575017,
          -0.8628089999999999
        ],
        "radius": 2.5690601002699376,
        "object_center": [
          2.1575017,
          -0.8628089999999999,
          0.40250299999999994
        ],
        "sample_distance": 2.5690601002699376,
        "min_distance": 2.5690601002699376,
        "requested_distance": 1.5
      },
      "sample_point": [
        -0.15099740996434852,
        0.2645337420677314,
        1.5
      ],
      "sample_forward": [
        0.826333265246441,
        -0.4035352689042585,
        -0.39285190784508434
      ],
      "height": 1.5
    },
    "sample_target": [
      -0.15099740996434852,
      0.2645337420677314,
      1.5
    ],
    "camera_params": {
      "forward": [
        0.826333265246441,
        -0.4035352689042585,
        -0.39285190784508434
      ]
    },
    "task_type": "absolute_positioning",
    "task_description": "Move to any position 2.6m from sofa",
    "target_object": {
      "label": "sofa",
      "id": "70",
      "bbox_min": [
        1.6807816426307036,
        -2.1473390501349687,
        0.010000009277343735
      ],
      "bbox_max": [
        2.634221757369296,
        0.4217210501349689,
        0.7950059907226562
      ],
      "center": [
        2.1575016999999996,
        -0.8628089999999999,
        0.40250299999999994
      ]
    }
  },
  {
    "scene_id": "0266_840789",
    "object_label": "sofa",
    "preset": "occupancy_20",
    "distance": 2.5690601002699376,
    "init_camera": {
      "intrinsics": [
        [
          320.0,
          0.0,
          320.0
        ],
        [
          0.0,
          320.0,
          240.0
        ],
        [
          0.0,
          0.0,
          1.0
        ]
      ],
      "extrinsics": [
        [
          0.17364817766693003,
          -0.28916057286763075,
          0.9413992104797082,
          0.5784546002038768
        ],
        [
          -0.9848077530122081,
          -0.05098681075367931,
          0.16599408042521935,
          -1.141237607503508
        ],
        [
          0.0,
          -0.9559218107293255,
          -0.29362134079791935,
          0.8950059907226562
        ],
        [
          0.0,
          0.0,
          0.0,
          1.0
        ]
      ]
    },
    "target_region": {
      "type": "circle",
      "params": {
        "center": [
          2.1575017,
          -0.8628089999999999
        ],
        "radius": 2.5690601002699376,
        "object_center": [
          2.1575017,
          -0.8628089999999999,
          0.40250299999999994
        ],
        "object_height": 0.7850059814453125,
        "occupancy_ratio": 0.2,
        "fov_vertical": 90.0,
        "sample_distance": 2.5690601002699376,
        "min_distance": 2.5690601002699376
      },
      "sample_point": [
        0.05004094595250308,
        0.6064353530429296,
        1.5
      ],
      "sample_forward": [
        0.7543710624595776,
