[
  {
    "scene_id": "0330_840483",
    "object_label": "wardrobe",
    "preset": "right",
    "distance": 2.4000000003934026,
    "init_camera": {
      "intrinsics": [
        [
          320.0,
          0.0,
          320.0
        ],
        [
          0.0,
          320.0,
          240.0
        ],
        [
          0.0,
          0.0,
          1.0
        ]
      ],
      "extrinsics": [
        [
          -1.0,
          -0.0,
          0.0,
          -3.17
        ],
        [
          -0.0,
          0.25680579027439204,
          -0.9664630288229059,
          3.6043601742956763
        ],
        [
          0.0,
          -0.9664630288229059,
          -0.25680579027439204,
          1.6
        ],
        [
          0.0,
          0.0,
          0.0,
          1.0
        ]
      ]
    },
    "target_region": {
      "type": "circle",
      "params": {
        "center": [
          -3.17,
          2.0989999902195766
        ],
        "radius": 2.4000000003934026,
        "object_center": [
          -3.17,
          2.0989999902195766,
          1.1999999998032986
        ],
        "sample_distance": 2.4000000003934026,
        "min_distance": 2.4000000003934026,
        "requested_distance": 1.0
      },
      "sample_point": [
        -2.358666183189896,
        4.357702591180731,
        1.5
      ],
      "sample_forward": [
        -0.3354452487134458,
        -0.9338585919270974,
        -0.12403473464926458
      ],
      "height": 1.5
    },
    "sample_target": [
      -2.358666183189896,
      4.357702591180731,
      1.5
    ],
    "camera_params": {
      "forward": [
        -0.3354452487134458,
        -0.9338585919270974,
        -0.12403473464926458
      ]
    },
    "task_type": "absolute_positioning",
    "task_description": "Move to any position 2.4m from wardrobe",
    "target_object": {
      "label": "wardrobe",
      "id": "172",
      "bbox_min": [
        -3.6750000782870993,
        1.789999955851496,
        -3.9340284274658187e-10
      ],
      "bbox_max": [
        -2.6649999217129006,
        2.4080000245876567,
        2.4
      ],
      "center": [
        -3.17,
        2.0989999902195766,
        1.1999999998032986
      ]
    }
  },
  {
    "scene_id": "0330_840483",
    "object_label": "wardrobe",
    "preset": "right",
    "distance": 2.4000000003934026,
    "init_camera": {
      "intrinsics": [
        [
          320.0,
          0.0,
          320.0
        ],
        [
          0.0,
          320.0,
          240.0
        ],
        [
          0.0,
          0.0,
          1.0
        ]
      ],
      "extrinsics": [
        [
          -1.0,
          -0.0,
          0.0,
          -3.17
        ],
        [
          -0.0,
          0.25680579027439204,
          -0.9664630288229059,
          3.6043601742956763
        ],
        [
          0.0,
          -0.9664630288229059,
          -0.25680579027439204,
          1.6
        ],
        [
          0.0,
          0.0,
          0.0,
          1.0
        ]
      ]
    },
    "target_region": {
      "type": "circle",
      "params": {
        "center": [
          -3.17,
          2.0989999902195766
        ],
        "radius": 2.4000000003934026,
        "object_center": [
          -3.17,
          2.0989999902195766,
          1.1999999998032986
        ],
        "sample_distance": 2.4000000003934026,
        "min_distance": 2.4000000003934026,
        "requested_distance": 1.5
      },
      "sample_point": [
        -1.4987799087184028,
        3.821504970875674,
        1.5
      ],
      "sample_forward": [
        -0.6909644680890632,
        -0.7121681602254374,
        -0.12403473464926458
      ],
      "height": 1.5
    },
    "sample_target": [
      -1.4987799087184028,
      3.821504970875674,
      1.5
    ],
    "camera_params": {
      "forward": [
        -0.6909644680890632,
        -0.7121681602254374,
        -0.12403473464926458
      ]
    },
    "task_type": "absolute_positioning",
    "task_description": "Move to any position 2.4m from wardrobe",
    "target_object": {
      "label": "wardrobe",
      "id": "172",
      "bbox_min": [
        -3.6750000782870993,
        1.789999955851496,
        -3.9340284274658187e-10
      ],
      "bbox_max": [
        -2.6649999217129006,
        2.4080000245876567,
        2.4
      ],
      "center": [
        -3.17,
        2.0989999902195766,
        1.1999999998032986
      ]
    }
  },
  {
    "scene_id": "0330_840483",
    "object_label": "wardrobe",
    "preset": "occupancy_30",
    "distance": 4.998359724927821,
    "init_camera": {
      "intrinsics": [
        [
          320.0,
          0.0,
          320.0
        ],
        [
          0.0,
          320.0,
          240.0
        ],
        [
          0.0,
          0.0,
          1.0
        ]
      ],
      "extrinsics": [
        [
          -1.0,
          -0.0,
          0.0,
          -3.17
        ],
        [
          -0.0,
          0.25680579027439204,
          -0.9664630288229059,
          3.6043601742956763
        ],
        [
          0.0,
          -0.9664630288229059,
          -0.25680579027439204,
          1.6
        ],
        [
          0.0,
          0.0,
          0.0,
          1.0
        ]
      ]
    },
    "target_region": {
      "type": "circle",
      "params": {
        "center": [
          -3.17,
          2.0989999902195766
        ],
        "radius": 4.998359724927821,
        "object_center": [
          -3.17,
          2.0989999902195766,
          1.1999999998032986
        ],
        "object_height": 2.4000000003934026,
        "occupancy_ratio": 0.3,
        "fov_vertical": 90.0,
        "sample_distance": 4.998359724927821,
        "min_distance": 2.4000000003934026
      },
      "sample_point": [
        1.8181977043110074,
        2.4175649011669575,
        1.5
      ],
      "sample_forward": [
        -0.9961742512215549,
        -0.06361940332761967,
        -0.05991187464445019
      ],
      "height": 1.5
    },
    "sample_target": [
      1.8181977043110074,
      2.4175649011669575,
      1.5
    ],
    "camera_params": {
      "forward": [
        -0.9961742512215549,
        -0.06361940332761967,
        -0.05991187464445019
      ]
    },
    "task_type": "screen_occupancy",
    "task_description": "Position where wardrobe occupies 30% of vertical FOV",
    "target_object": {
      "label": "wardrobe",
      "id": "172",
      "bbox_min": [
        -3.6750000782870993,
        1.789999955851496,
        -3.9340284274658187e-10
      ],
      "bbox_max": [
        -2.6649999217129006,
        2.4080000245876567,
        2.4
      ],
      "center": [
        -3.17,
        2.0989999902195766,
        1.1999999998032986
      ]
    }
  },
  {
    "scene_id": "0330_840483",
    "object_label": "wardrobe",
    "preset": "occupancy_50",
    "distance": 2.8970562753225932,
    "init_camera": {
      "intrinsics": [
        [
          320.0,
          0.0,
          320.0
        ],
        [
          0.0,
          320.0,
          240.0
        ],
        [
          0.0,
          0.0,
          1.0
        ]
      ],
      "extrinsics": [
        [
          -1.0,
          -0.0,
          0.0,
          -3.17
        ],
        [
          -0.0,
          0.25680579027439204,
          -0.9664630288229059,
          3.6043601742956763
        ],
        [
          0.0,
          -0.9664630288229059,
          -0.25680579027439204,
          1.6
        ],
        [
          0.0,
          0.0,
          0.0,
          1.0
        ]
      ]
    },
    "target_region": {
      "type": "circle",
      "params": {
        "center": [
          -3.17,
          2.0989999902195766
        ],
        "radius": 2.8970562753225932,
        "object_center": [
          -3.17,
          2.0989999902195766,
          1.1999999998032986
        ],
        "object_height": 2.4000000003934026,
        "occupancy_ratio": 0.5,
        "fov_vertical": 90.0,
        "sample_distance": 2.8970562753225932,
        "min_distance": 2.4000000003934026
      },
      "sample_point": [
        -5.918063884866034,
        3.016104099402944,
        1.5
      ],
      "sample_forward": [
        0.9435257419945267,
        -0.3148803562642247,
        -0.10300259915454973
      ],
      "height": 1.5
    },
    "sample_target": [
      -5.918063884866034,
      3.016104099402944,
      1.5
    ],
    "camera_params": {
      "forward": [
        0.9435257419945267,
        -0.3148803562642247,
        -0.10300259915454973
      ]
    },
    "task_type": "screen_occupancy",
    "task_description": "Position where wardrobe occupies 50% of vertical FOV",
    "target_object": {
      "label": "wardrobe",
      "id": "172",
      "bbox_min": [
        -3.6750000782870993,
        1.789999955851496,
        -3.9340284274658187e-10
      ],
      "bbox_max": [
        -2.6649999217129006,
        2.4080000245876567,
        2.4
      ],
      "center": [
        -3.17,
        2.0989999902195766,
        1.1999999998032986
      ]
    }
  },
  {
    "scene_id": "0330_840483",
    "object_label": "wardrobe",
    "preset": "back",
    "distance": 2.4000000003934026,
    "init_camera": {
      "intrinsics": [
        [
          320.0,
          0.0,
          320.0
        ],
        [
          0.0,
          320.0,
          240.0
        ],
        [
          0.0,
          0.0,
          1.0
        ]
      ],
      "extrinsics": [
        [
          -0.9848077530122081,
          -0.04459385749546406,
          0.16782454373755948,
          -3.4314030526971693
        ],
        [
          -0.17364817766693025,
          0.2529043332806484,
          -0.9517802837844588,
          3.5814903705736043
        ],
        [
          0.0,
          -0.9664630288229059,
          -0.25680579027439204,
          1.6
        ],
        [
          0.0,
          0.0,
          0.0,
          1.0
        ]
      ]
    },
    "target_region": {
      "type": "circle",
      "params": {
        "center": [
          -3.17,
          2.0989999902195766
        ],
        "radius": 2.4000000003934026,
        "object_center": [
          -3.17,
          2.0989999902195766,
          1.1999999998032986
        ],
        "sample_distance": 2.4000000003934026,
        "min_distance": 2.4000000003934026,
        "requested_distance": 0.8
      },
      "sample_point": [
        -5.186423451123125,
        0.7974484285636287,
        1.5
      ],
      "sample_forward": [
        0.8336884917887452,
        0.5381253415882715,
        -0.1240347346492646
      ],
      "height": 1.5
    },
    "sample_target": [
      -5.186423451123125,
      0.7974484285636287,
      1.5
    ],
    "camera_params": {
      "forward": [
        0.8336884917887452,
        0.5381253415882715,
        -0.1240347346492646
      ]
    },
    "task_type": "absolute_positioning",
    "task_description": "Move to any position 2.4m from wardrobe",
    "target_object": {
      "label": "wardrobe",
      "id": "172",
      "bbox_min": [
        -3.6750000782870993,
        1.789999955851496,
        -3.9340284274658187e-10
      ],
      "bbox_max": [
        -2.6649999217129006,
        2.4080000245876567,
        2.4
      ],
      "center": [
        -3.17,
        2.0989999902195766,
        1.1999999998032986
      ]
    }
  },
  {
    "scene_id": "0330_840483",
    "object_label": "wardrobe",
    "preset": "right",
    "distance": 2.4000000003934026,
    "init_camera": {
      "intrinsics": [
        [
          320.0,
          0.0,
          320.0
        ],
        [
          0.0,
          320.0,
          240.0
        ],
        [
          0.0,
          0.0,
          1.0
        ]
      ],
      "extrinsics": [
        [
          -0.9848077530122081,
          -0.04459385749546406,
          0.16782454373755948,
          -3.4314030526971693
        ],
        [
          -0.17364817766693025,
          0.2529043332806484,
          -0.9517802837844588,
          3.5814903705736043
        ],
        [
          0.0,
          -0.9664630288229059,
          -0.25680579027439204,
          1.6
        ],
        [
          0.0,
          0.0,
          0.0,
          1.0
        ]
      ]
    },
    "target_region": {
      "type": "circle",
      "params": {
        "center": [
          -3.17,
          2.0989999902195766
        ],
        "radius": 2.4000000003934026,
        "object_center": [
          -3.17,
          2.0989999902195766,
          1.1999999998032986
        ],
        "sample_distance": 2.4000000003934026,
        "min_distance": 2.4000000003934026,
        "requested_distance": 1.0
      },
      "sample_point": [
        -3.264396818710752,
        4.497142863883617,
        1.5
      ],
      "sample_forward": [
        0.039028281176153236,
        -0.9915100493030424,
        -0.12403473464926458
      ],
      "height": 1.5
    },
    "sample_target": [
      -3.264396818710752,
      4.497142863883617,
      1.5
    ],
    "camera_params": {
      "forward": [
        0.039028281176153236,
        -0.9915100493030424,
        -0.12403473464926458
      ]
    },
    "task_type": "absolute_positioning",
    "task_description": "Move to any position 2.4m from wardrobe",
    "target_object": {
      "label": "wardrobe",
      "id": "172",
      "bbox_min": [
        -3.6750000782870993,
        1.789999955851496,
        -3.9340284274658187e-10
      ],
      "bbox_max": [
        -2.6649999217129006,
        2.4080000245876567,
        2.4
      ],
      "center": [
        -3.17,
        2.0989999902195766,
        1.1999999998032986
      ]
    }
  },
  {
    "scene_id": "0330_840483",
    "object_label": "wardrobe",
    "preset": "back",
    "distance": 2.4000000003934026,
    "init_camera": {
      "intrinsics": [
        [
          320.0,
          0.0,
          320.0
        ],
        [
          0.0,
          320.0,
          240.0
        ],
        [
          0.0,
          0.0,
          1.0
        ]
      ],
      "extrinsics": [
        [
          -0.9848077530122081,
          -0.04459385749546406,
          0.16782454373755948,
          -3.4314030526971693
        ],
        [
          -0.17364817766693025,
          0.2529043332806484,
          -0.9517802837844588,
          3.5814903705736043
        ],
        [
          0.0,
          -0.9664630288229059,
          -0.25680579027439204,
          1.6
        ],
        [
          0.0,
          0.0,
          0.0,
          1.0
        ]
      ]
    },
    "target_region": {
      "type": "circle",
      "params": {
        "center": [
          -3.17,
          2.0989999902195766
        ],
        "radius": 2.4000000003934026,
        "object_center": [
          -3.17,
          2.0989999902195766,
          1.1999999998032986
        ],
        "sample_distance": 2.4000000003934026,
        "min_distance": 2.4000000003934026,
        "requested_distance": 1.5
      },
      "sample_point": [
        -4.93286121944153,
        0.47040540503962625,
        1.5
      ],
      "sample_forward": [
        0.7288534114451423,
        0.6733409903052572,
        -0.12403473464926458
      ],
      "height": 1.5
    },
    "sample_target": [
      -4.93286121944153,
      0.47040540503962625,
      1.5
    ],
    "camera_params": {
      "forward": [
        0.7288534114451423,
        0.6733409903052572,
        -0.12403473464926458
      ]
    },
    "task_type": "absolute_positioning",
    "task_description": "Move to any position 2.4m from wardrobe",
    "target_object": {
      "label": "wardrobe",
      "id": "172",
      "bbox_min": [
        -3.6750000782870993,
        1.789999955851496,
        -3.9340284274658187e-10
      ],
      "bbox_max": [
        -2.6649999217129006,
        2.4080000245876567,
        2.4
      ],
      "center": [
        -3.17,
        2.0989999902195766,
        1.1999999998032986
      ]
    }
  },
  {
    "scene_id": "0330_840483",
    "object_label": "wardrobe",
    "preset": "occupancy_30",
    "distance": 4.998359724927821,
    "init_camera": {
      "intrinsics": [
        [
          320.0,
          0.0,
          320.0
        ],
        [
          0.0,
          320.0,
          240.0
        ],
        [
          0.0,
          0.0,
          1.0
        ]
      ],
      "extrinsics": [
        [
          -0.9848077530122081,
          -0.04459385749546406,
          0.16782454373755948,
          -3.4314030526971693
        ],
        [
          -0.17364817766693025,
          0.2529043332806484,
          -0.9517802837844588,
          3.5814903705736043
        ],
        [
          0.0,
          -0.9664630288229059,
          -0.25680579027439204,
          1.6
        ],
        [
          0.0,
          0.0,
          0.0,
          1.0
        ]
      ]
    },
    "target_region": {
      "type": "circle",
      "params": {
        "center": [
          -3.17,
          2.0989999902195766
        ],
        "radius": 4.998359724927821,
        "object_center": [
          -3.17,
          2.0989999902195766,
          1.1999999998032986
        ],
        "object_height": 2.4000000003934026,
        "occupancy_ratio": 0.3,
        "fov_vertical": 90.0,
        "sample_distance": 4.998359724927821,
        "min_distance": 2.4000000003934026
      },
      "sample_point": [
        0.9125098431468865,
        4.982871228744158,
        1.5
      ],
      "sample_forward": [
        -0.8153027259899303,
        -0.5759271067331145,
        -0.059911874644450185
      ],
      "height": 1.5
    },
    "sample_target": [
      0.9125098431468865,
      4.982871228744158,
      1.5
    ],
    "camera_params": {
      "forward": [
        -0.8153027259899303,
        -0.5759271067331145,
        -0.059911874644450185
      ]
    },
    "task_type": "screen_occupancy",
    "task_description": "Position where wardrobe occupies 30% of vertical FOV",
    "target_object": {
      "label": "wardrobe",
      "id": "172",
      "bbox_min": [
        -3.6750000782870993,
        1.789999955851496,
        -3.9340284274658187e-10
      ],
      "bbox_max": [
        -2.6649999217129006,
        2.4080000245876567,
        2.4
      ],
      "center": [
        -3.17,
        2.0989999902195766,
        1.1999999998032986
      ]
    }
  },
  {
    "scene_id": "0330_840483",
    "object_label": "wardrobe",
    "preset": "occupancy_30",
    "distance": 4.998359724927821,
    "init_camera": {
      "intrinsics": [
        [
          320.0,
          0.0,
          320.0
        ],
        [
          0.0,
          320.0,
          240.0
        ],
        [
          0.0,
          0.0,
          1.0
        ]
      ],
      "extrinsics": [
        [
          -1.0,
          -0.0,
          0.0,
          -3.17
        ],
        [
          -0.0,
          0.207927739840406,
          -0.978144189271122,
          3.9807002203147013
        ],
        [
          0.0,
          -0.978144189271122,
          -0.207927739840406,
          1.6
        ],
        [
          0.0,
          0.0,
          0.0,
          1.0
        ]
      ]
    },
    "target_region": {
      "type": "circle",
      "params": {
        "center": [
          -3.17,
          2.0989999902195766
        ],
        "radius": 4.998359724927821,
        "object_center": [
          -3.17,
          2.0989999902195766,
          1.1999999998032986
        ],
        "object_height": 2.4000000003934026,
        "occupancy_ratio": 0.3,
        "fov_vertical": 90.0,
        "sample_distance": 4.998359724927821,
        "min_distance": 2.4000000003934026
      },
      "sample_point": [
        -4.273705745347709,
        6.973980356074088,
        1.5
      ],
      "sample_forward": [
        0.22041693405425034,
        -0.973564041272433,
        -0.05991187464445017
      ],
      "height": 1.5
    },
    "sample_target": [
      -4.273705745347709,
      6.973980356074088,
      1.5
    ],
    "camera_params": {
      "forward": [
        0.22041693405425034,
        -0.973564041272433,
        -0.05991187464445017
      ]
    },
    "task_type": "screen_occupancy",
    "task_description": "Position where wardrobe occupies 30% of vertical FOV",
    "target_object": {
      "label": "wardrobe",
      "id": "172",
      "bbox_min": [
        -3.6750000782870993,
        1.789999955851496,
        -3.9340284274658187e-10
      ],
      "bbox_max": [
        -2.6649999217129006,
        2.4080000245876567,
        2.4
      ],
      "center": [
        -3.17,
        2.0989999902195766,
        1.1999999998032986
      ]
    }
  },
  {
    "scene_id": "0330_840483",
    "object_label": "wardrobe",
    "preset": "occupancy_50",
    "distance": 2.8970562753225932,
    "init_camera": {
      "intrinsics": [
        [
          320.0,
          0.0,
          320.0
        ],
        [
          0.0,
          320.0,
          240.0
        ],
        [
          0.0,
          0.0,
          1.0
        ]
      ],
      "extrinsics": [
        [
          -1.0,
          -0.0,
          0.0,
          -3.17
        ],
        [
          -0.0,
          0.207927739840406,
          -0.978144189271122,
          3.9807002203147013
        ],
        [
          0.0,
          -0.978144189271122,
          -0.207927739840406,
          1.6
        ],
        [
          0.0,
          0.0,
          0.0,
          1.0
        ]
      ]
    },
    "target_region": {
      "type": "circle",
      "params": {
        "center": [
          -3.17,
          2.0989999902195766
        ],
        "radius": 2.8970562753225932,
        "object_center": [
          -3.17,
          2.0989999902195766,
          1.1999999998032986
        ],
        "object_height": 2.4000000003934026,
        "occupancy_ratio": 0.5,
        "fov_vertical": 90.0,
        "sample_distance": 2.8970562753225932,
        "min_distance": 2.4000000003934026
      },
      "sample_point": [
        -5.62136549399047,
        0.555062725542389,
        1.5
      ],
      "sample_forward": [
        0.8416567239774672,
        0.5300985036301508,
        -0.10300259915454973
      ],
      "height": 1.5
    },
    "sample_target": [
      -5.62136549399047,
      0.555062725542389,
      1.5
    ],
    "camera_params": {
      "forward": [
        0.8416567239774672,
        0.5300985036301508,
        -0.10300259915454973
      ]
    },
    "task_type": "screen_occupancy",
    "task_description": "Position where wardrobe occupies 50% of vertical FOV",
    "target_object": {
      "label": "wardrobe",
      "id": "172",
      "bbox_min": [
        -3.6750000782870993,
        1.789999955851496,
        -3.9340284274658187e-10
      ],
      "bbox_max": [
        -2.6649999217129006,
        2.4080000245876567,
        2.4
      ],
      "center": [
        -3.17,
        2.0989999902195766,
        1.1999999998032986
      ]
    }
  },
  {
    "scene_id": "0330_840483",
    "object_label": "wardrobe",
    "preset": "occupancy_20",
    "distance": 7.576501818851976,
    "init_camera": {
      "intrinsics": [
        [
          320.0,
          0.0,
          320.0
        ],
        [
          0.0,
          320.0,
          240.0
        ],
        [
          0.0,
          0.0,
          1.0
        ]
      ],
      "extrinsics": [
        [
          -1.0,
          -0.0,
          0.0,
          -3.17
        ],
        [
          -0.0,
          0.1613750307361299,
          -0.9868931550349881,
          4.545210289343239
        ],
        [
          0.0,
          -0.9868931550349881,
          -0.1613750307361299,
          1.6
        ],
        [
          0.0,
          0.0,
          0.0,
          1.0
        ]
      ]
    },
    "target_region": {
      "type": "circle",
      "params": {
        "center": [
          -3.17,
          2.0989999902195766
        ],
        "radius": 7.576501818851976,
        "object_center": [
          -3.17,
          2.0989999902195766,
          1.1999999998032986
        ],
        "object_height": 2.4000000003934026,
        "occupancy_ratio": 0.2,
        "fov_vertical": 90.0,
        "sample_distance": 7.576501818851976,
        "min_distance": 2.4000000003934026
      },
      "sample_point": [
        -7.757216869127911,
        8.12899345677123,
        1.5
      ],
      "sample_forward": [
        0.6049790738946322,
        -0.7952577711196458,
        -0.039565106134145815
      ],
      "height": 1.5
    },
    "sample_target": [
      -7.757216869127911,
      8.12899345677123,
      1.5
    ],
    "camera_params": {
      "forward": [
        0.6049790738946322,
        -0.7952577711196458,
        -0.039565106134145815
      ]
    },
    "task_type": "screen_occupancy",
    "task_description": "Position where wardrobe occupies 20% of vertical FOV",
    "target_object": {
      "label": "wardrobe",
      "id": "172",
      "bbox_min": [
        -3.6750000782870993,
        1.789999955851496,
        -3.9340284274658187e-10
      ],
      "bbox_max": [
        -2.6649999217129006,
        2.4080000245876567,
        2.4
      ],
      "center": [
        -3.17,
        2.0989999902195766,
        1.1999999998032986
      ]
    }
  },
  {
    "scene_id": "0330_840483",
    "object_label": "wardrobe",
    "preset": "occupancy_30",
    "distance": 4.998359724927821,
    "init_camera": {
      "intrinsics": [
        [
          320.0,
          0.0,
          320.0
        ],
        [
          0.0,
          320.0,
          240.0
        ],
        [
          0.0,
          0.0,
          1.0
        ]
      ],
      "extrinsics": [
        [
          -1.0,
          -0.0,
          0.0,
          -3.17
        ],
        [
          -0.0,
          0.1613750307361299,
          -0.9868931550349881,
          4.545210289343239
        ],
        [
          0.0,
          -0.9868931550349881,
          -0.1613750307361299,
          1.6
        ],
        [
          0.0,
          0.0,
          0.0,
          1.0
        ]
      ]
    },
    "target_region": {
      "type": "circle",
      "params": {
        "center": [
          -3.17,
          2.0989999902195766
        ],
        "radius": 4.998359724927821,
        "object_center": [
          -3.17,
          2.0989999902195766,
          1.1999999998032986
        ],
        "object_height": 2.4000000003934026,
        "occupancy_ratio": 0.3,
        "fov_vertical": 90.0,
        "sample_distance": 4.998359724927821,
        "min_distance": 2.4000000003934026
      },
      "sample_point": [
        0.0062979236235447544,
        -1.7603693157895388,
        1.5
      ],
      "sample_forward": [
        -0.6343265430292944,
        0.7707401663888372,
        -0.059911874644450185
      ],
      "height": 1.5
    },
    "sample_target": [
      0.0062979236235447544,
      -1.7603693157895388,
      1.5
    ],
    "camera_params": {
      "forward": [
        -0.6343265430292944,
        0.7707401663888372,
        -0.059911874644450185
      ]
    },
    "task_type": "screen_occupancy",
    "task_description": "Position where wardrobe occupies 30% of vertical FOV",
    "target_object": {
      "label": "wardrobe",
      "id": "172",
      "bbox_min": [
        -3.6750000782870993,
        1.789999955851496,
        -3.9340284274658187e-10
      ],
      "bbox_max": [
        -2.6649999217129006,
        2.4080000245876567,
        2.4
      ],
      "center": [
        -3.17,
        2.0989999902195766,
        1.1999999998032986
      ]
    }
  },
  {
    "scene_id": "0330_840483",
    "object_label": "wardrobe",
    "preset": "occupancy_50",
    "distance": 2.8970562753225932,
    "init_camera": {
      "intrinsics": [
        [
          320.0,
          0.0,
          320.0
        ],
        [
          0.0,
          320.0,
          240.0
        ],
        [
          0.0,
          0.0,
          1.0
        ]
      ],
      "extrinsics": [
        [
          -1.0,
          -0.0,
          0.0,
          -3.17
        ],
        [
          -0.0,
          0.1613750307361299,
          -0.9868931550349881,
          4.545210289343239
        ],
        [
          0.0,
          -0.9868931550349881,
          -0.1613750307361299,
          1.6
        ],
        [
          0.0,
          0.0,
          0.0,
          1.0
        ]
      ]
    },
    "target_region": {
      "type": "circle",
      "params": {
        "center": [
          -3.17,
          2.0989999902195766
        ],
        "radius": 2.8970562753225932,
        "object_center": [
          -3.17,
          2.0989999902195766,
          1.1999999998032986
        ],
        "object_height": 2.4000000003934026,
        "occupancy_ratio": 0.5,
        "fov_vertical": 90.0,
        "sample_distance": 2.8970562753225932,
        "min_distance": 2.4000000003934026
      },
      "sample_point": [
        -1.2654497554542576,
        -0.0840307993907694,
        1.5
      ],
      "sample_forward": [
        -0.6539120842667311,
        0.749526150722806,
        -0.10300259915454972
      ],
      "height": 1.5
    },
    "sample_target": [
      -1.2654497554542576,
      -0.0840307993907694,
      1.5
    ],
    "camera_params": {
      "forward": [
        -0.6539120842667311,
        0.749526150722806,
        -0.10300259915454972
      ]
    },
    "task_type": "screen_occupancy",
    "task_description": "Position where wardrobe occupies 50% of vertical FOV",
    "target_object": {
      "label": "wardrobe",
      "id": "172",
      "bbox_min": [
        -3.6750000782870993,
        1.789999955851496,
        -3.9340284274658187e-10
      ],
      "bbox_max": [
        -2.6649999217129006,
        2.4080000245876567,
        2.4
      ],
      "center": [
        -3.17,
        2.0989999902195766,
        1.1999999998032986
      ]
    }
  },
  {
    "scene_id": "0330_840483",
    "object_label": "wardrobe",
    "preset": "occupancy_30",
    "distance": 5.206624713432341,
    "init_camera": {
      "intrinsics": [
        [
          320.0,
          0.0,
          320.0
        ],
        [
          0.0,
          320.0,
          240.0
        ],
        [
          0.0,
          0.0,
          1.0
        ]
      ],
      "extrinsics": [
        [
          0.34202014332566866,
          -0.14238843203565413,
          0.9288421588095132,
          2.9345368288931337
        ],
        [
          -0.9396926207859084,
          -0.05182515096481425,
          0.33807089813822355,
          -2.365884901495834
        ],
        [
          0.0,
          -0.9884531795436252,
          -0.15152660443004018,
          1.6
        ],
        [
          0.0,
          0.0,
          0.0,
          1.0
        ]
      ]
    },
    "target_region": {
      "type": "circle",
      "params": {
        "center": [
          5.080000043018877,
          -1.5850001528409674
        ],
        "radius": 5.206624713432341,
        "object_center": [
          5.080000043018877,
          -1.5850001528409674,
          1.2499999998032987
        ],
        "object_height": 2.5000000003934026,
        "occupancy_ratio": 0.3,
        "fov_vertical": 90.0,
        "sample_distance": 5.206624713432341,
        "min_distance": 2.850000113051395
      },
      "sample_point": [
        6.067522122088279,
        3.5271169281612726,
        1.5
      ],
      "sample_forward": [
        -0.18944819835720625,
        -0.9807187011956527,
        -0.047960496914862115
      ],
      "height": 1.5
    },
    "sample_target": [
      6.067522122088279,
      3.5271169281612726,
      1.5
    ],
    "camera_params": {
      "forward": [
        -0.18944819835720625,
        -0.9807187011956527,
        -0.047960496914862115
      ]
    },
    "task_type": "screen_occupancy",
    "task_description": "Position where wardrobe occupies 30% of vertical FOV",
    "target_object": {
      "label": "wardrobe",
      "id": "173",
      "bbox_min": [
        3.65499998649318,
        -2.310000273041187,
        -3.9340284274658187e-10
      ],
      "bbox_max": [
        6.505000099544575,
        -0.8600000326407481,
        2.5
      ],
      "center": [
        5.080000043018877,
        -1.5850001528409676,
        1.2499999998032987
      ]
    }
  },
  {
    "scene_id": "0330_840483",
    "object_label": "wardrobe",
    "preset": "occupancy_50",
    "distance": 3.017766953441248,
    "init_camera": {
      "intrinsics": [
        [
          320.0,
          0.0,
          320.0
        ],
        [
          0.0,
          320.0,
          240.0
        ],
        [
          0.0,
          0.0,
          1.0
        ]
      ],
      "extrinsics": [
        [
          0.34202014332566866,
          -0.14238843203565413,
          0.9288421588095132,
          2.9345368288931337
        ],
        [
          -0.9396926207859084,
          -0.05182515096481425,
          0.33807089813822355,
          -2.365884901495834
        ],
        [
          0.0,
          -0.9884531795436252,
          -0.15152660443004018,
          1.6
        ],
        [
          0.0,
          0.0,
          0.0,
          1.0
        ]
      ]
    },
    "target_region": {
      "type": "circle",
      "params": {
        "center": [
          5.080000043018877,
          -1.5850001528409674
        ],
        "radius": 3.017766953441248,
        "object_center": [
          5.080000043018877,
          -1.5850001528409674,
          1.2499999998032987
        ],
        "object_height": 2.5000000003934026,
        "occupancy_ratio": 0.5,
        "fov_vertical": 90.0,
        "sample_distance": 3.017766953441248,
        "min_distance": 2.850000113051395
      },
      "sample_point": [
        5.179617079130095,
        1.4311221642076117,
        1.5
      ],
      "sample_forward": [
        -0.032897488601598746,
        -0.9960429803929912,
        -0.0825598961576067
      ],
      "height": 1.5
    },
    "sample_target": [
      5.179617079130095,
      1.4311221642076117,
      1.5
    ],
    "camera_params": {
      "forward": [
        -0.032897488601598746,
        -0.9960429803929912,
        -0.0825598961576067
      ]
    },
    "task_type": "screen_occupancy",
    "task_description": "Position where wardrobe occupies 50% of vertical FOV",
    "target_object": {
      "label": "wardrobe",
      "id": "173",
      "bbox_min": [
        3.65499998649318,
        -2.310000273041187,
        -3.9340284274658187e-10
      ],
      "bbox_max": [
        6.505000099544575,
        -0.8600000326407481,
        2.5
      ],
      "center": [
        5.080000043018877,
        -1.5850001528409676,
        1.2499999998032987
      ]
    }
  },
  {
    "scene_id": "0330_840483",
    "object_label": "wardrobe",
    "preset": "occupancy_20",
    "distance": 7.892189394585728,
    "init_camera": {
      "intrinsics": [
        [
          320.0,
          0.0,
          320.0
        ],
        [
          0.0,
          320.0,
          240.0
        ],
        [
          0.0,
          0.0,
          1.0
        ]
      ],
      "extrinsics": [
        [
          -0.6427876096865396,
          -0.11607611330831981,
          0.7571990654726793,
          3.3310024061930656
        ],
        [
          -0.7660444431189779,
          0.09739942386550338,
          -0.6353654565659067,
          -0.11741688085049384
        ],
        [
          0.0,
          -0.9884531795436252,
          -0.1515266044300402,
          1.6
        ],
        [
          0.0,
          0.0,
          0.0,
          1.0
        ]
      ]
    },
    "target_region": {
      "type": "circle",
      "params": {
        "center": [
          5.080000043018877,
          -1.5850001528409674
        ],
        "radius": 7.892189394585728,
        "object_center": [
          5.080000043018877,
          -1.5850001528409674,
          1.2499999998032987
        ],
        "object_height": 2.5000000003934026,
        "occupancy_ratio": 0.2,
        "fov_vertical": 90.0,
        "sample_distance": 7.892189394585728,
        "min_distance": 2.850000113051395
      },
      "sample_point": [
        5.705956819070948,
        6.282326683799668,
        1.5
      ],
      "sample_forward": [
        -0.07927368826382744,
        -0.9963499701225575,
        -0.03166100734070731
      ],
      "height": 1.5
    },
    "sample_target": [
      5.705956819070948,
      6.282326683799668,
      1.5
    ],
    "camera_params": {
      "forward": [
        -0.07927368826382744,
        -0.9963499701225575,
        -0.03166100734070731
      ]
    },
    "task_type": "screen_occupancy",
    "task_description": "Position where wardrobe occupies 20% of vertical FOV",
    "target_object": {
      "label": "wardrobe",
      "id": "173",
      "bbox_min": [
        3.65499998649318,
        -2.310000273041187,
        -3.9340284274658187e-10
      ],
      "bbox_max": [
        6.505000099544575,
        -0.8600000326407481,
        2.5
      ],
      "center": [
        5.080000043018877,
        -1.5850001528409676,
        1.2499999998032987
      ]
    }
  },
  {
    "scene_id": "0330_840483",
    "object_label": "wardrobe",
    "preset": "occupancy_30",
    "distance": 5.206624713432341,
    "init_camera": {
      "intrinsics": [
        [
          320.0,
          0.0,
          320.0
        ],
        [
          0.0,
          320.0,
          240.0
        ],
        [
          0.0,
          0.0,
          1.0
        ]
      ],
      "extrinsics": [
        [
          -0.6427876096865396,
          -0.11607611330831981,
          0.7571990654726793,
          3.3310024061930656
        ],
        [
          -0.7660444431189779,
          0.09739942386550338,
          -0.6353654565659067,
          -0.11741688085049384
        ],
        [
          0.0,
          -0.9884531795436252,
          -0.1515266044300402,
          1.6
        ],
        [
          0.0,
          0.0,
          0.0,
          1.0
        ]
      ]
    },
    "target_region": {
      "type": "circle",
      "params": {
        "center": [
          5.080000043018877,
          -1.5850001528409674
        ],
        "radius": 5.206624713432341,
        "object_center": [
          5.080000043018877,
          -1.5850001528409674,
          1.2499999998032987
        ],
        "object_height": 2.5000000003934026,
        "occupancy_ratio": 0.3,
        "fov_vertical": 90.0,
        "sample_distance": 5.206624713432341,
        "min_distance": 2.850000113051395
      },
      "sample_point": [
        0.6478337839888644,
        -4.317186668955911,
        1.5
      ],
      "sample_forward": [
        0.8502755841004584,
        0.5241480914954321,
        -0.04796049691486212
      ],
      "height": 1.5
    },
    "sample_target": [
      0.6478337839888644,
      -4.317186668955911,
      1.5
    ],
    "camera_params": {
      "forward": [
        0.8502755841004584,
        0.5241480914954321,
        -0.04796049691486212
      ]
    },
    "task_type": "screen_occupancy",
    "task_description": "Position where wardrobe occupies 30% of vertical FOV",
    "target_object": {
      "label": "wardrobe",
      "id": "173",
      "bbox_min": [
        3.65499998649318,
        -2.310000273041187,
        -3.9340284274658187e-10
      ],
      "bbox_max": [
        6.505000099544575,
        -0.8600000326407481,
        2.5
      ],
      "center": [
        5.080000043018877,
        -1.5850001528409676,
        1.2499999998032987
      ]
    }
  },
  {
    "scene_id": "0330_840483",
    "object_label": "wardrobe",
    "preset": "occupancy_20",
    "distance": 7.892189394585728,
    "init_camera": {
      "intrinsics": [
        [
          320.0,
          0.0,
          320.0
        ],
        [
          0.0,
          320.0,
