[
  {
    "scene_id": "0373_840394",
    "object_label": "wardrobe",
    "preset": "right",
    "distance": 2.3000000007868056,
    "init_camera": {
      "intrinsics": [
        [
          320.0,
          0.0,
          320.0
        ],
        [
          0.0,
          320.0,
          240.0
        ],
        [
          0.0,
          0.0,
          1.0
        ]
      ],
      "extrinsics": [
        [
          -0.1736481776669304,
          0.2933477409505836,
          -0.9401028737708143,
          1.1312232039175845
        ],
        [
          0.984807753012208,
          0.05172512145946535,
          -0.1657655012873589,
          3.7654236700249917
        ],
        [
          0.0,
          -0.9546054759371502,
          -0.29787310269778833,
          1.6
        ],
        [
          0.0,
          0.0,
          0.0,
          1.0
        ]
      ]
    },
    "target_region": {
      "type": "circle",
      "params": {
        "center": [
          -0.28900000309709667,
          3.5149999999999997
        ],
        "radius": 2.3000000007868056,
        "object_center": [
          -0.28900000309709667,
          3.5149999999999997,
          1.1500000000000001
        ],
        "sample_distance": 2.3000000007868056,
        "min_distance": 2.3000000007868056,
        "requested_distance": 0.8
      },
      "sample_point": [
        1.3196885665326055,
        5.158812972805011,
        1.5
      ],
      "sample_forward": [
        -0.6914694881813478,
        -0.7065671606238746,
        -0.15044199693616273
      ],
      "height": 1.5
    },
    "sample_target": [
      1.3196885665326055,
      5.158812972805011,
      1.5
    ],
    "camera_params": {
      "forward": [
        -0.6914694881813478,
        -0.7065671606238746,
        -0.15044199693616273
      ]
    },
    "task_type": "absolute_positioning",
    "task_description": "Move to any position 2.3m from wardrobe",
    "target_object": {
      "label": "wardrobe",
      "id": "171",
      "bbox_min": [
        -0.5550000303934047,
        3.0149999385854973,
        -3.9340284274658187e-10
      ],
      "bbox_max": [
        -0.02299997580078855,
        4.0150000614145025,
        2.300000000393403
      ],
      "center": [
        -0.2890000030970966,
        3.5149999999999997,
        1.1500000000000001
      ]
    }
  },
  {
    "scene_id": "0373_840394",
    "object_label": "wardrobe",
    "preset": "left",
    "distance": 2.3000000007868056,
    "init_camera": {
      "intrinsics": [
        [
          320.0,
          0.0,
          320.0
        ],
        [
          0.0,
          320.0,
          240.0
        ],
        [
          0.0,
          0.0,
          1.0
        ]
      ],
      "extrinsics": [
        [
          -0.1736481776669304,
          0.2933477409505836,
          -0.9401028737708143,
          1.1312232039175845
        ],
        [
          0.984807753012208,
          0.05172512145946535,
          -0.1657655012873589,
          3.7654236700249917
        ],
        [
          0.0,
          -0.9546054759371502,
          -0.29787310269778833,
          1.6
        ],
        [
          0.0,
          0.0,
          0.0,
          1.0
        ]
      ]
    },
    "target_region": {
      "type": "circle",
      "params": {
        "center": [
          -0.28900000309709667,
          3.5149999999999997
        ],
        "radius": 2.3000000007868056,
        "object_center": [
          -0.28900000309709667,
          3.5149999999999997,
          1.1500000000000001
        ],
        "sample_distance": 2.3000000007868056,
        "min_distance": 2.3000000007868056,
        "requested_distance": 1.0
      },
      "sample_point": [
        -0.05990607092173911,
        1.2264380117943627,
        1.5
      ],
      "sample_forward": [
        -0.09847242469262465,
        0.9837023874795745,
        -0.15044199693616275
      ],
      "height": 1.5
    },
    "sample_target": [
      -0.05990607092173911,
      1.2264380117943627,
      1.5
    ],
    "camera_params": {
      "forward": [
        -0.09847242469262465,
        0.9837023874795745,
        -0.15044199693616275
      ]
    },
    "task_type": "absolute_positioning",
    "task_description": "Move to any position 2.3m from wardrobe",
    "target_object": {
      "label": "wardrobe",
      "id": "171",
      "bbox_min": [
        -0.5550000303934047,
        3.0149999385854973,
        -3.9340284274658187e-10
      ],
      "bbox_max": [
        -0.02299997580078855,
        4.0150000614145025,
        2.300000000393403
      ],
      "center": [
        -0.2890000030970966,
        3.5149999999999997,
        1.1500000000000001
      ]
    }
  },
  {
    "scene_id": "0373_840394",
    "object_label": "wardrobe",
    "preset": "back",
    "distance": 2.3000000007868056,
    "init_camera": {
      "intrinsics": [
        [
          320.0,
          0.0,
          320.0
        ],
        [
          0.0,
          320.0,
          240.0
        ],
        [
          0.0,
          0.0,
          1.0
        ]
      ],
      "extrinsics": [
        [
          -0.1736481776669304,
          0.2933477409505836,
          -0.9401028737708143,
          1.1312232039175845
        ],
        [
          0.984807753012208,
          0.05172512145946535,
          -0.1657655012873589,
          3.7654236700249917
        ],
        [
          0.0,
          -0.9546054759371502,
          -0.29787310269778833,
          1.6
        ],
        [
          0.0,
          0.0,
          0.0,
          1.0
        ]
      ]
    },
    "target_region": {
      "type": "circle",
      "params": {
        "center": [
          -0.28900000309709667,
          3.5149999999999997
        ],
        "radius": 2.3000000007868056,
        "object_center": [
          -0.28900000309709667,
          3.5149999999999997,
          1.1500000000000001
        ],
        "sample_distance": 2.3000000007868056,
        "min_distance": 2.3000000007868056,
        "requested_distance": 1.2
      },
      "sample_point": [
        -1.996747619776712,
        1.9743514088720944,
        1.5
      ],
      "sample_forward": [
        0.73404846204644,
        0.6622235732176225,
        -0.15044199693616275
      ],
      "height": 1.5
    },
    "sample_target": [
      -1.996747619776712,
      1.9743514088720944,
      1.5
    ],
    "camera_params": {
      "forward": [
        0.73404846204644,
        0.6622235732176225,
        -0.15044199693616275
      ]
    },
    "task_type": "absolute_positioning",
    "task_description": "Move to any position 2.3m from wardrobe",
    "target_object": {
      "label": "wardrobe",
      "id": "171",
      "bbox_min": [
        -0.5550000303934047,
        3.0149999385854973,
        -3.9340284274658187e-10
      ],
      "bbox_max": [
        -0.02299997580078855,
        4.0150000614145025,
        2.300000000393403
      ],
      "center": [
        -0.2890000030970966,
        3.5149999999999997,
        1.1500000000000001
      ]
    }
  },
  {
    "scene_id": "0373_840394",
    "object_label": "wardrobe",
    "preset": "front",
    "distance": 2.3000000007868056,
    "init_camera": {
      "intrinsics": [
        [
          320.0,
          0.0,
          320.0
        ],
        [
          0.0,
          320.0,
          240.0
        ],
        [
          0.0,
          0.0,
          1.0
        ]
      ],
      "extrinsics": [
        [
          -0.1736481776669304,
          0.2933477409505836,
          -0.9401028737708143,
          1.1312232039175845
        ],
        [
          0.984807753012208,
          0.05172512145946535,
          -0.1657655012873589,
          3.7654236700249917
        ],
        [
          0.0,
          -0.9546054759371502,
          -0.29787310269778833,
          1.6
        ],
        [
          0.0,
          0.0,
          0.0,
          1.0
        ]
      ]
    },
    "target_region": {
      "type": "circle",
      "params": {
        "center": [
          -0.28900000309709667,
          3.5149999999999997
        ],
        "radius": 2.3000000007868056,
        "object_center": [
          -0.28900000309709667,
          3.5149999999999997,
          1.1500000000000001
        ],
        "sample_distance": 2.3000000007868056,
        "min_distance": 2.3000000007868056,
        "requested_distance": 1.5
      },
      "sample_point": [
        1.9431367919737086,
        4.0695857298113065,
        1.5
      ],
      "sample_forward": [
        -0.9594489053861096,
        -0.23837995618603494,
        -0.15044199693616275
      ],
      "height": 1.5
    },
    "sample_target": [
      1.9431367919737086,
      4.0695857298113065,
      1.5
    ],
    "camera_params": {
      "forward": [
        -0.9594489053861096,
        -0.23837995618603494,
        -0.15044199693616275
      ]
    },
    "task_type": "absolute_positioning",
    "task_description": "Move to any position 2.3m from wardrobe",
    "target_object": {
      "label": "wardrobe",
      "id": "171",
      "bbox_min": [
        -0.5550000303934047,
        3.0149999385854973,
        -3.9340284274658187e-10
      ],
      "bbox_max": [
        -0.02299997580078855,
        4.0150000614145025,
        2.300000000393403
      ],
      "center": [
        -0.2890000030970966,
        3.5149999999999997,
        1.1500000000000001
      ]
    }
  },
  {
    "scene_id": "0373_840394",
    "object_label": "wardrobe",
    "preset": "occupancy_30",
    "distance": 4.790094737242621,
    "init_camera": {
      "intrinsics": [
        [
          320.0,
          0.0,
          320.0
        ],
        [
          0.0,
          320.0,
          240.0
        ],
        [
          0.0,
          0.0,
          1.0
        ]
      ],
      "extrinsics": [
        [
          -0.1736481776669304,
          0.2933477409505836,
          -0.9401028737708143,
          1.1312232039175845
        ],
        [
          0.984807753012208,
          0.05172512145946535,
          -0.1657655012873589,
          3.7654236700249917
        ],
        [
          0.0,
          -0.9546054759371502,
          -0.29787310269778833,
          1.6
        ],
        [
          0.0,
          0.0,
          0.0,
          1.0
        ]
      ]
    },
    "target_region": {
      "type": "circle",
      "params": {
        "center": [
          -0.28900000309709667,
          3.5149999999999997
        ],
        "radius": 4.790094737242621,
        "object_center": [
          -0.28900000309709667,
          3.5149999999999997,
          1.1500000000000001
        ],
        "object_height": 2.3000000007868056,
        "occupancy_ratio": 0.3,
        "fov_vertical": 90.0,
        "sample_distance": 4.790094737242621,
        "min_distance": 2.3000000007868056
      },
      "sample_point": [
        -4.734313517112561,
        5.299431381104617,
        1.5
      ],
      "sample_forward": [
        0.9255546343343798,
        -0.37153481508690983,
        -0.07287317778502717
      ],
      "height": 1.5
    },
    "sample_target": [
      -4.734313517112561,
      5.299431381104617,
      1.5
    ],
    "camera_params": {
      "forward": [
        0.9255546343343798,
        -0.37153481508690983,
        -0.07287317778502717
      ]
    },
    "task_type": "screen_occupancy",
    "task_description": "Position where wardrobe occupies 30% of vertical FOV",
    "target_object": {
      "label": "wardrobe",
      "id": "171",
      "bbox_min": [
        -0.5550000303934047,
        3.0149999385854973,
        -3.9340284274658187e-10
      ],
      "bbox_max": [
        -0.02299997580078855,
        4.0150000614145025,
        2.300000000393403
      ],
      "center": [
        -0.2890000030970966,
        3.5149999999999997,
        1.1500000000000001
      ]
    }
  },
  {
    "scene_id": "0373_840394",
    "object_label": "wardrobe",
    "preset": "occupancy_50",
    "distance": 2.7763455976788176,
    "init_camera": {
      "intrinsics": [
        [
          320.0,
          0.0,
          320.0
        ],
        [
          0.0,
          320.0,
          240.0
        ],
        [
          0.0,
          0.0,
          1.0
        ]
      ],
      "extrinsics": [
        [
          -0.1736481776669304,
          0.2933477409505836,
          -0.9401028737708143,
          1.1312232039175845
        ],
        [
          0.984807753012208,
          0.05172512145946535,
          -0.1657655012873589,
          3.7654236700249917
        ],
        [
          0.0,
          -0.9546054759371502,
          -0.29787310269778833,
          1.6
        ],
        [
          0.0,
          0.0,
          0.0,
          1.0
        ]
      ]
    },
    "target_region": {
      "type": "circle",
      "params": {
        "center": [
          -0.28900000309709667,
          3.5149999999999997
        ],
        "radius": 2.7763455976788176,
        "object_center": [
          -0.28900000309709667,
          3.5149999999999997,
          1.1500000000000001
        ],
        "object_height": 2.3000000007868056,
        "occupancy_ratio": 0.5,
        "fov_vertical": 90.0,
        "sample_distance": 2.7763455976788176,
        "min_distance": 2.3000000007868056
      },
      "sample_point": [
        -2.3912738860481757,
        1.7015669577256667,
        1.5
      ],
      "sample_forward": [
        0.7512628561140681,
        0.648043481755199,
        -0.12507504458496976
      ],
      "height": 1.5
    },
    "sample_target": [
      -2.3912738860481757,
      1.7015669577256667,
      1.5
    ],
    "camera_params": {
      "forward": [
        0.7512628561140681,
        0.648043481755199,
        -0.12507504458496976
      ]
    },
    "task_type": "screen_occupancy",
    "task_description": "Position where wardrobe occupies 50% of vertical FOV",
    "target_object": {
      "label": "wardrobe",
      "id": "171",
      "bbox_min": [
        -0.5550000303934047,
        3.0149999385854973,
        -3.9340284274658187e-10
      ],
      "bbox_max": [
        -0.02299997580078855,
        4.0150000614145025,
        2.300000000393403
      ],
      "center": [
        -0.2890000030970966,
        3.5149999999999997,
        1.1500000000000001
      ]
    }
  },
  {
    "scene_id": "0373_840394",
    "object_label": "wardrobe",
    "preset": "occupancy_20",
    "distance": 7.260814244360148,
    "init_camera": {
      "intrinsics": [
        [
          320.0,
          0.0,
          320.0
        ],
        [
          0.0,
          320.0,
          240.0
        ],
        [
          0.0,
          0.0,
          1.0
        ]
      ],
      "extrinsics": [
        [
          -0.34202014332566866,
          0.22759171711609252,
          -0.9117149948638761,
          1.404951511067173
        ],
        [
          0.9396926207859084,
          0.08283661059579144,
          -0.33183712026461437,
          4.131547929445957
        ],
        [
          0.0,
          -0.9702268323671274,
          -0.24219804655457125,
          1.6
        ],
        [
          0.0,
          0.0,
          0.0,
          1.0
        ]
      ]
    },
    "target_region": {
      "type": "circle",
      "params": {
        "center": [
          -0.28900000309709667,
          3.5149999999999997
        ],
        "radius": 7.260814244360148,
        "object_center": [
          -0.28900000309709667,
          3.5149999999999997,
          1.1500000000000001
        ],
        "object_height": 2.3000000007868056,
        "occupancy_ratio": 0.2,
        "fov_vertical": 90.0,
        "sample_distance": 7.260814244360148,
        "min_distance": 2.3000000007868056
      },
      "sample_point": [
        -7.522570720070559,
        4.143393327182317,
        1.5
      ],
      "sample_forward": [
        0.9950924304330819,
        -0.08644547315290695,
        -0.048148053607098826
      ],
      "height": 1.5
    },
    "sample_target": [
      -7.522570720070559,
      4.143393327182317,
      1.5
    ],
    "camera_params": {
      "forward": [
        0.9950924304330819,
        -0.08644547315290695,
        -0.048148053607098826
      ]
    },
    "task_type": "screen_occupancy",
    "task_description": "Position where wardrobe occupies 20% of vertical FOV",
    "target_object": {
      "label": "wardrobe",
      "id": "171",
      "bbox_min": [
        -0.5550000303934047,
        3.0149999385854973,
        -3.9340284274658187e-10
      ],
      "bbox_max": [
        -0.02299997580078855,
        4.0150000614145025,
        2.300000000393403
      ],
      "center": [
        -0.2890000030970966,
        3.5149999999999997,
        1.1500000000000001
      ]
    }
  },
  {
    "scene_id": "0373_840394",
    "object_label": "wardrobe",
    "preset": "occupancy_50",
    "distance": 2.7763455976788176,
    "init_camera": {
      "intrinsics": [
        [
          320.0,
          0.0,
          320.0
        ],
        [
          0.0,
          320.0,
          240.0
        ],
        [
          0.0,
          0.0,
          1.0
        ]
      ],
      "extrinsics": [
        [
          -0.34202014332566866,
          0.22759171711609252,
          -0.9117149948638761,
          1.404951511067173
        ],
        [
          0.9396926207859084,
          0.08283661059579144,
          -0.33183712026461437,
          4.131547929445957
        ],
        [
          0.0,
          -0.9702268323671274,
          -0.24219804655457125,
          1.6
        ],
        [
          0.0,
          0.0,
          0.0,
          1.0
        ]
      ]
    },
    "target_region": {
      "type": "circle",
      "params": {
        "center": [
          -0.28900000309709667,
          3.5149999999999997
        ],
        "radius": 2.7763455976788176,
        "object_center": [
          -0.28900000309709667,
          3.5149999999999997,
          1.1500000000000001
        ],
        "object_height": 2.3000000007868056,
        "occupancy_ratio": 0.5,
        "fov_vertical": 90.0,
        "sample_distance": 2.7763455976788176,
        "min_distance": 2.3000000007868056
      },
      "sample_point": [
        0.04407490558240279,
        6.27129388544812,
        1.5
      ],
      "sample_forward": [
        -0.1190267401520661,
        -0.9849816588905808,
        -0.12507504458496974
      ],
      "height": 1.5
    },
    "sample_target": [
      0.04407490558240279,
      6.27129388544812,
      1.5
    ],
    "camera_params": {
      "forward": [
        -0.1190267401520661,
        -0.9849816588905808,
        -0.12507504458496974
      ]
    },
    "task_type": "screen_occupancy",
    "task_description": "Position where wardrobe occupies 50% of vertical FOV",
    "target_object": {
      "label": "wardrobe",
      "id": "171",
      "bbox_min": [
        -0.5550000303934047,
        3.0149999385854973,
        -3.9340284274658187e-10
      ],
      "bbox_max": [
        -0.02299997580078855,
        4.0150000614145025,
        2.300000000393403
      ],
      "center": [
        -0.2890000030970966,
        3.5149999999999997,
        1.1500000000000001
      ]
    }
  },
  {
    "scene_id": "0373_840394",
    "object_label": "wardrobe",
    "preset": "occupancy_20",
    "distance": 7.260814244360148,
    "init_camera": {
      "intrinsics": [
        [
          320.0,
          0.0,
          320.0
        ],
        [
          0.0,
          320.0,
          240.0
        ],
        [
          0.0,
          0.0,
          1.0
        ]
      ],
      "extrinsics": [
        [
          0.0,
          0.1885780879616183,
          -0.9820581982452671,
          2.0544652106360934
        ],
        [
          1.0,
          -0.0,
          0.0,
          3.5149999999999997
        ],
        [
          -0.0,
          -0.9820581982452671,
          -0.1885780879616183,
          1.6
        ],
        [
          0.0,
          0.0,
          0.0,
          1.0
        ]
      ]
    },
    "target_region": {
      "type": "circle",
      "params": {
        "center": [
          -0.28900000309709667,
          3.5149999999999997
        ],
        "radius": 7.260814244360148,
        "object_center": [
          -0.28900000309709667,
          3.5149999999999997,
          1.1500000000000001
        ],
        "object_height": 2.3000000007868056,
        "occupancy_ratio": 0.2,
        "fov_vertical": 90.0,
        "sample_distance": 7.260814244360148,
        "min_distance": 2.3000000007868056
      },
      "sample_point": [
        -5.895805225278499,
        -1.0983673917890577,
        1.5
      ],
      "sample_forward": [
        0.7713050240061484,
        0.6346418871117181,
        -0.04814805360709883
      ],
      "height": 1.5
    },
    "sample_target": [
      -5.895805225278499,
      -1.0983673917890577,
      1.5
    ],
    "camera_params": {
      "forward": [
        0.7713050240061484,
        0.6346418871117181,
        -0.04814805360709883
      ]
    },
    "task_type": "screen_occupancy",
    "task_description": "Position where wardrobe occupies 20% of vertical FOV",
    "target_object": {
      "label": "wardrobe",
      "id": "171",
      "bbox_min": [
        -0.5550000303934047,
        3.0149999385854973,
        -3.9340284274658187e-10
      ],
      "bbox_max": [
        -0.02299997580078855,
        4.0150000614145025,
        2.300000000393403
      ],
      "center": [
        -0.2890000030970966,
        3.5149999999999997,
        1.1500000000000001
      ]
    }
  },
  {
    "scene_id": "0373_840394",
    "object_label": "wardrobe",
    "preset": "occupancy_30",
    "distance": 4.790094737242621,
    "init_camera": {
      "intrinsics": [
        [
          320.0,
          0.0,
          320.0
        ],
        [
          0.0,
          320.0,
          240.0
        ],
        [
          0.0,
          0.0,
          1.0
        ]
      ],
      "extrinsics": [
        [
          0.0,
          0.1885780879616183,
          -0.9820581982452671,
          2.0544652106360934
        ],
        [
          1.0,
          -0.0,
          0.0,
          3.5149999999999997
        ],
        [
          -0.0,
          -0.9820581982452671,
          -0.1885780879616183,
          1.6
        ],
        [
          0.0,
          0.0,
          0.0,
          1.0
        ]
      ]
    },
    "target_region": {
      "type": "circle",
      "params": {
        "center": [
          -0.28900000309709667,
          3.5149999999999997
        ],
        "radius": 4.790094737242621,
        "object_center": [
          -0.28900000309709667,
          3.5149999999999997,
          1.1500000000000001
        ],
        "object_height": 2.3000000007868056,
        "occupancy_ratio": 0.3,
        "fov_vertical": 90.0,
        "sample_distance": 4.790094737242621,
        "min_distance": 2.3000000007868056
      },
      "sample_point": [
        -2.9067878259928164,
        7.526507759690655,
        1.5
      ],
      "sample_forward": [
        0.5450471926324545,
        -0.8352323375941523,
        -0.07287317778502717
      ],
      "height": 1.5
    },
    "sample_target": [
      -2.9067878259928164,
      7.526507759690655,
      1.5
    ],
    "camera_params": {
      "forward": [
        0.5450471926324545,
        -0.8352323375941523,
        -0.07287317778502717
      ]
    },
    "task_type": "screen_occupancy",
    "task_description": "Position where wardrobe occupies 30% of vertical FOV",
    "target_object": {
      "label": "wardrobe",
      "id": "171",
      "bbox_min": [
        -0.5550000303934047,
        3.0149999385854973,
        -3.9340284274658187e-10
      ],
      "bbox_max": [
        -0.02299997580078855,
        4.0150000614145025,
        2.300000000393403
      ],
      "center": [
        -0.2890000030970966,
        3.5149999999999997,
        1.1500000000000001
      ]
    }
  },
  {
    "scene_id": "0373_840394",
    "object_label": "wardrobe",
    "preset": "occupancy_50",
    "distance": 2.7763455976788176,
    "init_camera": {
      "intrinsics": [
        [
          320.0,
          0.0,
          320.0
        ],
        [
          0.0,
          320.0,
          240.0
        ],
        [
          0.0,
          0.0,
          1.0
        ]
      ],
      "extrinsics": [
        [
          0.0,
          0.1885780879616183,
          -0.9820581982452671,
          2.0544652106360934
        ],
        [
          1.0,
          -0.0,
          0.0,
          3.5149999999999997
        ],
        [
          -0.0,
          -0.9820581982452671,
          -0.1885780879616183,
          1.6
        ],
        [
          0.0,
          0.0,
          0.0,
          1.0
        ]
      ]
    },
    "target_region": {
      "type": "circle",
      "params": {
        "center": [
          -0.28900000309709667,
          3.5149999999999997
        ],
        "radius": 2.7763455976788176,
        "object_center": [
          -0.28900000309709667,
          3.5149999999999997,
          1.1500000000000001
        ],
        "object_height": 2.3000000007868056,
        "occupancy_ratio": 0.5,
        "fov_vertical": 90.0,
        "sample_distance": 2.7763455976788176,
        "min_distance": 2.3000000007868056
      },
      "sample_point": [
        -2.516251048704033,
        1.8574573436579798,
        1.5
      ],
      "sample_forward": [
        0.795924353803452,
        0.5923349189813355,
        -0.12507504458496976
      ],
      "height": 1.5
    },
    "sample_target": [
      -2.516251048704033,
      1.8574573436579798,
      1.5
    ],
    "camera_params": {
      "forward": [
        0.795924353803452,
        0.5923349189813355,
        -0.12507504458496976
      ]
    },
    "task_type": "screen_occupancy",
    "task_description": "Position where wardrobe occupies 50% of vertical FOV",
    "target_object": {
      "label": "wardrobe",
      "id": "171",
      "bbox_min": [
        -0.5550000303934047,
        3.0149999385854973,
        -3.9340284274658187e-10
      ],
      "bbox_max": [
        -0.02299997580078855,
        4.0150000614145025,
        2.300000000393403
      ],
      "center": [
        -0.2890000030970966,
        3.5149999999999997,
        1.1500000000000001
      ]
    }
  },
  {
    "scene_id": "0373_840394",
    "object_label": "wardrobe",
    "preset": "left",
    "distance": 2.3000000007868056,
    "init_camera": {
      "intrinsics": [
        [
          320.0,
          0.0,
          320.0
        ],
        [
          0.0,
          320.0,
          240.0
        ],
        [
          0.0,
          0.0,
          1.0
        ]
      ],
      "extrinsics": [
        [
          -0.34202014332566877,
          0.27990915653571474,
          -0.89703572149996,
          1.0661612082343193
        ],
        [
          0.9396926207859083,
          0.10187860127755921,
          -0.32649430169949234,
          4.008238343556766
        ],
        [
          0.0,
          -0.9546054759371502,
          -0.2978731026977883,
          1.6
        ],
        [
          0.0,
          0.0,
          0.0,
          1.0
        ]
      ]
    },
    "target_region": {
      "type": "circle",
      "params": {
        "center": [
          -0.28900000309709667,
          3.5149999999999997
        ],
        "radius": 2.3000000007868056,
        "object_center": [
          -0.28900000309709667,
          3.5149999999999997,
          1.1500000000000001
        ],
        "sample_distance": 2.3000000007868056,
        "min_distance": 2.3000000007868056,
        "requested_distance": 0.8
      },
      "sample_point": [
        -0.7210760094085279,
        1.2559492417412859,
        1.5
      ],
      "sample_forward": [
        0.18572107776483937,
        0.9710174492931246,
        -0.15044199693616273
      ],
      "height": 1.5
    },
    "sample_target": [
      -0.7210760094085279,
      1.2559492417412859,
      1.5
    ],
    "camera_params": {
      "forward": [
        0.18572107776483937,
        0.9710174492931246,
        -0.15044199693616273
      ]
    },
    "task_type": "absolute_positioning",
    "task_description": "Move to any position 2.3m from wardrobe",
    "target_object": {
      "label": "wardrobe",
      "id": "171",
      "bbox_min": [
        -0.5550000303934047,
        3.0149999385854973,
        -3.9340284274658187e-10
      ],
      "bbox_max": [
        -0.02299997580078855,
        4.0150000614145025,
        2.300000000393403
      ],
      "center": [
        -0.2890000030970966,
        3.5149999999999997,
        1.1500000000000001
      ]
    }
  },
  {
    "scene_id": "0373_840394",
    "object_label": "wardrobe",
    "preset": "back",
    "distance": 2.3000000007868056,
    "init_camera": {
      "intrinsics": [
        [
          320.0,
          0.0,
          320.0
        ],
        [
          0.0,
          320.0,
          240.0
        ],
        [
          0.0,
          0.0,
          1.0
        ]
      ],
      "extrinsics": [
        [
          -0.34202014332566877,
          0.27990915653571474,
          -0.89703572149996,
          1.0661612082343193
        ],
        [
          0.9396926207859083,
          0.10187860127755921,
          -0.32649430169949234,
          4.008238343556766
        ],
        [
          0.0,
          -0.9546054759371502,
          -0.2978731026977883,
          1.6
        ],
        [
          0.0,
          0.0,
          0.0,
          1.0
        ]
      ]
    },
    "target_region": {
      "type": "circle",
      "params": {
        "center": [
          -0.28900000309709667,
          3.5149999999999997
        ],
        "radius": 2.3000000007868056,
        "object_center": [
          -0.28900000309709667,
          3.5149999999999997,
          1.1500000000000001
        ],
        "sample_distance": 2.3000000007868056,
        "min_distance": 2.3000000007868056,
        "requested_distance": 1.0
      },
      "sample_point": [
        -2.5453258540498567,
        3.9610870519770858,
        1.5
      ],
      "sample_forward": [
        0.9698461907314859,
        -0.19174350544799623,
        -0.15044199693616275
      ],
      "height": 1.5
    },
    "sample_target": [
      -2.5453258540498567,
      3.9610870519770858,
      1.5
    ],
    "camera_params": {
      "forward": [
        0.9698461907314859,
        -0.19174350544799623,
        -0.15044199693616275
      ]
    },
    "task_type": "absolute_positioning",
    "task_description": "Move to any position 2.3m from wardrobe",
    "target_object": {
      "label": "wardrobe",
      "id": "171",
      "bbox_min": [
        -0.5550000303934047,
        3.0149999385854973,
        -3.9340284274658187e-10
      ],
      "bbox_max": [
        -0.02299997580078855,
        4.0150000614145025,
        2.300000000393403
      ],
      "center": [
        -0.2890000030970966,
        3.5149999999999997,
        1.1500000000000001
      ]
    }
  },
  {
    "scene_id": "0373_840394",
    "object_label": "wardrobe",
    "preset": "front",
    "distance": 2.3000000007868056,
    "init_camera": {
      "intrinsics": [
        [
          320.0,
          0.0,
          320.0
        ],
        [
          0.0,
          320.0,
          240.0
        ],
        [
          0.0,
          0.0,
          1.0
        ]
      ],
      "extrinsics": [
        [
          -0.34202014332566877,
          0.27990915653571474,
          -0.89703572149996,
          1.0661612082343193
        ],
        [
          0.9396926207859083,
          0.10187860127755921,
          -0.32649430169949234,
          4.008238343556766
        ],
        [
          0.0,
          -0.9546054759371502,
          -0.2978731026977883,
          1.6
        ],
        [
          0.0,
          0.0,
          0.0,
          1.0
        ]
      ]
    },
    "target_region": {
      "type": "circle",
      "params": {
        "center": [
          -0.28900000309709667,
          3.5149999999999997
        ],
        "radius": 2.3000000007868056,
        "object_center": [
          -0.28900000309709667,
          3.5149999999999997,
          1.1500000000000001
        ],
        "sample_distance": 2.3000000007868056,
        "min_distance": 2.3000000007868056,
        "requested_distance": 1.2
      },
      "sample_point": [
        1.715175037204922,
        2.386601838246043,
        1.5
      ],
      "sample_forward": [
        -0.8614631293504292,
        0.48502420798102996,
        -0.15044199693616275
      ],
      "height": 1.5
    },
    "sample_target": [
      1.715175037204922,
      2.386601838246043,
      1.5
    ],
    "camera_params": {
      "forward": [
        -0.8614631293504292,
        0.48502420798102996,
        -0.15044199693616275
      ]
    },
    "task_type": "absolute_positioning",
    "task_description": "Move to any position 2.3m from wardrobe",
    "target_object": {
      "label": "wardrobe",
      "id": "171",
      "bbox_min": [
        -0.5550000303934047,
        3.0149999385854973,
        -3.9340284274658187e-10
      ],
      "bbox_max": [
        -0.02299997580078855,
        4.0150000614145025,
        2.300000000393403
      ],
      "center": [
        -0.2890000030970966,
        3.5149999999999997,
        1.1500000000000001
      ]
    }
  },
  {
    "scene_id": "0373_840394",
    "object_label": "wardrobe",
    "preset": "right",
    "distance": 2.3000000007868056,
    "init_camera": {
      "intrinsics": [
        [
          320.0,
          0.0,
          320.0
        ],
        [
          0.0,
          320.0,
          240.0
        ],
        [
          0.0,
          0.0,
          1.0
        ]
      ],
      "extrinsics": [
        [
          -0.34202014332566877,
          0.27990915653571474,
          -0.89703572149996,
          1.0661612082343193
        ],
        [
          0.9396926207859083,
          0.10187860127755921,
          -0.32649430169949234,
          4.008238343556766
        ],
        [
          0.0,
          -0.9546054759371502,
          -0.2978731026977883,
          1.6
        ],
        [
          0.0,
          0.0,
          0.0,
          1.0
        ]
      ]
    },
    "target_region": {
      "type": "circle",
      "params": {
        "center": [
          -0.28900000309709667,
          3.5149999999999997
        ],
        "radius": 2.3000000007868056,
        "object_center": [
          -0.28900000309709667,
          3.5149999999999997,
          1.1500000000000001
        ],
        "sample_distance": 2.3000000007868056,
        "min_distance": 2.3000000007868056,
        "requested_distance": 1.5
      },
      "sample_point": [
        1.0757082360865002,
        5.366370148166949,
        1.5
      ],
      "sample_forward": [
        -0.586598379251471,
        -0.7957823490235298,
        -0.15044199693616275
      ],
      "height": 1.5
    },
    "sample_target": [
      1.0757082360865002,
      5.366370148166949,
      1.5
    ],
    "camera_params": {
      "forward": [
        -0.586598379251471,
        -0.7957823490235298,
        -0.15044199693616275
      ]
    },
    "task_type": "absolute_positioning",
    "task_description": "Move to any position 2.3m from wardrobe",
    "target_object": {
      "label": "wardrobe",
      "id": "171",
      "bbox_min": [
        -0.5550000303934047,
        3.0149999385854973,
        -3.9340284274658187e-10
      ],
      "bbox_max": [
        -0.02299997580078855,
        4.0150000614145025,
        2.300000000393403
      ],
      "center": [
        -0.2890000030970966,
        3.5149999999999997,
        1.1500000000000001
      ]
    }
  },
  {
    "scene_id": "0373_840394",
    "object_label": "wardrobe",
    "preset": "occupancy_20",
    "distance": 7.260814244360148,
    "init_camera": {
      "intrinsics": [
        [
          320.0,
          0.0,
          320.0
        ],
        [
          0.0,
          320.0,
          240.0
        ],
        [
          0.0,
          0.0,
          1.0
        ]
      ],
      "extrinsics": [
        [
          -0.34202014332566877,
          0.27990915653571474,
          -0.89703572149996,
          1.0661612082343193
        ],
        [
          0.9396926207859083,
          0.10187860127755921,
          -0.32649430169949234,
          4.008238343556766
        ],
        [
          0.0,
          -0.9546054759371502,
          -0.2978731026977883,
          1.6
        ],
        [
          0.0,
          0.0,
          0.0,
          1.0
        ]
      ]
    },
    "target_region": {
      "type": "circle",
      "params": {
        "center": [
          -0.28900000309709667,
          3.5149999999999997
        ],
        "radius": 7.260814244360148,
        "object_center": [
          -0.28900000309709667,
          3.5149999999999997,
          1.1500000000000001
        ],
        "object_height": 2.3000000007868056,
        "occupancy_ratio": 0.2,
        "fov_vertical": 90.0,
        "sample_distance": 7.260814244360148,
        "min_distance": 2.3000000007868056
      },
      "sample_point": [
        6.440884307194135,
        0.7895494572091106,
        1.5
      ],
      "sample_forward": [
        -0.9258023729756446,
        0.37492896810797816,
        -0.048148053607098826
      ],
      "height": 1.5
    },
    "sample_target": [
      6.440884307194135,
      0.7895494572091106,
      1.5
    ],
    "camera_params": {
      "forward": [
        -0.9258023729756446,
        0.37492896810797816,
        -0.048148053607098826
      ]
    },
    "task_type": "screen_occupancy",
    "task_description": "Position where wardrobe occupies 20% of vertical FOV",
    "target_object": {
      "label": "wardrobe",
      "id": "171",
      "bbox_min": [
        -0.5550000303934047,
        3.0149999385854973,
        -3.9340284274658187e-10
      ],
      "bbox_max": [
        -0.02299997580078855,
        4.0150000614145025,
        2.300000000393403
      ],
      "center": [
        -0.2890000030970966,
        3.5149999999999997,
        1.1500000000000001
      ]
    }
  },
  {
    "scene_id": "0373_840394",
    "object_label": "wardrobe",
    "preset": "occupancy_30",
    "distance": 4.790094737242621,
    "init_camera": {
      "intrinsics": [
        [
          320.0,
          0.0,
          320.0
        ],
        [
          0.0,
          320.0,
          240.0
        ],
        [
          0.0,
          0.0,
          1.0
        ]
      ],
      "extrinsics": [
        [
          -0.34202014332566877,
          0.27990915653571474,
          -0.89703572149996,
          1.0661612082343193
        ],
        [
          0.9396926207859083,
          0.10187860127755921,
          -0.32649430169949234,
          4.008238343556766
        ],
        [
          0.0,
          -0.9546054759371502,
          -0.2978731026977883,
          1.6
        ],
        [
          0.0,
          0.0,
          0.0,
          1.0
        ]
      ]
    },
    "target_region": {
      "type": "circle",
      "params": {
        "center": [
          -0.28900000309709667,
          3.5149999999999997
        ],
        "radius": 4.790094737242621,
        "object_center": [
          -0.28900000309709667,
          3.5149999999999997,
          1.1500000000000001
        ],
        "object_height": 2.3000000007868056,
        "occupancy_ratio": 0.3,
        "fov_vertical": 90.0,
        "sample_distance": 4.790094737242621,
        "min_distance": 2.3000000007868056
      },
      "sample_point": [
        -2.146909295970035,
        -0.9001082264442664,
        1.5
      ],
      "sample_forward": [
        0.3868335834513823,
        0.9192656192165974,
        -0.07287317778502717
      ],
      "height": 1.5
    },
