[
  {
    "scene_id": "0336_840425",
    "object_label": "wardrobe",
    "preset": "front",
    "distance": 2.5000000007868057,
    "init_camera": {
      "intrinsics": [
        [
          320.0,
          0.0,
          320.0
        ],
        [
          0.0,
          320.0,
          240.0
        ],
        [
          0.0,
          0.0,
          1.0
        ]
      ],
      "extrinsics": [
        [
          0.4999999999999998,
          -0.17137218933440146,
          0.8489002136427662,
          -0.8034387502540035
        ],
        [
          -0.8660254037844388,
          -0.09894177964383213,
          0.4901127668617816,
          -2.0860758518817084
        ],
        [
          0.0,
          -0.9802255337235638,
          -0.19788355928766432,
          1.6
        ],
        [
          0.0,
          0.0,
          0.0,
          1.0
        ]
      ]
    },
    "target_region": {
      "type": "circle",
      "params": {
        "center": [
          0.6980254231443052,
          -1.2192051071916163
        ],
        "radius": 2.5000000007868057,
        "object_center": [
          0.6980254231443052,
          -1.2192051071916163,
          1.25
        ],
        "sample_distance": 2.5000000007868057,
        "min_distance": 2.5000000007868057,
        "requested_distance": 0.8
      },
      "sample_point": [
        3.1915528264364053,
        -1.3989857873699505,
        1.5
      ],
      "sample_forward": [
        -0.9924610001240957,
        0.07155538512117902,
        -0.09950371898999294
      ],
      "height": 1.5
    },
    "sample_target": [
      3.1915528264364053,
      -1.3989857873699505,
      1.5
    ],
    "camera_params": {
      "forward": [
        -0.9924610001240957,
        0.07155538512117902,
        -0.09950371898999294
      ]
    },
    "task_type": "absolute_positioning",
    "task_description": "Move to any position 2.5m from wardrobe",
    "target_object": {
      "label": "wardrobe",
      "id": "96",
      "bbox_min": [
        -0.05197466463923752,
        -1.7192051143832328,
        -3.9340284274658187e-10
      ],
      "bbox_max": [
        1.4480255109278477,
        -0.7192051000000002,
        2.500000000393403
      ],
      "center": [
        0.698025423144305,
        -1.2192051071916166,
        1.2500000000000002
      ]
    }
  },
  {
    "scene_id": "0336_840425",
    "object_label": "wardrobe",
    "preset": "left",
    "distance": 2.5000000007868057,
    "init_camera": {
      "intrinsics": [
        [
          320.0,
          0.0,
          320.0
        ],
        [
          0.0,
          320.0,
          240.0
        ],
        [
          0.0,
          0.0,
          1.0
        ]
      ],
      "extrinsics": [
        [
          0.4999999999999998,
          -0.17137218933440146,
          0.8489002136427662,
          -0.8034387502540035
        ],
        [
          -0.8660254037844388,
          -0.09894177964383213,
          0.4901127668617816,
          -2.0860758518817084
        ],
        [
          0.0,
          -0.9802255337235638,
          -0.19788355928766432,
          1.6
        ],
        [
          0.0,
          0.0,
          0.0,
          1.0
        ]
      ]
    },
    "target_region": {
      "type": "circle",
      "params": {
        "center": [
          0.6980254231443052,
          -1.2192051071916163
        ],
        "radius": 2.5000000007868057,
        "object_center": [
          0.6980254231443052,
          -1.2192051071916163,
          1.25
        ],
        "sample_distance": 2.5000000007868057,
        "min_distance": 2.5000000007868057,
        "requested_distance": 1.2
      },
      "sample_point": [
        1.8987137759445707,
        -3.4119995534140193,
        1.5
      ],
      "sample_forward": [
        -0.4778918258063804,
        0.8727648095189247,
        -0.09950371898999293
      ],
      "height": 1.5
    },
    "sample_target": [
      1.8987137759445707,
      -3.4119995534140193,
      1.5
    ],
    "camera_params": {
      "forward": [
        -0.4778918258063804,
        0.8727648095189247,
        -0.09950371898999293
      ]
    },
    "task_type": "absolute_positioning",
    "task_description": "Move to any position 2.5m from wardrobe",
    "target_object": {
      "label": "wardrobe",
      "id": "96",
      "bbox_min": [
        -0.05197466463923752,
        -1.7192051143832328,
        -3.9340284274658187e-10
      ],
      "bbox_max": [
        1.4480255109278477,
        -0.7192051000000002,
        2.500000000393403
      ],
      "center": [
        0.698025423144305,
        -1.2192051071916166,
        1.2500000000000002
      ]
    }
  },
  {
    "scene_id": "0336_840425",
    "object_label": "wardrobe",
    "preset": "front",
    "distance": 2.5000000007868057,
    "init_camera": {
      "intrinsics": [
        [
          320.0,
          0.0,
          320.0
        ],
        [
          0.0,
          320.0,
          240.0
        ],
        [
          0.0,
          0.0,
          1.0
        ]
      ],
      "extrinsics": [
        [
          0.4999999999999998,
          -0.17137218933440146,
          0.8489002136427662,
          -0.8034387502540035
        ],
        [
          -0.8660254037844388,
          -0.09894177964383213,
          0.4901127668617816,
          -2.0860758518817084
        ],
        [
          0.0,
          -0.9802255337235638,
          -0.19788355928766432,
          1.6
        ],
        [
          0.0,
          0.0,
          0.0,
          1.0
        ]
      ]
    },
    "target_region": {
      "type": "circle",
      "params": {
        "center": [
          0.6980254231443052,
          -1.2192051071916163
        ],
        "radius": 2.5000000007868057,
        "object_center": [
          0.6980254231443052,
          -1.2192051071916163,
          1.25
        ],
        "sample_distance": 2.5000000007868057,
        "min_distance": 2.5000000007868057,
        "requested_distance": 1.5
      },
      "sample_point": [
        2.9054723952602672,
        -2.392737326276418,
        1.5
      ],
      "sample_forward": [
        -0.8785967327949499,
        0.46708328061406784,
        -0.09950371898999294
      ],
      "height": 1.5
    },
    "sample_target": [
      2.9054723952602672,
      -2.392737326276418,
      1.5
    ],
    "camera_params": {
      "forward": [
        -0.8785967327949499,
        0.46708328061406784,
        -0.09950371898999294
      ]
    },
    "task_type": "absolute_positioning",
    "task_description": "Move to any position 2.5m from wardrobe",
    "target_object": {
      "label": "wardrobe",
      "id": "96",
      "bbox_min": [
        -0.05197466463923752,
        -1.7192051143832328,
        -3.9340284274658187e-10
      ],
      "bbox_max": [
        1.4480255109278477,
        -0.7192051000000002,
        2.500000000393403
      ],
      "center": [
        0.698025423144305,
        -1.2192051071916166,
        1.2500000000000002
      ]
    }
  },
  {
    "scene_id": "0336_840425",
    "object_label": "wardrobe",
    "preset": "occupancy_30",
    "distance": 5.206624714251663,
    "init_camera": {
      "intrinsics": [
        [
          320.0,
          0.0,
          320.0
        ],
        [
          0.0,
          320.0,
          240.0
        ],
        [
          0.0,
          0.0,
          1.0
        ]
      ],
      "extrinsics": [
        [
          0.4999999999999998,
          -0.17137218933440146,
          0.8489002136427662,
          -0.8034387502540035
        ],
        [
          -0.8660254037844388,
          -0.09894177964383213,
          0.4901127668617816,
          -2.0860758518817084
        ],
        [
          0.0,
          -0.9802255337235638,
          -0.19788355928766432,
          1.6
        ],
        [
          0.0,
          0.0,
          0.0,
          1.0
        ]
      ]
    },
    "target_region": {
      "type": "circle",
      "params": {
        "center": [
          0.6980254231443052,
          -1.2192051071916163
        ],
        "radius": 5.206624714251663,
        "object_center": [
          0.6980254231443052,
          -1.2192051071916163,
          1.25
        ],
        "object_height": 2.5000000007868057,
        "occupancy_ratio": 0.3,
        "fov_vertical": 90.0,
        "sample_distance": 5.206624714251663,
        "min_distance": 2.5000000007868057
      },
      "sample_point": [
        1.7949401901685493,
        -6.308971202891924,
        1.5
      ],
      "sample_forward": [
        -0.2104343090007038,
        0.976430843601025,
        -0.04796049686968358
      ],
      "height": 1.5
    },
    "sample_target": [
      1.7949401901685493,
      -6.308971202891924,
      1.5
    ],
    "camera_params": {
      "forward": [
        -0.2104343090007038,
        0.976430843601025,
        -0.04796049686968358
      ]
    },
    "task_type": "screen_occupancy",
    "task_description": "Position where wardrobe occupies 30% of vertical FOV",
    "target_object": {
      "label": "wardrobe",
      "id": "96",
      "bbox_min": [
        -0.05197466463923752,
        -1.7192051143832328,
        -3.9340284274658187e-10
      ],
      "bbox_max": [
        1.4480255109278477,
        -0.7192051000000002,
        2.500000000393403
      ],
      "center": [
        0.698025423144305,
        -1.2192051071916166,
        1.2500000000000002
      ]
    }
  },
  {
    "scene_id": "0336_840425",
    "object_label": "wardrobe",
    "preset": "occupancy_50",
    "distance": 3.0177669539161274,
    "init_camera": {
      "intrinsics": [
        [
          320.0,
          0.0,
          320.0
        ],
        [
          0.0,
          320.0,
          240.0
        ],
        [
          0.0,
          0.0,
          1.0
        ]
      ],
      "extrinsics": [
        [
          0.4999999999999998,
          -0.17137218933440146,
          0.8489002136427662,
          -0.8034387502540035
        ],
        [
          -0.8660254037844388,
          -0.09894177964383213,
          0.4901127668617816,
          -2.0860758518817084
        ],
        [
          0.0,
          -0.9802255337235638,
          -0.19788355928766432,
          1.6
        ],
        [
          0.0,
          0.0,
          0.0,
          1.0
        ]
      ]
    },
    "target_region": {
      "type": "circle",
      "params": {
        "center": [
          0.6980254231443052,
          -1.2192051071916163
        ],
        "radius": 3.0177669539161274,
        "object_center": [
          0.6980254231443052,
          -1.2192051071916163,
          1.25
        ],
        "object_height": 2.5000000007868057,
        "occupancy_ratio": 0.5,
        "fov_vertical": 90.0,
        "sample_distance": 3.0177669539161274,
        "min_distance": 2.5000000007868057
      },
      "sample_point": [
        -1.9728897586461231,
        0.18547616620446106,
        1.5
      ],
      "sample_forward": [
        0.8820419193904541,
        -0.46388135982946377,
        -0.08255989608018774
      ],
      "height": 1.5
    },
    "sample_target": [
      -1.9728897586461231,
      0.18547616620446106,
      1.5
    ],
    "camera_params": {
      "forward": [
        0.8820419193904541,
        -0.46388135982946377,
        -0.08255989608018774
      ]
    },
    "task_type": "screen_occupancy",
    "task_description": "Position where wardrobe occupies 50% of vertical FOV",
    "target_object": {
      "label": "wardrobe",
      "id": "96",
      "bbox_min": [
        -0.05197466463923752,
        -1.7192051143832328,
        -3.9340284274658187e-10
      ],
      "bbox_max": [
        1.4480255109278477,
        -0.7192051000000002,
        2.500000000393403
      ],
      "center": [
        0.698025423144305,
        -1.2192051071916166,
        1.2500000000000002
      ]
    }
  },
  {
    "scene_id": "0336_840425",
    "object_label": "wardrobe",
    "preset": "occupancy_30",
    "distance": 5.206624714251663,
    "init_camera": {
      "intrinsics": [
        [
          320.0,
          0.0,
          320.0
        ],
        [
          0.0,
          320.0,
          240.0
        ],
        [
          0.0,
          0.0,
          1.0
        ]
      ],
      "extrinsics": [
        [
          0.8660254037844385,
          -0.07971729919354122,
          0.49360424654705704,
          -0.385563007718311
        ],
        [
          -0.5000000000000004,
          -0.13807441244538274,
          0.8549476338512564,
          -3.096035323939501
        ],
        [
          0.0,
          -0.9872084930941132,
          -0.15943459838708232,
          1.6
        ],
        [
          0.0,
          0.0,
          0.0,
          1.0
        ]
      ]
    },
    "target_region": {
      "type": "circle",
      "params": {
        "center": [
          0.6980254231443052,
          -1.2192051071916163
        ],
        "radius": 5.206624714251663,
        "object_center": [
          0.6980254231443052,
          -1.2192051071916163,
          1.25
        ],
        "object_height": 2.5000000007868057,
        "occupancy_ratio": 0.3,
        "fov_vertical": 90.0,
        "sample_distance": 5.206624714251663,
        "min_distance": 2.5000000007868057
      },
      "sample_point": [
        4.9702090261706315,
        -4.195341558547502,
        1.5
      ],
      "sample_forward": [
        -0.8195841932786306,
        0.5709479318360206,
        -0.04796049686968358
      ],
      "height": 1.5
    },
    "sample_target": [
      4.9702090261706315,
      -4.195341558547502,
      1.5
    ],
    "camera_params": {
      "forward": [
        -0.8195841932786306,
        0.5709479318360206,
        -0.04796049686968358
      ]
    },
    "task_type": "screen_occupancy",
    "task_description": "Position where wardrobe occupies 30% of vertical FOV",
    "target_object": {
      "label": "wardrobe",
      "id": "96",
      "bbox_min": [
        -0.05197466463923752,
        -1.7192051143832328,
        -3.9340284274658187e-10
      ],
      "bbox_max": [
        1.4480255109278477,
        -0.7192051000000002,
        2.500000000393403
      ],
      "center": [
        0.698025423144305,
        -1.2192051071916166,
        1.2500000000000002
      ]
    }
  },
  {
    "scene_id": "0336_840425",
    "object_label": "wardrobe",
    "preset": "occupancy_50",
    "distance": 3.0177669539161274,
    "init_camera": {
      "intrinsics": [
        [
          320.0,
          0.0,
          320.0
        ],
        [
          0.0,
          320.0,
          240.0
        ],
        [
          0.0,
          0.0,
          1.0
        ]
      ],
      "extrinsics": [
        [
          0.8660254037844385,
          -0.07971729919354122,
          0.49360424654705704,
          -0.385563007718311
        ],
        [
          -0.5000000000000004,
          -0.13807441244538274,
          0.8549476338512564,
          -3.096035323939501
        ],
        [
          0.0,
          -0.9872084930941132,
          -0.15943459838708232,
          1.6
        ],
        [
          0.0,
          0.0,
          0.0,
          1.0
        ]
      ]
    },
    "target_region": {
      "type": "circle",
      "params": {
        "center": [
          0.6980254231443052,
          -1.2192051071916163
        ],
        "radius": 3.0177669539161274,
        "object_center": [
          0.6980254231443052,
          -1.2192051071916163,
          1.25
        ],
        "object_height": 2.5000000007868057,
        "occupancy_ratio": 0.5,
        "fov_vertical": 90.0,
        "sample_distance": 3.0177669539161274,
        "min_distance": 2.5000000007868057
      },
      "sample_point": [
        2.508388165640712,
        -3.633641714089613,
        1.5
      ],
      "sample_forward": [
        -0.5978534395517879,
        0.7973425414307989,
        -0.08255989608018773
      ],
      "height": 1.5
    },
    "sample_target": [
      2.508388165640712,
      -3.633641714089613,
      1.5
    ],
    "camera_params": {
      "forward": [
        -0.5978534395517879,
        0.7973425414307989,
        -0.08255989608018773
      ]
    },
    "task_type": "screen_occupancy",
    "task_description": "Position where wardrobe occupies 50% of vertical FOV",
    "target_object": {
      "label": "wardrobe",
      "id": "96",
      "bbox_min": [
        -0.05197466463923752,
        -1.7192051143832328,
        -3.9340284274658187e-10
      ],
      "bbox_max": [
        1.4480255109278477,
        -0.7192051000000002,
        2.500000000393403
      ],
      "center": [
        0.698025423144305,
        -1.2192051071916166,
        1.2500000000000002
      ]
    }
  },
  {
    "scene_id": "0336_840425",
    "object_label": "wardrobe",
    "preset": "occupancy_30",
    "distance": 5.206624714251663,
    "init_camera": {
      "intrinsics": [
        [
          320.0,
          0.0,
          320.0
        ],
        [
          0.0,
          320.0,
          240.0
        ],
        [
          0.0,
          0.0,
          1.0
        ]
      ],
      "extrinsics": [
        [
          0.9848077530122081,
          -0.027685527466975765,
          0.17142695580310915,
          0.32169911042378174
        ],
        [
          -0.1736481776669304,
          -0.15701242858998637,
          0.9722105778385814,
          -3.353457682767289
        ],
        [
          0.0,
          -0.9872084930941132,
          -0.15943459838708232,
          1.6
        ],
        [
          0.0,
          0.0,
          0.0,
          1.0
        ]
      ]
    },
    "target_region": {
      "type": "circle",
      "params": {
        "center": [
          0.6980254231443052,
          -1.2192051071916163
        ],
        "radius": 5.206624714251663,
        "object_center": [
          0.6980254231443052,
          -1.2192051071916163,
          1.25
        ],
        "object_height": 2.5000000007868057,
        "occupancy_ratio": 0.3,
        "fov_vertical": 90.0,
        "sample_distance": 5.206624714251663,
        "min_distance": 2.5000000007868057
      },
      "sample_point": [
        -2.117982071995442,
        -5.598593500834383,
        1.5
      ],
      "sample_forward": [
        0.5402284746226214,
        0.8401505733777301,
        -0.04796049686968358
      ],
      "height": 1.5
    },
    "sample_target": [
      -2.117982071995442,
      -5.598593500834383,
      1.5
    ],
    "camera_params": {
      "forward": [
        0.5402284746226214,
        0.8401505733777301,
        -0.04796049686968358
      ]
    },
    "task_type": "screen_occupancy",
    "task_description": "Position where wardrobe occupies 30% of vertical FOV",
    "target_object": {
      "label": "wardrobe",
      "id": "96",
      "bbox_min": [
        -0.05197466463923752,
        -1.7192051143832328,
        -3.9340284274658187e-10
      ],
      "bbox_max": [
        1.4480255109278477,
        -0.7192051000000002,
        2.500000000393403
      ],
      "center": [
        0.698025423144305,
        -1.2192051071916166,
        1.2500000000000002
      ]
    }
  },
  {
    "scene_id": "0336_840425",
    "object_label": "wardrobe",
    "preset": "occupancy_50",
    "distance": 3.0177669539161274,
    "init_camera": {
      "intrinsics": [
        [
          320.0,
          0.0,
          320.0
        ],
        [
          0.0,
          320.0,
          240.0
        ],
        [
          0.0,
          0.0,
          1.0
        ]
      ],
      "extrinsics": [
        [
          0.9848077530122081,
          -0.027685527466975765,
          0.17142695580310915,
          0.32169911042378174
        ],
        [
          -0.1736481776669304,
          -0.15701242858998637,
          0.9722105778385814,
          -3.353457682767289
        ],
        [
          0.0,
          -0.9872084930941132,
          -0.15943459838708232,
          1.6
        ],
        [
          0.0,
          0.0,
          0.0,
          1.0
        ]
      ]
    },
    "target_region": {
      "type": "circle",
      "params": {
        "center": [
          0.6980254231443052,
          -1.2192051071916163
        ],
        "radius": 3.0177669539161274,
        "object_center": [
          0.6980254231443052,
          -1.2192051071916163,
          1.25
        ],
        "object_height": 2.5000000007868057,
        "occupancy_ratio": 0.5,
        "fov_vertical": 90.0,
        "sample_distance": 3.0177669539161274,
        "min_distance": 2.5000000007868057
      },
      "sample_point": [
        -2.317069465197804,
        -1.3461704664102092,
        1.5
      ],
      "sample_forward": [
        0.9957036826137192,
        0.041928987451482935,
        -0.08255989608018774
      ],
      "height": 1.5
    },
    "sample_target": [
      -2.317069465197804,
      -1.3461704664102092,
      1.5
    ],
    "camera_params": {
      "forward": [
        0.9957036826137192,
        0.041928987451482935,
        -0.08255989608018774
      ]
    },
    "task_type": "screen_occupancy",
    "task_description": "Position where wardrobe occupies 50% of vertical FOV",
    "target_object": {
      "label": "wardrobe",
      "id": "96",
      "bbox_min": [
        -0.05197466463923752,
        -1.7192051143832328,
        -3.9340284274658187e-10
      ],
      "bbox_max": [
        1.4480255109278477,
        -0.7192051000000002,
        2.500000000393403
      ],
      "center": [
        0.698025423144305,
        -1.2192051071916166,
        1.2500000000000002
      ]
    }
  },
  {
    "scene_id": "0336_840425",
    "object_label": "wardrobe",
    "preset": "occupancy_30",
    "distance": 5.206624714251663,
    "init_camera": {
      "intrinsics": [
        [
          320.0,
          0.0,
          320.0
        ],
        [
          0.0,
          320.0,
          240.0
        ],
        [
          0.0,
          0.0,
          1.0
        ]
      ],
      "extrinsics": [
        [
          0.9848077530122082,
          0.027685527466975696,
          -0.1714269558031088,
          1.0743517358648276
        ],
        [
          0.17364817766693,
          -0.15701242858998635,
          0.9722105778385817,
          -3.3534576827672895
        ],
        [
          -0.0,
          -0.9872084930941132,
          -0.15943459838708232,
          1.6
        ],
        [
          0.0,
          0.0,
          0.0,
          1.0
        ]
      ]
    },
    "target_region": {
      "type": "circle",
      "params": {
        "center": [
          0.6980254231443052,
          -1.2192051071916163
        ],
        "radius": 5.206624714251663,
        "object_center": [
          0.6980254231443052,
          -1.2192051071916163,
          1.25
        ],
        "object_height": 2.5000000007868057,
        "occupancy_ratio": 0.3,
        "fov_vertical": 90.0,
        "sample_distance": 5.206624714251663,
        "min_distance": 2.5000000007868057
      },
      "sample_point": [
        -3.492743222470215,
        -4.308929864187044,
        1.5
      ],
      "sample_forward": [
        0.8039653860382532,
        0.5927389381442523,
        -0.04796049686968358
      ],
      "height": 1.5
    },
    "sample_target": [
      -3.492743222470215,
      -4.308929864187044,
      1.5
    ],
    "camera_params": {
      "forward": [
        0.8039653860382532,
        0.5927389381442523,
        -0.04796049686968358
      ]
    },
    "task_type": "screen_occupancy",
    "task_description": "Position where wardrobe occupies 30% of vertical FOV",
    "target_object": {
      "label": "wardrobe",
      "id": "96",
      "bbox_min": [
        -0.05197466463923752,
        -1.7192051143832328,
        -3.9340284274658187e-10
      ],
      "bbox_max": [
        1.4480255109278477,
        -0.7192051000000002,
        2.500000000393403
      ],
      "center": [
        0.698025423144305,
        -1.2192051071916166,
        1.2500000000000002
      ]
    }
  },
  {
    "scene_id": "0336_840425",
    "object_label": "wardrobe",
    "preset": "occupancy_50",
    "distance": 3.0177669539161274,
    "init_camera": {
      "intrinsics": [
        [
          320.0,
          0.0,
          320.0
        ],
        [
          0.0,
          320.0,
          240.0
        ],
        [
          0.0,
          0.0,
          1.0
        ]
      ],
      "extrinsics": [
        [
          0.9848077530122082,
          0.027685527466975696,
          -0.1714269558031088,
          1.0743517358648276
        ],
        [
          0.17364817766693,
          -0.15701242858998635,
          0.9722105778385817,
          -3.3534576827672895
        ],
        [
          -0.0,
          -0.9872084930941132,
          -0.15943459838708232,
          1.6
        ],
        [
          0.0,
          0.0,
          0.0,
          1.0
        ]
      ]
    },
    "target_region": {
      "type": "circle",
      "params": {
        "center": [
          0.6980254231443052,
          -1.2192051071916163
        ],
        "radius": 3.0177669539161274,
        "object_center": [
          0.6980254231443052,
          -1.2192051071916163,
          1.25
        ],
        "object_height": 2.5000000007868057,
        "occupancy_ratio": 0.5,
        "fov_vertical": 90.0,
        "sample_distance": 3.0177669539161274,
        "min_distance": 2.5000000007868057
      },
      "sample_point": [
        -1.2151237619429796,
        1.1146281310128787,
        1.5
      ],
      "sample_forward": [
        0.6317975916268084,
        -0.7707241184586047,
        -0.08255989608018774
      ],
      "height": 1.5
    },
    "sample_target": [
      -1.2151237619429796,
      1.1146281310128787,
      1.5
    ],
    "camera_params": {
      "forward": [
        0.6317975916268084,
        -0.7707241184586047,
        -0.08255989608018774
      ]
    },
    "task_type": "screen_occupancy",
    "task_description": "Position where wardrobe occupies 50% of vertical FOV",
    "target_object": {
      "label": "wardrobe",
      "id": "96",
      "bbox_min": [
        -0.05197466463923752,
        -1.7192051143832328,
        -3.9340284274658187e-10
      ],
      "bbox_max": [
        1.4480255109278477,
        -0.7192051000000002,
        2.500000000393403
      ],
      "center": [
        0.698025423144305,
        -1.2192051071916166,
        1.2500000000000002
      ]
    }
  },
  {
    "scene_id": "0336_840425",
    "object_label": "wardrobe",
    "preset": "right",
    "distance": 2.5000000007868057,
    "init_camera": {
      "intrinsics": [
        [
          320.0,
          0.0,
          320.0
        ],
        [
          0.0,
          320.0,
          240.0
        ],
        [
          0.0,
          0.0,
          1.0
        ]
      ],
      "extrinsics": [
        [
          0.9396926207859081,
          -0.06768016330936057,
          0.335256877535614,
          0.1050509104568349
        ],
        [
          -0.3420201433256694,
          -0.18594972043746893,
          0.9211107007459611,
          -2.848389191112546
        ],
        [
          0.0,
          -0.9802255337235638,
          -0.19788355928766432,
          1.6
        ],
        [
          0.0,
          0.0,
          0.0,
          1.0
        ]
      ]
    },
    "target_region": {
      "type": "circle",
      "params": {
        "center": [
          0.6980254231443052,
          -1.2192051071916163
        ],
        "radius": 2.5000000007868057,
        "object_center": [
          0.6980254231443052,
          -1.2192051071916163,
          1.25
        ],
        "sample_distance": 2.5000000007868057,
        "min_distance": 2.5000000007868057,
        "requested_distance": 0.8
      },
      "sample_point": [
        -0.005697321672357147,
        1.1797059587634624,
        1.5
      ],
      "sample_forward": [
        0.2800921209884147,
        -0.9548022903551141,
        -0.09950371898999293
      ],
      "height": 1.5
    },
    "sample_target": [
      -0.005697321672357147,
      1.1797059587634624,
      1.5
    ],
    "camera_params": {
      "forward": [
        0.2800921209884147,
        -0.9548022903551141,
        -0.09950371898999293
      ]
    },
    "task_type": "absolute_positioning",
    "task_description": "Move to any position 2.5m from wardrobe",
    "target_object": {
      "label": "wardrobe",
      "id": "96",
      "bbox_min": [
        -0.05197466463923752,
        -1.7192051143832328,
        -3.9340284274658187e-10
      ],
      "bbox_max": [
        1.4480255109278477,
        -0.7192051000000002,
        2.500000000393403
      ],
      "center": [
        0.698025423144305,
        -1.2192051071916166,
        1.2500000000000002
      ]
    }
  },
  {
    "scene_id": "0336_840425",
    "object_label": "wardrobe",
    "preset": "left",
    "distance": 2.5000000007868057,
    "init_camera": {
      "intrinsics": [
        [
          320.0,
          0.0,
          320.0
        ],
        [
          0.0,
          320.0,
          240.0
        ],
        [
          0.0,
          0.0,
          1.0
        ]
      ],
      "extrinsics": [
        [
          0.9396926207859081,
          -0.06768016330936057,
          0.335256877535614,
          0.1050509104568349
        ],
        [
          -0.3420201433256694,
          -0.18594972043746893,
          0.9211107007459611,
          -2.848389191112546
        ],
        [
          0.0,
          -0.9802255337235638,
          -0.19788355928766432,
          1.6
        ],
        [
          0.0,
          0.0,
          0.0,
          1.0
        ]
      ]
    },
    "target_region": {
      "type": "circle",
      "params": {
        "center": [
          0.6980254231443052,
          -1.2192051071916163
        ],
        "radius": 2.5000000007868057,
        "object_center": [
          0.6980254231443052,
          -1.2192051071916163,
          1.25
        ],
        "sample_distance": 2.5000000007868057,
        "min_distance": 2.5000000007868057,
        "requested_distance": 1.2
      },
      "sample_point": [
        -1.0206499262569553,
        -3.034736722805755,
        1.5
      ],
      "sample_forward": [
        0.6840583560074037,
        0.7226085907900683,
        -0.09950371898999293
      ],
      "height": 1.5
    },
    "sample_target": [
      -1.0206499262569553,
      -3.034736722805755,
      1.5
    ],
    "camera_params": {
      "forward": [
        0.6840583560074037,
        0.7226085907900683,
        -0.09950371898999293
      ]
    },
    "task_type": "absolute_positioning",
    "task_description": "Move to any position 2.5m from wardrobe",
    "target_object": {
      "label": "wardrobe",
      "id": "96",
      "bbox_min": [
        -0.05197466463923752,
        -1.7192051143832328,
        -3.9340284274658187e-10
      ],
      "bbox_max": [
        1.4480255109278477,
        -0.7192051000000002,
        2.500000000393403
      ],
      "center": [
        0.698025423144305,
        -1.2192051071916166,
        1.2500000000000002
      ]
    }
  },
  {
    "scene_id": "0336_840425",
    "object_label": "wardrobe",
    "preset": "right",
    "distance": 2.5000000007868057,
    "init_camera": {
      "intrinsics": [
        [
          320.0,
          0.0,
          320.0
        ],
        [
          0.0,
          320.0,
          240.0
        ],
        [
          0.0,
          0.0,
          1.0
        ]
      ],
      "extrinsics": [
        [
          0.9396926207859081,
          -0.06768016330936057,
          0.335256877535614,
          0.1050509104568349
        ],
        [
          -0.3420201433256694,
          -0.18594972043746893,
          0.9211107007459611,
          -2.848389191112546
        ],
        [
          0.0,
          -0.9802255337235638,
          -0.19788355928766432,
          1.6
        ],
        [
          0.0,
          0.0,
          0.0,
          1.0
        ]
      ]
    },
    "target_region": {
      "type": "circle",
      "params": {
        "center": [
          0.6980254231443052,
          -1.2192051071916163
        ],
        "radius": 2.5000000007868057,
        "object_center": [
          0.6980254231443052,
          -1.2192051071916163,
          1.25
        ],
        "sample_distance": 2.5000000007868057,
        "min_distance": 2.5000000007868057,
        "requested_distance": 1.5
      },
      "sample_point": [
        -0.3238889656488323,
        1.0623932329882624,
        1.5
      ],
      "sample_forward": [
        0.4067371286972109,
        -0.9081100803571718,
        -0.09950371898999293
      ],
      "height": 1.5
    },
    "sample_target": [
      -0.3238889656488323,
      1.0623932329882624,
      1.5
    ],
    "camera_params": {
      "forward": [
        0.4067371286972109,
        -0.9081100803571718,
        -0.09950371898999293
      ]
    },
    "task_type": "absolute_positioning",
    "task_description": "Move to any position 2.5m from wardrobe",
    "target_object": {
      "label": "wardrobe",
      "id": "96",
      "bbox_min": [
        -0.05197466463923752,
        -1.7192051143832328,
        -3.9340284274658187e-10
      ],
      "bbox_max": [
        1.4480255109278477,
        -0.7192051000000002,
        2.500000000393403
      ],
      "center": [
        0.698025423144305,
        -1.2192051071916166,
        1.2500000000000002
      ]
    }
  },
  {
    "scene_id": "0336_840425",
    "object_label": "wardrobe",
    "preset": "occupancy_50",
    "distance": 3.0177669539161274,
    "init_camera": {
      "intrinsics": [
        [
          320.0,
          0.0,
          320.0
        ],
        [
          0.0,
          320.0,
          240.0
        ],
        [
          0.0,
          0.0,
          1.0
        ]
      ],
      "extrinsics": [
        [
          0.9396926207859081,
          -0.06768016330936057,
          0.335256877535614,
          0.1050509104568349
        ],
        [
          -0.3420201433256694,
          -0.18594972043746893,
          0.9211107007459611,
          -2.848389191112546
        ],
        [
          0.0,
          -0.9802255337235638,
          -0.19788355928766432,
          1.6
        ],
        [
          0.0,
          0.0,
          0.0,
          1.0
        ]
      ]
    },
    "target_region": {
      "type": "circle",
      "params": {
        "center": [
          0.6980254231443052,
          -1.2192051071916163
        ],
        "radius": 3.0177669539161274,
        "object_center": [
          0.6980254231443052,
          -1.2192051071916163,
          1.25
        ],
        "object_height": 2.5000000007868057,
        "occupancy_ratio": 0.5,
        "fov_vertical": 90.0,
        "sample_distance": 3.0177669539161274,
        "min_distance": 2.5000000007868057
      },
      "sample_point": [
        2.662305025790559,
        -3.5101706308903244,
        1.5
      ],
      "sample_forward": [
        -0.6486828794676287,
        0.756567502239433,
        -0.08255989608018774
      ],
      "height": 1.5
    },
    "sample_target": [
      2.662305025790559,
      -3.5101706308903244,
      1.5
    ],
    "camera_params": {
      "forward": [
        -0.6486828794676287,
        0.756567502239433,
        -0.08255989608018774
      ]
    },
    "task_type": "screen_occupancy",
    "task_description": "Position where wardrobe occupies 50% of vertical FOV",
    "target_object": {
      "label": "wardrobe",
      "id": "96",
      "bbox_min": [
        -0.05197466463923752,
        -1.7192051143832328,
        -3.9340284274658187e-10
      ],
      "bbox_max": [
        1.4480255109278477,
        -0.7192051000000002,
        2.500000000393403
      ],
      "center": [
        0.698025423144305,
        -1.2192051071916166,
        1.2500000000000002
      ]
    }
  },
  {
    "scene_id": "0336_840425",
    "object_label": "wardrobe",
    "preset": "right",
    "distance": 2.5000000284124035,
    "init_camera": {
      "intrinsics": [
        [
          320.0,
          0.0,
          320.0
        ],
        [
          0.0,
          320.0,
          240.0
        ],
        [
          0.0,
          0.0,
          1.0
        ]
      ],
      "extrinsics": [
        [
          -0.6427876096865396,
          -0.17614135163832748,
          0.7455188214099547,
          3.341253730268465
        ],
        [
          -0.7660444431189779,
          0.14780014319478826,
          -0.6255645680808138,
          -2.7488599239680758
        ],
        [
          0.0,
          -0.9732057038029645,
          -0.22993620438151283,
          1.6
        ],
        [
          0.0,
          0.0,
          0.0,
          1.0
        ]
      ]
    },
    "target_region": {
      "type": "circle",
      "params": {
        "center": [
          4.476053697814431,
          -3.701070158195885
        ],
        "radius": 2.5000000284124035,
        "object_center": [
          4.476053697814431,
          -3.701070158195885,
          1.249999986886583
        ],
        "sample_distance": 2.5000000284124035,
        "min_distance": 2.5000000284124035,
        "requested_distance": 0.8
      },
      "sample_point": [
        2.7094770814583855,
        -1.932113629446226,
        1.5
      ],
      "sample_forward": [
        0.7031237647748174,
        -0.7040710053001014,
        -0.09950372306899799
      ],
      "height": 1.5
    },
    "sample_target": [
      2.7094770814583855,
      -1.932113629446226,
      1.5
    ],
    "camera_params": {
      "forward": [
        0.7031237647748174,
        -0.7040710053001014,
        -0.09950372306899799
      ]
    },
    "task_type": "absolute_positioning",
    "task_description": "Move to any position 2.5m from wardrobe",
    "target_object": {
      "label": "wardrobe",
      "id": "102",
      "bbox_min": [
        4.276053682515445,
        -4.063570317484555,
        -2.731961876634159e-08
      ],
      "bbox_max": [
        4.676053713113417,
        -3.3385699989072157,
        2.500000001092785
      ],
      "center": [
        4.4760536978144305,
        -3.7010701581958854,
        1.2499999868865832
      ]
    }
  },
  {
    "scene_id": "0336_840425",
    "object_label": "wardrobe",
    "preset": "back",
    "distance": 2.5000000284124035,
    "init_camera": {
      "intrinsics": [
        [
          320.0,
          0.0,
          320.0
        ],
        [
          0.0,
          320.0,
          240.0
        ],
        [
          0.0,
          0.0,
          1.0
        ]
      ],
      "extrinsics": [
        [
          -0.6427876096865396,
          -0.17614135163832748,
          0.7455188214099547,
          3.341253730268465
        ],
        [
          -0.7660444431189779,
          0.14780014319478826,
          -0.6255645680808138,
          -2.7488599239680758
        ],
        [
          0.0,
          -0.9732057038029645,
          -0.22993620438151283,
          1.6
        ],
        [
          0.0,
          0.0,
          0.0,
          1.0
        ]
      ]
    },
    "target_region": {
      "type": "circle",
      "params": {
        "center": [
          4.476053697814431,
          -3.701070158195885
        ],
        "radius": 2.5000000284124035,
        "object_center": [
          4.476053697814431,
          -3.701070158195885,
          1.249999986886583
        ],
        "sample_distance": 2.5000000284124035,
        "min_distance": 2.5000000284124035,
        "requested_distance": 1.0
      },
      "sample_point": [
        2.229939041575802,
        -2.6033593159919644,
        1.5
      ],
      "sample_forward": [
        0.8939870360494456,
        -0.43690523969269945,
        -0.09950372306899799
      ],
      "height": 1.5
    },
