[
  {
    "scene_id": "0348_840377",
    "object_label": "wardrobe",
    "preset": "occupancy_20",
    "distance": 7.8921893958276526,
    "init_camera": {
      "intrinsics": [
        [
          320.0,
          0.0,
          320.0
        ],
        [
          0.0,
          320.0,
          240.0
        ],
        [
          0.0,
          0.0,
          1.0
        ]
      ],
      "extrinsics": [
        [
          -0.984807753012208,
          -0.025851131611284002,
          0.1717131579159322,
          -2.9126573095183472
        ],
        [
          -0.1736481776669303,
          0.14660905272361965,
          -0.9738337106777712,
          -0.4719848748376423
        ],
        [
          0.0,
          -0.9888566653736521,
          -0.14887073367892364,
          1.6
        ],
        [
          0.0,
          0.0,
          0.0,
          1.0
        ]
      ]
    },
    "target_region": {
      "type": "circle",
      "params": {
        "center": [
          -2.5089540175053187,
          -2.7615000153509484
        ],
        "radius": 7.8921893958276526,
        "object_center": [
          -2.5089540175053187,
          -2.7615000153509484,
          1.25
        ],
        "object_height": 2.5000000007868057,
        "occupancy_ratio": 0.2,
        "fov_vertical": 90.0,
        "sample_distance": 7.8921893958276526,
        "min_distance": 2.5000000007868057
      },
      "sample_point": [
        -2.1541990325595832,
        5.122712206568918,
        1.5
      ],
      "sample_forward": [
        -0.04492760068770114,
        -0.9984884031938023,
        -0.03166100731084401
      ],
      "height": 1.5
    },
    "sample_target": [
      -2.1541990325595832,
      5.122712206568918,
      1.5
    ],
    "camera_params": {
      "forward": [
        -0.04492760068770114,
        -0.9984884031938023,
        -0.03166100731084401
      ]
    },
    "task_type": "screen_occupancy",
    "task_description": "Position where wardrobe occupies 20% of vertical FOV",
    "target_object": {
      "label": "wardrobe",
      "id": "92",
      "bbox_min": [
        -3.5784053681897685,
        -2.9255000591939644,
        -3.9340284274658187e-10
      ],
      "bbox_max": [
        -1.4395026668208695,
        -2.5974999715079323,
        2.500000000393403
      ],
      "center": [
        -2.508954017505319,
        -2.7615000153509484,
        1.2500000000000002
      ]
    }
  },
  {
    "scene_id": "0348_840377",
    "object_label": "wardrobe",
    "preset": "occupancy_20",
    "distance": 7.8921893958276526,
    "init_camera": {
      "intrinsics": [
        [
          320.0,
          0.0,
          320.0
        ],
        [
          0.0,
          320.0,
          240.0
        ],
        [
          0.0,
          0.0,
          1.0
        ]
      ],
      "extrinsics": [
        [
          -0.984807753012208,
          -0.019976068889037617,
          0.17249535147007936,
          -3.0337682971222555
        ],
        [
          -0.17364817766693028,
          0.11328991631783,
          -0.9782697507608284,
          0.2148696673163495
        ],
        [
          0.0,
          -0.9933611385253802,
          -0.11503759588743369,
          1.6
        ],
        [
          0.0,
          0.0,
          0.0,
          1.0
        ]
      ]
    },
    "target_region": {
      "type": "circle",
      "params": {
        "center": [
          -2.5089540175053187,
          -2.7615000153509484
        ],
        "radius": 7.8921893958276526,
        "object_center": [
          -2.5089540175053187,
          -2.7615000153509484,
          1.25
        ],
        "object_height": 2.5000000007868057,
        "occupancy_ratio": 0.2,
        "fov_vertical": 90.0,
        "sample_distance": 7.8921893958276526,
        "min_distance": 2.5000000007868057
      },
      "sample_point": [
        3.9738213398209026,
        1.7396417426987063,
        1.5
      ],
      "sample_forward": [
        -0.8210047919314594,
        -0.5700427284350215,
        -0.03166100731084401
      ],
      "height": 1.5
    },
    "sample_target": [
      3.9738213398209026,
      1.7396417426987063,
      1.5
    ],
    "camera_params": {
      "forward": [
        -0.8210047919314594,
        -0.5700427284350215,
        -0.03166100731084401
      ]
    },
    "task_type": "screen_occupancy",
    "task_description": "Position where wardrobe occupies 20% of vertical FOV",
    "target_object": {
      "label": "wardrobe",
      "id": "92",
      "bbox_min": [
        -3.5784053681897685,
        -2.9255000591939644,
        -3.9340284274658187e-10
      ],
      "bbox_max": [
        -1.4395026668208695,
        -2.5974999715079323,
        2.500000000393403
      ],
      "center": [
        -2.508954017505319,
        -2.7615000153509484,
        1.2500000000000002
      ]
    }
  },
  {
    "scene_id": "0348_840377",
    "object_label": "wardrobe",
    "preset": "occupancy_30",
    "distance": 5.206624714251663,
    "init_camera": {
      "intrinsics": [
        [
          320.0,
          0.0,
          320.0
        ],
        [
          0.0,
          320.0,
          240.0
        ],
        [
          0.0,
          0.0,
          1.0
        ]
      ],
      "extrinsics": [
        [
          -0.984807753012208,
          -0.019976068889037617,
          0.17249535147007936,
          -3.0337682971222555
        ],
        [
          -0.17364817766693028,
          0.11328991631783,
          -0.9782697507608284,
          0.2148696673163495
        ],
        [
          0.0,
          -0.9933611385253802,
          -0.11503759588743369,
          1.6
        ],
        [
          0.0,
          0.0,
          0.0,
          1.0
        ]
      ]
    },
    "target_region": {
      "type": "circle",
      "params": {
        "center": [
          -2.5089540175053187,
          -2.7615000153509484
        ],
        "radius": 5.206624714251663,
        "object_center": [
          -2.5089540175053187,
          -2.7615000153509484,
          1.25
        ],
        "object_height": 2.5000000007868057,
        "occupancy_ratio": 0.3,
        "fov_vertical": 90.0,
        "sample_distance": 5.206624714251663,
        "min_distance": 2.5000000007868057
      },
      "sample_point": [
        -3.5832139366740554,
        2.333095801897343,
        1.5
      ],
      "sample_forward": [
        0.20608815796207497,
        -0.9773573869817591,
        -0.04796049686968359
      ],
      "height": 1.5
    },
    "sample_target": [
      -3.5832139366740554,
      2.333095801897343,
      1.5
    ],
    "camera_params": {
      "forward": [
        0.20608815796207497,
        -0.9773573869817591,
        -0.04796049686968359
      ]
    },
    "task_type": "screen_occupancy",
    "task_description": "Position where wardrobe occupies 30% of vertical FOV",
    "target_object": {
      "label": "wardrobe",
      "id": "92",
      "bbox_min": [
        -3.5784053681897685,
        -2.9255000591939644,
        -3.9340284274658187e-10
      ],
      "bbox_max": [
        -1.4395026668208695,
        -2.5974999715079323,
        2.500000000393403
      ],
      "center": [
        -2.508954017505319,
        -2.7615000153509484,
        1.2500000000000002
      ]
    }
  },
  {
    "scene_id": "0348_840377",
    "object_label": "wardrobe",
    "preset": "occupancy_50",
    "distance": 3.0177669539161274,
    "init_camera": {
      "intrinsics": [
        [
          320.0,
          0.0,
          320.0
        ],
        [
          0.0,
          320.0,
          240.0
        ],
        [
          0.0,
          0.0,
          1.0
        ]
      ],
      "extrinsics": [
        [
          -0.984807753012208,
          -0.019976068889037617,
          0.17249535147007936,
          -3.0337682971222555
        ],
        [
          -0.17364817766693028,
          0.11328991631783,
          -0.9782697507608284,
          0.2148696673163495
        ],
        [
          0.0,
          -0.9933611385253802,
          -0.11503759588743369,
          1.6
        ],
        [
          0.0,
          0.0,
          0.0,
          1.0
        ]
      ]
    },
    "target_region": {
      "type": "circle",
      "params": {
        "center": [
          -2.5089540175053187,
          -2.7615000153509484
        ],
        "radius": 3.0177669539161274,
        "object_center": [
          -2.5089540175053187,
          -2.7615000153509484,
          1.25
        ],
        "object_height": 2.5000000007868057,
        "occupancy_ratio": 0.5,
        "fov_vertical": 90.0,
        "sample_distance": 3.0177669539161274,
        "min_distance": 2.5000000007868057
      },
      "sample_point": [
        -0.126945903703938,
        -0.9086765661436014,
        1.5
      ],
      "sample_forward": [
        -0.786633369350424,
        -0.6118756456859743,
        -0.08255989608018774
      ],
      "height": 1.5
    },
    "sample_target": [
      -0.126945903703938,
      -0.9086765661436014,
      1.5
    ],
    "camera_params": {
      "forward": [
        -0.786633369350424,
        -0.6118756456859743,
        -0.08255989608018774
      ]
    },
    "task_type": "screen_occupancy",
    "task_description": "Position where wardrobe occupies 50% of vertical FOV",
    "target_object": {
      "label": "wardrobe",
      "id": "92",
      "bbox_min": [
        -3.5784053681897685,
        -2.9255000591939644,
        -3.9340284274658187e-10
      ],
      "bbox_max": [
        -1.4395026668208695,
        -2.5974999715079323,
        2.500000000393403
      ],
      "center": [
        -2.508954017505319,
        -2.7615000153509484,
        1.2500000000000002
      ]
    }
  },
  {
    "scene_id": "0348_840377",
    "object_label": "wardrobe",
    "preset": "occupancy_20",
    "distance": 7.8921893958276526,
    "init_camera": {
      "intrinsics": [
        [
          320.0,
          0.0,
          320.0
        ],
        [
          0.0,
          320.0,
          240.0
        ],
        [
          0.0,
          0.0,
          1.0
        ]
      ],
      "extrinsics": [
        [
          -0.9396926207859083,
          0.06325293992433113,
          -0.3361202820887784,
          -1.8728418064797485
        ],
        [
          0.34202014332566877,
          0.17378602415621952,
          -0.9234828852596365,
          -1.0137960793188399
        ],
        [
          0.0,
          -0.9827499597552284,
          -0.18493922407401073,
          1.6
        ],
        [
          0.0,
          0.0,
          0.0,
          1.0
        ]
      ]
    },
    "target_region": {
      "type": "circle",
      "params": {
        "center": [
          -2.5089540175053187,
          -2.7615000153509484
        ],
        "radius": 7.8921893958276526,
        "object_center": [
          -2.5089540175053187,
          -2.7615000153509484,
          1.25
        ],
        "object_height": 2.5000000007868057,
        "occupancy_ratio": 0.2,
        "fov_vertical": 90.0,
        "sample_distance": 7.8921893958276526,
        "min_distance": 2.5000000007868057
      },
      "sample_point": [
        -7.1777747768371025,
        3.601578341611743,
        1.5
      ],
      "sample_forward": [
        0.5912782727768956,
        -0.8058458815170763,
        -0.031661007310844015
      ],
      "height": 1.5
    },
    "sample_target": [
      -7.1777747768371025,
      3.601578341611743,
      1.5
    ],
    "camera_params": {
      "forward": [
        0.5912782727768956,
        -0.8058458815170763,
        -0.031661007310844015
      ]
    },
    "task_type": "screen_occupancy",
    "task_description": "Position where wardrobe occupies 20% of vertical FOV",
    "target_object": {
      "label": "wardrobe",
      "id": "92",
      "bbox_min": [
        -3.5784053681897685,
        -2.9255000591939644,
        -3.9340284274658187e-10
      ],
      "bbox_max": [
        -1.4395026668208695,
        -2.5974999715079323,
        2.500000000393403
      ],
      "center": [
        -2.508954017505319,
        -2.7615000153509484,
        1.2500000000000002
      ]
    }
  },
  {
    "scene_id": "0348_840377",
    "object_label": "wardrobe",
    "preset": "occupancy_30",
    "distance": 5.206624714251663,
    "init_camera": {
      "intrinsics": [
        [
          320.0,
          0.0,
          320.0
        ],
        [
          0.0,
          320.0,
          240.0
        ],
        [
          0.0,
          0.0,
          1.0
        ]
      ],
      "extrinsics": [
        [
          -0.9396926207859083,
          0.06325293992433113,
          -0.3361202820887784,
          -1.8728418064797485
        ],
        [
          0.34202014332566877,
          0.17378602415621952,
          -0.9234828852596365,
          -1.0137960793188399
        ],
        [
          0.0,
          -0.9827499597552284,
          -0.18493922407401073,
          1.6
        ],
        [
          0.0,
          0.0,
          0.0,
          1.0
        ]
      ]
    },
    "target_region": {
      "type": "circle",
      "params": {
        "center": [
          -2.5089540175053187,
          -2.7615000153509484
        ],
        "radius": 5.206624714251663,
        "object_center": [
          -2.5089540175053187,
          -2.7615000153509484,
          1.25
        ],
        "object_height": 2.5000000007868057,
        "occupancy_ratio": 0.3,
        "fov_vertical": 90.0,
        "sample_distance": 5.206624714251663,
        "min_distance": 2.5000000007868057
      },
      "sample_point": [
        2.65417965138735,
        -2.0899409098336896,
        1.5
      ],
      "sample_forward": [
        -0.9905058246587389,
        -0.12883323351187198,
        -0.04796049686968358
      ],
      "height": 1.5
    },
    "sample_target": [
      2.65417965138735,
      -2.0899409098336896,
      1.5
    ],
    "camera_params": {
      "forward": [
        -0.9905058246587389,
        -0.12883323351187198,
        -0.04796049686968358
      ]
    },
    "task_type": "screen_occupancy",
    "task_description": "Position where wardrobe occupies 30% of vertical FOV",
    "target_object": {
      "label": "wardrobe",
      "id": "92",
      "bbox_min": [
        -3.5784053681897685,
        -2.9255000591939644,
        -3.9340284274658187e-10
      ],
      "bbox_max": [
        -1.4395026668208695,
        -2.5974999715079323,
        2.500000000393403
      ],
      "center": [
        -2.508954017505319,
        -2.7615000153509484,
        1.2500000000000002
      ]
    }
  },
  {
    "scene_id": "0348_840377",
    "object_label": "wardrobe",
    "preset": "occupancy_50",
    "distance": 3.0177669539161274,
    "init_camera": {
      "intrinsics": [
        [
          320.0,
          0.0,
          320.0
        ],
        [
          0.0,
          320.0,
          240.0
        ],
        [
          0.0,
          0.0,
          1.0
        ]
      ],
      "extrinsics": [
        [
          -0.9396926207859083,
          0.06325293992433113,
          -0.3361202820887784,
          -1.8728418064797485
        ],
        [
          0.34202014332566877,
          0.17378602415621952,
          -0.9234828852596365,
          -1.0137960793188399
        ],
        [
          0.0,
          -0.9827499597552284,
          -0.18493922407401073,
          1.6
        ],
        [
          0.0,
          0.0,
          0.0,
          1.0
        ]
      ]
    },
    "target_region": {
      "type": "circle",
      "params": {
        "center": [
          -2.5089540175053187,
          -2.7615000153509484
        ],
        "radius": 3.0177669539161274,
        "object_center": [
          -2.5089540175053187,
          -2.7615000153509484,
          1.25
        ],
        "object_height": 2.5000000007868057,
        "occupancy_ratio": 0.5,
        "fov_vertical": 90.0,
        "sample_distance": 3.0177669539161274,
        "min_distance": 2.5000000007868057
      },
      "sample_point": [
        -2.1772646611594073,
        0.23798319997716177,
        1.5
      ],
      "sample_forward": [
        -0.1095369551632912,
        -0.9905480902070247,
        -0.08255989608018774
      ],
      "height": 1.5
    },
    "sample_target": [
      -2.1772646611594073,
      0.23798319997716177,
      1.5
    ],
    "camera_params": {
      "forward": [
        -0.1095369551632912,
        -0.9905480902070247,
        -0.08255989608018774
      ]
    },
    "task_type": "screen_occupancy",
    "task_description": "Position where wardrobe occupies 50% of vertical FOV",
    "target_object": {
      "label": "wardrobe",
      "id": "92",
      "bbox_min": [
        -3.5784053681897685,
        -2.9255000591939644,
        -3.9340284274658187e-10
      ],
      "bbox_max": [
        -1.4395026668208695,
        -2.5974999715079323,
        2.500000000393403
      ],
      "center": [
        -2.508954017505319,
        -2.7615000153509484,
        1.2500000000000002
      ]
    }
  },
  {
    "scene_id": "0348_840377",
    "object_label": "wardrobe",
    "preset": "occupancy_20",
    "distance": 7.8921893958276526,
    "init_camera": {
      "intrinsics": [
        [
          320.0,
          0.0,
          320.0
        ],
        [
          0.0,
          320.0,
          240.0
        ],
        [
          0.0,
          0.0,
          1.0
        ]
      ],
      "extrinsics": [
        [
          -1.0,
          -0.0,
          0.0,
          -2.508954017505319
        ],
        [
          -0.0,
          0.14887073367892367,
          -0.988856665373652,
          -0.4366654133584067
        ],
        [
          0.0,
          -0.9888566653736521,
          -0.14887073367892364,
          1.6
        ],
        [
          0.0,
          0.0,
          0.0,
          1.0
        ]
      ]
    },
    "target_region": {
      "type": "circle",
      "params": {
        "center": [
          -2.5089540175053187,
          -2.7615000153509484
        ],
        "radius": 7.8921893958276526,
        "object_center": [
          -2.5089540175053187,
          -2.7615000153509484,
          1.25
        ],
        "object_height": 2.5000000007868057,
        "occupancy_ratio": 0.2,
        "fov_vertical": 90.0,
        "sample_distance": 7.8921893958276526,
        "min_distance": 2.5000000007868057
      },
      "sample_point": [
        -2.329345530485212,
        5.128645373107036,
        1.5
      ],
      "sample_forward": [
        -0.022746342482532888,
        -0.9992398033103616,
        -0.03166100731084401
      ],
      "height": 1.5
    },
    "sample_target": [
      -2.329345530485212,
      5.128645373107036,
      1.5
    ],
    "camera_params": {
      "forward": [
        -0.022746342482532888,
        -0.9992398033103616,
        -0.03166100731084401
      ]
    },
    "task_type": "screen_occupancy",
    "task_description": "Position where wardrobe occupies 20% of vertical FOV",
    "target_object": {
      "label": "wardrobe",
      "id": "92",
      "bbox_min": [
        -3.5784053681897685,
        -2.9255000591939644,
        -3.9340284274658187e-10
      ],
      "bbox_max": [
        -1.4395026668208695,
        -2.5974999715079323,
        2.500000000393403
      ],
      "center": [
        -2.508954017505319,
        -2.7615000153509484,
        1.2500000000000002
      ]
    }
  },
  {
    "scene_id": "0348_840377",
    "object_label": "wardrobe",
    "preset": "occupancy_30",
    "distance": 5.206624714251663,
    "init_camera": {
      "intrinsics": [
        [
          320.0,
          0.0,
          320.0
        ],
        [
          0.0,
          320.0,
          240.0
        ],
        [
          0.0,
          0.0,
          1.0
        ]
      ],
      "extrinsics": [
        [
          -1.0,
          -0.0,
          0.0,
          -2.508954017505319
        ],
        [
          -0.0,
          0.14887073367892367,
          -0.988856665373652,
          -0.4366654133584067
        ],
        [
          0.0,
          -0.9888566653736521,
          -0.14887073367892364,
          1.6
        ],
        [
          0.0,
          0.0,
          0.0,
          1.0
        ]
      ]
    },
    "target_region": {
      "type": "circle",
      "params": {
        "center": [
          -2.5089540175053187,
          -2.7615000153509484
        ],
        "radius": 5.206624714251663,
        "object_center": [
          -2.5089540175053187,
          -2.7615000153509484,
          1.25
        ],
        "object_height": 2.5000000007868057,
        "occupancy_ratio": 0.3,
        "fov_vertical": 90.0,
        "sample_distance": 5.206624714251663,
        "min_distance": 2.5000000007868057
      },
      "sample_point": [
        -5.411922694944277,
        -7.083734827674835,
        1.5
      ],
      "sample_forward": [
        0.5569112806684028,
        0.8291861167459889,
        -0.047960496869683594
      ],
      "height": 1.5
    },
    "sample_target": [
      -5.411922694944277,
      -7.083734827674835,
      1.5
    ],
    "camera_params": {
      "forward": [
        0.5569112806684028,
        0.8291861167459889,
        -0.047960496869683594
      ]
    },
    "task_type": "screen_occupancy",
    "task_description": "Position where wardrobe occupies 30% of vertical FOV",
    "target_object": {
      "label": "wardrobe",
      "id": "92",
      "bbox_min": [
        -3.5784053681897685,
        -2.9255000591939644,
        -3.9340284274658187e-10
      ],
      "bbox_max": [
        -1.4395026668208695,
        -2.5974999715079323,
        2.500000000393403
      ],
      "center": [
        -2.508954017505319,
        -2.7615000153509484,
        1.2500000000000002
      ]
    }
  },
  {
    "scene_id": "0348_840377",
    "object_label": "wardrobe",
    "preset": "occupancy_50",
    "distance": 3.0177669539161274,
    "init_camera": {
      "intrinsics": [
        [
          320.0,
          0.0,
          320.0
        ],
        [
          0.0,
          320.0,
          240.0
        ],
        [
          0.0,
          0.0,
          1.0
        ]
      ],
      "extrinsics": [
        [
          -1.0,
          -0.0,
          0.0,
          -2.508954017505319
        ],
        [
          -0.0,
          0.14887073367892367,
          -0.988856665373652,
          -0.4366654133584067
        ],
        [
          0.0,
          -0.9888566653736521,
          -0.14887073367892364,
          1.6
        ],
        [
          0.0,
          0.0,
          0.0,
          1.0
        ]
      ]
    },
    "target_region": {
      "type": "circle",
      "params": {
        "center": [
          -2.5089540175053187,
          -2.7615000153509484
        ],
        "radius": 3.0177669539161274,
        "object_center": [
          -2.5089540175053187,
          -2.7615000153509484,
          1.25
        ],
        "object_height": 2.5000000007868057,
        "occupancy_ratio": 0.5,
        "fov_vertical": 90.0,
        "sample_distance": 3.0177669539161274,
        "min_distance": 2.5000000007868057
      },
      "sample_point": [
        0.5003075982817022,
        -2.5350890706086266,
        1.5
      ],
      "sample_forward": [
        -0.993777305109897,
        -0.07476985627737283,
        -0.08255989608018773
      ],
      "height": 1.5
    },
    "sample_target": [
      0.5003075982817022,
      -2.5350890706086266,
      1.5
    ],
    "camera_params": {
      "forward": [
        -0.993777305109897,
        -0.07476985627737283,
        -0.08255989608018773
      ]
    },
    "task_type": "screen_occupancy",
    "task_description": "Position where wardrobe occupies 50% of vertical FOV",
    "target_object": {
      "label": "wardrobe",
      "id": "92",
      "bbox_min": [
        -3.5784053681897685,
        -2.9255000591939644,
        -3.9340284274658187e-10
      ],
      "bbox_max": [
        -1.4395026668208695,
        -2.5974999715079323,
        2.500000000393403
      ],
      "center": [
        -2.508954017505319,
        -2.7615000153509484,
        1.2500000000000002
      ]
    }
  },
  {
    "scene_id": "0348_840377",
    "object_label": "wardrobe",
    "preset": "occupancy_20",
    "distance": 7.8921893958276526,
    "init_camera": {
      "intrinsics": [
        [
          320.0,
          0.0,
          320.0
        ],
        [
          0.0,
          320.0,
          240.0
        ],
        [
          0.0,
          0.0,
          1.0
        ]
      ],
      "extrinsics": [
        [
          -0.984807753012208,
          -0.03211435923958804,
          0.17065273961374441,
          -2.8319166511157414
        ],
        [
          -0.17364817766693022,
          0.18212958170414778,
          -0.9678197796393843,
          -0.9298879029403035
        ],
        [
          0.0,
          -0.9827499597552283,
          -0.18493922407401073,
          1.6
        ],
        [
          0.0,
          0.0,
          0.0,
          1.0
        ]
      ]
    },
    "target_region": {
      "type": "circle",
      "params": {
        "center": [
          -2.5089540175053187,
          -2.7615000153509484
        ],
        "radius": 7.8921893958276526,
        "object_center": [
          -2.5089540175053187,
          -2.7615000153509484,
          1.25
        ],
        "object_height": 2.5000000007868057,
        "occupancy_ratio": 0.2,
        "fov_vertical": 90.0,
        "sample_distance": 7.8921893958276526,
        "min_distance": 2.5000000007868057
      },
      "sample_point": [
        -9.758712052240268,
        -5.880420004291109,
        1.5
      ],
      "sample_forward": [
        0.9181385685583733,
        0.3949925942870877,
        -0.03166100731084401
      ],
      "height": 1.5
    },
    "sample_target": [
      -9.758712052240268,
      -5.880420004291109,
      1.5
    ],
    "camera_params": {
      "forward": [
        0.9181385685583733,
        0.3949925942870877,
        -0.03166100731084401
      ]
    },
    "task_type": "screen_occupancy",
    "task_description": "Position where wardrobe occupies 20% of vertical FOV",
    "target_object": {
      "label": "wardrobe",
      "id": "92",
      "bbox_min": [
        -3.5784053681897685,
        -2.9255000591939644,
        -3.9340284274658187e-10
      ],
      "bbox_max": [
        -1.4395026668208695,
        -2.5974999715079323,
        2.500000000393403
      ],
      "center": [
        -2.508954017505319,
        -2.7615000153509484,
        1.2500000000000002
      ]
    }
  },
  {
    "scene_id": "0348_840377",
    "object_label": "wardrobe",
    "preset": "occupancy_30",
    "distance": 5.206624714251663,
    "init_camera": {
      "intrinsics": [
        [
          320.0,
          0.0,
          320.0
        ],
        [
          0.0,
          320.0,
          240.0
        ],
        [
          0.0,
          0.0,
          1.0
        ]
      ],
      "extrinsics": [
        [
          -0.984807753012208,
          -0.03211435923958804,
          0.17065273961374441,
          -2.8319166511157414
        ],
        [
          -0.17364817766693022,
          0.18212958170414778,
          -0.9678197796393843,
          -0.9298879029403035
        ],
        [
          0.0,
          -0.9827499597552283,
          -0.18493922407401073,
          1.6
        ],
        [
          0.0,
          0.0,
          0.0,
          1.0
        ]
      ]
    },
    "target_region": {
      "type": "circle",
      "params": {
        "center": [
          -2.5089540175053187,
          -2.7615000153509484
        ],
        "radius": 5.206624714251663,
        "object_center": [
          -2.5089540175053187,
          -2.7615000153509484,
          1.25
        ],
        "object_height": 2.5000000007868057,
        "occupancy_ratio": 0.3,
        "fov_vertical": 90.0,
        "sample_distance": 5.206624714251663,
        "min_distance": 2.5000000007868057
      },
      "sample_point": [
        0.8197398125467177,
        1.242090660633513,
        1.5
      ],
      "sample_forward": [
        -0.6385832400653829,
        -0.7680567923321885,
        -0.04796049686968358
      ],
      "height": 1.5
    },
    "sample_target": [
      0.8197398125467177,
      1.242090660633513,
      1.5
    ],
    "camera_params": {
      "forward": [
        -0.6385832400653829,
        -0.7680567923321885,
        -0.04796049686968358
      ]
    },
    "task_type": "screen_occupancy",
    "task_description": "Position where wardrobe occupies 30% of vertical FOV",
    "target_object": {
      "label": "wardrobe",
      "id": "92",
      "bbox_min": [
        -3.5784053681897685,
        -2.9255000591939644,
        -3.9340284274658187e-10
      ],
      "bbox_max": [
        -1.4395026668208695,
        -2.5974999715079323,
        2.500000000393403
      ],
      "center": [
        -2.508954017505319,
        -2.7615000153509484,
        1.2500000000000002
      ]
    }
  },
  {
    "scene_id": "0348_840377",
    "object_label": "wardrobe",
    "preset": "occupancy_50",
    "distance": 3.0177669539161274,
    "init_camera": {
      "intrinsics": [
        [
          320.0,
          0.0,
          320.0
        ],
        [
          0.0,
          320.0,
          240.0
        ],
        [
          0.0,
          0.0,
          1.0
        ]
      ],
      "extrinsics": [
        [
          -0.984807753012208,
          -0.03211435923958804,
          0.17065273961374441,
          -2.8319166511157414
        ],
        [
          -0.17364817766693022,
          0.18212958170414778,
          -0.9678197796393843,
          -0.9298879029403035
        ],
        [
          0.0,
          -0.9827499597552283,
          -0.18493922407401073,
          1.6
        ],
        [
          0.0,
          0.0,
          0.0,
          1.0
        ]
      ]
    },
    "target_region": {
      "type": "circle",
      "params": {
        "center": [
          -2.5089540175053187,
          -2.7615000153509484
        ],
        "radius": 3.0177669539161274,
        "object_center": [
          -2.5089540175053187,
          -2.7615000153509484,
          1.25
        ],
        "object_height": 2.5000000007868057,
        "occupancy_ratio": 0.5,
        "fov_vertical": 90.0,
        "sample_distance": 3.0177669539161274,
        "min_distance": 2.5000000007868057
      },
      "sample_point": [
        -3.9946294014361037,
        -5.388225361048579,
        1.5
      ],
      "sample_forward": [
        0.49062882122487456,
        0.8674486862879663,
        -0.08255989608018774
      ],
      "height": 1.5
    },
    "sample_target": [
      -3.9946294014361037,
      -5.388225361048579,
      1.5
    ],
    "camera_params": {
      "forward": [
        0.49062882122487456,
        0.8674486862879663,
        -0.08255989608018774
      ]
    },
    "task_type": "screen_occupancy",
    "task_description": "Position where wardrobe occupies 50% of vertical FOV",
    "target_object": {
      "label": "wardrobe",
      "id": "92",
      "bbox_min": [
        -3.5784053681897685,
        -2.9255000591939644,
        -3.9340284274658187e-10
      ],
      "bbox_max": [
        -1.4395026668208695,
        -2.5974999715079323,
        2.500000000393403
      ],
      "center": [
        -2.508954017505319,
        -2.7615000153509484,
        1.2500000000000002
      ]
    }
  },
  {
    "scene_id": "0348_840377",
    "object_label": "shower head",
    "preset": "left",
    "distance": 1.5,
    "init_camera": {
      "intrinsics": [
        [
          320.0,
          0.0,
          320.0
        ],
        [
          0.0,
          320.0,
          240.0
        ],
        [
          0.0,
          0.0,
          1.0
        ]
      ],
      "extrinsics": [
        [
          -0.17364817766693053,
          -0.11152794859129414,
          0.9784721902414866,
          -0.4611639032750305
        ],
        [
          -0.9848077530122079,
          0.01966538643971182,
          -0.17253104701248026,
          -3.3324544801346905
        ],
        [
          0.0,
          -0.9935667009613368,
          -0.11324844696862536,
          1.6
        ],
        [
          0.0,
          0.0,
          0.0,
          1.0
        ]
      ]
    },
    "target_region": {
      "type": "circle",
      "params": {
        "center": [
          0.327289,
          -3.4714799999999997
        ],
        "radius": 1.5,
        "object_center": [
          0.327289,
          -3.4714799999999997,
          1.5087443999999999
        ],
        "sample_distance": 1.5,
        "min_distance": 1.3048699951171874,
        "requested_distance": 1.5
      },
      "sample_point": [
        -0.06680408388433962,
        -4.918784612455349,
        1.5
      ],
      "sample_forward": [
        0.26272425838586666,
        0.9648533468741897,
        0.0058295009452730764
      ],
      "height": 1.5
    },
    "sample_target": [
      -0.06680408388433962,
      -4.918784612455349,
      1.5
    ],
    "camera_params": {
      "forward": [
        0.26272425838586666,
        0.9648533468741897,
        0.0058295009452730764
      ]
    },
    "task_type": "absolute_positioning",
    "task_description": "Move to any position 1.5m from shower head",
    "target_object": {
      "label": "shower head",
      "id": "144",
      "bbox_min": [
        0.07074898610620291,
        -3.593848007429541,
        0.8563094024414063
      ],
      "bbox_max": [
        0.583829013893797,
        -3.3491119925704593,
        2.161179397558594
      ],
      "center": [
        0.327289,
        -3.47148,
        1.5087444
      ]
    }
  },
  {
    "scene_id": "0348_840377",
    "object_label": "shower head",
    "preset": "occupancy_20",
    "distance": 4.119312454062579,
    "init_camera": {
      "intrinsics": [
        [
          320.0,
          0.0,
          320.0
        ],
        [
          0.0,
          320.0,
          240.0
        ],
        [
          0.0,
          0.0,
          1.0
        ]
      ],
      "extrinsics": [
        [
          -0.17364817766693053,
          -0.11152794859129414,
          0.9784721902414866,
          -0.4611639032750305
        ],
        [
          -0.9848077530122079,
          0.01966538643971182,
          -0.17253104701248026,
          -3.3324544801346905
        ],
        [
          0.0,
          -0.9935667009613368,
          -0.11324844696862536,
          1.6
        ],
        [
          0.0,
          0.0,
          0.0,
          1.0
        ]
      ]
    },
    "target_region": {
      "type": "circle",
      "params": {
        "center": [
          0.327289,
          -3.4714799999999997
        ],
        "radius": 4.119312454062579,
        "object_center": [
          0.327289,
          -3.4714799999999997,
          1.5087443999999999
        ],
        "object_height": 1.3048699951171874,
        "occupancy_ratio": 0.2,
        "fov_vertical": 90.0,
        "sample_distance": 4.119312454062579,
        "min_distance": 1.3048699951171874
      },
      "sample_point": [
        -3.418539512915526,
        -1.7575652278995513,
        1.5
      ],
      "sample_forward": [
        0.9093313787162924,
        -0.41606722714149724,
        0.002122776651581848
      ],
      "height": 1.5
    },
    "sample_target": [
      -3.418539512915526,
      -1.7575652278995513,
      1.5
    ],
    "camera_params": {
      "forward": [
        0.9093313787162924,
        -0.41606722714149724,
        0.002122776651581848
      ]
    },
    "task_type": "screen_occupancy",
    "task_description": "Position where shower head occupies 20% of vertical FOV",
    "target_object": {
      "label": "shower head",
      "id": "144",
      "bbox_min": [
        0.07074898610620291,
        -3.593848007429541,
        0.8563094024414063
      ],
      "bbox_max": [
        0.583829013893797,
        -3.3491119925704593,
        2.161179397558594
      ],
      "center": [
        0.327289,
        -3.47148,
        1.5087444
      ]
    }
  },
  {
    "scene_id": "0348_840377",
    "object_label": "shower head",
    "preset": "occupancy_30",
    "distance": 2.7175873453297523,
    "init_camera": {
      "intrinsics": [
        [
          320.0,
          0.0,
          320.0
        ],
        [
          0.0,
          320.0,
          240.0
        ],
        [
          0.0,
          0.0,
          1.0
        ]
      ],
      "extrinsics": [
        [
          -0.17364817766693053,
          -0.11152794859129414,
          0.9784721902414866,
          -0.4611639032750305
        ],
        [
          -0.9848077530122079,
          0.01966538643971182,
          -0.17253104701248026,
          -3.3324544801346905
        ],
        [
          0.0,
          -0.9935667009613368,
          -0.11324844696862536,
          1.6
        ],
        [
          0.0,
          0.0,
          0.0,
          1.0
        ]
      ]
    },
    "target_region": {
      "type": "circle",
      "params": {
        "center": [
          0.327289,
          -3.4714799999999997
        ],
        "radius": 2.7175873453297523,
        "object_center": [
          0.327289,
          -3.4714799999999997,
          1.5087443999999999
        ],
        "object_height": 1.3048699951171874,
        "occupancy_ratio": 0.3,
        "fov_vertical": 90.0,
        "sample_distance": 2.7175873453297523,
        "min_distance": 1.3048699951171874
      },
      "sample_point": [
        1.8132739577610784,
        -1.1961493240752419,
        1.5
      ],
      "sample_forward": [
        -0.546800185723113,
        -0.8372569518144425,
        0.0032176904073384946
      ],
      "height": 1.5
    },
    "sample_target": [
      1.8132739577610784,
      -1.1961493240752419,
      1.5
    ],
    "camera_params": {
      "forward": [
        -0.546800185723113,
        -0.8372569518144425,
        0.0032176904073384946
      ]
    },
    "task_type": "screen_occupancy",
    "task_description": "Position where shower head occupies 30% of vertical FOV",
    "target_object": {
      "label": "shower head",
      "id": "144",
      "bbox_min": [
        0.07074898610620291,
        -3.593848007429541,
        0.8563094024414063
      ],
      "bbox_max": [
        0.583829013893797,
        -3.3491119925704593,
        2.161179397558594
      ],
      "center": [
        0.327289,
        -3.47148,
        1.5087444
      ]
    }
  },
  {
    "scene_id": "0348_840377",
    "object_label": "shower head",
    "preset": "front",
    "distance": 1.5,
    "init_camera": {
      "intrinsics": [
        [
          320.0,
          0.0,
          320.0
        ],
        [
          0.0,
          320.0,
          240.0
        ],
        [
          0.0,
          0.0,
          1.0
        ]
      ],
      "extrinsics": [
        [
          -0.984807753012208,
          -0.01966538643971178,
          0.17253104701247995,
          0.18826348013469055
        ],
        [
          -0.17364817766693022,
          0.11152794859129413,
          -0.9784721902414866,
          -2.6830270967249694
        ],
        [
          0.0,
          -0.9935667009613368,
          -0.11324844696862534,
          1.6
        ],
        [
          0.0,
          0.0,
          0.0,
          1.0
        ]
      ]
    },
    "target_region": {
      "type": "circle",
      "params": {
        "center": [
          0.327289,
          -3.4714799999999997
        ],
        "radius": 1.5,
        "object_center": [
          0.327289,
          -3.4714799999999997,
          1.5087443999999999
        ],
        "sample_distance": 1.5,
        "min_distance": 1.3048699951171874,
        "requested_distance": 1.5
      },
      "sample_point": [
