[
  {
    "scene_id": "0011_840866",
    "object_label": "wardrobe",
    "preset": "left",
    "distance": 2.8000000007868047,
    "init_camera": {
      "intrinsics": [
        [
          320.0,
          0.0,
          320.0
        ],
        [
          0.0,
          320.0,
          240.0
        ],
        [
          0.0,
          0.0,
          1.0
        ]
      ],
      "extrinsics": [
        [
          1.0,
          0.0,
          0.0,
          -6.692575663113417
        ],
        [
          -0.0,
          -0.10436753447802367,
          0.9945387965016641,
          -3.769648000107858
        ],
        [
          0.0,
          -0.9945387965016642,
          -0.10436753447802366,
          1.6
        ],
        [
          0.0,
          0.0,
          0.0,
          1.0
        ]
      ]
    },
    "target_region": {
      "type": "circle",
      "params": {
        "center": [
          -6.692575663113417,
          -1.8638086
        ],
        "radius": 2.8000000007868047,
        "object_center": [
          -6.692575663113417,
          -1.8638086,
          1.4
        ],
        "sample_distance": 2.8000000007868047,
        "min_distance": 2.8000000007868047,
        "requested_distance": 0.8
      },
      "sample_point": [
        -5.020482175163295,
        -4.109716739697815,
        1.5
      ],
      "sample_forward": [
        -0.5967957572802932,
        0.8015989887360375,
        -0.035691530502395916
      ],
      "height": 1.5
    },
    "sample_target": [
      -5.020482175163295,
      -4.109716739697815,
      1.5
    ],
    "camera_params": {
      "forward": [
        -0.5967957572802932,
        0.8015989887360375,
        -0.035691530502395916
      ]
    },
    "task_type": "absolute_positioning",
    "task_description": "Move to any position 2.8m from wardrobe",
    "target_object": {
      "label": "wardrobe",
      "id": "77",
      "bbox_min": [
        -7.604827643711391,
        -2.1425586,
        -3.93402387999231e-10
      ],
      "bbox_max": [
        -5.780323682515443,
        -1.5850586,
        2.8000000003934025
      ],
      "center": [
        -6.692575663113417,
        -1.8638086,
        1.4000000000000001
      ]
    }
  },
  {
    "scene_id": "0011_840866",
    "object_label": "wardrobe",
    "preset": "front",
    "distance": 2.8000000007868047,
    "init_camera": {
      "intrinsics": [
        [
          320.0,
          0.0,
          320.0
        ],
        [
          0.0,
          320.0,
          240.0
        ],
        [
          0.0,
          0.0,
          1.0
        ]
      ],
      "extrinsics": [
        [
          1.0,
          0.0,
          0.0,
          -6.692575663113417
        ],
        [
          -0.0,
          -0.10436753447802367,
          0.9945387965016641,
          -3.769648000107858
        ],
        [
          0.0,
          -0.9945387965016642,
          -0.10436753447802366,
          1.6
        ],
        [
          0.0,
          0.0,
          0.0,
          1.0
        ]
      ]
    },
    "target_region": {
      "type": "circle",
      "params": {
        "center": [
          -6.692575663113417,
          -1.8638086
        ],
        "radius": 2.8000000007868047,
        "object_center": [
          -6.692575663113417,
          -1.8638086,
          1.4
        ],
        "sample_distance": 2.8000000007868047,
        "min_distance": 2.8000000007868047,
        "requested_distance": 1.0
      },
      "sample_point": [
        -4.203832772937854,
        -0.5807813863343307,
        1.5
      ],
      "sample_forward": [
        -0.88827042777322,
        -0.4579320493195224,
        -0.035691530502395916
      ],
      "height": 1.5
    },
    "sample_target": [
      -4.203832772937854,
      -0.5807813863343307,
      1.5
    ],
    "camera_params": {
      "forward": [
        -0.88827042777322,
        -0.4579320493195224,
        -0.035691530502395916
      ]
    },
    "task_type": "absolute_positioning",
    "task_description": "Move to any position 2.8m from wardrobe",
    "target_object": {
      "label": "wardrobe",
      "id": "77",
      "bbox_min": [
        -7.604827643711391,
        -2.1425586,
        -3.93402387999231e-10
      ],
      "bbox_max": [
        -5.780323682515443,
        -1.5850586,
        2.8000000003934025
      ],
      "center": [
        -6.692575663113417,
        -1.8638086,
        1.4000000000000001
      ]
    }
  },
  {
    "scene_id": "0011_840866",
    "object_label": "wardrobe",
    "preset": "left",
    "distance": 2.8000000007868047,
    "init_camera": {
      "intrinsics": [
        [
          320.0,
          0.0,
          320.0
        ],
        [
          0.0,
          320.0,
          240.0
        ],
        [
          0.0,
          0.0,
          1.0
        ]
      ],
      "extrinsics": [
        [
          1.0,
          0.0,
          0.0,
          -6.692575663113417
        ],
        [
          -0.0,
          -0.10436753447802367,
          0.9945387965016641,
          -3.769648000107858
        ],
        [
          0.0,
          -0.9945387965016642,
          -0.10436753447802366,
          1.6
        ],
        [
          0.0,
          0.0,
          0.0,
          1.0
        ]
      ]
    },
    "target_region": {
      "type": "circle",
      "params": {
        "center": [
          -6.692575663113417,
          -1.8638086
        ],
        "radius": 2.8000000007868047,
        "object_center": [
          -6.692575663113417,
          -1.8638086,
          1.4
        ],
        "sample_distance": 2.8000000007868047,
        "min_distance": 2.8000000007868047,
        "requested_distance": 1.2
      },
      "sample_point": [
        -5.727955381196034,
        -4.492402847144229,
        1.5
      ],
      "sample_forward": [
        -0.3442877421528398,
        0.9381855175037058,
        -0.035691530502395916
      ],
      "height": 1.5
    },
    "sample_target": [
      -5.727955381196034,
      -4.492402847144229,
      1.5
    ],
    "camera_params": {
      "forward": [
        -0.3442877421528398,
        0.9381855175037058,
        -0.035691530502395916
      ]
    },
    "task_type": "absolute_positioning",
    "task_description": "Move to any position 2.8m from wardrobe",
    "target_object": {
      "label": "wardrobe",
      "id": "77",
      "bbox_min": [
        -7.604827643711391,
        -2.1425586,
        -3.93402387999231e-10
      ],
      "bbox_max": [
        -5.780323682515443,
        -1.5850586,
        2.8000000003934025
      ],
      "center": [
        -6.692575663113417,
        -1.8638086,
        1.4000000000000001
      ]
    }
  },
  {
    "scene_id": "0011_840866",
    "object_label": "wardrobe",
    "preset": "occupancy_20",
    "distance": 8.839252123028906,
    "init_camera": {
      "intrinsics": [
        [
          320.0,
          0.0,
          320.0
        ],
        [
          0.0,
          320.0,
          240.0
        ],
        [
          0.0,
          0.0,
          1.0
        ]
      ],
      "extrinsics": [
        [
          1.0,
          0.0,
          0.0,
          -6.692575663113417
        ],
        [
          -0.0,
          -0.10436753447802367,
          0.9945387965016641,
          -3.769648000107858
        ],
        [
          0.0,
          -0.9945387965016642,
          -0.10436753447802366,
          1.6
        ],
        [
          0.0,
          0.0,
          0.0,
          1.0
        ]
      ]
    },
    "target_region": {
      "type": "circle",
      "params": {
        "center": [
          -6.692575663113417,
          -1.8638086
        ],
        "radius": 8.839252123028906,
        "object_center": [
          -6.692575663113417,
          -1.8638086,
          1.4
        ],
        "object_height": 2.8000000007868047,
        "occupancy_ratio": 0.2,
        "fov_vertical": 90.0,
        "sample_distance": 8.839252123028906,
        "min_distance": 2.8000000007868047
      },
      "sample_point": [
        -9.55424503142335,
        6.499398112795497,
        1.5
      ],
      "sample_forward": [
        0.32372492791408375,
        -0.9460836112696168,
        -0.011312450400420372
      ],
      "height": 1.5
    },
    "sample_target": [
      -9.55424503142335,
      6.499398112795497,
      1.5
    ],
    "camera_params": {
      "forward": [
        0.32372492791408375,
        -0.9460836112696168,
        -0.011312450400420372
      ]
    },
    "task_type": "screen_occupancy",
    "task_description": "Position where wardrobe occupies 20% of vertical FOV",
    "target_object": {
      "label": "wardrobe",
      "id": "77",
      "bbox_min": [
        -7.604827643711391,
        -2.1425586,
        -3.93402387999231e-10
      ],
      "bbox_max": [
        -5.780323682515443,
        -1.5850586,
        2.8000000003934025
      ],
      "center": [
        -6.692575663113417,
        -1.8638086,
        1.4000000000000001
      ]
    }
  },
  {
    "scene_id": "0011_840866",
    "object_label": "wardrobe",
    "preset": "occupancy_30",
    "distance": 5.831419679765223,
    "init_camera": {
      "intrinsics": [
        [
          320.0,
          0.0,
          320.0
        ],
        [
          0.0,
          320.0,
          240.0
        ],
        [
          0.0,
          0.0,
          1.0
        ]
      ],
      "extrinsics": [
        [
          1.0,
          0.0,
          0.0,
          -6.692575663113417
        ],
        [
          -0.0,
          -0.10436753447802367,
          0.9945387965016641,
          -3.769648000107858
        ],
        [
          0.0,
          -0.9945387965016642,
          -0.10436753447802366,
          1.6
        ],
        [
          0.0,
          0.0,
          0.0,
          1.0
        ]
      ]
    },
    "target_region": {
      "type": "circle",
      "params": {
        "center": [
          -6.692575663113417,
          -1.8638086
        ],
        "radius": 5.831419679765223,
        "object_center": [
          -6.692575663113417,
          -1.8638086,
          1.4
        ],
        "object_height": 2.8000000007868047,
        "occupancy_ratio": 0.3,
        "fov_vertical": 90.0,
        "sample_distance": 5.831419679765223,
        "min_distance": 2.8000000007868047
      },
      "sample_point": [
        -12.470061938606698,
        -2.6550783504896307,
        1.5
      ],
      "sample_forward": [
        0.9906055962361291,
        0.1356708100358871,
        -0.017145961911463864
      ],
      "height": 1.5
    },
    "sample_target": [
      -12.470061938606698,
      -2.6550783504896307,
      1.5
    ],
    "camera_params": {
      "forward": [
        0.9906055962361291,
        0.1356708100358871,
        -0.017145961911463864
      ]
    },
    "task_type": "screen_occupancy",
    "task_description": "Position where wardrobe occupies 30% of vertical FOV",
    "target_object": {
      "label": "wardrobe",
      "id": "77",
      "bbox_min": [
        -7.604827643711391,
        -2.1425586,
        -3.93402387999231e-10
      ],
      "bbox_max": [
        -5.780323682515443,
        -1.5850586,
        2.8000000003934025
      ],
      "center": [
        -6.692575663113417,
        -1.8638086,
        1.4000000000000001
      ]
    }
  },
  {
    "scene_id": "0011_840866",
    "object_label": "wardrobe",
    "preset": "occupancy_50",
    "distance": 3.3798989882720902,
    "init_camera": {
      "intrinsics": [
        [
          320.0,
          0.0,
          320.0
        ],
        [
          0.0,
          320.0,
          240.0
        ],
        [
          0.0,
          0.0,
          1.0
        ]
      ],
      "extrinsics": [
        [
          1.0,
          0.0,
          0.0,
          -6.692575663113417
        ],
        [
          -0.0,
          -0.10436753447802367,
          0.9945387965016641,
          -3.769648000107858
        ],
        [
          0.0,
          -0.9945387965016642,
          -0.10436753447802366,
          1.6
        ],
        [
          0.0,
          0.0,
          0.0,
          1.0
        ]
      ]
    },
    "target_region": {
      "type": "circle",
      "params": {
        "center": [
          -6.692575663113417,
          -1.8638086
        ],
        "radius": 3.3798989882720902,
        "object_center": [
          -6.692575663113417,
          -1.8638086,
          1.4
        ],
        "object_height": 2.8000000007868047,
        "occupancy_ratio": 0.5,
        "fov_vertical": 90.0,
        "sample_distance": 3.3798989882720902,
        "min_distance": 2.8000000007868047
      },
      "sample_point": [
        -9.636060655750093,
        -0.2026002238336111,
        1.5
      ],
      "sample_forward": [
        0.8704986528159379,
        -0.49128147658875726,
        -0.029573741839810604
      ],
      "height": 1.5
    },
    "sample_target": [
      -9.636060655750093,
      -0.2026002238336111,
      1.5
    ],
    "camera_params": {
      "forward": [
        0.8704986528159379,
        -0.49128147658875726,
        -0.029573741839810604
      ]
    },
    "task_type": "screen_occupancy",
    "task_description": "Position where wardrobe occupies 50% of vertical FOV",
    "target_object": {
      "label": "wardrobe",
      "id": "77",
      "bbox_min": [
        -7.604827643711391,
        -2.1425586,
        -3.93402387999231e-10
      ],
      "bbox_max": [
        -5.780323682515443,
        -1.5850586,
        2.8000000003934025
      ],
      "center": [
        -6.692575663113417,
        -1.8638086,
        1.4000000000000001
      ]
    }
  },
  {
    "scene_id": "0011_840866",
    "object_label": "wardrobe",
    "preset": "front",
    "distance": 2.8000000007868047,
    "init_camera": {
      "intrinsics": [
        [
          320.0,
          0.0,
          320.0
        ],
        [
          0.0,
          320.0,
          240.0
        ],
        [
          0.0,
          0.0,
          1.0
        ]
      ],
      "extrinsics": [
        [
          0.0,
          0.1043675344780237,
          -0.9945387965016641,
          -4.78673626300556
        ],
        [
          1.0,
          -0.0,
          0.0,
          -1.8638086
        ],
        [
          -0.0,
          -0.9945387965016642,
          -0.10436753447802369,
          1.6
        ],
        [
          0.0,
          0.0,
          0.0,
          1.0
        ]
      ]
    },
    "target_region": {
      "type": "circle",
      "params": {
        "center": [
          -6.692575663113417,
          -1.8638086
        ],
        "radius": 2.8000000007868047,
        "object_center": [
          -6.692575663113417,
          -1.8638086,
          1.4
        ],
        "sample_distance": 2.8000000007868047,
        "min_distance": 2.8000000007868047,
        "requested_distance": 0.8
      },
      "sample_point": [
        -4.220234801034115,
        -0.5494529913083948,
        1.5
      ],
      "sample_forward": [
        -0.8824162929122314,
        -0.46911363298611536,
        -0.035691530502395916
      ],
      "height": 1.5
    },
    "sample_target": [
      -4.220234801034115,
      -0.5494529913083948,
      1.5
    ],
    "camera_params": {
      "forward": [
        -0.8824162929122314,
        -0.46911363298611536,
        -0.035691530502395916
      ]
    },
    "task_type": "absolute_positioning",
    "task_description": "Move to any position 2.8m from wardrobe",
    "target_object": {
      "label": "wardrobe",
      "id": "77",
      "bbox_min": [
        -7.604827643711391,
        -2.1425586,
        -3.93402387999231e-10
      ],
      "bbox_max": [
        -5.780323682515443,
        -1.5850586,
        2.8000000003934025
      ],
      "center": [
        -6.692575663113417,
        -1.8638086,
        1.4000000000000001
      ]
    }
  },
  {
    "scene_id": "0011_840866",
    "object_label": "wardrobe",
    "preset": "front",
    "distance": 2.8000000007868047,
    "init_camera": {
      "intrinsics": [
        [
          320.0,
          0.0,
          320.0
        ],
        [
          0.0,
          320.0,
          240.0
        ],
        [
          0.0,
          0.0,
          1.0
        ]
      ],
      "extrinsics": [
        [
          0.0,
          0.1043675344780237,
          -0.9945387965016641,
          -4.78673626300556
        ],
        [
          1.0,
          -0.0,
          0.0,
          -1.8638086
        ],
        [
          -0.0,
          -0.9945387965016642,
          -0.10436753447802369,
          1.6
        ],
        [
          0.0,
          0.0,
          0.0,
          1.0
        ]
      ]
    },
    "target_region": {
      "type": "circle",
      "params": {
        "center": [
          -6.692575663113417,
          -1.8638086
        ],
        "radius": 2.8000000007868047,
        "object_center": [
          -6.692575663113417,
          -1.8638086,
          1.4
        ],
        "sample_distance": 2.8000000007868047,
        "min_distance": 2.8000000007868047,
        "requested_distance": 1.0
      },
      "sample_point": [
        -3.9222870398855885,
        -1.4569905222053114,
        1.5
      ],
      "sample_forward": [
        -0.9887584089637635,
        -0.1451995983253519,
        -0.035691530502395916
      ],
      "height": 1.5
    },
    "sample_target": [
      -3.9222870398855885,
      -1.4569905222053114,
      1.5
    ],
    "camera_params": {
      "forward": [
        -0.9887584089637635,
        -0.1451995983253519,
        -0.035691530502395916
      ]
    },
    "task_type": "absolute_positioning",
    "task_description": "Move to any position 2.8m from wardrobe",
    "target_object": {
      "label": "wardrobe",
      "id": "77",
      "bbox_min": [
        -7.604827643711391,
        -2.1425586,
        -3.93402387999231e-10
      ],
      "bbox_max": [
        -5.780323682515443,
        -1.5850586,
        2.8000000003934025
      ],
      "center": [
        -6.692575663113417,
        -1.8638086,
        1.4000000000000001
      ]
    }
  },
  {
    "scene_id": "0011_840866",
    "object_label": "wardrobe",
    "preset": "right",
    "distance": 2.8000000007868047,
    "init_camera": {
      "intrinsics": [
        [
          320.0,
          0.0,
          320.0
        ],
        [
          0.0,
          320.0,
          240.0
        ],
        [
          0.0,
          0.0,
          1.0
        ]
      ],
      "extrinsics": [
        [
          0.0,
          0.1043675344780237,
          -0.9945387965016641,
          -4.78673626300556
        ],
        [
          1.0,
          -0.0,
          0.0,
          -1.8638086
        ],
        [
          -0.0,
          -0.9945387965016642,
          -0.10436753447802369,
          1.6
        ],
        [
          0.0,
          0.0,
          0.0,
          1.0
        ]
      ]
    },
    "target_region": {
      "type": "circle",
      "params": {
        "center": [
          -6.692575663113417,
          -1.8638086
        ],
        "radius": 2.8000000007868047,
        "object_center": [
          -6.692575663113417,
          -1.8638086,
          1.4
        ],
        "sample_distance": 2.8000000007868047,
        "min_distance": 2.8000000007868047,
        "requested_distance": 1.2
      },
      "sample_point": [
        -5.95336108621146,
        0.8368509145819041,
        1.5
      ],
      "sample_forward": [
        -0.2638369961931186,
        -0.9639067144128568,
        -0.035691530502395916
      ],
      "height": 1.5
    },
    "sample_target": [
      -5.95336108621146,
      0.8368509145819041,
      1.5
    ],
    "camera_params": {
      "forward": [
        -0.2638369961931186,
        -0.9639067144128568,
        -0.035691530502395916
      ]
    },
    "task_type": "absolute_positioning",
    "task_description": "Move to any position 2.8m from wardrobe",
    "target_object": {
      "label": "wardrobe",
      "id": "77",
      "bbox_min": [
        -7.604827643711391,
        -2.1425586,
        -3.93402387999231e-10
      ],
      "bbox_max": [
        -5.780323682515443,
        -1.5850586,
        2.8000000003934025
      ],
      "center": [
        -6.692575663113417,
        -1.8638086,
        1.4000000000000001
      ]
    }
  },
  {
    "scene_id": "0011_840866",
    "object_label": "wardrobe",
    "preset": "front",
    "distance": 2.8000000007868047,
    "init_camera": {
      "intrinsics": [
        [
          320.0,
          0.0,
          320.0
        ],
        [
          0.0,
          320.0,
          240.0
        ],
        [
          0.0,
          0.0,
          1.0
        ]
      ],
      "extrinsics": [
        [
          0.0,
          0.1043675344780237,
          -0.9945387965016641,
          -4.78673626300556
        ],
        [
          1.0,
          -0.0,
          0.0,
          -1.8638086
        ],
        [
          -0.0,
          -0.9945387965016642,
          -0.10436753447802369,
          1.6
        ],
        [
          0.0,
          0.0,
          0.0,
          1.0
        ]
      ]
    },
    "target_region": {
      "type": "circle",
      "params": {
        "center": [
          -6.692575663113417,
          -1.8638086
        ],
        "radius": 2.8000000007868047,
        "object_center": [
          -6.692575663113417,
          -1.8638086,
          1.4
        ],
        "sample_distance": 2.8000000007868047,
        "min_distance": 2.8000000007868047,
        "requested_distance": 1.5
      },
      "sample_point": [
        -3.9577598937856706,
        -1.2631566939492558,
        1.5
      ],
      "sample_forward": [
        -0.9760976044939452,
        -0.21438185826132364,
        -0.035691530502395916
      ],
      "height": 1.5
    },
    "sample_target": [
      -3.9577598937856706,
      -1.2631566939492558,
      1.5
    ],
    "camera_params": {
      "forward": [
        -0.9760976044939452,
        -0.21438185826132364,
        -0.035691530502395916
      ]
    },
    "task_type": "absolute_positioning",
    "task_description": "Move to any position 2.8m from wardrobe",
    "target_object": {
      "label": "wardrobe",
      "id": "77",
      "bbox_min": [
        -7.604827643711391,
        -2.1425586,
        -3.93402387999231e-10
      ],
      "bbox_max": [
        -5.780323682515443,
        -1.5850586,
        2.8000000003934025
      ],
      "center": [
        -6.692575663113417,
        -1.8638086,
        1.4000000000000001
      ]
    }
  },
  {
    "scene_id": "0011_840866",
    "object_label": "wardrobe",
    "preset": "occupancy_30",
    "distance": 5.831419679765223,
    "init_camera": {
      "intrinsics": [
        [
          320.0,
          0.0,
          320.0
        ],
        [
          0.0,
          320.0,
          240.0
        ],
        [
          0.0,
          0.0,
          1.0
        ]
      ],
      "extrinsics": [
        [
          0.0,
          0.1043675344780237,
          -0.9945387965016641,
          -4.78673626300556
        ],
        [
          1.0,
          -0.0,
          0.0,
          -1.8638086
        ],
        [
          -0.0,
          -0.9945387965016642,
          -0.10436753447802369,
          1.6
        ],
        [
          0.0,
          0.0,
          0.0,
          1.0
        ]
      ]
    },
    "target_region": {
      "type": "circle",
      "params": {
        "center": [
          -6.692575663113417,
          -1.8638086
        ],
        "radius": 5.831419679765223,
        "object_center": [
          -6.692575663113417,
          -1.8638086,
          1.4
        ],
        "object_height": 2.8000000007868047,
        "occupancy_ratio": 0.3,
        "fov_vertical": 90.0,
        "sample_distance": 5.831419679765223,
        "min_distance": 2.8000000007868047
      },
      "sample_point": [
        -8.462050682850444,
        -7.420283528952689,
        1.5
      ],
      "sample_forward": [
        0.3033935129169781,
        0.9527110749382659,
        -0.017145961911463864
      ],
      "height": 1.5
    },
    "sample_target": [
      -8.462050682850444,
      -7.420283528952689,
      1.5
    ],
    "camera_params": {
      "forward": [
        0.3033935129169781,
        0.9527110749382659,
        -0.017145961911463864
      ]
    },
    "task_type": "screen_occupancy",
    "task_description": "Position where wardrobe occupies 30% of vertical FOV",
    "target_object": {
      "label": "wardrobe",
      "id": "77",
      "bbox_min": [
        -7.604827643711391,
        -2.1425586,
        -3.93402387999231e-10
      ],
      "bbox_max": [
        -5.780323682515443,
        -1.5850586,
        2.8000000003934025
      ],
      "center": [
        -6.692575663113417,
        -1.8638086,
        1.4000000000000001
      ]
    }
  },
  {
    "scene_id": "0011_840866",
    "object_label": "wardrobe",
    "preset": "occupancy_50",
    "distance": 3.3798989882720902,
    "init_camera": {
      "intrinsics": [
        [
          320.0,
          0.0,
          320.0
        ],
        [
          0.0,
          320.0,
          240.0
        ],
        [
          0.0,
          0.0,
          1.0
        ]
      ],
      "extrinsics": [
        [
          0.0,
          0.1043675344780237,
          -0.9945387965016641,
          -4.78673626300556
        ],
        [
          1.0,
          -0.0,
          0.0,
          -1.8638086
        ],
        [
          -0.0,
          -0.9945387965016642,
          -0.10436753447802369,
          1.6
        ],
        [
          0.0,
          0.0,
          0.0,
          1.0
        ]
      ]
    },
    "target_region": {
      "type": "circle",
      "params": {
        "center": [
          -6.692575663113417,
          -1.8638086
        ],
        "radius": 3.3798989882720902,
        "object_center": [
          -6.692575663113417,
          -1.8638086,
          1.4
        ],
        "object_height": 2.8000000007868047,
        "occupancy_ratio": 0.5,
        "fov_vertical": 90.0,
        "sample_distance": 3.3798989882720902,
        "min_distance": 2.8000000007868047
      },
      "sample_point": [
        -3.7153366589725048,
        -0.2638820132014916,
        1.5
      ],
      "sample_forward": [
        -0.8804809770387809,
        -0.47315815840628384,
        -0.029573741839810607
      ],
      "height": 1.5
    },
    "sample_target": [
      -3.7153366589725048,
      -0.2638820132014916,
      1.5
    ],
    "camera_params": {
      "forward": [
        -0.8804809770387809,
        -0.47315815840628384,
        -0.029573741839810607
      ]
    },
    "task_type": "screen_occupancy",
    "task_description": "Position where wardrobe occupies 50% of vertical FOV",
    "target_object": {
      "label": "wardrobe",
      "id": "77",
      "bbox_min": [
        -7.604827643711391,
        -2.1425586,
        -3.93402387999231e-10
      ],
      "bbox_max": [
        -5.780323682515443,
        -1.5850586,
        2.8000000003934025
      ],
      "center": [
        -6.692575663113417,
        -1.8638086,
        1.4000000000000001
      ]
    }
  },
  {
    "scene_id": "0011_840866",
    "object_label": "wardrobe",
    "preset": "back",
    "distance": 2.8000000007868047,
    "init_camera": {
      "intrinsics": [
        [
          320.0,
          0.0,
          320.0
        ],
        [
          0.0,
          320.0,
          240.0
        ],
        [
          0.0,
          0.0,
          1.0
        ]
      ],
      "extrinsics": [
        [
          0.8660254037844386,
          0.05218376723901185,
          -0.49726939825083216,
          -5.739655963059488
        ],
        [
          0.5000000000000001,
          -0.09038493618831678,
          0.8612958628196432,
          -3.5143139360266997
        ],
        [
          -0.0,
          -0.9945387965016642,
          -0.10436753447802366,
          1.6
        ],
        [
          0.0,
          0.0,
          0.0,
          1.0
        ]
      ]
    },
    "target_region": {
      "type": "circle",
      "params": {
        "center": [
          -6.692575663113417,
          -1.8638086
        ],
        "radius": 2.8000000007868047,
        "object_center": [
          -6.692575663113417,
          -1.8638086,
          1.4
        ],
        "sample_distance": 2.8000000007868047,
        "min_distance": 2.8000000007868047,
        "requested_distance": 0.8
      },
      "sample_point": [
        -8.766715769760843,
        -3.7447506039976544,
        1.5
      ],
      "sample_forward": [
        0.7402923488264924,
        0.6713369890891991,
        -0.035691530502395916
      ],
      "height": 1.5
    },
    "sample_target": [
      -8.766715769760843,
      -3.7447506039976544,
      1.5
    ],
    "camera_params": {
      "forward": [
        0.7402923488264924,
        0.6713369890891991,
        -0.035691530502395916
      ]
    },
    "task_type": "absolute_positioning",
    "task_description": "Move to any position 2.8m from wardrobe",
    "target_object": {
      "label": "wardrobe",
      "id": "77",
      "bbox_min": [
        -7.604827643711391,
        -2.1425586,
        -3.93402387999231e-10
      ],
      "bbox_max": [
        -5.780323682515443,
        -1.5850586,
        2.8000000003934025
      ],
      "center": [
        -6.692575663113417,
        -1.8638086,
        1.4000000000000001
      ]
    }
  },
  {
    "scene_id": "0011_840866",
    "object_label": "wardrobe",
    "preset": "front",
    "distance": 2.8000000007868047,
    "init_camera": {
      "intrinsics": [
        [
          320.0,
          0.0,
          320.0
        ],
        [
          0.0,
          320.0,
          240.0
        ],
        [
          0.0,
          0.0,
          1.0
        ]
      ],
      "extrinsics": [
        [
          0.8660254037844386,
          0.05218376723901185,
          -0.49726939825083216,
          -5.739655963059488
        ],
        [
          0.5000000000000001,
          -0.09038493618831678,
          0.8612958628196432,
          -3.5143139360266997
        ],
        [
          -0.0,
          -0.9945387965016642,
          -0.10436753447802366,
          1.6
        ],
        [
          0.0,
          0.0,
          0.0,
          1.0
        ]
      ]
    },
    "target_region": {
      "type": "circle",
      "params": {
        "center": [
          -6.692575663113417,
          -1.8638086
        ],
        "radius": 2.8000000007868047,
        "object_center": [
          -6.692575663113417,
          -1.8638086,
          1.4
        ],
        "sample_distance": 2.8000000007868047,
        "min_distance": 2.8000000007868047,
        "requested_distance": 1.0
      },
      "sample_point": [
        -3.970241183158868,
        -1.2089078566375417,
        1.5
      ],
      "sample_forward": [
        -0.9716428412902182,
        -0.23374409857762918,
        -0.035691530502395916
      ],
      "height": 1.5
    },
    "sample_target": [
      -3.970241183158868,
      -1.2089078566375417,
      1.5
    ],
    "camera_params": {
      "forward": [
        -0.9716428412902182,
        -0.23374409857762918,
        -0.035691530502395916
      ]
    },
    "task_type": "absolute_positioning",
    "task_description": "Move to any position 2.8m from wardrobe",
    "target_object": {
      "label": "wardrobe",
      "id": "77",
      "bbox_min": [
        -7.604827643711391,
        -2.1425586,
        -3.93402387999231e-10
      ],
      "bbox_max": [
        -5.780323682515443,
        -1.5850586,
        2.8000000003934025
      ],
      "center": [
        -6.692575663113417,
        -1.8638086,
        1.4000000000000001
      ]
    }
  },
  {
    "scene_id": "0011_840866",
    "object_label": "wardrobe",
    "preset": "left",
    "distance": 2.8000000007868047,
    "init_camera": {
      "intrinsics": [
        [
          320.0,
          0.0,
          320.0
        ],
        [
          0.0,
          320.0,
          240.0
        ],
        [
          0.0,
          0.0,
          1.0
        ]
      ],
      "extrinsics": [
        [
          0.8660254037844386,
          0.05218376723901185,
          -0.49726939825083216,
          -5.739655963059488
        ],
        [
          0.5000000000000001,
          -0.09038493618831678,
          0.8612958628196432,
          -3.5143139360266997
        ],
        [
          -0.0,
          -0.9945387965016642,
          -0.10436753447802366,
          1.6
        ],
        [
          0.0,
          0.0,
          0.0,
          1.0
        ]
      ]
    },
    "target_region": {
      "type": "circle",
      "params": {
        "center": [
          -6.692575663113417,
          -1.8638086
        ],
        "radius": 2.8000000007868047,
        "object_center": [
          -6.692575663113417,
          -1.8638086,
          1.4
        ],
        "sample_distance": 2.8000000007868047,
        "min_distance": 2.8000000007868047,
        "requested_distance": 1.2
      },
      "sample_point": [
        -8.43443812127515,
        -4.056048363632819,
        1.5
      ],
      "sample_forward": [
        0.6216973705645773,
        0.7824439239226586,
        -0.0356915305023959
      ],
      "height": 1.5
    },
    "sample_target": [
      -8.43443812127515,
      -4.056048363632819,
      1.5
    ],
    "camera_params": {
      "forward": [
        0.6216973705645773,
        0.7824439239226586,
        -0.0356915305023959
      ]
    },
    "task_type": "absolute_positioning",
    "task_description": "Move to any position 2.8m from wardrobe",
    "target_object": {
      "label": "wardrobe",
      "id": "77",
      "bbox_min": [
        -7.604827643711391,
        -2.1425586,
        -3.93402387999231e-10
      ],
      "bbox_max": [
        -5.780323682515443,
        -1.5850586,
        2.8000000003934025
      ],
      "center": [
        -6.692575663113417,
        -1.8638086,
        1.4000000000000001
      ]
    }
  },
  {
    "scene_id": "0011_840866",
    "object_label": "wardrobe",
    "preset": "left",
    "distance": 2.8000000007868047,
    "init_camera": {
      "intrinsics": [
        [
          320.0,
          0.0,
          320.0
        ],
        [
          0.0,
          320.0,
          240.0
        ],
        [
          0.0,
          0.0,
          1.0
        ]
      ],
      "extrinsics": [
        [
          0.8660254037844386,
          0.05218376723901185,
          -0.49726939825083216,
          -5.739655963059488
        ],
        [
          0.5000000000000001,
          -0.09038493618831678,
          0.8612958628196432,
          -3.5143139360266997
        ],
        [
          -0.0,
          -0.9945387965016642,
          -0.10436753447802366,
          1.6
        ],
        [
          0.0,
          0.0,
          0.0,
          1.0
        ]
      ]
    },
    "target_region": {
      "type": "circle",
      "params": {
        "center": [
          -6.692575663113417,
          -1.8638086
        ],
        "radius": 2.8000000007868047,
        "object_center": [
          -6.692575663113417,
          -1.8638086,
          1.4
        ],
        "sample_distance": 2.8000000007868047,
        "min_distance": 2.8000000007868047,
        "requested_distance": 1.5
      },
      "sample_point": [
        -7.4879967262879505,
        -4.548451096993668,
        1.5
      ],
      "sample_forward": [
        0.28389795138542023,
        0.9581899956947777,
        -0.035691530502395916
      ],
      "height": 1.5
    },
    "sample_target": [
      -7.4879967262879505,
      -4.548451096993668,
      1.5
    ],
    "camera_params": {
      "forward": [
        0.28389795138542023,
        0.9581899956947777,
        -0.035691530502395916
      ]
    },
    "task_type": "absolute_positioning",
    "task_description": "Move to any position 2.8m from wardrobe",
    "target_object": {
      "label": "wardrobe",
      "id": "77",
      "bbox_min": [
        -7.604827643711391,
        -2.1425586,
        -3.93402387999231e-10
      ],
      "bbox_max": [
        -5.780323682515443,
        -1.5850586,
        2.8000000003934025
      ],
      "center": [
        -6.692575663113417,
        -1.8638086,
        1.4000000000000001
      ]
    }
  },
  {
    "scene_id": "0011_840866",
    "object_label": "wardrobe",
    "preset": "occupancy_20",
    "distance": 8.839252123028906,
    "init_camera": {
      "intrinsics": [
        [
          320.0,
          0.0,
          320.0
        ],
        [
          0.0,
          320.0,
          240.0
        ],
        [
          0.0,
          0.0,
          1.0
        ]
      ],
      "extrinsics": [
        [
          0.8660254037844386,
          0.05218376723901185,
          -0.49726939825083216,
          -5.739655963059488
        ],
        [
          0.5000000000000001,
          -0.09038493618831678,
          0.8612958628196432,
          -3.5143139360266997
        ],
        [
          -0.0,
          -0.9945387965016642,
          -0.10436753447802366,
          1.6
        ],
        [
          0.0,
          0.0,
          0.0,
          1.0
        ]
      ]
    },
    "target_region": {
      "type": "circle",
      "params": {
        "center": [
          -6.692575663113417,
          -1.8638086
        ],
        "radius": 8.839252123028906,
        "object_center": [
          -6.692575663113417,
          -1.8638086,
          1.4
        ],
        "object_height": 2.8000000007868047,
        "occupancy_ratio": 0.2,
        "fov_vertical": 90.0,
        "sample_distance": 8.839252123028906,
        "min_distance": 2.8000000007868047
      },
      "sample_point": [
        -8.472847994765125,
        6.794309470321426,
        1.5
      ],
      "sample_forward": [
        0.2013924245105065,
        -0.9794453123149438,
        -0.01131245040042037
      ],
      "height": 1.5
    },
    "sample_target": [
      -8.472847994765125,
      6.794309470321426,
      1.5
    ],
    "camera_params": {
      "forward": [
        0.2013924245105065,
        -0.9794453123149438,
        -0.01131245040042037
      ]
    },
    "task_type": "screen_occupancy",
    "task_description": "Position where wardrobe occupies 20% of vertical FOV",
    "target_object": {
      "label": "wardrobe",
      "id": "77",
      "bbox_min": [
        -7.604827643711391,
        -2.1425586,
        -3.93402387999231e-10
      ],
      "bbox_max": [
        -5.780323682515443,
        -1.5850586,
        2.8000000003934025
      ],
      "center": [
        -6.692575663113417,
        -1.8638086,
        1.4000000000000001
      ]
    }
  },
  {
    "scene_id": "0011_840866",
    "object_label": "wardrobe",
    "preset": "occupancy_30",
    "distance": 5.831419679765223,
    "init_camera": {
      "intrinsics": [
        [
          320.0,
          0.0,
          320.0
        ],
        [
          0.0,
          320.0,
          240.0
        ],
        [
          0.0,
          0.0,
          1.0
        ]
      ],
      "extrinsics": [
        [
          0.8660254037844386,
          0.05218376723901185,
          -0.49726939825083216,
          -5.739655963059488
        ],
        [
          0.5000000000000001,
          -0.09038493618831678,
          0.8612958628196432,
          -3.5143139360266997
        ],
        [
          -0.0,
          -0.9945387965016642,
          -0.10436753447802366,
          1.6
        ],
        [
          0.0,
          0.0,
          0.0,
          1.0
        ]
      ]
    },
    "target_region": {
      "type": "circle",
      "params": {
        "center": [
          -6.692575663113417,
          -1.8638086
        ],
        "radius": 5.831419679765223,
        "object_center": [
