[
  {
    "scene_id": "0368_840234",
    "object_label": "wardrobe",
    "preset": "occupancy_20",
    "distance": 7.892189394585728,
    "init_camera": {
      "intrinsics": [
        [
          320.0,
          0.0,
          320.0
        ],
        [
          0.0,
          320.0,
          240.0
        ],
        [
          0.0,
          0.0,
          1.0
        ]
      ],
      "extrinsics": [
        [
          -0.7660444431189781,
          0.10200312577331451,
          -0.6346426344794432,
          -4.81021682272148
        ],
        [
          0.6427876096865394,
          0.12156259159618664,
          -0.7563376396543305,
          4.685397244711149
        ],
        [
          0.0,
          -0.9873286680011333,
          -0.15868869317978485,
          1.6
        ],
        [
          0.0,
          0.0,
          0.0,
          1.0
        ]
      ]
    },
    "target_region": {
      "type": "circle",
      "params": {
        "center": [
          -6.209969492505683,
          3.0172369717524874
        ],
        "radius": 7.892189394585728,
        "object_center": [
          -6.209969492505683,
          3.0172369717524874,
          1.2500000001967013
        ],
        "object_height": 2.5000000003934026,
        "occupancy_ratio": 0.2,
        "fov_vertical": 90.0,
        "sample_distance": 7.892189394585728,
        "min_distance": 2.5000000003934026
      },
      "sample_point": [
        0.9564103640484563,
        -0.2887656283049451,
        1.5
      ],
      "sample_forward": [
        -0.9075792202659739,
        0.41868549002649974,
        -0.031661007290935156
      ],
      "height": 1.5
    },
    "sample_target": [
      0.9564103640484563,
      -0.2887656283049451,
      1.5
    ],
    "camera_params": {
      "forward": [
        -0.9075792202659739,
        0.41868549002649974,
        -0.031661007290935156
      ]
    },
    "task_type": "screen_occupancy",
    "task_description": "Position where wardrobe occupies 20% of vertical FOV",
    "target_object": {
      "label": "wardrobe",
      "id": "127",
      "bbox_min": [
        -7.105039634182307,
        2.8319997992131936,
        0.0
      ],
      "bbox_max": [
        -5.314899350829059,
        3.2024741442917817,
        2.5000000003934026
      ],
      "center": [
        -6.209969492505683,
        3.017236971752488,
        1.2500000001967013
      ]
    }
  },
  {
    "scene_id": "0368_840234",
    "object_label": "wardrobe",
    "preset": "occupancy_30",
    "distance": 5.206624713432341,
    "init_camera": {
      "intrinsics": [
        [
          320.0,
          0.0,
          320.0
        ],
        [
          0.0,
          320.0,
          240.0
        ],
        [
          0.0,
          0.0,
          1.0
        ]
      ],
      "extrinsics": [
        [
          -0.7660444431189781,
          0.10200312577331451,
          -0.6346426344794432,
          -4.81021682272148
        ],
        [
          0.6427876096865394,
          0.12156259159618664,
          -0.7563376396543305,
          4.685397244711149
        ],
        [
          0.0,
          -0.9873286680011333,
          -0.15868869317978485,
          1.6
        ],
        [
          0.0,
          0.0,
          0.0,
          1.0
        ]
      ]
    },
    "target_region": {
      "type": "circle",
      "params": {
        "center": [
          -6.209969492505683,
          3.0172369717524874
        ],
        "radius": 5.206624713432341,
        "object_center": [
          -6.209969492505683,
          3.0172369717524874,
          1.2500000001967013
        ],
        "object_height": 2.5000000003934026,
        "occupancy_ratio": 0.3,
        "fov_vertical": 90.0,
        "sample_distance": 5.206624713432341,
        "min_distance": 2.5000000003934026
      },
      "sample_point": [
        -3.1241259452286028,
        -1.1763903970361151,
        1.5
      ],
      "sample_forward": [
        -0.591994359252077,
        0.8045138093013848,
        -0.047960496839564576
      ],
      "height": 1.5
    },
    "sample_target": [
      -3.1241259452286028,
      -1.1763903970361151,
      1.5
    ],
    "camera_params": {
      "forward": [
        -0.591994359252077,
        0.8045138093013848,
        -0.047960496839564576
      ]
    },
    "task_type": "screen_occupancy",
    "task_description": "Position where wardrobe occupies 30% of vertical FOV",
    "target_object": {
      "label": "wardrobe",
      "id": "127",
      "bbox_min": [
        -7.105039634182307,
        2.8319997992131936,
        0.0
      ],
      "bbox_max": [
        -5.314899350829059,
        3.2024741442917817,
        2.5000000003934026
      ],
      "center": [
        -6.209969492505683,
        3.017236971752488,
        1.2500000001967013
      ]
    }
  },
  {
    "scene_id": "0368_840234",
    "object_label": "wardrobe",
    "preset": "occupancy_20",
    "distance": 7.892189394585728,
    "init_camera": {
      "intrinsics": [
        [
          320.0,
          0.0,
          320.0
        ],
        [
          0.0,
          320.0,
          240.0
        ],
        [
          0.0,
          0.0,
          1.0
        ]
      ],
      "extrinsics": [
        [
          -0.8660254037844387,
          0.07934434658989242,
          -0.49366433400056664,
          -5.121155202458303
        ],
        [
          0.5,
          0.13742843958704806,
          -0.8550517083736334,
          4.903118642121586
        ],
        [
          0.0,
          -0.9873286680011334,
          -0.15868869317978485,
          1.6
        ],
        [
          0.0,
          0.0,
          0.0,
          1.0
        ]
      ]
    },
    "target_region": {
      "type": "circle",
      "params": {
        "center": [
          -6.209969492505683,
          3.0172369717524874
        ],
        "radius": 7.892189394585728,
        "object_center": [
          -6.209969492505683,
          3.0172369717524874,
          1.2500000001967013
        ],
        "object_height": 2.5000000003934026,
        "occupancy_ratio": 0.2,
        "fov_vertical": 90.0,
        "sample_distance": 7.892189394585728,
        "min_distance": 2.5000000003934026
      },
      "sample_point": [
        -13.968525456203125,
        4.463426032071477,
        1.5
      ],
      "sample_forward": [
        0.9825747885081074,
        -0.1831512096754251,
        -0.03166100729093515
      ],
      "height": 1.5
    },
    "sample_target": [
      -13.968525456203125,
      4.463426032071477,
      1.5
    ],
    "camera_params": {
      "forward": [
        0.9825747885081074,
        -0.1831512096754251,
        -0.03166100729093515
      ]
    },
    "task_type": "screen_occupancy",
    "task_description": "Position where wardrobe occupies 20% of vertical FOV",
    "target_object": {
      "label": "wardrobe",
      "id": "127",
      "bbox_min": [
        -7.105039634182307,
        2.8319997992131936,
        0.0
      ],
      "bbox_max": [
        -5.314899350829059,
        3.2024741442917817,
        2.5000000003934026
      ],
      "center": [
        -6.209969492505683,
        3.017236971752488,
        1.2500000001967013
      ]
    }
  },
  {
    "scene_id": "0368_840234",
    "object_label": "wardrobe",
    "preset": "occupancy_30",
    "distance": 5.206624713432341,
    "init_camera": {
      "intrinsics": [
        [
          320.0,
          0.0,
          320.0
        ],
        [
          0.0,
          320.0,
          240.0
        ],
        [
          0.0,
          0.0,
          1.0
        ]
      ],
      "extrinsics": [
        [
          -0.8660254037844387,
          0.07934434658989242,
          -0.49366433400056664,
          -5.121155202458303
        ],
        [
          0.5,
          0.13742843958704806,
          -0.8550517083736334,
          4.903118642121586
        ],
        [
          0.0,
          -0.9873286680011334,
          -0.15868869317978485,
          1.6
        ],
        [
          0.0,
          0.0,
          0.0,
          1.0
        ]
      ]
    },
    "target_region": {
      "type": "circle",
      "params": {
        "center": [
          -6.209969492505683,
          3.0172369717524874
        ],
        "radius": 5.206624713432341,
        "object_center": [
          -6.209969492505683,
          3.0172369717524874,
          1.2500000001967013
        ],
        "object_height": 2.5000000003934026,
        "occupancy_ratio": 0.3,
        "fov_vertical": 90.0,
        "sample_distance": 5.206624713432341,
        "min_distance": 2.5000000003934026
      },
      "sample_point": [
        -6.586768645660901,
        8.21020946394864,
        1.5
      ],
      "sample_forward": [
        0.0722858984330806,
        -0.9962301639835167,
        -0.047960496839564576
      ],
      "height": 1.5
    },
    "sample_target": [
      -6.586768645660901,
      8.21020946394864,
      1.5
    ],
    "camera_params": {
      "forward": [
        0.0722858984330806,
        -0.9962301639835167,
        -0.047960496839564576
      ]
    },
    "task_type": "screen_occupancy",
    "task_description": "Position where wardrobe occupies 30% of vertical FOV",
    "target_object": {
      "label": "wardrobe",
      "id": "127",
      "bbox_min": [
        -7.105039634182307,
        2.8319997992131936,
        0.0
      ],
      "bbox_max": [
        -5.314899350829059,
        3.2024741442917817,
        2.5000000003934026
      ],
      "center": [
        -6.209969492505683,
        3.017236971752488,
        1.2500000001967013
      ]
    }
  },
  {
    "scene_id": "0368_840234",
    "object_label": "wardrobe",
    "preset": "occupancy_50",
    "distance": 3.017766953441248,
    "init_camera": {
      "intrinsics": [
        [
          320.0,
          0.0,
          320.0
        ],
        [
          0.0,
          320.0,
          240.0
        ],
        [
          0.0,
          0.0,
          1.0
        ]
      ],
      "extrinsics": [
        [
          -0.8660254037844387,
          0.07934434658989242,
          -0.49366433400056664,
          -5.121155202458303
        ],
        [
          0.5,
          0.13742843958704806,
          -0.8550517083736334,
          4.903118642121586
        ],
        [
          0.0,
          -0.9873286680011334,
          -0.15868869317978485,
          1.6
        ],
        [
          0.0,
          0.0,
          0.0,
          1.0
        ]
      ]
    },
    "target_region": {
      "type": "circle",
      "params": {
        "center": [
          -6.209969492505683,
          3.0172369717524874
        ],
        "radius": 3.017766953441248,
        "object_center": [
          -6.209969492505683,
          3.0172369717524874,
          1.2500000001967013
        ],
        "object_height": 2.5000000003934026,
        "occupancy_ratio": 0.5,
        "fov_vertical": 90.0,
        "sample_distance": 3.017766953441248,
        "min_distance": 2.5000000003934026
      },
      "sample_point": [
        -6.522758801870142,
        6.018749962433917,
        1.5
      ],
      "sample_forward": [
        0.10329541152119154,
        -0.9912184025362013,
        -0.08255989602857511
      ],
      "height": 1.5
    },
    "sample_target": [
      -6.522758801870142,
      6.018749962433917,
      1.5
    ],
    "camera_params": {
      "forward": [
        0.10329541152119154,
        -0.9912184025362013,
        -0.08255989602857511
      ]
    },
    "task_type": "screen_occupancy",
    "task_description": "Position where wardrobe occupies 50% of vertical FOV",
    "target_object": {
      "label": "wardrobe",
      "id": "127",
      "bbox_min": [
        -7.105039634182307,
        2.8319997992131936,
        0.0
      ],
      "bbox_max": [
        -5.314899350829059,
        3.2024741442917817,
        2.5000000003934026
      ],
      "center": [
        -6.209969492505683,
        3.017236971752488,
        1.2500000001967013
      ]
    }
  },
  {
    "scene_id": "0368_840234",
    "object_label": "wardrobe",
    "preset": "occupancy_20",
    "distance": 7.892189394585728,
    "init_camera": {
      "intrinsics": [
        [
          320.0,
          0.0,
          320.0
        ],
        [
          0.0,
          320.0,
          240.0
        ],
        [
          0.0,
          0.0,
          1.0
        ]
      ],
      "extrinsics": [
        [
          -0.9396926207859084,
          -0.05427472958551309,
          0.33768629253928933,
          -6.954762331579766
        ],
        [
          -0.3420201433256689,
          0.1491185939832029,
          -0.927785463611045,
          5.063538479280029
        ],
        [
          0.0,
          -0.9873286680011333,
          -0.15868869317978485,
          1.6
        ],
        [
          0.0,
          0.0,
          0.0,
          1.0
        ]
      ]
    },
    "target_region": {
      "type": "circle",
      "params": {
        "center": [
          -6.209969492505683,
          3.0172369717524874
        ],
        "radius": 7.892189394585728,
        "object_center": [
          -6.209969492505683,
          3.0172369717524874,
          1.2500000001967013
        ],
        "object_height": 2.5000000003934026,
        "occupancy_ratio": 0.2,
        "fov_vertical": 90.0,
        "sample_distance": 7.892189394585728,
        "min_distance": 2.5000000003934026
      },
      "sample_point": [
        -6.130490631243881,
        -4.874552213890016,
        1.5
      ],
      "sample_forward": [
        -0.010065523231460186,
        0.9994479805669729,
        -0.031661007290935156
      ],
      "height": 1.5
    },
    "sample_target": [
      -6.130490631243881,
      -4.874552213890016,
      1.5
    ],
    "camera_params": {
      "forward": [
        -0.010065523231460186,
        0.9994479805669729,
        -0.031661007290935156
      ]
    },
    "task_type": "screen_occupancy",
    "task_description": "Position where wardrobe occupies 20% of vertical FOV",
    "target_object": {
      "label": "wardrobe",
      "id": "127",
      "bbox_min": [
        -7.105039634182307,
        2.8319997992131936,
        0.0
      ],
      "bbox_max": [
        -5.314899350829059,
        3.2024741442917817,
        2.5000000003934026
      ],
      "center": [
        -6.209969492505683,
        3.017236971752488,
        1.2500000001967013
      ]
    }
  },
  {
    "scene_id": "0368_840234",
    "object_label": "wardrobe",
    "preset": "occupancy_30",
    "distance": 5.206624713432341,
    "init_camera": {
      "intrinsics": [
        [
          320.0,
          0.0,
          320.0
        ],
        [
          0.0,
          320.0,
          240.0
        ],
        [
          0.0,
          0.0,
          1.0
        ]
      ],
      "extrinsics": [
        [
          -0.9396926207859084,
          -0.05427472958551309,
          0.33768629253928933,
          -6.954762331579766
        ],
        [
          -0.3420201433256689,
          0.1491185939832029,
          -0.927785463611045,
          5.063538479280029
        ],
        [
          0.0,
          -0.9873286680011333,
          -0.15868869317978485,
          1.6
        ],
        [
          0.0,
          0.0,
          0.0,
          1.0
        ]
      ]
    },
    "target_region": {
      "type": "circle",
      "params": {
        "center": [
          -6.209969492505683,
          3.0172369717524874
        ],
        "radius": 5.206624713432341,
        "object_center": [
          -6.209969492505683,
          3.0172369717524874,
          1.2500000001967013
        ],
        "object_height": 2.5000000003934026,
        "occupancy_ratio": 0.3,
        "fov_vertical": 90.0,
        "sample_distance": 5.206624713432341,
        "min_distance": 2.5000000003934026
      },
      "sample_point": [
        -1.106568122652627,
        4.048854810250036,
        1.5
      ],
      "sample_forward": [
        -0.9790466618497873,
        -0.1979076164873153,
        -0.047960496839564576
      ],
      "height": 1.5
    },
    "sample_target": [
      -1.106568122652627,
      4.048854810250036,
      1.5
    ],
    "camera_params": {
      "forward": [
        -0.9790466618497873,
        -0.1979076164873153,
        -0.047960496839564576
      ]
    },
    "task_type": "screen_occupancy",
    "task_description": "Position where wardrobe occupies 30% of vertical FOV",
    "target_object": {
      "label": "wardrobe",
      "id": "127",
      "bbox_min": [
        -7.105039634182307,
        2.8319997992131936,
        0.0
      ],
      "bbox_max": [
        -5.314899350829059,
        3.2024741442917817,
        2.5000000003934026
      ],
      "center": [
        -6.209969492505683,
        3.017236971752488,
        1.2500000001967013
      ]
    }
  },
  {
    "scene_id": "0368_840234",
    "object_label": "wardrobe",
    "preset": "occupancy_20",
    "distance": 7.892189394585728,
    "init_camera": {
      "intrinsics": [
        [
          320.0,
          0.0,
          320.0
        ],
        [
          0.0,
          320.0,
          240.0
        ],
        [
          0.0,
          0.0,
          1.0
        ]
      ],
      "extrinsics": [
        [
          -0.766044443118978,
          0.07887044168926591,
          -0.6379305327339921,
          -4.3902910217862186
        ],
        [
          0.6427876096865394,
          0.09399413223267479,
          -0.7602560042112733,
          5.185845326598748
        ],
        [
          0.0,
          -0.9924437296560277,
          -0.12270062537099576,
          1.6
        ],
        [
          0.0,
          0.0,
          0.0,
          1.0
        ]
      ]
    },
    "target_region": {
      "type": "circle",
      "params": {
        "center": [
          -6.209969492505683,
          3.0172369717524874
        ],
        "radius": 7.892189394585728,
        "object_center": [
          -6.209969492505683,
          3.0172369717524874,
          1.2500000001967013
        ],
        "object_height": 2.5000000003934026,
        "occupancy_ratio": 0.2,
        "fov_vertical": 90.0,
        "sample_distance": 7.892189394585728,
        "min_distance": 2.5000000003934026
      },
      "sample_point": [
        0.6527076617539214,
        -0.8802385851195162,
        1.5
      ],
      "sample_forward": [
        -0.8691170863492158,
        0.49359200847782503,
        -0.031661007290935156
      ],
      "height": 1.5
    },
    "sample_target": [
      0.6527076617539214,
      -0.8802385851195162,
      1.5
    ],
    "camera_params": {
      "forward": [
        -0.8691170863492158,
        0.49359200847782503,
        -0.031661007290935156
      ]
    },
    "task_type": "screen_occupancy",
    "task_description": "Position where wardrobe occupies 20% of vertical FOV",
    "target_object": {
      "label": "wardrobe",
      "id": "127",
      "bbox_min": [
        -7.105039634182307,
        2.8319997992131936,
        0.0
      ],
      "bbox_max": [
        -5.314899350829059,
        3.2024741442917817,
        2.5000000003934026
      ],
      "center": [
        -6.209969492505683,
        3.017236971752488,
        1.2500000001967013
      ]
    }
  },
  {
    "scene_id": "0368_840234",
    "object_label": "wardrobe",
    "preset": "occupancy_30",
    "distance": 5.206624713432341,
    "init_camera": {
      "intrinsics": [
        [
          320.0,
          0.0,
          320.0
        ],
        [
          0.0,
          320.0,
          240.0
        ],
        [
          0.0,
          0.0,
          1.0
        ]
      ],
      "extrinsics": [
        [
          -0.766044443118978,
          0.07887044168926591,
          -0.6379305327339921,
          -4.3902910217862186
        ],
        [
          0.6427876096865394,
          0.09399413223267479,
          -0.7602560042112733,
          5.185845326598748
        ],
        [
          0.0,
          -0.9924437296560277,
          -0.12270062537099576,
          1.6
        ],
        [
          0.0,
          0.0,
          0.0,
          1.0
        ]
      ]
    },
    "target_region": {
      "type": "circle",
      "params": {
        "center": [
          -6.209969492505683,
          3.0172369717524874
        ],
        "radius": 5.206624713432341,
        "object_center": [
          -6.209969492505683,
          3.0172369717524874,
          1.2500000001967013
        ],
        "object_height": 2.5000000003934026,
        "occupancy_ratio": 0.3,
        "fov_vertical": 90.0,
        "sample_distance": 5.206624713432341,
        "min_distance": 2.5000000003934026
      },
      "sample_point": [
        -1.1235068452711836,
        4.1293694480396494,
        1.5
      ],
      "sample_forward": [
        -0.9757971036367763,
        -0.21335370462445807,
        -0.047960496839564576
      ],
      "height": 1.5
    },
    "sample_target": [
      -1.1235068452711836,
      4.1293694480396494,
      1.5
    ],
    "camera_params": {
      "forward": [
        -0.9757971036367763,
        -0.21335370462445807,
        -0.047960496839564576
      ]
    },
    "task_type": "screen_occupancy",
    "task_description": "Position where wardrobe occupies 30% of vertical FOV",
    "target_object": {
      "label": "wardrobe",
      "id": "127",
      "bbox_min": [
        -7.105039634182307,
        2.8319997992131936,
        0.0
      ],
      "bbox_max": [
        -5.314899350829059,
        3.2024741442917817,
        2.5000000003934026
      ],
      "center": [
        -6.209969492505683,
        3.017236971752488,
        1.2500000001967013
      ]
    }
  },
  {
    "scene_id": "0368_840234",
    "object_label": "cabinet",
    "preset": "occupancy_20",
    "distance": 3.3716853697869973,
    "init_camera": {
      "intrinsics": [
        [
          320.0,
          0.0,
          320.0
        ],
        [
          0.0,
          320.0,
          240.0
        ],
        [
          0.0,
          0.0,
          1.0
        ]
      ],
      "extrinsics": [
        [
          0.0,
          -0.5264867112998975,
          0.8501833583554893,
          -2.532834742160789
        ],
        [
          -1.0,
          -0.0,
          0.0,
          4.9119992379793675
        ],
        [
          0.0,
          -0.8501833583554894,
          -0.5264867112998974,
          1.1680450004882814
        ],
        [
          0.0,
          0.0,
          0.0,
          1.0
        ]
      ]
    },
    "target_region": {
      "type": "circle",
      "params": {
        "center": [
          -1.5090000147853773,
          4.9119992379793675
        ],
        "radius": 3.3716853697869973,
        "object_center": [
          -1.5090000147853773,
          4.9119992379793675,
          0.5340225002441407
        ],
        "object_height": 1.0680450004882813,
        "occupancy_ratio": 0.2,
        "fov_vertical": 90.0,
        "sample_distance": 3.3716853697869973,
        "min_distance": 1.360001524041265
      },
      "sample_point": [
        1.0790026341368653,
        2.7508642301635353,
        1.5
      ],
      "sample_forward": [
        -0.7378836574376999,
        0.6161764186941181,
        -0.27541664643164515
      ],
      "height": 1.5
    },
    "sample_target": [
      1.0790026341368653,
      2.7508642301635353,
      1.5
    ],
    "camera_params": {
      "forward": [
        -0.7378836574376999,
        0.6161764186941181,
        -0.27541664643164515
      ]
    },
    "task_type": "screen_occupancy",
    "task_description": "Position where cabinet occupies 20% of vertical FOV",
    "target_object": {
      "label": "cabinet",
      "id": "131",
      "bbox_min": [
        -1.793000029964158,
        4.2319984759587355,
        0.0
      ],
      "bbox_max": [
        -1.2249999996065963,
        5.5920000000000005,
        1.0680450004882813
      ],
      "center": [
        -1.5090000147853773,
        4.9119992379793675,
        0.5340225002441407
      ]
    }
  },
  {
    "scene_id": "0368_840234",
    "object_label": "cabinet",
    "preset": "occupancy_30",
    "distance": 2.224363797490029,
    "init_camera": {
      "intrinsics": [
        [
          320.0,
          0.0,
          320.0
        ],
        [
          0.0,
          320.0,
          240.0
        ],
        [
          0.0,
          0.0,
          1.0
        ]
      ],
      "extrinsics": [
        [
          0.0,
          -0.5264867112998975,
          0.8501833583554893,
          -2.532834742160789
        ],
        [
          -1.0,
          -0.0,
          0.0,
          4.9119992379793675
        ],
        [
          0.0,
          -0.8501833583554894,
          -0.5264867112998974,
          1.1680450004882814
        ],
        [
          0.0,
          0.0,
          0.0,
          1.0
        ]
      ]
    },
    "target_region": {
      "type": "circle",
      "params": {
        "center": [
          -1.5090000147853773,
          4.9119992379793675
        ],
        "radius": 2.224363797490029,
        "object_center": [
          -1.5090000147853773,
          4.9119992379793675,
          0.5340225002441407
        ],
        "object_height": 1.0680450004882813,
        "occupancy_ratio": 0.3,
        "fov_vertical": 90.0,
        "sample_distance": 2.224363797490029,
        "min_distance": 1.360001524041265
      },
      "sample_point": [
        -0.9044547177912138,
        7.052634491231659,
        1.5
      ],
      "sample_forward": [
        -0.24929105602406268,
        -0.8827150347523961,
        -0.3983316919459003
      ],
      "height": 1.5
    },
    "sample_target": [
      -0.9044547177912138,
      7.052634491231659,
      1.5
    ],
    "camera_params": {
      "forward": [
        -0.24929105602406268,
        -0.8827150347523961,
        -0.3983316919459003
      ]
    },
    "task_type": "screen_occupancy",
    "task_description": "Position where cabinet occupies 30% of vertical FOV",
    "target_object": {
      "label": "cabinet",
      "id": "131",
      "bbox_min": [
        -1.793000029964158,
        4.2319984759587355,
        0.0
      ],
      "bbox_max": [
        -1.2249999996065963,
        5.5920000000000005,
        1.0680450004882813
      ],
      "center": [
        -1.5090000147853773,
        4.9119992379793675,
        0.5340225002441407
      ]
    }
  },
  {
    "scene_id": "0368_840234",
    "object_label": "cabinet",
    "preset": "occupancy_50",
    "distance": 1.360001524041265,
    "init_camera": {
      "intrinsics": [
        [
          320.0,
          0.0,
          320.0
        ],
        [
          0.0,
          320.0,
          240.0
        ],
        [
          0.0,
          0.0,
          1.0
        ]
      ],
      "extrinsics": [
        [
          0.0,
          -0.5264867112998975,
          0.8501833583554893,
          -2.532834742160789
        ],
        [
          -1.0,
          -0.0,
          0.0,
          4.9119992379793675
        ],
        [
          0.0,
          -0.8501833583554894,
          -0.5264867112998974,
          1.1680450004882814
        ],
        [
          0.0,
          0.0,
          0.0,
          1.0
        ]
      ]
    },
    "target_region": {
      "type": "circle",
      "params": {
        "center": [
          -1.5090000147853773,
          4.9119992379793675
        ],
        "radius": 1.360001524041265,
        "object_center": [
          -1.5090000147853773,
          4.9119992379793675,
          0.5340225002441407
        ],
        "object_height": 1.0680450004882813,
        "occupancy_ratio": 0.5,
        "fov_vertical": 90.0,
        "sample_distance": 1.360001524041265,
        "min_distance": 1.360001524041265
      },
      "sample_point": [
        -0.5531176903048193,
        3.9445835428719285,
        1.5
      ],
      "sample_forward": [
        -0.5730202050569211,
        0.5799340837136943,
        -0.5790719326160453
      ],
      "height": 1.5
    },
    "sample_target": [
      -0.5531176903048193,
      3.9445835428719285,
      1.5
    ],
    "camera_params": {
      "forward": [
        -0.5730202050569211,
        0.5799340837136943,
        -0.5790719326160453
      ]
    },
    "task_type": "screen_occupancy",
    "task_description": "Position where cabinet occupies 50% of vertical FOV",
    "target_object": {
      "label": "cabinet",
      "id": "131",
      "bbox_min": [
        -1.793000029964158,
        4.2319984759587355,
        0.0
      ],
      "bbox_max": [
        -1.2249999996065963,
        5.5920000000000005,
        1.0680450004882813
      ],
      "center": [
        -1.5090000147853773,
        4.9119992379793675,
        0.5340225002441407
      ]
    }
  },
  {
    "scene_id": "0368_840234",
    "object_label": "cabinet",
    "preset": "right",
    "distance": 1.360001524041265,
    "init_camera": {
      "intrinsics": [
        [
          320.0,
          0.0,
          320.0
        ],
        [
          0.0,
          320.0,
          240.0
        ],
        [
          0.0,
          0.0,
          1.0
        ]
      ],
      "extrinsics": [
        [
          -0.17364817766693064,
          -0.2755291985345342,
          0.9454786994680903,
          -3.6515958165955738
        ],
        [
          -0.984807753012208,
          0.04858323167461771,
          -0.16671340440137478,
          5.289796686591193
        ],
        [
          0.0,
          -0.9600642324110235,
          -0.2797796805435169,
          1.1680450004882814
        ],
        [
          0.0,
          0.0,
          0.0,
          1.0
        ]
      ]
    },
    "target_region": {
      "type": "circle",
      "params": {
        "center": [
          -1.5090000147853773,
          4.9119992379793675
        ],
        "radius": 1.360001524041265,
        "object_center": [
          -1.5090000147853773,
          4.9119992379793675,
          0.5340225002441407
        ],
        "sample_distance": 1.360001524041265,
        "min_distance": 1.360001524041265,
        "requested_distance": 0.8
      },
      "sample_point": [
        -1.134694137937859,
        6.219477442750665,
        1.5
      ],
      "sample_forward": [
        -0.22438413684626937,
        -0.7837904413732493,
        -0.5790719326160454
      ],
      "height": 1.5
    },
    "sample_target": [
      -1.134694137937859,
      6.219477442750665,
      1.5
    ],
    "camera_params": {
      "forward": [
        -0.22438413684626937,
        -0.7837904413732493,
        -0.5790719326160454
      ]
    },
    "task_type": "absolute_positioning",
    "task_description": "Move to any position 1.4m from cabinet",
    "target_object": {
      "label": "cabinet",
      "id": "131",
      "bbox_min": [
        -1.793000029964158,
        4.2319984759587355,
        0.0
      ],
      "bbox_max": [
        -1.2249999996065963,
        5.5920000000000005,
        1.0680450004882813
      ],
      "center": [
        -1.5090000147853773,
        4.9119992379793675,
        0.5340225002441407
      ]
    }
  },
  {
    "scene_id": "0368_840234",
    "object_label": "cabinet",
    "preset": "back",
    "distance": 1.5,
    "init_camera": {
      "intrinsics": [
        [
          320.0,
          0.0,
          320.0
        ],
        [
          0.0,
          320.0,
          240.0
        ],
        [
          0.0,
          0.0,
          1.0
        ]
      ],
      "extrinsics": [
        [
          -0.17364817766693064,
          -0.2755291985345342,
          0.9454786994680903,
          -3.6515958165955738
        ],
        [
          -0.984807753012208,
          0.04858323167461771,
          -0.16671340440137478,
          5.289796686591193
        ],
        [
          0.0,
          -0.9600642324110235,
          -0.2797796805435169,
          1.1680450004882814
        ],
        [
          0.0,
          0.0,
          0.0,
          1.0
        ]
      ]
    },
    "target_region": {
      "type": "circle",
      "params": {
        "center": [
          -1.5090000147853773,
          4.9119992379793675
        ],
        "radius": 1.5,
        "object_center": [
          -1.5090000147853773,
          4.9119992379793675,
          0.5340225002441407
        ],
        "sample_distance": 1.5,
        "min_distance": 1.360001524041265,
        "requested_distance": 1.5
      },
      "sample_point": [
        -2.7694714330880332,
        4.098849925957221,
        1.5
      ],
      "sample_forward": [
        0.7064916059781642,
        0.4557684966186396,
        -0.541428377694021
      ],
      "height": 1.5
    },
    "sample_target": [
      -2.7694714330880332,
      4.098849925957221,
      1.5
    ],
    "camera_params": {
      "forward": [
        0.7064916059781642,
        0.4557684966186396,
        -0.541428377694021
      ]
    },
    "task_type": "absolute_positioning",
    "task_description": "Move to any position 1.5m from cabinet",
    "target_object": {
      "label": "cabinet",
      "id": "131",
      "bbox_min": [
        -1.793000029964158,
        4.2319984759587355,
        0.0
      ],
      "bbox_max": [
        -1.2249999996065963,
        5.5920000000000005,
        1.0680450004882813
      ],
      "center": [
        -1.5090000147853773,
        4.9119992379793675,
        0.5340225002441407
      ]
    }
  },
  {
    "scene_id": "0368_840234",
    "object_label": "cabinet",
    "preset": "closer",
    "distance": 1.675648795672749,
    "init_camera": {
      "intrinsics": [
        [
          320.0,
          0.0,
          320.0
        ],
        [
          0.0,
          320.0,
          240.0
        ],
        [
          0.0,
          0.0,
          1.0
        ]
      ],
      "extrinsics": [
        [
          -0.17364817766693064,
          -0.2755291985345342,
          0.9454786994680903,
          -3.6515958165955738
        ],
        [
          -0.984807753012208,
          0.04858323167461771,
          -0.16671340440137478,
          5.289796686591193
        ],
        [
          0.0,
          -0.9600642324110235,
          -0.2797796805435169,
          1.1680450004882814
        ],
        [
          0.0,
          0.0,
          0.0,
          1.0
        ]
      ]
    },
    "target_region": {
      "type": "point",
      "params": {
        "delta": 0.5,
        "start_position": [
          -3.6515958165955738,
          5.289796686591193,
          1.1680450004882814
        ],
        "sample_distance": 1.675648795672749,
        "min_distance": 1.360001524041265,
        "min_distance_enforced": false
      },
      "sample_point": [
        -3.1591919400894697,
        5.202972597757728,
        1.1680450004882814
      ],
      "sample_forward": [
        0.9210783900494098,
        -0.1624109715132267,
        -0.3538887900402008
      ],
      "height": 1.1680450004882814
    },
    "sample_target": [
      -3.1591919400894697,
      5.202972597757728,
      1.1680450004882814
    ],
    "camera_params": {
      "forward": [
        0.9210783900494098,
        -0.1624109715132267,
        -0.3538887900402008
      ]
    },
    "task_type": "delta_control",
    "task_description": "Move 0.5m toward cabinet",
    "target_object": {
      "label": "cabinet",
      "id": "131",
      "bbox_min": [
        -1.793000029964158,
        4.2319984759587355,
        0.0
      ],
      "bbox_max": [
        -1.2249999996065963,
        5.5920000000000005,
        1.0680450004882813
      ],
      "center": [
        -1.5090000147853773,
        4.9119992379793675,
        0.5340225002441407
      ]
    }
  },
  {
    "scene_id": "0368_840234",
    "object_label": "cabinet",
    "preset": "closer",
    "distance": 1.475648795672749,
    "init_camera": {
      "intrinsics": [
        [
          320.0,
          0.0,
          320.0
        ],
        [
          0.0,
          320.0,
          240.0
        ],
        [
          0.0,
          0.0,
          1.0
        ]
      ],
      "extrinsics": [
        [
          -0.17364817766693064,
          -0.2755291985345342,
          0.9454786994680903,
          -3.6515958165955738
        ],
        [
          -0.984807753012208,
          0.04858323167461771,
          -0.16671340440137478,
          5.289796686591193
        ],
        [
          0.0,
          -0.9600642324110235,
          -0.2797796805435169,
          1.1680450004882814
        ],
        [
          0.0,
          0.0,
          0.0,
          1.0
        ]
      ]
    },
    "target_region": {
      "type": "point",
      "params": {
        "delta": 0.7,
        "start_position": [
          -3.6515958165955738,
          5.289796686591193,
          1.1680450004882814
        ],
        "sample_distance": 1.475648795672749,
        "min_distance": 1.360001524041265,
        "min_distance_enforced": false
      },
      "sample_point": [
        -2.9622303894870283,
        5.168242962224341,
        1.1680450004882814
      ],
      "sample_forward": [
        0.9048252026088422,
        -0.1595450960449425,
        -0.39476159267572847
      ],
      "height": 1.1680450004882814
    },
    "sample_target": [
      -2.9622303894870283,
      5.168242962224341,
      1.1680450004882814
    ],
    "camera_params": {
      "forward": [
        0.9048252026088422,
        -0.1595450960449425,
        -0.39476159267572847
      ]
    },
    "task_type": "delta_control",
    "task_description": "Move 0.7m toward cabinet",
    "target_object": {
      "label": "cabinet",
      "id": "131",
      "bbox_min": [
        -1.793000029964158,
        4.2319984759587355,
        0.0
      ],
      "bbox_max": [
        -1.2249999996065963,
        5.5920000000000005,
        1.0680450004882813
      ],
      "center": [
        -1.5090000147853773,
        4.9119992379793675,
        0.5340225002441407
      ]
    }
  },
  {
    "scene_id": "0368_840234",
    "object_label": "cabinet",
    "preset": "closer",
    "distance": 1.360001524041265,
    "init_camera": {
      "intrinsics": [
        [
          320.0,
          0.0,
          320.0
        ],
        [
          0.0,
          320.0,
          240.0
        ],
        [
          0.0,
          0.0,
          1.0
        ]
      ],
      "extrinsics": [
        [
          -0.17364817766693064,
          -0.2755291985345342,
          0.9454786994680903,
          -3.6515958165955738
        ],
        [
          -0.984807753012208,
          0.04858323167461771,
          -0.16671340440137478,
          5.289796686591193
        ],
        [
          0.0,
          -0.9600642324110235,
          -0.2797796805435169,
          1.1680450004882814
        ],
        [
          0.0,
          0.0,
          0.0,
          1.0
        ]
      ]
    },
    "target_region": {
      "type": "point",
      "params": {
        "delta": 1.0,
        "start_position": [
          -3.6515958165955738,
          5.289796686591193,
          1.1680450004882814
        ],
        "sample_distance": 1.360001524041265,
        "min_distance": 1.360001524041265,
        "min_distance_enforced": true
      },
      "sample_point": [
        -2.848340059769634,
        5.1481610242533815,
        1.1680450004882814
      ],
      "sample_forward": [
        0.8925783038344776,
        -0.15738563736101652,
        -0.42253252262569496
      ],
      "height": 1.1680450004882814
    },
    "sample_target": [
      -2.848340059769634,
      5.1481610242533815,
      1.1680450004882814
    ],
    "camera_params": {
      "forward": [
        0.8925783038344776,
        -0.15738563736101652,
        -0.42253252262569496
      ]
    },
    "task_type": "delta_control",
    "task_description": "Move 1.0m toward cabinet",
    "target_object": {
