[
  {
    "scene_id": "0352_840365",
    "object_label": "wardrobe",
    "preset": "right",
    "distance": 2.5000000003934026,
    "init_camera": {
      "intrinsics": [
        [
          320.0,
          0.0,
          320.0
        ],
        [
          0.0,
          320.0,
          240.0
        ],
        [
          0.0,
          0.0,
          1.0
        ]
      ],
      "extrinsics": [
        [
          -0.9396926207859083,
          -0.06794882929175611,
          0.33520252838901843,
          -2.901328405605905
        ],
        [
          -0.3420201433256686,
          0.18668787415747676,
          -0.9209613776929254,
          2.452325289721836
        ],
        [
          0.0,
          -0.9800666274496046,
          -0.198669086069167,
          1.6
        ],
        [
          0.0,
          0.0,
          0.0,
          1.0
        ]
      ]
    },
    "target_region": {
      "type": "circle",
      "params": {
        "center": [
          -2.310794229789312,
          0.8298459762495013
        ],
        "radius": 2.5000000003934026,
        "object_center": [
          -2.310794229789312,
          0.8298459762495013,
          1.2499999998032987
        ],
        "sample_distance": 2.5000000003934026,
        "min_distance": 2.5000000003934026,
        "requested_distance": 0.8
      },
      "sample_point": [
        -0.6184241027395121,
        2.669922973289695,
        1.5
      ],
      "sample_forward": [
        -0.6735884862957876,
        -0.7323780178421515,
        -0.09950371908301084
      ],
      "height": 1.5
    },
    "sample_target": [
      -0.6184241027395121,
      2.669922973289695,
      1.5
    ],
    "camera_params": {
      "forward": [
        -0.6735884862957876,
        -0.7323780178421515,
        -0.09950371908301084
      ]
    },
    "task_type": "absolute_positioning",
    "task_description": "Move to any position 2.5m from wardrobe",
    "target_object": {
      "label": "wardrobe",
      "id": "81",
      "bbox_min": [
        -3.154794277587717,
        0.5458458785755889,
        -3.9340284274658187e-10
      ],
      "bbox_max": [
        -1.4667941819909074,
        1.1138460739234135,
        2.5
      ],
      "center": [
        -2.3107942297893125,
        0.8298459762495012,
        1.2499999998032987
      ]
    }
  },
  {
    "scene_id": "0352_840365",
    "object_label": "wardrobe",
    "preset": "occupancy_30",
    "distance": 5.206624713432341,
    "init_camera": {
      "intrinsics": [
        [
          320.0,
          0.0,
          320.0
        ],
        [
          0.0,
          320.0,
          240.0
        ],
        [
          0.0,
          0.0,
          1.0
        ]
      ],
      "extrinsics": [
        [
          -0.9396926207859083,
          -0.06794882929175611,
          0.33520252838901843,
          -2.901328405605905
        ],
        [
          -0.3420201433256686,
          0.18668787415747676,
          -0.9209613776929254,
          2.452325289721836
        ],
        [
          0.0,
          -0.9800666274496046,
          -0.198669086069167,
          1.6
        ],
        [
          0.0,
          0.0,
          0.0,
          1.0
        ]
      ]
    },
    "target_region": {
      "type": "circle",
      "params": {
        "center": [
          -2.310794229789312,
          0.8298459762495013
        ],
        "radius": 5.206624713432341,
        "object_center": [
          -2.310794229789312,
          0.8298459762495013,
          1.2499999998032987
        ],
        "object_height": 2.5000000003934026,
        "occupancy_ratio": 0.3,
        "fov_vertical": 90.0,
        "sample_distance": 5.206624713432341,
        "min_distance": 2.5000000003934026
      },
      "sample_point": [
        -1.1876590773229962,
        5.9138904622683715,
        1.5
      ],
      "sample_forward": [
        -0.21546447988980716,
        -0.9753331987795218,
        -0.04796049691486212
      ],
      "height": 1.5
    },
    "sample_target": [
      -1.1876590773229962,
      5.9138904622683715,
      1.5
    ],
    "camera_params": {
      "forward": [
        -0.21546447988980716,
        -0.9753331987795218,
        -0.04796049691486212
      ]
    },
    "task_type": "screen_occupancy",
    "task_description": "Position where wardrobe occupies 30% of vertical FOV",
    "target_object": {
      "label": "wardrobe",
      "id": "81",
      "bbox_min": [
        -3.154794277587717,
        0.5458458785755889,
        -3.9340284274658187e-10
      ],
      "bbox_max": [
        -1.4667941819909074,
        1.1138460739234135,
        2.5
      ],
      "center": [
        -2.3107942297893125,
        0.8298459762495012,
        1.2499999998032987
      ]
    }
  },
  {
    "scene_id": "0352_840365",
    "object_label": "wardrobe",
    "preset": "occupancy_50",
    "distance": 3.017766953441248,
    "init_camera": {
      "intrinsics": [
        [
          320.0,
          0.0,
          320.0
        ],
        [
          0.0,
          320.0,
          240.0
        ],
        [
          0.0,
          0.0,
          1.0
        ]
      ],
      "extrinsics": [
        [
          -0.9396926207859083,
          -0.06794882929175611,
          0.33520252838901843,
          -2.901328405605905
        ],
        [
          -0.3420201433256686,
          0.18668787415747676,
          -0.9209613776929254,
          2.452325289721836
        ],
        [
          0.0,
          -0.9800666274496046,
          -0.198669086069167,
          1.6
        ],
        [
          0.0,
          0.0,
          0.0,
          1.0
        ]
      ]
    },
    "target_region": {
      "type": "circle",
      "params": {
        "center": [
          -2.310794229789312,
          0.8298459762495013
        ],
        "radius": 3.017766953441248,
        "object_center": [
          -2.310794229789312,
          0.8298459762495013,
          1.2499999998032987
        ],
        "object_height": 2.5000000003934026,
        "occupancy_ratio": 0.5,
        "fov_vertical": 90.0,
        "sample_distance": 3.017766953441248,
        "min_distance": 2.5000000003934026
      },
      "sample_point": [
        -5.149222304578242,
        -0.19496788466968196,
        1.5
      ],
      "sample_forward": [
        0.9373613076841173,
        0.3384341034871733,
        -0.0825598961576067
      ],
      "height": 1.5
    },
    "sample_target": [
      -5.149222304578242,
      -0.19496788466968196,
      1.5
    ],
    "camera_params": {
      "forward": [
        0.9373613076841173,
        0.3384341034871733,
        -0.0825598961576067
      ]
    },
    "task_type": "screen_occupancy",
    "task_description": "Position where wardrobe occupies 50% of vertical FOV",
    "target_object": {
      "label": "wardrobe",
      "id": "81",
      "bbox_min": [
        -3.154794277587717,
        0.5458458785755889,
        -3.9340284274658187e-10
      ],
      "bbox_max": [
        -1.4667941819909074,
        1.1138460739234135,
        2.5
      ],
      "center": [
        -2.3107942297893125,
        0.8298459762495012,
        1.2499999998032987
      ]
    }
  },
  {
    "scene_id": "0352_840365",
    "object_label": "wardrobe",
    "preset": "occupancy_30",
    "distance": 5.206624713432341,
    "init_camera": {
      "intrinsics": [
        [
          320.0,
          0.0,
          320.0
        ],
        [
          0.0,
          320.0,
          240.0
        ],
        [
          0.0,
          0.0,
          1.0
        ]
      ],
      "extrinsics": [
        [
          -0.9396926207859083,
          0.05474942193092125,
          -0.3376096551325821,
          -1.5726265100185715
        ],
        [
          0.3420201433256688,
          0.15042280048339976,
          -0.9275749040666315,
          2.857945118089919
        ],
        [
          0.0,
          -0.9871045952141856,
          -0.16007660074801297,
          1.6
        ],
        [
          0.0,
          0.0,
          0.0,
          1.0
        ]
      ]
    },
    "target_region": {
      "type": "circle",
      "params": {
        "center": [
          -2.310794229789312,
          0.8298459762495013
        ],
        "radius": 5.206624713432341,
        "object_center": [
          -2.310794229789312,
          0.8298459762495013,
          1.2499999998032987
        ],
        "object_height": 2.5000000003934026,
        "occupancy_ratio": 0.3,
        "fov_vertical": 90.0,
        "sample_distance": 5.206624713432341,
        "min_distance": 2.5000000003934026
      },
      "sample_point": [
        2.0514267335647163,
        3.6723746345745263,
        1.5
      ],
      "sample_forward": [
        -0.8368571395611074,
        -0.5453163473629603,
        -0.04796049691486212
      ],
      "height": 1.5
    },
    "sample_target": [
      2.0514267335647163,
      3.6723746345745263,
      1.5
    ],
    "camera_params": {
      "forward": [
        -0.8368571395611074,
        -0.5453163473629603,
        -0.04796049691486212
      ]
    },
    "task_type": "screen_occupancy",
    "task_description": "Position where wardrobe occupies 30% of vertical FOV",
    "target_object": {
      "label": "wardrobe",
      "id": "81",
      "bbox_min": [
        -3.154794277587717,
        0.5458458785755889,
        -3.9340284274658187e-10
      ],
      "bbox_max": [
        -1.4667941819909074,
        1.1138460739234135,
        2.5
      ],
      "center": [
        -2.3107942297893125,
        0.8298459762495012,
        1.2499999998032987
      ]
    }
  },
  {
    "scene_id": "0352_840365",
    "object_label": "wardrobe",
    "preset": "front",
    "distance": 2.5000000003934026,
    "init_camera": {
      "intrinsics": [
        [
          320.0,
          0.0,
          320.0
        ],
        [
          0.0,
          320.0,
          240.0
        ],
        [
          0.0,
          0.0,
          1.0
        ]
      ],
      "extrinsics": [
        [
          -0.9396926207859083,
          0.06794882929175614,
          -0.3352025283890186,
          -1.7202600539727195
        ],
        [
          0.34202014332566877,
          0.18668787415747676,
          -0.9209613776929254,
          2.452325289721836
        ],
        [
          0.0,
          -0.9800666274496046,
          -0.198669086069167,
          1.6
        ],
        [
          0.0,
          0.0,
          0.0,
          1.0
        ]
      ]
    },
    "target_region": {
      "type": "circle",
      "params": {
        "center": [
          -2.310794229789312,
          0.8298459762495013
        ],
        "radius": 2.5000000003934026,
        "object_center": [
          -2.310794229789312,
          0.8298459762495013,
          1.2499999998032987
        ],
        "sample_distance": 2.5000000003934026,
        "min_distance": 2.5000000003934026,
        "requested_distance": 0.8
      },
      "sample_point": [
        -0.02833029024973266,
        -0.19013361505047988,
        1.5
      ],
      "sample_forward": [
        -0.9084546019134173,
        0.4059670505730531,
        -0.09950371908301084
      ],
      "height": 1.5
    },
    "sample_target": [
      -0.02833029024973266,
      -0.19013361505047988,
      1.5
    ],
    "camera_params": {
      "forward": [
        -0.9084546019134173,
        0.4059670505730531,
        -0.09950371908301084
      ]
    },
    "task_type": "absolute_positioning",
    "task_description": "Move to any position 2.5m from wardrobe",
    "target_object": {
      "label": "wardrobe",
      "id": "81",
      "bbox_min": [
        -3.154794277587717,
        0.5458458785755889,
        -3.9340284274658187e-10
      ],
      "bbox_max": [
        -1.4667941819909074,
        1.1138460739234135,
        2.5
      ],
      "center": [
        -2.3107942297893125,
        0.8298459762495012,
        1.2499999998032987
      ]
    }
  },
  {
    "scene_id": "0352_840365",
    "object_label": "wardrobe",
    "preset": "right",
    "distance": 2.5000000003934026,
    "init_camera": {
      "intrinsics": [
        [
          320.0,
          0.0,
          320.0
        ],
        [
          0.0,
          320.0,
          240.0
        ],
        [
          0.0,
          0.0,
          1.0
        ]
      ],
      "extrinsics": [
        [
          -0.9396926207859083,
          0.06794882929175614,
          -0.3352025283890186,
          -1.7202600539727195
        ],
        [
          0.34202014332566877,
          0.18668787415747676,
          -0.9209613776929254,
          2.452325289721836
        ],
        [
          0.0,
          -0.9800666274496046,
          -0.198669086069167,
          1.6
        ],
        [
          0.0,
          0.0,
          0.0,
          1.0
        ]
      ]
    },
    "target_region": {
      "type": "circle",
      "params": {
        "center": [
          -2.310794229789312,
          0.8298459762495013
        ],
        "radius": 2.5000000003934026,
        "object_center": [
          -2.310794229789312,
          0.8298459762495013,
          1.2499999998032987
        ],
        "sample_distance": 2.5000000003934026,
        "min_distance": 2.5000000003934026,
        "requested_distance": 1.0
      },
      "sample_point": [
        -1.7497654208283158,
        3.2660821465504886,
        1.5
      ],
      "sample_forward": [
        -0.22329781184163258,
        -0.969658237275066,
        -0.09950371908301082
      ],
      "height": 1.5
    },
    "sample_target": [
      -1.7497654208283158,
      3.2660821465504886,
      1.5
    ],
    "camera_params": {
      "forward": [
        -0.22329781184163258,
        -0.969658237275066,
        -0.09950371908301082
      ]
    },
    "task_type": "absolute_positioning",
    "task_description": "Move to any position 2.5m from wardrobe",
    "target_object": {
      "label": "wardrobe",
      "id": "81",
      "bbox_min": [
        -3.154794277587717,
        0.5458458785755889,
        -3.9340284274658187e-10
      ],
      "bbox_max": [
        -1.4667941819909074,
        1.1138460739234135,
        2.5
      ],
      "center": [
        -2.3107942297893125,
        0.8298459762495012,
        1.2499999998032987
      ]
    }
  },
  {
    "scene_id": "0352_840365",
    "object_label": "wardrobe",
    "preset": "right",
    "distance": 2.5000000003934026,
    "init_camera": {
      "intrinsics": [
        [
          320.0,
          0.0,
          320.0
        ],
        [
          0.0,
          320.0,
          240.0
        ],
        [
          0.0,
          0.0,
          1.0
        ]
      ],
      "extrinsics": [
        [
          -0.9396926207859083,
          0.06794882929175614,
          -0.3352025283890186,
          -1.7202600539727195
        ],
        [
          0.34202014332566877,
          0.18668787415747676,
          -0.9209613776929254,
          2.452325289721836
        ],
        [
          0.0,
          -0.9800666274496046,
          -0.198669086069167,
          1.6
        ],
        [
          0.0,
          0.0,
          0.0,
          1.0
        ]
      ]
    },
    "target_region": {
      "type": "circle",
      "params": {
        "center": [
          -2.310794229789312,
          0.8298459762495013
        ],
        "radius": 2.5000000003934026,
        "object_center": [
          -2.310794229789312,
          0.8298459762495013,
          1.2499999998032987
        ],
        "sample_distance": 2.5000000003934026,
        "min_distance": 2.5000000003934026,
        "requested_distance": 1.2
      },
      "sample_point": [
        -1.2131244512967325,
        3.075980669305789,
        1.5
      ],
      "sample_forward": [
        -0.436888900796399,
        -0.8939950213785106,
        -0.09950371908301085
      ],
      "height": 1.5
    },
    "sample_target": [
      -1.2131244512967325,
      3.075980669305789,
      1.5
    ],
    "camera_params": {
      "forward": [
        -0.436888900796399,
        -0.8939950213785106,
        -0.09950371908301085
      ]
    },
    "task_type": "absolute_positioning",
    "task_description": "Move to any position 2.5m from wardrobe",
    "target_object": {
      "label": "wardrobe",
      "id": "81",
      "bbox_min": [
        -3.154794277587717,
        0.5458458785755889,
        -3.9340284274658187e-10
      ],
      "bbox_max": [
        -1.4667941819909074,
        1.1138460739234135,
        2.5
      ],
      "center": [
        -2.3107942297893125,
        0.8298459762495012,
        1.2499999998032987
      ]
    }
  },
  {
    "scene_id": "0352_840365",
    "object_label": "wardrobe",
    "preset": "left",
    "distance": 2.5000000003934026,
    "init_camera": {
      "intrinsics": [
        [
          320.0,
          0.0,
          320.0
        ],
        [
          0.0,
          320.0,
          240.0
        ],
        [
          0.0,
          0.0,
          1.0
        ]
      ],
      "extrinsics": [
        [
          -0.9396926207859083,
          0.06794882929175614,
          -0.3352025283890186,
          -1.7202600539727195
        ],
        [
          0.34202014332566877,
          0.18668787415747676,
          -0.9209613776929254,
          2.452325289721836
        ],
        [
          0.0,
          -0.9800666274496046,
          -0.198669086069167,
          1.6
        ],
        [
          0.0,
          0.0,
          0.0,
          1.0
        ]
      ]
    },
    "target_region": {
      "type": "circle",
      "params": {
        "center": [
          -2.310794229789312,
          0.8298459762495013
        ],
        "radius": 2.5000000003934026,
        "object_center": [
          -2.310794229789312,
          0.8298459762495013,
          1.2499999998032987
        ],
        "sample_distance": 2.5000000003934026,
        "min_distance": 2.5000000003934026,
        "requested_distance": 1.5
      },
      "sample_point": [
        -1.9486805947983465,
        -1.6437897522523008,
        1.5
      ],
      "sample_forward": [
        -0.14412661353567624,
        0.9845438177955245,
        -0.09950371908301084
      ],
      "height": 1.5
    },
    "sample_target": [
      -1.9486805947983465,
      -1.6437897522523008,
      1.5
    ],
    "camera_params": {
      "forward": [
        -0.14412661353567624,
        0.9845438177955245,
        -0.09950371908301084
      ]
    },
    "task_type": "absolute_positioning",
    "task_description": "Move to any position 2.5m from wardrobe",
    "target_object": {
      "label": "wardrobe",
      "id": "81",
      "bbox_min": [
        -3.154794277587717,
        0.5458458785755889,
        -3.9340284274658187e-10
      ],
      "bbox_max": [
        -1.4667941819909074,
        1.1138460739234135,
        2.5
      ],
      "center": [
        -2.3107942297893125,
        0.8298459762495012,
        1.2499999998032987
      ]
    }
  },
  {
    "scene_id": "0352_840365",
    "object_label": "wardrobe",
    "preset": "occupancy_30",
    "distance": 5.206624713432341,
    "init_camera": {
      "intrinsics": [
        [
          320.0,
          0.0,
          320.0
        ],
        [
          0.0,
          320.0,
          240.0
        ],
        [
          0.0,
          0.0,
          1.0
        ]
      ],
      "extrinsics": [
        [
          -0.9396926207859083,
          0.06794882929175614,
          -0.3352025283890186,
          -1.7202600539727195
        ],
        [
          0.34202014332566877,
          0.18668787415747676,
          -0.9209613776929254,
          2.452325289721836
        ],
        [
          0.0,
          -0.9800666274496046,
          -0.198669086069167,
          1.6
        ],
        [
          0.0,
          0.0,
          0.0,
          1.0
        ]
      ]
    },
    "target_region": {
      "type": "circle",
      "params": {
        "center": [
          -2.310794229789312,
          0.8298459762495013
        ],
        "radius": 5.206624713432341,
        "object_center": [
          -2.310794229789312,
          0.8298459762495013,
          1.2499999998032987
        ],
        "object_height": 2.5000000003934026,
        "occupancy_ratio": 0.3,
        "fov_vertical": 90.0,
        "sample_distance": 5.206624713432341,
        "min_distance": 2.5000000003934026
      },
      "sample_point": [
        -3.9277399674872635,
        5.779030493709407,
        1.5
      ],
      "sample_forward": [
        0.3101980840133827,
        -0.9494613943758355,
        -0.04796049691486212
      ],
      "height": 1.5
    },
    "sample_target": [
      -3.9277399674872635,
      5.779030493709407,
      1.5
    ],
    "camera_params": {
      "forward": [
        0.3101980840133827,
        -0.9494613943758355,
        -0.04796049691486212
      ]
    },
    "task_type": "screen_occupancy",
    "task_description": "Position where wardrobe occupies 30% of vertical FOV",
    "target_object": {
      "label": "wardrobe",
      "id": "81",
      "bbox_min": [
        -3.154794277587717,
        0.5458458785755889,
        -3.9340284274658187e-10
      ],
      "bbox_max": [
        -1.4667941819909074,
        1.1138460739234135,
        2.5
      ],
      "center": [
        -2.3107942297893125,
        0.8298459762495012,
        1.2499999998032987
      ]
    }
  },
  {
    "scene_id": "0352_840365",
    "object_label": "wardrobe",
    "preset": "occupancy_50",
    "distance": 3.017766953441248,
    "init_camera": {
      "intrinsics": [
        [
          320.0,
          0.0,
          320.0
        ],
        [
          0.0,
          320.0,
          240.0
        ],
        [
          0.0,
          0.0,
          1.0
        ]
      ],
      "extrinsics": [
        [
          -0.9396926207859083,
          0.06794882929175614,
          -0.3352025283890186,
          -1.7202600539727195
        ],
        [
          0.34202014332566877,
          0.18668787415747676,
          -0.9209613776929254,
          2.452325289721836
        ],
        [
          0.0,
          -0.9800666274496046,
          -0.198669086069167,
          1.6
        ],
        [
          0.0,
          0.0,
          0.0,
          1.0
        ]
      ]
    },
    "target_region": {
      "type": "circle",
      "params": {
        "center": [
          -2.310794229789312,
          0.8298459762495013
        ],
        "radius": 3.017766953441248,
        "object_center": [
          -2.310794229789312,
          0.8298459762495013,
          1.2499999998032987
        ],
        "object_height": 2.5000000003934026,
        "occupancy_ratio": 0.5,
        "fov_vertical": 90.0,
        "sample_distance": 3.017766953441248,
        "min_distance": 2.5000000003934026
      },
      "sample_point": [
        -4.731166418293864,
        -0.972573468384781,
        1.5
      ],
      "sample_forward": [
        0.7993027055538849,
        0.5952302482574997,
        -0.0825598961576067
      ],
      "height": 1.5
    },
    "sample_target": [
      -4.731166418293864,
      -0.972573468384781,
      1.5
    ],
    "camera_params": {
      "forward": [
        0.7993027055538849,
        0.5952302482574997,
        -0.0825598961576067
      ]
    },
    "task_type": "screen_occupancy",
    "task_description": "Position where wardrobe occupies 50% of vertical FOV",
    "target_object": {
      "label": "wardrobe",
      "id": "81",
      "bbox_min": [
        -3.154794277587717,
        0.5458458785755889,
        -3.9340284274658187e-10
      ],
      "bbox_max": [
        -1.4667941819909074,
        1.1138460739234135,
        2.5
      ],
      "center": [
        -2.3107942297893125,
        0.8298459762495012,
        1.2499999998032987
      ]
    }
  },
  {
    "scene_id": "0352_840365",
    "object_label": "wardrobe",
    "preset": "front",
    "distance": 2.5000000003934026,
    "init_camera": {
      "intrinsics": [
        [
          320.0,
          0.0,
          320.0
        ],
        [
          0.0,
          320.0,
          240.0
        ],
        [
          0.0,
          0.0,
          1.0
        ]
      ],
      "extrinsics": [
        [
          -0.984807753012208,
          0.03449852475466541,
          -0.17018678384879818,
          -2.0109721711132207
        ],
        [
          0.17364817766693036,
          0.1956508562447654,
          -0.9651772131808979,
          2.5302213667395748
        ],
        [
          0.0,
          -0.9800666274496046,
          -0.19866908606916706,
          1.6
        ],
        [
          0.0,
          0.0,
          0.0,
          1.0
        ]
      ]
    },
    "target_region": {
      "type": "circle",
      "params": {
        "center": [
          -2.310794229789312,
          0.8298459762495013
        ],
        "radius": 2.5000000003934026,
        "object_center": [
          -2.310794229789312,
          0.8298459762495013,
          1.2499999998032987
        ],
        "sample_distance": 2.5000000003934026,
        "min_distance": 2.5000000003934026,
        "requested_distance": 0.8
      },
      "sample_point": [
        -0.1439595830712861,
        2.076773245880485,
        1.5
      ],
      "sample_forward": [
        -0.8624324232668956,
        -0.49629560262674044,
        -0.09950371908301084
      ],
      "height": 1.5
    },
    "sample_target": [
      -0.1439595830712861,
      2.076773245880485,
      1.5
    ],
    "camera_params": {
      "forward": [
        -0.8624324232668956,
        -0.49629560262674044,
        -0.09950371908301084
      ]
    },
    "task_type": "absolute_positioning",
    "task_description": "Move to any position 2.5m from wardrobe",
    "target_object": {
      "label": "wardrobe",
      "id": "81",
      "bbox_min": [
        -3.154794277587717,
        0.5458458785755889,
        -3.9340284274658187e-10
      ],
      "bbox_max": [
        -1.4667941819909074,
        1.1138460739234135,
        2.5
      ],
      "center": [
        -2.3107942297893125,
        0.8298459762495012,
        1.2499999998032987
      ]
    }
  },
  {
    "scene_id": "0352_840365",
    "object_label": "wardrobe",
    "preset": "left",
    "distance": 2.5000000003934026,
    "init_camera": {
      "intrinsics": [
        [
          320.0,
          0.0,
          320.0
        ],
        [
          0.0,
          320.0,
          240.0
        ],
        [
          0.0,
          0.0,
          1.0
        ]
      ],
      "extrinsics": [
        [
          -0.984807753012208,
          0.03449852475466541,
          -0.17018678384879818,
          -2.0109721711132207
        ],
        [
          0.17364817766693036,
          0.1956508562447654,
          -0.9651772131808979,
          2.5302213667395748
        ],
        [
          0.0,
          -0.9800666274496046,
          -0.19866908606916706,
          1.6
        ],
        [
          0.0,
          0.0,
          0.0,
          1.0
        ]
      ]
    },
    "target_region": {
      "type": "circle",
      "params": {
        "center": [
          -2.310794229789312,
          0.8298459762495013
        ],
        "radius": 2.5000000003934026,
        "object_center": [
          -2.310794229789312,
          0.8298459762495013,
          1.2499999998032987
        ],
        "sample_distance": 2.5000000003934026,
        "min_distance": 2.5000000003934026,
        "requested_distance": 1.0
      },
      "sample_point": [
        -0.9498483466364958,
        -1.2672535218898724,
        1.5
      ],
      "sample_forward": [
        -0.5416767069514776,
        0.834676796751205,
        -0.09950371908301084
      ],
      "height": 1.5
    },
    "sample_target": [
      -0.9498483466364958,
      -1.2672535218898724,
      1.5
    ],
    "camera_params": {
      "forward": [
        -0.5416767069514776,
        0.834676796751205,
        -0.09950371908301084
      ]
    },
    "task_type": "absolute_positioning",
    "task_description": "Move to any position 2.5m from wardrobe",
    "target_object": {
      "label": "wardrobe",
      "id": "81",
      "bbox_min": [
        -3.154794277587717,
        0.5458458785755889,
        -3.9340284274658187e-10
      ],
      "bbox_max": [
        -1.4667941819909074,
        1.1138460739234135,
        2.5
      ],
      "center": [
        -2.3107942297893125,
        0.8298459762495012,
        1.2499999998032987
      ]
    }
  },
  {
    "scene_id": "0352_840365",
    "object_label": "wardrobe",
    "preset": "front",
    "distance": 2.5000000003934026,
    "init_camera": {
      "intrinsics": [
        [
          320.0,
          0.0,
          320.0
        ],
        [
          0.0,
          320.0,
          240.0
        ],
        [
          0.0,
          0.0,
          1.0
        ]
      ],
      "extrinsics": [
        [
          -0.984807753012208,
          0.03449852475466541,
          -0.17018678384879818,
          -2.0109721711132207
        ],
        [
          0.17364817766693036,
          0.1956508562447654,
          -0.9651772131808979,
          2.5302213667395748
        ],
        [
          0.0,
          -0.9800666274496046,
          -0.19866908606916706,
          1.6
        ],
        [
          0.0,
          0.0,
          0.0,
          1.0
        ]
      ]
    },
    "target_region": {
      "type": "circle",
      "params": {
        "center": [
          -2.310794229789312,
          0.8298459762495013
        ],
        "radius": 2.5000000003934026,
        "object_center": [
          -2.310794229789312,
          0.8298459762495013,
          1.2499999998032987
        ],
        "sample_distance": 2.5000000003934026,
        "min_distance": 2.5000000003934026,
        "requested_distance": 1.2
      },
      "sample_point": [
        0.048000563345661273,
        0.0015422120142112306,
        1.5
      ],
      "sample_forward": [
        -0.9388354171436035,
        0.3296772200280832,
        -0.09950371908301084
      ],
      "height": 1.5
    },
    "sample_target": [
      0.048000563345661273,
      0.0015422120142112306,
      1.5
    ],
    "camera_params": {
      "forward": [
        -0.9388354171436035,
        0.3296772200280832,
        -0.09950371908301084
      ]
    },
    "task_type": "absolute_positioning",
    "task_description": "Move to any position 2.5m from wardrobe",
    "target_object": {
      "label": "wardrobe",
      "id": "81",
      "bbox_min": [
        -3.154794277587717,
        0.5458458785755889,
        -3.9340284274658187e-10
      ],
      "bbox_max": [
        -1.4667941819909074,
        1.1138460739234135,
        2.5
      ],
      "center": [
        -2.3107942297893125,
        0.8298459762495012,
        1.2499999998032987
      ]
    }
  },
  {
    "scene_id": "0352_840365",
    "object_label": "wardrobe",
    "preset": "right",
    "distance": 2.5000000003934026,
    "init_camera": {
      "intrinsics": [
        [
          320.0,
          0.0,
          320.0
        ],
        [
          0.0,
          320.0,
          240.0
        ],
        [
          0.0,
          0.0,
          1.0
        ]
      ],
      "extrinsics": [
        [
          -0.984807753012208,
          0.03449852475466541,
          -0.17018678384879818,
          -2.0109721711132207
        ],
        [
          0.17364817766693036,
          0.1956508562447654,
          -0.9651772131808979,
          2.5302213667395748
        ],
        [
          0.0,
          -0.9800666274496046,
          -0.19866908606916706,
          1.6
        ],
        [
          0.0,
          0.0,
          0.0,
          1.0
        ]
      ]
    },
    "target_region": {
      "type": "circle",
      "params": {
        "center": [
          -2.310794229789312,
          0.8298459762495013
        ],
        "radius": 2.5000000003934026,
        "object_center": [
          -2.310794229789312,
          0.8298459762495013,
          1.2499999998032987
        ],
        "sample_distance": 2.5000000003934026,
        "min_distance": 2.5000000003934026,
        "requested_distance": 1.5
      },
      "sample_point": [
        -3.9427089929959007,
        2.723745183598033,
        1.5
      ],
      "sample_forward": [
        0.6495263521510555,
        -0.7538000582050868,
        -0.09950371908301084
      ],
      "height": 1.5
    },
    "sample_target": [
      -3.9427089929959007,
      2.723745183598033,
      1.5
    ],
    "camera_params": {
      "forward": [
        0.6495263521510555,
        -0.7538000582050868,
        -0.09950371908301084
      ]
    },
    "task_type": "absolute_positioning",
    "task_description": "Move to any position 2.5m from wardrobe",
    "target_object": {
      "label": "wardrobe",
      "id": "81",
      "bbox_min": [
        -3.154794277587717,
        0.5458458785755889,
        -3.9340284274658187e-10
      ],
      "bbox_max": [
        -1.4667941819909074,
        1.1138460739234135,
        2.5
      ],
      "center": [
        -2.3107942297893125,
        0.8298459762495012,
        1.2499999998032987
      ]
    }
  },
  {
    "scene_id": "0352_840365",
    "object_label": "wardrobe",
    "preset": "occupancy_50",
    "distance": 3.017766953441248,
    "init_camera": {
      "intrinsics": [
        [
          320.0,
          0.0,
          320.0
        ],
        [
          0.0,
          320.0,
          240.0
        ],
        [
          0.0,
          0.0,
          1.0
        ]
      ],
      "extrinsics": [
        [
          -0.984807753012208,
          0.03449852475466541,
          -0.17018678384879818,
          -2.0109721711132207
        ],
        [
          0.17364817766693036,
          0.1956508562447654,
          -0.9651772131808979,
          2.5302213667395748
        ],
        [
          0.0,
          -0.9800666274496046,
          -0.19866908606916706,
          1.6
        ],
        [
          0.0,
          0.0,
          0.0,
          1.0
        ]
      ]
    },
    "target_region": {
      "type": "circle",
      "params": {
        "center": [
          -2.310794229789312,
          0.8298459762495013
        ],
        "radius": 3.017766953441248,
        "object_center": [
          -2.310794229789312,
          0.8298459762495013,
          1.2499999998032987
        ],
        "object_height": 2.5000000003934026,
        "occupancy_ratio": 0.5,
        "fov_vertical": 90.0,
        "sample_distance": 3.017766953441248,
        "min_distance": 2.5000000003934026
      },
      "sample_point": [
        -4.133419341017055,
        3.235039334215577,
        1.5
      ],
      "sample_forward": [
        0.601902959195255,
        -0.7942900548656266,
        -0.0825598961576067
      ],
      "height": 1.5
    },
    "sample_target": [
      -4.133419341017055,
      3.235039334215577,
      1.5
    ],
    "camera_params": {
      "forward": [
        0.601902959195255,
        -0.7942900548656266,
        -0.0825598961576067
      ]
    },
    "task_type": "screen_occupancy",
    "task_description": "Position where wardrobe occupies 50% of vertical FOV",
    "target_object": {
      "label": "wardrobe",
      "id": "81",
      "bbox_min": [
        -3.154794277587717,
        0.5458458785755889,
        -3.9340284274658187e-10
      ],
      "bbox_max": [
        -1.4667941819909074,
        1.1138460739234135,
        2.5
      ],
      "center": [
        -2.3107942297893125,
        0.8298459762495012,
        1.2499999998032987
      ]
    }
  },
  {
    "scene_id": "0352_840365",
    "object_label": "wardrobe",
    "preset": "right",
    "distance": 2.5000000003934026,
    "init_camera": {
      "intrinsics": [
        [
          320.0,
          0.0,
          320.0
        ],
        [
          0.0,
          320.0,
          240.0
        ],
        [
          0.0,
          0.0,
          1.0
        ]
      ],
      "extrinsics": [
        [
          -0.6427876096865391,
          0.15456533202494302,
          -0.7502890422826956,
          -2.5217819279007934
        ],
        [
          0.7660444431189781,
          0.12969571309492345,
          -0.6295672586557642,
          -0.552844064392328
        ],
        [
          0.0,
          -0.9794327849019648,
          -0.20177071110342443,
          1.6
        ],
        [
          0.0,
          0.0,
          0.0,
          1.0
        ]
      ]
    },
    "target_region": {
      "type": "circle",
      "params": {
        "center": [
          -3.8232649999999997,
          -1.6449180301742456
        ],
        "radius": 2.5000000003934026,
        "object_center": [
          -3.8232649999999997,
          -1.6449180301742456,
          1.2499999998032987
        ],
        "sample_distance": 2.5000000003934026,
        "min_distance": 2.5000000003934026,
        "requested_distance": 0.8
      },
      "sample_point": [
        -2.3395165796624386,
        0.36716810792044474,
        1.5
      ],
      "sample_forward": [
        -0.590553943563868,
        -0.8008402147930715,
        -0.09950371908301084
      ],
      "height": 1.5
    },
    "sample_target": [
      -2.3395165796624386,
      0.36716810792044474,
      1.5
    ],
    "camera_params": {
      "forward": [
        -0.590553943563868,
        -0.8008402147930715,
        -0.09950371908301084
      ]
    },
    "task_type": "absolute_positioning",
    "task_description": "Move to any position 2.5m from wardrobe",
    "target_object": {
      "label": "wardrobe",
      "id": "86",
      "bbox_min": [
        -4.621715053546453,
        -1.9289180603484912,
        -3.9340284274658187e-10
      ],
      "bbox_max": [
        -3.024814946453547,
        -1.3609179999999999,
        2.5
      ],
      "center": [
        -3.823265,
        -1.6449180301742454,
        1.2499999998032987
      ]
    }
  },
  {
    "scene_id": "0352_840365",
    "object_label": "wardrobe",
    "preset": "right",
    "distance": 2.5000000003934026,
    "init_camera": {
      "intrinsics": [
        [
          320.0,
          0.0,
          320.0
        ],
        [
          0.0,
          320.0,
          240.0
        ],
        [
          0.0,
          0.0,
          1.0
        ]
      ],
      "extrinsics": [
        [
          -0.6427876096865391,
          0.15456533202494302,
          -0.7502890422826956,
          -2.5217819279007934
        ],
        [
          0.7660444431189781,
          0.12969571309492345,
          -0.6295672586557642,
          -0.552844064392328
        ],
        [
          0.0,
          -0.9794327849019648,
          -0.20177071110342443,
          1.6
        ],
        [
          0.0,
          0.0,
          0.0,
          1.0
        ]
      ]
    },
    "target_region": {
      "type": "circle",
      "params": {
        "center": [
          -3.8232649999999997,
          -1.6449180301742456
        ],
        "radius": 2.5000000003934026,
        "object_center": [
          -3.8232649999999997,
          -1.6449180301742456,
          1.2499999998032987
        ],
        "sample_distance": 2.5000000003934026,
        "min_distance": 2.5000000003934026,
        "requested_distance": 1.0
      },
      "sample_point": [
        -3.008246566493611,
        0.7185000358927389,
        1.5
      ],
      "sample_forward": [
        -0.3243894607651497,
        -0.9406755485464394,
        -0.09950371908301084
      ],
      "height": 1.5
    },
    "sample_target": [
      -3.008246566493611,
      0.7185000358927389,
      1.5
    ],
    "camera_params": {
      "forward": [
        -0.3243894607651497,
        -0.9406755485464394,
        -0.09950371908301084
      ]
    },
    "task_type": "absolute_positioning",
    "task_description": "Move to any position 2.5m from wardrobe",
