[
  {
    "scene_id": "0229_840306",
    "object_label": "platform",
    "preset": "occupancy_20",
    "distance": 1.26275030293501,
    "init_camera": {
      "intrinsics": [
        [
          320.0,
          0.0,
          320.0
        ],
        [
          0.0,
          320.0,
          240.0
        ],
        [
          0.0,
          0.0,
          1.0
        ]
      ],
      "extrinsics": [
        [
          0.0,
          0.6097107608496924,
          0.7926239891046001,
          0.9734810000000003
        ],
        [
          -1.0,
          0.0,
          0.0,
          -4.806407
        ],
        [
          0.0,
          -0.7926239891046002,
          0.6097107608496923,
          1.6
        ],
        [
          0.0,
          0.0,
          0.0,
          1.0
        ]
      ]
    },
    "target_region": {
      "type": "circle",
      "params": {
        "center": [
          2.2734810000000003,
          -4.806407
        ],
        "radius": 1.26275030293501,
        "object_center": [
          2.2734810000000003,
          -4.806407,
          2.6
        ],
        "object_height": 0.40000000000000036,
        "occupancy_ratio": 0.2,
        "fov_vertical": 90.0,
        "sample_distance": 1.26275030293501,
        "min_distance": 1.0407674765349437
      },
      "sample_point": [
        1.6525952906509154,
        -3.70684378513305,
        1.5
      ],
      "sample_forward": [
        0.3707498416524445,
        -0.6565828165479187,
        0.6568436343062855
      ],
      "height": 1.5
    },
    "sample_target": [
      1.6525952906509154,
      -3.70684378513305,
      1.5
    ],
    "camera_params": {
      "forward": [
        0.3707498416524445,
        -0.6565828165479187,
        0.6568436343062855
      ]
    },
    "task_type": "screen_occupancy",
    "task_description": "Position where platform occupies 20% of vertical FOV",
    "target_object": {
      "label": "platform",
      "id": "109",
      "bbox_min": [
        2.1525009114242404,
        -5.326790738267472,
        2.4
      ],
      "bbox_max": [
        2.3944610885757602,
        -4.286023261732528,
        2.8000000000000003
      ],
      "center": [
        2.2734810000000003,
        -4.806407,
        2.6
      ]
    }
  },
  {
    "scene_id": "0229_840306",
    "object_label": "platform",
    "preset": "occupancy_20",
    "distance": 1.26275030293501,
    "init_camera": {
      "intrinsics": [
        [
          320.0,
          0.0,
          320.0
        ],
        [
          0.0,
          320.0,
          240.0
        ],
        [
          0.0,
          0.0,
          1.0
        ]
      ],
      "extrinsics": [
        [
          -0.6427876096865395,
          0.46706554025875097,
          0.6071852023363762,
          1.2776232239453291
        ],
        [
          -0.7660444431189779,
          -0.39191452256673515,
          -0.5094888793367556,
          -3.970783107407499
        ],
        [
          0.0,
          -0.7926239891046001,
          0.6097107608496924,
          1.6
        ],
        [
          0.0,
          0.0,
          0.0,
          1.0
        ]
      ]
    },
    "target_region": {
      "type": "circle",
      "params": {
        "center": [
          2.2734810000000003,
          -4.806407
        ],
        "radius": 1.26275030293501,
        "object_center": [
          2.2734810000000003,
          -4.806407,
          2.6
        ],
        "object_height": 0.40000000000000036,
        "occupancy_ratio": 0.2,
        "fov_vertical": 90.0,
        "sample_distance": 1.26275030293501,
        "min_distance": 1.0407674765349437
      },
      "sample_point": [
        1.9017200300505113,
        -6.013192858710929,
        1.5
      ],
      "sample_forward": [
        0.22198984235895652,
        0.7206087356955619,
        0.6568436343062856
      ],
      "height": 1.5
    },
    "sample_target": [
      1.9017200300505113,
      -6.013192858710929,
      1.5
    ],
    "camera_params": {
      "forward": [
        0.22198984235895652,
        0.7206087356955619,
        0.6568436343062856
      ]
    },
    "task_type": "screen_occupancy",
    "task_description": "Position where platform occupies 20% of vertical FOV",
    "target_object": {
      "label": "platform",
      "id": "109",
      "bbox_min": [
        2.1525009114242404,
        -5.326790738267472,
        2.4
      ],
      "bbox_max": [
        2.3944610885757602,
        -4.286023261732528,
        2.8000000000000003
      ],
      "center": [
        2.2734810000000003,
        -4.806407,
        2.6
      ]
    }
  },
  {
    "scene_id": "0229_840306",
    "object_label": "hood",
    "preset": "left",
    "distance": 1.5,
    "init_camera": {
      "intrinsics": [
        [
          320.0,
          0.0,
          320.0
        ],
        [
          0.0,
          320.0,
          240.0
        ],
        [
          0.0,
          0.0,
          1.0
        ]
      ],
      "extrinsics": [
        [
          -0.766044443118978,
          -0.30829671967895295,
          -0.5640292933897423,
          -5.073994512250769
        ],
        [
          0.6427876096865394,
          -0.3674137232624022,
          -0.672183936725599,
          2.739369254495182
        ],
        [
          0.0,
          -0.8774738107736642,
          0.4796245525474524,
          1.6
        ],
        [
          0.0,
          0.0,
          0.0,
          1.0
        ]
      ]
    },
    "target_region": {
      "type": "circle",
      "params": {
        "center": [
          -5.5882246,
          2.1265337
        ],
        "radius": 1.5,
        "object_center": [
          -5.5882246,
          2.1265337,
          2.0372776000000004
        ],
        "sample_distance": 1.5,
        "min_distance": 0.8973800284373501,
        "requested_distance": 1.5
      },
      "sample_point": [
        -4.542399602763824,
        1.051243006672864,
        1.5
      ],
      "sample_forward": [
        -0.6563811953732788,
        0.6748744699400584,
        0.3372064296294942
      ],
      "height": 1.5
    },
    "sample_target": [
      -4.542399602763824,
      1.051243006672864,
      1.5
    ],
    "camera_params": {
      "forward": [
        -0.6563811953732788,
        0.6748744699400584,
        0.3372064296294942
      ]
    },
    "task_type": "absolute_positioning",
    "task_description": "Move to any position 1.5m from hood",
    "target_object": {
      "label": "hood",
      "id": "113",
      "bbox_min": [
        -5.857657114730051,
        1.677843685781325,
        1.62554859609375
      ],
      "bbox_max": [
        -5.318792085269949,
        2.575223714218675,
        2.44900660390625
      ],
      "center": [
        -5.5882246,
        2.1265337,
        2.0372776
      ]
    }
  },
  {
    "scene_id": "0229_840306",
    "object_label": "hood",
    "preset": "occupancy_20",
    "distance": 2.5995546220487338,
    "init_camera": {
      "intrinsics": [
        [
          320.0,
          0.0,
          320.0
        ],
        [
          0.0,
          320.0,
          240.0
        ],
        [
          0.0,
          0.0,
          1.0
        ]
      ],
      "extrinsics": [
        [
          -0.766044443118978,
          -0.30829671967895295,
          -0.5640292933897423,
          -5.073994512250769
        ],
        [
          0.6427876096865394,
          -0.3674137232624022,
          -0.672183936725599,
          2.739369254495182
        ],
        [
          0.0,
          -0.8774738107736642,
          0.4796245525474524,
          1.6
        ],
        [
          0.0,
          0.0,
          0.0,
          1.0
        ]
      ]
    },
    "target_region": {
      "type": "circle",
      "params": {
        "center": [
          -5.5882246,
          2.1265337
        ],
        "radius": 2.5995546220487338,
        "object_center": [
          -5.5882246,
          2.1265337,
          2.0372776000000004
        ],
        "object_height": 0.8234580078125002,
        "occupancy_ratio": 0.2,
        "fov_vertical": 90.0,
        "sample_distance": 2.5995546220487338,
        "min_distance": 0.8973800284373501
      },
      "sample_point": [
        -7.905219586956278,
        3.305184820321198,
        1.5
      ],
      "sample_forward": [
        0.8728566876900733,
        -0.4440206036773651,
        0.20240283166176826
      ],
      "height": 1.5
    },
    "sample_target": [
      -7.905219586956278,
      3.305184820321198,
      1.5
    ],
    "camera_params": {
      "forward": [
        0.8728566876900733,
        -0.4440206036773651,
        0.20240283166176826
      ]
    },
    "task_type": "screen_occupancy",
    "task_description": "Position where hood occupies 20% of vertical FOV",
    "target_object": {
      "label": "hood",
      "id": "113",
      "bbox_min": [
        -5.857657114730051,
        1.677843685781325,
        1.62554859609375
      ],
      "bbox_max": [
        -5.318792085269949,
        2.575223714218675,
        2.44900660390625
      ],
      "center": [
        -5.5882246,
        2.1265337,
        2.0372776
      ]
    }
  },
  {
    "scene_id": "0229_840306",
    "object_label": "hood",
    "preset": "occupancy_30",
    "distance": 1.71497472531026,
    "init_camera": {
      "intrinsics": [
        [
          320.0,
          0.0,
          320.0
        ],
        [
          0.0,
          320.0,
          240.0
        ],
        [
          0.0,
          0.0,
          1.0
        ]
      ],
      "extrinsics": [
        [
          -0.766044443118978,
          -0.30829671967895295,
          -0.5640292933897423,
          -5.073994512250769
        ],
        [
          0.6427876096865394,
          -0.3674137232624022,
          -0.672183936725599,
          2.739369254495182
        ],
        [
          0.0,
          -0.8774738107736642,
          0.4796245525474524,
          1.6
        ],
        [
          0.0,
          0.0,
          0.0,
          1.0
        ]
      ]
    },
    "target_region": {
      "type": "circle",
      "params": {
        "center": [
          -5.5882246,
          2.1265337
        ],
        "radius": 1.71497472531026,
        "object_center": [
          -5.5882246,
          2.1265337,
          2.0372776000000004
        ],
        "object_height": 0.8234580078125002,
        "occupancy_ratio": 0.3,
        "fov_vertical": 90.0,
        "sample_distance": 1.71497472531026,
        "min_distance": 0.8973800284373501
      },
      "sample_point": [
        -5.378318504110252,
        0.42445328493103895,
        1.5
      ],
      "sample_forward": [
        -0.11679839216721571,
        0.9470913885406199,
        0.2989582535059929
      ],
      "height": 1.5
    },
    "sample_target": [
      -5.378318504110252,
      0.42445328493103895,
      1.5
    ],
    "camera_params": {
      "forward": [
        -0.11679839216721571,
        0.9470913885406199,
        0.2989582535059929
      ]
    },
    "task_type": "screen_occupancy",
    "task_description": "Position where hood occupies 30% of vertical FOV",
    "target_object": {
      "label": "hood",
      "id": "113",
      "bbox_min": [
        -5.857657114730051,
        1.677843685781325,
        1.62554859609375
      ],
      "bbox_max": [
        -5.318792085269949,
        2.575223714218675,
        2.44900660390625
      ],
      "center": [
        -5.5882246,
        2.1265337,
        2.0372776
      ]
    }
  },
  {
    "scene_id": "0229_840306",
    "object_label": "hood",
    "preset": "occupancy_50",
    "distance": 0.9940017452528341,
    "init_camera": {
      "intrinsics": [
        [
          320.0,
          0.0,
          320.0
        ],
        [
          0.0,
          320.0,
          240.0
        ],
        [
          0.0,
          0.0,
          1.0
        ]
      ],
      "extrinsics": [
        [
          -0.766044443118978,
          -0.30829671967895295,
          -0.5640292933897423,
          -5.073994512250769
        ],
        [
          0.6427876096865394,
          -0.3674137232624022,
          -0.672183936725599,
          2.739369254495182
        ],
        [
          0.0,
          -0.8774738107736642,
          0.4796245525474524,
          1.6
        ],
        [
          0.0,
          0.0,
          0.0,
          1.0
        ]
      ]
    },
    "target_region": {
      "type": "circle",
      "params": {
        "center": [
          -5.5882246,
          2.1265337
        ],
        "radius": 0.9940017452528341,
        "object_center": [
          -5.5882246,
          2.1265337,
          2.0372776000000004
        ],
        "object_height": 0.8234580078125002,
        "occupancy_ratio": 0.5,
        "fov_vertical": 90.0,
        "sample_distance": 0.9940017452528341,
        "min_distance": 0.8973800284373501
      },
      "sample_point": [
        -5.565346611987758,
        1.1327952700144268,
        1.5
      ],
      "sample_forward": [
        -0.02024753979459102,
        0.8794811150255275,
        0.47550289741043794
      ],
      "height": 1.5
    },
    "sample_target": [
      -5.565346611987758,
      1.1327952700144268,
      1.5
    ],
    "camera_params": {
      "forward": [
        -0.02024753979459102,
        0.8794811150255275,
        0.47550289741043794
      ]
    },
    "task_type": "screen_occupancy",
    "task_description": "Position where hood occupies 50% of vertical FOV",
    "target_object": {
      "label": "hood",
      "id": "113",
      "bbox_min": [
        -5.857657114730051,
        1.677843685781325,
        1.62554859609375
      ],
      "bbox_max": [
        -5.318792085269949,
        2.575223714218675,
        2.44900660390625
      ],
      "center": [
        -5.5882246,
        2.1265337,
        2.0372776
      ]
    }
  },
  {
    "scene_id": "0229_840306",
    "object_label": "hood",
    "preset": "back",
    "distance": 1.5,
    "init_camera": {
      "intrinsics": [
        [
          320.0,
          0.0,
          320.0
        ],
        [
          0.0,
          320.0,
          240.0
        ],
        [
          0.0,
          0.0,
          1.0
        ]
      ],
      "extrinsics": [
        [
          -0.8660254037844386,
          -0.2398122762737262,
          -0.4387369053868323,
          -5.1882246
        ],
        [
          0.5000000000000002,
          -0.41536704678483793,
          -0.7599146112855326,
          2.819354023027551
        ],
        [
          0.0,
          -0.8774738107736644,
          0.4796245525474522,
          1.6
        ],
        [
          0.0,
          0.0,
          0.0,
          1.0
        ]
      ]
    },
    "target_region": {
      "type": "circle",
      "params": {
        "center": [
          -5.5882246,
          2.1265337
        ],
        "radius": 1.5,
        "object_center": [
          -5.5882246,
          2.1265337,
          2.0372776000000004
        ],
        "sample_distance": 1.5,
        "min_distance": 0.8973800284373501,
        "requested_distance": 1.5
      },
      "sample_point": [
        -7.053535948163129,
        1.8058116194624159,
        1.5
      ],
      "sample_forward": [
        0.9196594237497874,
        0.20129174877460318,
        0.33720642962949415
      ],
      "height": 1.5
    },
    "sample_target": [
      -7.053535948163129,
      1.8058116194624159,
      1.5
    ],
    "camera_params": {
      "forward": [
        0.9196594237497874,
        0.20129174877460318,
        0.33720642962949415
      ]
    },
    "task_type": "absolute_positioning",
    "task_description": "Move to any position 1.5m from hood",
    "target_object": {
      "label": "hood",
      "id": "113",
      "bbox_min": [
        -5.857657114730051,
        1.677843685781325,
        1.62554859609375
      ],
      "bbox_max": [
        -5.318792085269949,
        2.575223714218675,
        2.44900660390625
      ],
      "center": [
        -5.5882246,
        2.1265337,
        2.0372776
      ]
    }
  },
  {
    "scene_id": "0229_840306",
    "object_label": "hood",
    "preset": "occupancy_20",
    "distance": 2.5995546220487338,
    "init_camera": {
      "intrinsics": [
        [
          320.0,
          0.0,
          320.0
        ],
        [
          0.0,
          320.0,
          240.0
        ],
        [
          0.0,
          0.0,
          1.0
        ]
      ],
      "extrinsics": [
        [
          -0.8660254037844386,
          -0.2398122762737262,
          -0.4387369053868323,
          -5.1882246
        ],
        [
          0.5000000000000002,
          -0.41536704678483793,
          -0.7599146112855326,
          2.819354023027551
        ],
        [
          0.0,
          -0.8774738107736644,
          0.4796245525474522,
          1.6
        ],
        [
          0.0,
          0.0,
          0.0,
          1.0
        ]
      ]
    },
    "target_region": {
      "type": "circle",
      "params": {
        "center": [
          -5.5882246,
          2.1265337
        ],
        "radius": 2.5995546220487338,
        "object_center": [
          -5.5882246,
          2.1265337,
          2.0372776000000004
        ],
        "object_height": 0.8234580078125002,
        "occupancy_ratio": 0.2,
        "fov_vertical": 90.0,
        "sample_distance": 2.5995546220487338,
        "min_distance": 0.8973800284373501
      },
      "sample_point": [
        -3.378491754280511,
        3.495754275204515,
        1.5
      ],
      "sample_forward": [
        -0.8324489708665348,
        -0.5158117918762085,
        0.2024028316617683
      ],
      "height": 1.5
    },
    "sample_target": [
      -3.378491754280511,
      3.495754275204515,
      1.5
    ],
    "camera_params": {
      "forward": [
        -0.8324489708665348,
        -0.5158117918762085,
        0.2024028316617683
      ]
    },
    "task_type": "screen_occupancy",
    "task_description": "Position where hood occupies 20% of vertical FOV",
    "target_object": {
      "label": "hood",
      "id": "113",
      "bbox_min": [
        -5.857657114730051,
        1.677843685781325,
        1.62554859609375
      ],
      "bbox_max": [
        -5.318792085269949,
        2.575223714218675,
        2.44900660390625
      ],
      "center": [
        -5.5882246,
        2.1265337,
        2.0372776
      ]
    }
  },
  {
    "scene_id": "0229_840306",
    "object_label": "hood",
    "preset": "back",
    "distance": 1.5,
    "init_camera": {
      "intrinsics": [
        [
          320.0,
          0.0,
          320.0
        ],
        [
          0.0,
          320.0,
          240.0
        ],
        [
          0.0,
          0.0,
          1.0
        ]
      ],
      "extrinsics": [
        [
          0.8660254037844384,
          -0.23981227627372625,
          -0.43873690538683235,
          -5.1882246
        ],
        [
          0.5000000000000002,
          0.41536704678483793,
          0.7599146112855325,
          1.433713376972449
        ],
        [
          -0.0,
          -0.8774738107736643,
          0.47962455254745223,
          1.6
        ],
        [
          0.0,
          0.0,
          0.0,
          1.0
        ]
      ]
    },
    "target_region": {
      "type": "circle",
      "params": {
        "center": [
          -5.5882246,
          2.1265337
        ],
        "radius": 1.5,
        "object_center": [
          -5.5882246,
          2.1265337,
          2.0372776000000004
        ],
        "sample_distance": 1.5,
        "min_distance": 0.8973800284373501,
        "requested_distance": 1.5
      },
      "sample_point": [
        -6.945756576068513,
        1.4884843806276513,
        1.5
      ],
      "sample_forward": [
        0.8520148816141508,
        0.4004528253422039,
        0.3372064296294943
      ],
      "height": 1.5
    },
    "sample_target": [
      -6.945756576068513,
      1.4884843806276513,
      1.5
    ],
    "camera_params": {
      "forward": [
        0.8520148816141508,
        0.4004528253422039,
        0.3372064296294943
      ]
    },
    "task_type": "absolute_positioning",
    "task_description": "Move to any position 1.5m from hood",
    "target_object": {
      "label": "hood",
      "id": "113",
      "bbox_min": [
        -5.857657114730051,
        1.677843685781325,
        1.62554859609375
      ],
      "bbox_max": [
        -5.318792085269949,
        2.575223714218675,
        2.44900660390625
      ],
      "center": [
        -5.5882246,
        2.1265337,
        2.0372776
      ]
    }
  },
  {
    "scene_id": "0229_840306",
    "object_label": "hood",
    "preset": "occupancy_20",
    "distance": 2.5995546220487338,
    "init_camera": {
      "intrinsics": [
        [
          320.0,
          0.0,
          320.0
        ],
        [
          0.0,
          320.0,
          240.0
        ],
        [
          0.0,
          0.0,
          1.0
        ]
      ],
      "extrinsics": [
        [
          0.8660254037844384,
          -0.23981227627372625,
          -0.43873690538683235,
          -5.1882246
        ],
        [
          0.5000000000000002,
          0.41536704678483793,
          0.7599146112855325,
          1.433713376972449
        ],
        [
          -0.0,
          -0.8774738107736643,
          0.47962455254745223,
          1.6
        ],
        [
          0.0,
          0.0,
          0.0,
          1.0
        ]
      ]
    },
    "target_region": {
      "type": "circle",
      "params": {
        "center": [
          -5.5882246,
          2.1265337
        ],
        "radius": 2.5995546220487338,
        "object_center": [
          -5.5882246,
          2.1265337,
          2.0372776000000004
        ],
        "object_height": 0.8234580078125002,
        "occupancy_ratio": 0.2,
        "fov_vertical": 90.0,
        "sample_distance": 2.5995546220487338,
        "min_distance": 0.8973800284373501
      },
      "sample_point": [
        -3.4094637535543497,
        3.5445200916872994,
        1.5
      ],
      "sample_forward": [
        -0.8207812215405789,
        -0.5341828152436702,
        0.2024028316617683
      ],
      "height": 1.5
    },
    "sample_target": [
      -3.4094637535543497,
      3.5445200916872994,
      1.5
    ],
    "camera_params": {
      "forward": [
        -0.8207812215405789,
        -0.5341828152436702,
        0.2024028316617683
      ]
    },
    "task_type": "screen_occupancy",
    "task_description": "Position where hood occupies 20% of vertical FOV",
    "target_object": {
      "label": "hood",
      "id": "113",
      "bbox_min": [
        -5.857657114730051,
        1.677843685781325,
        1.62554859609375
      ],
      "bbox_max": [
        -5.318792085269949,
        2.575223714218675,
        2.44900660390625
      ],
      "center": [
        -5.5882246,
        2.1265337,
        2.0372776
      ]
    }
  },
  {
    "scene_id": "0229_840306",
    "object_label": "hood",
    "preset": "occupancy_30",
    "distance": 1.71497472531026,
    "init_camera": {
      "intrinsics": [
        [
          320.0,
          0.0,
          320.0
        ],
        [
          0.0,
          320.0,
          240.0
        ],
        [
          0.0,
          0.0,
          1.0
        ]
      ],
      "extrinsics": [
        [
          0.8660254037844384,
          -0.23981227627372625,
          -0.43873690538683235,
          -5.1882246
        ],
        [
          0.5000000000000002,
          0.41536704678483793,
          0.7599146112855325,
          1.433713376972449
        ],
        [
          -0.0,
          -0.8774738107736643,
          0.47962455254745223,
          1.6
        ],
        [
          0.0,
          0.0,
          0.0,
          1.0
        ]
      ]
    },
    "target_region": {
      "type": "circle",
      "params": {
        "center": [
          -5.5882246,
          2.1265337
        ],
        "radius": 1.71497472531026,
        "object_center": [
          -5.5882246,
          2.1265337,
          2.0372776000000004
        ],
        "object_height": 0.8234580078125002,
        "occupancy_ratio": 0.3,
        "fov_vertical": 90.0,
        "sample_distance": 1.71497472531026,
        "min_distance": 0.8973800284373501
      },
      "sample_point": [
        -6.4899141426494555,
        0.6677347840662042,
        1.5
      ],
      "sample_forward": [
        0.5017285866283995,
        0.8117218661712367,
        0.29895825350599303
      ],
      "height": 1.5
    },
    "sample_target": [
      -6.4899141426494555,
      0.6677347840662042,
      1.5
    ],
    "camera_params": {
      "forward": [
        0.5017285866283995,
        0.8117218661712367,
        0.29895825350599303
      ]
    },
    "task_type": "screen_occupancy",
    "task_description": "Position where hood occupies 30% of vertical FOV",
    "target_object": {
      "label": "hood",
      "id": "113",
      "bbox_min": [
        -5.857657114730051,
        1.677843685781325,
        1.62554859609375
      ],
      "bbox_max": [
        -5.318792085269949,
        2.575223714218675,
        2.44900660390625
      ],
      "center": [
        -5.5882246,
        2.1265337,
        2.0372776
      ]
    }
  },
  {
    "scene_id": "0229_840306",
    "object_label": "bookshelf",
    "preset": "left",
    "distance": 2.5000000348800007,
    "init_camera": {
      "intrinsics": [
        [
          320.0,
          0.0,
          320.0
        ],
        [
          0.0,
          320.0,
          240.0
        ],
        [
          0.0,
          0.0,
          1.0
        ]
      ],
      "extrinsics": [
        [
          0.9396926207859085,
          0.07432414339071829,
          -0.3338468213863156,
          -0.6159928708780317
        ],
        [
          0.3420201433256681,
          -0.2042039056863064,
          0.9172366033156044,
          -0.05353996848044873
        ],
        [
          -0.0,
          -0.9761028053497716,
          -0.2173092574841347,
          1.6
        ],
        [
          0.0,
          0.0,
          0.0,
          1.0
        ]
      ]
    },
    "target_region": {
      "type": "circle",
      "params": {
        "center": [
          -1.1536890346461999,
          1.423768099999971
        ],
        "radius": 2.5000000348800007,
        "object_center": [
          -1.1536890346461999,
          1.423768099999971,
          1.2500001000000003
        ],
        "sample_distance": 2.5000000348800007,
        "min_distance": 2.5000000348800007,
        "requested_distance": 0.8
      },
      "sample_point": [
        -2.6409459844545626,
        -0.5857260999535225,
        1.5
      ],
      "sample_forward": [
        0.5919503847502735,
        0.7998085771051107,
        -0.09950367823905502
      ],
      "height": 1.5
    },
    "sample_target": [
      -2.6409459844545626,
      -0.5857260999535225,
      1.5
    ],
    "camera_params": {
      "forward": [
        0.5919503847502735,
        0.7998085771051107,
        -0.09950367823905502
      ]
    },
    "task_type": "absolute_positioning",
    "task_description": "Move to any position 2.5m from bookshelf",
    "target_object": {
      "label": "bookshelf",
      "id": "209",
      "bbox_min": [
        -1.449721598160381,
        0.8735869660165779,
        8.255999978246109e-08
      ],
      "bbox_max": [
        -0.8576564711320189,
        1.973949233983364,
        2.5000001174400004
      ],
      "center": [
        -1.1536890346462,
        1.423768099999971,
        1.2500001
      ]
    }
  },
  {
    "scene_id": "0229_840306",
    "object_label": "bookshelf",
    "preset": "front",
    "distance": 2.5000000348800007,
    "init_camera": {
      "intrinsics": [
        [
          320.0,
          0.0,
          320.0
        ],
        [
          0.0,
          320.0,
          240.0
        ],
        [
          0.0,
          0.0,
          1.0
        ]
      ],
      "extrinsics": [
        [
          0.9396926207859085,
          0.07432414339071829,
          -0.3338468213863156,
          -0.6159928708780317
        ],
        [
          0.3420201433256681,
          -0.2042039056863064,
          0.9172366033156044,
          -0.05353996848044873
        ],
        [
          -0.0,
          -0.9761028053497716,
          -0.2173092574841347,
          1.6
        ],
        [
          0.0,
          0.0,
          0.0,
          1.0
        ]
      ]
    },
    "target_region": {
      "type": "circle",
      "params": {
        "center": [
          -1.1536890346461999,
          1.423768099999971
        ],
        "radius": 2.5000000348800007,
        "object_center": [
          -1.1536890346461999,
          1.423768099999971,
          1.2500001000000003
        ],
        "sample_distance": 2.5000000348800007,
        "min_distance": 2.5000000348800007,
        "requested_distance": 1.2
      },
      "sample_point": [
        1.3207679781274686,
        1.0673095942307618,
        1.5
      ],
      "sample_forward": [
        -0.9848706916098953,
        0.1418757866048497,
        -0.09950367823905502
      ],
      "height": 1.5
    },
    "sample_target": [
      1.3207679781274686,
      1.0673095942307618,
      1.5
    ],
    "camera_params": {
      "forward": [
        -0.9848706916098953,
        0.1418757866048497,
        -0.09950367823905502
      ]
    },
    "task_type": "absolute_positioning",
    "task_description": "Move to any position 2.5m from bookshelf",
    "target_object": {
      "label": "bookshelf",
      "id": "209",
      "bbox_min": [
        -1.449721598160381,
        0.8735869660165779,
        8.255999978246109e-08
      ],
      "bbox_max": [
        -0.8576564711320189,
        1.973949233983364,
        2.5000001174400004
      ],
      "center": [
        -1.1536890346462,
        1.423768099999971,
        1.2500001
      ]
    }
  },
  {
    "scene_id": "0229_840306",
    "object_label": "bookshelf",
    "preset": "front",
    "distance": 2.5000000348800007,
    "init_camera": {
      "intrinsics": [
        [
          320.0,
          0.0,
          320.0
        ],
        [
          0.0,
          320.0,
          240.0
        ],
        [
          0.0,
          0.0,
          1.0
        ]
      ],
      "extrinsics": [
        [
          0.9396926207859085,
          0.07432414339071829,
          -0.3338468213863156,
          -0.6159928708780317
        ],
        [
          0.3420201433256681,
          -0.2042039056863064,
          0.9172366033156044,
          -0.05353996848044873
        ],
        [
          -0.0,
          -0.9761028053497716,
          -0.2173092574841347,
          1.6
        ],
        [
          0.0,
          0.0,
          0.0,
          1.0
        ]
      ]
    },
    "target_region": {
      "type": "circle",
      "params": {
        "center": [
          -1.1536890346461999,
          1.423768099999971
        ],
        "radius": 2.5000000348800007,
        "object_center": [
          -1.1536890346461999,
          1.423768099999971,
          1.2500001000000003
        ],
        "sample_distance": 2.5000000348800007,
        "min_distance": 2.5000000348800007,
        "requested_distance": 1.5
      },
      "sample_point": [
        0.9803440788347413,
        0.12149975401023405,
        1.5
      ],
      "sample_forward": [
        -0.8493769168519532,
        0.5183221692499449,
        -0.09950367823905502
      ],
      "height": 1.5
    },
    "sample_target": [
      0.9803440788347413,
      0.12149975401023405,
      1.5
    ],
    "camera_params": {
      "forward": [
        -0.8493769168519532,
        0.5183221692499449,
        -0.09950367823905502
      ]
    },
    "task_type": "absolute_positioning",
    "task_description": "Move to any position 2.5m from bookshelf",
    "target_object": {
      "label": "bookshelf",
      "id": "209",
      "bbox_min": [
        -1.449721598160381,
        0.8735869660165779,
        8.255999978246109e-08
      ],
      "bbox_max": [
        -0.8576564711320189,
        1.973949233983364,
        2.5000001174400004
      ],
      "center": [
        -1.1536890346462,
        1.423768099999971,
        1.2500001
      ]
    }
  },
  {
    "scene_id": "0229_840306",
    "object_label": "bookshelf",
    "preset": "occupancy_30",
    "distance": 5.206624785255851,
    "init_camera": {
      "intrinsics": [
        [
          320.0,
          0.0,
          320.0
        ],
        [
          0.0,
          320.0,
          240.0
        ],
        [
          0.0,
          0.0,
          1.0
        ]
      ],
      "extrinsics": [
        [
          0.9396926207859085,
          0.07432414339071829,
          -0.3338468213863156,
          -0.6159928708780317
        ],
        [
          0.3420201433256681,
          -0.2042039056863064,
          0.9172366033156044,
          -0.05353996848044873
        ],
        [
          -0.0,
          -0.9761028053497716,
          -0.2173092574841347,
          1.6
        ],
        [
          0.0,
          0.0,
          0.0,
          1.0
        ]
      ]
    },
    "target_region": {
      "type": "circle",
      "params": {
        "center": [
          -1.1536890346461999,
          1.423768099999971
        ],
        "radius": 5.206624785255851,
        "object_center": [
          -1.1536890346461999,
          1.423768099999971,
          1.2500001000000003
        ],
        "object_height": 2.5000000348800007,
        "occupancy_ratio": 0.3,
        "fov_vertical": 90.0,
        "sample_distance": 5.206624785255851,
        "min_distance": 2.5000000348800007
      },
      "sample_point": [
        0.3914558737220031,
        -3.548300771866584,
        1.5
      ],
      "sample_forward": [
        -0.2964236664036239,
        0.9538515621596335,
        -0.047960477077066514
      ],
      "height": 1.5
    },
    "sample_target": [
      0.3914558737220031,
      -3.548300771866584,
      1.5
    ],
    "camera_params": {
      "forward": [
        -0.2964236664036239,
        0.9538515621596335,
        -0.047960477077066514
      ]
    },
    "task_type": "screen_occupancy",
    "task_description": "Position where bookshelf occupies 30% of vertical FOV",
    "target_object": {
      "label": "bookshelf",
      "id": "209",
      "bbox_min": [
        -1.449721598160381,
        0.8735869660165779,
        8.255999978246109e-08
      ],
      "bbox_max": [
        -0.8576564711320189,
        1.973949233983364,
        2.5000001174400004
      ],
      "center": [
        -1.1536890346462,
        1.423768099999971,
        1.2500001
      ]
    }
  },
  {
    "scene_id": "0229_840306",
    "object_label": "bookshelf",
    "preset": "occupancy_50",
    "distance": 3.017766995070254,
    "init_camera": {
      "intrinsics": [
        [
          320.0,
          0.0,
          320.0
        ],
        [
          0.0,
          320.0,
          240.0
        ],
        [
          0.0,
          0.0,
          1.0
        ]
      ],
      "extrinsics": [
        [
          0.9396926207859085,
          0.07432414339071829,
          -0.3338468213863156,
          -0.6159928708780317
        ],
        [
          0.3420201433256681,
          -0.2042039056863064,
          0.9172366033156044,
          -0.05353996848044873
        ],
        [
          -0.0,
          -0.9761028053497716,
          -0.2173092574841347,
          1.6
        ],
        [
          0.0,
          0.0,
          0.0,
          1.0
        ]
      ]
    },
    "target_region": {
      "type": "circle",
      "params": {
        "center": [
          -1.1536890346461999,
          1.423768099999971
        ],
        "radius": 3.017766995070254,
        "object_center": [
          -1.1536890346461999,
          1.423768099999971,
          1.2500001000000003
        ],
        "object_height": 2.5000000348800007,
        "occupancy_ratio": 0.5,
        "fov_vertical": 90.0,
        "sample_distance": 3.017766995070254,
        "min_distance": 2.5000000348800007
      },
      "sample_point": [
        -4.167924651124864,
        1.5697176970766133,
        1.5
      ],
      "sample_forward": [
        0.9954199062623933,
        -0.04819833374896817,
        -0.08255986216310733
      ],
      "height": 1.5
    },
    "sample_target": [
      -4.167924651124864,
      1.5697176970766133,
      1.5
    ],
    "camera_params": {
      "forward": [
        0.9954199062623933,
        -0.04819833374896817,
        -0.08255986216310733
      ]
    },
    "task_type": "screen_occupancy",
    "task_description": "Position where bookshelf occupies 50% of vertical FOV",
    "target_object": {
      "label": "bookshelf",
      "id": "209",
      "bbox_min": [
        -1.449721598160381,
        0.8735869660165779,
        8.255999978246109e-08
      ],
      "bbox_max": [
        -0.8576564711320189,
        1.973949233983364,
        2.5000001174400004
      ],
      "center": [
        -1.1536890346462,
        1.423768099999971,
        1.2500001
      ]
    }
  },
  {
    "scene_id": "0229_840306",
    "object_label": "bookshelf",
    "preset": "right",
    "distance": 2.5000000348800007,
    "init_camera": {
      "intrinsics": [
        [
          320.0,
          0.0,
          320.0
        ],
        [
          0.0,
          320.0,
          240.0
        ],
        [
          0.0,
          0.0,
          1.0
        ]
      ],
      "extrinsics": [
        [
          -0.766044443118978,
          -0.13968369818098367,
          0.6274267890591051,
          -2.16422726928188
        ],
        [
          -0.6427876096865394,
          0.16646854913403258,
          -0.7477381299510379,
          2.628080671580853
        ],
        [
          0.0,
          -0.9761028053497716,
          -0.2173092574841347,
          1.6
        ],
        [
          0.0,
          0.0,
          0.0,
          1.0
        ]
      ]
    },
    "target_region": {
      "type": "circle",
      "params": {
        "center": [
          -1.1536890346461999,
          1.423768099999971
        ],
        "radius": 2.5000000348800007,
        "object_center": [
          -1.1536890346461999,
          1.423768099999971,
          1.2500001000000003
        ],
        "sample_distance": 2.5000000348800007,
        "min_distance": 2.5000000348800007,
        "requested_distance": 0.8
      },
      "sample_point": [
        -2.271360725806689,
        3.660017228603145,
        1.5
      ],
      "sample_forward": [
        0.4448499552765179,
        -0.8900604110437553,
        -0.09950367823905505
      ],
      "height": 1.5
    },
    "sample_target": [
      -2.271360725806689,
      3.660017228603145,
      1.5
    ],
    "camera_params": {
      "forward": [
        0.4448499552765179,
        -0.8900604110437553,
        -0.09950367823905505
      ]
    },
    "task_type": "absolute_positioning",
    "task_description": "Move to any position 2.5m from bookshelf",
    "target_object": {
      "label": "bookshelf",
      "id": "209",
      "bbox_min": [
        -1.449721598160381,
        0.8735869660165779,
        8.255999978246109e-08
      ],
      "bbox_max": [
        -0.8576564711320189,
        1.973949233983364,
        2.5000001174400004
      ],
      "center": [
        -1.1536890346462,
        1.423768099999971,
        1.2500001
      ]
    }
  },
  {
    "scene_id": "0229_840306",
    "object_label": "bookshelf",
    "preset": "right",
    "distance": 2.5000000348800007,
    "init_camera": {
      "intrinsics": [
        [
          320.0,
          0.0,
          320.0
        ],
        [
          0.0,
          320.0,
          240.0
        ],
        [
