[
  {
    "scene_id": "0309_840544",
    "object_label": "shower head",
    "preset": "back",
    "distance": 1.5,
    "init_camera": {
      "intrinsics": [
        [
          320.0,
          0.0,
          320.0
        ],
        [
          0.0,
          320.0,
          240.0
        ],
        [
          0.0,
          0.0,
          1.0
        ]
      ],
      "extrinsics": [
        [
          0.984807753012208,
          -0.03574270574557339,
          0.16992983432296715,
          -3.0193861191119566
        ],
        [
          -0.17364817766693005,
          -0.20270695727881616,
          0.9637199800064946,
          0.012685800997446872
        ],
        [
          0.0,
          -0.9785869141045928,
          -0.2058340388352967,
          1.6
        ],
        [
          0.0,
          0.0,
          0.0,
          1.0
        ]
      ]
    },
    "target_region": {
      "type": "circle",
      "params": {
        "center": [
          -2.8803606000000004,
          0.8011387
        ],
        "radius": 1.5,
        "object_center": [
          -2.8803606000000004,
          0.8011387,
          1.4316
        ],
        "sample_distance": 1.5,
        "min_distance": 1.3048699951171878,
        "requested_distance": 1.5
      },
      "sample_point": [
        -4.230583671538733,
        1.4545127560234312,
        1.5
      ],
      "sample_forward": [
        0.8992143047220809,
        -0.43513054242289456,
        -0.045552664400036476
      ],
      "height": 1.5
    },
    "sample_target": [
      -4.230583671538733,
      1.4545127560234312,
      1.5
    ],
    "camera_params": {
      "forward": [
        0.8992143047220809,
        -0.43513054242289456,
        -0.045552664400036476
      ]
    },
    "task_type": "absolute_positioning",
    "task_description": "Move to any position 1.5m from shower head",
    "target_object": {
      "label": "shower head",
      "id": "161",
      "bbox_min": [
        -3.0027285962158206,
        0.5445986914550781,
        0.7791650024414062
      ],
      "bbox_max": [
        -2.7579926037841798,
        1.057678708544922,
        2.084034997558594
      ],
      "center": [
        -2.8803606000000004,
        0.8011387000000001,
        1.4316
      ]
    }
  },
  {
    "scene_id": "0309_840544",
    "object_label": "shower head",
    "preset": "occupancy_20",
    "distance": 4.119312454062581,
    "init_camera": {
      "intrinsics": [
        [
          320.0,
          0.0,
          320.0
        ],
        [
          0.0,
          320.0,
          240.0
        ],
        [
          0.0,
          0.0,
          1.0
        ]
      ],
      "extrinsics": [
        [
          0.984807753012208,
          -0.03574270574557339,
          0.16992983432296715,
          -3.0193861191119566
        ],
        [
          -0.17364817766693005,
          -0.20270695727881616,
          0.9637199800064946,
          0.012685800997446872
        ],
        [
          0.0,
          -0.9785869141045928,
          -0.2058340388352967,
          1.6
        ],
        [
          0.0,
          0.0,
          0.0,
          1.0
        ]
      ]
    },
    "target_region": {
      "type": "circle",
      "params": {
        "center": [
          -2.8803606000000004,
          0.8011387
        ],
        "radius": 4.119312454062581,
        "object_center": [
          -2.8803606000000004,
          0.8011387,
          1.4316
        ],
        "object_height": 1.3048699951171878,
        "occupancy_ratio": 0.2,
        "fov_vertical": 90.0,
        "sample_distance": 4.119312454062581,
        "min_distance": 1.3048699951171878
      },
      "sample_point": [
        1.2194254138969605,
        1.2017504003408133,
        1.5
      ],
      "sample_forward": [
        -0.995122605328531,
        -0.09723867480325091,
        -0.01660242412012439
      ],
      "height": 1.5
    },
    "sample_target": [
      1.2194254138969605,
      1.2017504003408133,
      1.5
    ],
    "camera_params": {
      "forward": [
        -0.995122605328531,
        -0.09723867480325091,
        -0.01660242412012439
      ]
    },
    "task_type": "screen_occupancy",
    "task_description": "Position where shower head occupies 20% of vertical FOV",
    "target_object": {
      "label": "shower head",
      "id": "161",
      "bbox_min": [
        -3.0027285962158206,
        0.5445986914550781,
        0.7791650024414062
      ],
      "bbox_max": [
        -2.7579926037841798,
        1.057678708544922,
        2.084034997558594
      ],
      "center": [
        -2.8803606000000004,
        0.8011387000000001,
        1.4316
      ]
    }
  },
  {
    "scene_id": "0309_840544",
    "object_label": "shower head",
    "preset": "occupancy_20",
    "distance": 4.119312454062581,
    "init_camera": {
      "intrinsics": [
        [
          320.0,
          0.0,
          320.0
        ],
        [
          0.0,
          320.0,
          240.0
        ],
        [
          0.0,
          0.0,
          1.0
        ]
      ],
      "extrinsics": [
        [
          1.0,
          0.0,
          0.0,
          -2.8803606000000004
        ],
        [
          -0.0,
          -0.2058340388352967,
          0.9785869141045928,
          0.0005226441343439969
        ],
        [
          0.0,
          -0.9785869141045928,
          -0.2058340388352967,
          1.6
        ],
        [
          0.0,
          0.0,
          0.0,
          1.0
        ]
      ]
    },
    "target_region": {
      "type": "circle",
      "params": {
        "center": [
          -2.8803606000000004,
          0.8011387
        ],
        "radius": 4.119312454062581,
        "object_center": [
          -2.8803606000000004,
          0.8011387,
          1.4316
        ],
        "object_height": 1.3048699951171878,
        "occupancy_ratio": 0.2,
        "fov_vertical": 90.0,
        "sample_distance": 4.119312454062581,
        "min_distance": 1.3048699951171878
      },
      "sample_point": [
        -4.794682868516073,
        -2.8463406140549217,
        1.5
      ],
      "sample_forward": [
        0.46465482755120585,
        0.8853362359842133,
        -0.01660242412012439
      ],
      "height": 1.5
    },
    "sample_target": [
      -4.794682868516073,
      -2.8463406140549217,
      1.5
    ],
    "camera_params": {
      "forward": [
        0.46465482755120585,
        0.8853362359842133,
        -0.01660242412012439
      ]
    },
    "task_type": "screen_occupancy",
    "task_description": "Position where shower head occupies 20% of vertical FOV",
    "target_object": {
      "label": "shower head",
      "id": "161",
      "bbox_min": [
        -3.0027285962158206,
        0.5445986914550781,
        0.7791650024414062
      ],
      "bbox_max": [
        -2.7579926037841798,
        1.057678708544922,
        2.084034997558594
      ],
      "center": [
        -2.8803606000000004,
        0.8011387000000001,
        1.4316
      ]
    }
  },
  {
    "scene_id": "0309_840544",
    "object_label": "shower head",
    "preset": "occupancy_30",
    "distance": 2.717587345329753,
    "init_camera": {
      "intrinsics": [
        [
          320.0,
          0.0,
          320.0
        ],
        [
          0.0,
          320.0,
          240.0
        ],
        [
          0.0,
          0.0,
          1.0
        ]
      ],
      "extrinsics": [
        [
          1.0,
          0.0,
          0.0,
          -2.8803606000000004
        ],
        [
          -0.0,
          -0.2058340388352967,
          0.9785869141045928,
          0.0005226441343439969
        ],
        [
          0.0,
          -0.9785869141045928,
          -0.2058340388352967,
          1.6
        ],
        [
          0.0,
          0.0,
          0.0,
          1.0
        ]
      ]
    },
    "target_region": {
      "type": "circle",
      "params": {
        "center": [
          -2.8803606000000004,
          0.8011387
        ],
        "radius": 2.717587345329753,
        "object_center": [
          -2.8803606000000004,
          0.8011387,
          1.4316
        ],
        "object_height": 1.3048699951171878,
        "occupancy_ratio": 0.3,
        "fov_vertical": 90.0,
        "sample_distance": 2.717587345329753,
        "min_distance": 1.3048699951171878
      },
      "sample_point": [
        -4.796682884740514,
        -1.1257733064246085,
        1.5
      ],
      "sample_forward": [
        0.7049324774066674,
        0.7088279801627849,
        -0.025161415612898905
      ],
      "height": 1.5
    },
    "sample_target": [
      -4.796682884740514,
      -1.1257733064246085,
      1.5
    ],
    "camera_params": {
      "forward": [
        0.7049324774066674,
        0.7088279801627849,
        -0.025161415612898905
      ]
    },
    "task_type": "screen_occupancy",
    "task_description": "Position where shower head occupies 30% of vertical FOV",
    "target_object": {
      "label": "shower head",
      "id": "161",
      "bbox_min": [
        -3.0027285962158206,
        0.5445986914550781,
        0.7791650024414062
      ],
      "bbox_max": [
        -2.7579926037841798,
        1.057678708544922,
        2.084034997558594
      ],
      "center": [
        -2.8803606000000004,
        0.8011387000000001,
        1.4316
      ]
    }
  },
  {
    "scene_id": "0309_840544",
    "object_label": "shower head",
    "preset": "occupancy_50",
    "distance": 1.5751174196728146,
    "init_camera": {
      "intrinsics": [
        [
          320.0,
          0.0,
          320.0
        ],
        [
          0.0,
          320.0,
          240.0
        ],
        [
          0.0,
          0.0,
          1.0
        ]
      ],
      "extrinsics": [
        [
          1.0,
          0.0,
          0.0,
          -2.8803606000000004
        ],
        [
          -0.0,
          -0.2058340388352967,
          0.9785869141045928,
          0.0005226441343439969
        ],
        [
          0.0,
          -0.9785869141045928,
          -0.2058340388352967,
          1.6
        ],
        [
          0.0,
          0.0,
          0.0,
          1.0
        ]
      ]
    },
    "target_region": {
      "type": "circle",
      "params": {
        "center": [
          -2.8803606000000004,
          0.8011387
        ],
        "radius": 1.5751174196728146,
        "object_center": [
          -2.8803606000000004,
          0.8011387,
          1.4316
        ],
        "object_height": 1.3048699951171878,
        "occupancy_ratio": 0.5,
        "fov_vertical": 90.0,
        "sample_distance": 1.5751174196728146,
        "min_distance": 1.3048699951171878
      },
      "sample_point": [
        -1.3097317512961546,
        0.6823114919372948,
        1.5
      ],
      "sample_forward": [
        -0.9962114608516097,
        0.07536919153799818,
        -0.04338444692295258
      ],
      "height": 1.5
    },
    "sample_target": [
      -1.3097317512961546,
      0.6823114919372948,
      1.5
    ],
    "camera_params": {
      "forward": [
        -0.9962114608516097,
        0.07536919153799818,
        -0.04338444692295258
      ]
    },
    "task_type": "screen_occupancy",
    "task_description": "Position where shower head occupies 50% of vertical FOV",
    "target_object": {
      "label": "shower head",
      "id": "161",
      "bbox_min": [
        -3.0027285962158206,
        0.5445986914550781,
        0.7791650024414062
      ],
      "bbox_max": [
        -2.7579926037841798,
        1.057678708544922,
        2.084034997558594
      ],
      "center": [
        -2.8803606000000004,
        0.8011387000000001,
        1.4316
      ]
    }
  },
  {
    "scene_id": "0309_840544",
    "object_label": "shower head",
    "preset": "right",
    "distance": 1.5,
    "init_camera": {
      "intrinsics": [
        [
          320.0,
          0.0,
          320.0
        ],
        [
          0.0,
          320.0,
          240.0
        ],
        [
          0.0,
          0.0,
          1.0
        ]
      ],
      "extrinsics": [
        [
          0.984807753012208,
          0.03574270574557339,
          -0.16992983432296715,
          -2.741335080888044
        ],
        [
          0.17364817766693005,
          -0.20270695727881616,
          0.9637199800064946,
          0.012685800997446872
        ],
        [
          -0.0,
          -0.9785869141045928,
          -0.2058340388352967,
          1.6
        ],
        [
          0.0,
          0.0,
          0.0,
          1.0
        ]
      ]
    },
    "target_region": {
      "type": "circle",
      "params": {
        "center": [
          -2.8803606000000004,
          0.8011387
        ],
        "radius": 1.5,
        "object_center": [
          -2.8803606000000004,
          0.8011387,
          1.4316
        ],
        "sample_distance": 1.5,
        "min_distance": 1.3048699951171878,
        "requested_distance": 1.5
      },
      "sample_point": [
        -2.4167824507969717,
        2.227706363863686,
        1.5
      ],
      "sample_forward": [
        -0.3087312844128012,
        -0.9500578660223175,
        -0.04555266440003648
      ],
      "height": 1.5
    },
    "sample_target": [
      -2.4167824507969717,
      2.227706363863686,
      1.5
    ],
    "camera_params": {
      "forward": [
        -0.3087312844128012,
        -0.9500578660223175,
        -0.04555266440003648
      ]
    },
    "task_type": "absolute_positioning",
    "task_description": "Move to any position 1.5m from shower head",
    "target_object": {
      "label": "shower head",
      "id": "161",
      "bbox_min": [
        -3.0027285962158206,
        0.5445986914550781,
        0.7791650024414062
      ],
      "bbox_max": [
        -2.7579926037841798,
        1.057678708544922,
        2.084034997558594
      ],
      "center": [
        -2.8803606000000004,
        0.8011387000000001,
        1.4316
      ]
    }
  },
  {
    "scene_id": "0309_840544",
    "object_label": "shower head",
    "preset": "occupancy_30",
    "distance": 2.717587345329753,
    "init_camera": {
      "intrinsics": [
        [
          320.0,
          0.0,
          320.0
        ],
        [
          0.0,
          320.0,
          240.0
        ],
        [
          0.0,
          0.0,
          1.0
        ]
      ],
      "extrinsics": [
        [
          0.984807753012208,
          0.03574270574557339,
          -0.16992983432296715,
          -2.741335080888044
        ],
        [
          0.17364817766693005,
          -0.20270695727881616,
          0.9637199800064946,
          0.012685800997446872
        ],
        [
          -0.0,
          -0.9785869141045928,
          -0.2058340388352967,
          1.6
        ],
        [
          0.0,
          0.0,
          0.0,
          1.0
        ]
      ]
    },
    "target_region": {
      "type": "circle",
      "params": {
        "center": [
          -2.8803606000000004,
          0.8011387
        ],
        "radius": 2.717587345329753,
        "object_center": [
          -2.8803606000000004,
          0.8011387,
          1.4316
        ],
        "object_height": 1.3048699951171878,
        "occupancy_ratio": 0.3,
        "fov_vertical": 90.0,
        "sample_distance": 2.717587345329753,
        "min_distance": 1.3048699951171878
      },
      "sample_point": [
        -4.593061863840079,
        -1.3088222855011566,
        1.5
      ],
      "sample_forward": [
        0.6300290690090267,
        0.776163819929771,
        -0.025161415612898898
      ],
      "height": 1.5
    },
    "sample_target": [
      -4.593061863840079,
      -1.3088222855011566,
      1.5
    ],
    "camera_params": {
      "forward": [
        0.6300290690090267,
        0.776163819929771,
        -0.025161415612898898
      ]
    },
    "task_type": "screen_occupancy",
    "task_description": "Position where shower head occupies 30% of vertical FOV",
    "target_object": {
      "label": "shower head",
      "id": "161",
      "bbox_min": [
        -3.0027285962158206,
        0.5445986914550781,
        0.7791650024414062
      ],
      "bbox_max": [
        -2.7579926037841798,
        1.057678708544922,
        2.084034997558594
      ],
      "center": [
        -2.8803606000000004,
        0.8011387000000001,
        1.4316
      ]
    }
  },
  {
    "scene_id": "0309_840544",
    "object_label": "shower head",
    "preset": "occupancy_20",
    "distance": 4.119312454062581,
    "init_camera": {
      "intrinsics": [
        [
          320.0,
          0.0,
          320.0
        ],
        [
          0.0,
          320.0,
          240.0
        ],
        [
          0.0,
          0.0,
          1.0
        ]
      ],
      "extrinsics": [
        [
          1.0,
          0.0,
          0.0,
          -2.8803606000000004
        ],
        [
          -0.0,
          -0.16593756283952693,
          0.9861362609897671,
          -0.19963136983206997
        ],
        [
          0.0,
          -0.9861362609897671,
          -0.16593756283952693,
          1.6
        ],
        [
          0.0,
          0.0,
          0.0,
          1.0
        ]
      ]
    },
    "target_region": {
      "type": "circle",
      "params": {
        "center": [
          -2.8803606000000004,
          0.8011387
        ],
        "radius": 4.119312454062581,
        "object_center": [
          -2.8803606000000004,
          0.8011387,
          1.4316
        ],
        "object_height": 1.3048699951171878,
        "occupancy_ratio": 0.2,
        "fov_vertical": 90.0,
        "sample_distance": 4.119312454062581,
        "min_distance": 1.3048699951171878
      },
      "sample_point": [
        0.7719467372313331,
        -1.1039561030481977,
        1.5
      ],
      "sample_forward": [
        -0.8865081203180813,
        0.46241508639255874,
        -0.01660242412012439
      ],
      "height": 1.5
    },
    "sample_target": [
      0.7719467372313331,
      -1.1039561030481977,
      1.5
    ],
    "camera_params": {
      "forward": [
        -0.8865081203180813,
        0.46241508639255874,
        -0.01660242412012439
      ]
    },
    "task_type": "screen_occupancy",
    "task_description": "Position where shower head occupies 20% of vertical FOV",
    "target_object": {
      "label": "shower head",
      "id": "161",
      "bbox_min": [
        -3.0027285962158206,
        0.5445986914550781,
        0.7791650024414062
      ],
      "bbox_max": [
        -2.7579926037841798,
        1.057678708544922,
        2.084034997558594
      ],
      "center": [
        -2.8803606000000004,
        0.8011387000000001,
        1.4316
      ]
    }
  },
  {
    "scene_id": "0309_840544",
    "object_label": "shower head",
    "preset": "occupancy_30",
    "distance": 2.717587345329753,
    "init_camera": {
      "intrinsics": [
        [
          320.0,
          0.0,
          320.0
        ],
        [
          0.0,
          320.0,
          240.0
        ],
        [
          0.0,
          0.0,
          1.0
        ]
      ],
      "extrinsics": [
        [
          1.0,
          0.0,
          0.0,
          -2.8803606000000004
        ],
        [
          -0.0,
          -0.16593756283952693,
          0.9861362609897671,
          -0.19963136983206997
        ],
        [
          0.0,
          -0.9861362609897671,
          -0.16593756283952693,
          1.6
        ],
        [
          0.0,
          0.0,
          0.0,
          1.0
        ]
      ]
    },
    "target_region": {
      "type": "circle",
      "params": {
        "center": [
          -2.8803606000000004,
          0.8011387
        ],
        "radius": 2.717587345329753,
        "object_center": [
          -2.8803606000000004,
          0.8011387,
          1.4316
        ],
        "object_height": 1.3048699951171878,
        "occupancy_ratio": 0.3,
        "fov_vertical": 90.0,
        "sample_distance": 2.717587345329753,
        "min_distance": 1.3048699951171878
      },
      "sample_point": [
        -0.4256344092294184,
        1.9671576997771747,
        1.5
      ],
      "sample_forward": [
        -0.9029880979802156,
        -0.42892819687032385,
        -0.025161415612898898
      ],
      "height": 1.5
    },
    "sample_target": [
      -0.4256344092294184,
      1.9671576997771747,
      1.5
    ],
    "camera_params": {
      "forward": [
        -0.9029880979802156,
        -0.42892819687032385,
        -0.025161415612898898
      ]
    },
    "task_type": "screen_occupancy",
    "task_description": "Position where shower head occupies 30% of vertical FOV",
    "target_object": {
      "label": "shower head",
      "id": "161",
      "bbox_min": [
        -3.0027285962158206,
        0.5445986914550781,
        0.7791650024414062
      ],
      "bbox_max": [
        -2.7579926037841798,
        1.057678708544922,
        2.084034997558594
      ],
      "center": [
        -2.8803606000000004,
        0.8011387000000001,
        1.4316
      ]
    }
  },
  {
    "scene_id": "0309_840544",
    "object_label": "shower head",
    "preset": "occupancy_20",
    "distance": 4.119312454062581,
    "init_camera": {
      "intrinsics": [
        [
          320.0,
          0.0,
          320.0
        ],
        [
          0.0,
          320.0,
          240.0
        ],
        [
          0.0,
          0.0,
          1.0
        ]
      ],
      "extrinsics": [
        [
          0.9848077530122081,
          0.028814755393575517,
          -0.17124076465215302,
          -2.7065787011100553
        ],
        [
          0.1736481776669299,
          -0.1634165984003166,
          0.971154635349193,
          -0.18442742375319143
        ],
        [
          -0.0,
          -0.986136260989767,
          -0.16593756283952693,
          1.6
        ],
        [
          0.0,
          0.0,
          0.0,
          1.0
        ]
      ]
    },
    "target_region": {
      "type": "circle",
      "params": {
        "center": [
          -2.8803606000000004,
          0.8011387
        ],
        "radius": 4.119312454062581,
        "object_center": [
          -2.8803606000000004,
          0.8011387,
          1.4316
        ],
        "object_height": 1.3048699951171878,
        "occupancy_ratio": 0.2,
        "fov_vertical": 90.0,
        "sample_distance": 4.119312454062581,
        "min_distance": 1.3048699951171878
      },
      "sample_point": [
        0.8228572678697077,
        -1.0029989104071495,
        1.5
      ],
      "sample_forward": [
        -0.8988654042630942,
        0.437910201448059,
        -0.01660242412012439
      ],
      "height": 1.5
    },
    "sample_target": [
      0.8228572678697077,
      -1.0029989104071495,
      1.5
    ],
    "camera_params": {
      "forward": [
        -0.8988654042630942,
        0.437910201448059,
        -0.01660242412012439
      ]
    },
    "task_type": "screen_occupancy",
    "task_description": "Position where shower head occupies 20% of vertical FOV",
    "target_object": {
      "label": "shower head",
      "id": "161",
      "bbox_min": [
        -3.0027285962158206,
        0.5445986914550781,
        0.7791650024414062
      ],
      "bbox_max": [
        -2.7579926037841798,
        1.057678708544922,
        2.084034997558594
      ],
      "center": [
        -2.8803606000000004,
        0.8011387000000001,
        1.4316
      ]
    }
  },
  {
    "scene_id": "0309_840544",
    "object_label": "shower head",
    "preset": "occupancy_30",
    "distance": 2.717587345329753,
    "init_camera": {
      "intrinsics": [
        [
          320.0,
          0.0,
          320.0
        ],
        [
          0.0,
          320.0,
          240.0
        ],
        [
          0.0,
          0.0,
          1.0
        ]
      ],
      "extrinsics": [
        [
          0.9848077530122081,
          0.028814755393575517,
          -0.17124076465215302,
          -2.7065787011100553
        ],
        [
          0.1736481776669299,
          -0.1634165984003166,
          0.971154635349193,
          -0.18442742375319143
        ],
        [
          -0.0,
          -0.986136260989767,
          -0.16593756283952693,
          1.6
        ],
        [
          0.0,
          0.0,
          0.0,
          1.0
        ]
      ]
    },
    "target_region": {
      "type": "circle",
      "params": {
        "center": [
          -2.8803606000000004,
          0.8011387
        ],
        "radius": 2.717587345329753,
        "object_center": [
          -2.8803606000000004,
          0.8011387,
          1.4316
        ],
        "object_height": 1.3048699951171878,
        "occupancy_ratio": 0.3,
        "fov_vertical": 90.0,
        "sample_distance": 2.717587345329753,
        "min_distance": 1.3048699951171878
      },
      "sample_point": [
        -0.49985489126477445,
        2.112044322146543,
        1.5
      ],
      "sample_forward": [
        -0.8756855775784423,
        -0.48222574836425375,
        -0.025161415612898898
      ],
      "height": 1.5
    },
    "sample_target": [
      -0.49985489126477445,
      2.112044322146543,
      1.5
    ],
    "camera_params": {
      "forward": [
        -0.8756855775784423,
        -0.48222574836425375,
        -0.025161415612898898
      ]
    },
    "task_type": "screen_occupancy",
    "task_description": "Position where shower head occupies 30% of vertical FOV",
    "target_object": {
      "label": "shower head",
      "id": "161",
      "bbox_min": [
        -3.0027285962158206,
        0.5445986914550781,
        0.7791650024414062
      ],
      "bbox_max": [
        -2.7579926037841798,
        1.057678708544922,
        2.084034997558594
      ],
      "center": [
        -2.8803606000000004,
        0.8011387000000001,
        1.4316
      ]
    }
  },
  {
    "scene_id": "0309_840544",
    "object_label": "shower head",
    "preset": "occupancy_50",
    "distance": 1.5751174196728146,
    "init_camera": {
      "intrinsics": [
        [
          320.0,
          0.0,
          320.0
        ],
        [
          0.0,
          320.0,
          240.0
        ],
        [
          0.0,
          0.0,
          1.0
        ]
      ],
      "extrinsics": [
        [
          0.9848077530122081,
          0.028814755393575517,
          -0.17124076465215302,
          -2.7065787011100553
        ],
        [
          0.1736481776669299,
          -0.1634165984003166,
          0.971154635349193,
          -0.18442742375319143
        ],
        [
          -0.0,
          -0.986136260989767,
          -0.16593756283952693,
          1.6
        ],
        [
          0.0,
          0.0,
          0.0,
          1.0
        ]
      ]
    },
    "target_region": {
      "type": "circle",
      "params": {
        "center": [
          -2.8803606000000004,
          0.8011387
        ],
        "radius": 1.5751174196728146,
        "object_center": [
          -2.8803606000000004,
          0.8011387,
          1.4316
        ],
        "object_height": 1.3048699951171878,
        "occupancy_ratio": 0.5,
        "fov_vertical": 90.0,
        "sample_distance": 1.5751174196728146,
        "min_distance": 1.3048699951171878
      },
      "sample_point": [
        -3.724441881845162,
        -0.5287190650994765,
        1.5
      ],
      "sample_forward": [
        0.5353801106852218,
        0.8434962518279906,
        -0.043384446922952576
      ],
      "height": 1.5
    },
    "sample_target": [
      -3.724441881845162,
      -0.5287190650994765,
      1.5
    ],
    "camera_params": {
      "forward": [
        0.5353801106852218,
        0.8434962518279906,
        -0.043384446922952576
      ]
    },
    "task_type": "screen_occupancy",
    "task_description": "Position where shower head occupies 50% of vertical FOV",
    "target_object": {
      "label": "shower head",
      "id": "161",
      "bbox_min": [
        -3.0027285962158206,
        0.5445986914550781,
        0.7791650024414062
      ],
      "bbox_max": [
        -2.7579926037841798,
        1.057678708544922,
        2.084034997558594
      ],
      "center": [
        -2.8803606000000004,
        0.8011387000000001,
        1.4316
      ]
    }
  },
  {
    "scene_id": "0309_840544",
    "object_label": "smoke lampblack machine",
    "preset": "back",
    "distance": 0.9478980102539065,
    "init_camera": {
      "intrinsics": [
        [
          320.0,
          0.0,
          320.0
        ],
        [
          0.0,
          320.0,
          240.0
        ],
        [
          0.0,
          0.0,
          1.0
        ]
      ],
      "extrinsics": [
        [
          0.984807753012208,
          0.0049238875538252505,
          0.1735783538878137,
          -0.7285116431839642
        ],
        [
          -0.17364817766693033,
          0.027924753965851055,
          0.9844117626831268,
          3.6590199624585957
        ],
        [
          0.0,
          -0.9995979008818016,
          0.028355538307287157,
          1.6
        ],
        [
          0.0,
          0.0,
          0.0,
          1.0
        ]
      ]
    },
    "target_region": {
      "type": "circle",
      "params": {
        "center": [
          -0.41285663000000006,
          5.4491885
        ],
        "radius": 0.9478980102539065,
        "object_center": [
          -0.41285663000000006,
          5.4491885,
          1.6515650000000004
        ],
        "sample_distance": 0.9478980102539065,
        "min_distance": 0.9478980102539065,
        "requested_distance": 0.8
      },
      "sample_point": [
        -1.1067335538925327,
        4.803397936169317,
        1.5
      ],
      "sample_forward": [
        0.7228345088410258,
        0.6727413593783368,
        0.15789026635717665
      ],
      "height": 1.5
    },
    "sample_target": [
      -1.1067335538925327,
      4.803397936169317,
      1.5
    ],
    "camera_params": {
      "forward": [
        0.7228345088410258,
        0.6727413593783368,
        0.15789026635717665
      ]
    },
    "task_type": "absolute_positioning",
    "task_description": "Move to any position 0.9m from smoke lampblack machine",
    "target_object": {
      "label": "smoke lampblack machine",
      "id": "174",
      "bbox_min": [
        -0.833303377137956,
        5.028741752862045,
        1.177615994873047
      ],
      "bbox_max": [
        0.007590117137955929,
        5.869635247137956,
        2.1255140051269534
      ],
      "center": [
        -0.41285663000000006,
        5.4491885,
        1.6515650000000002
      ]
    }
  },
  {
    "scene_id": "0309_840544",
    "object_label": "smoke lampblack machine",
    "preset": "back",
    "distance": 1.2,
    "init_camera": {
      "intrinsics": [
        [
          320.0,
          0.0,
          320.0
        ],
        [
          0.0,
          320.0,
          240.0
        ],
        [
          0.0,
          0.0,
          1.0
        ]
      ],
      "extrinsics": [
        [
          0.984807753012208,
          0.0049238875538252505,
          0.1735783538878137,
          -0.7285116431839642
        ],
        [
          -0.17364817766693033,
          0.027924753965851055,
          0.9844117626831268,
          3.6590199624585957
        ],
        [
          0.0,
          -0.9995979008818016,
          0.028355538307287157,
          1.6
        ],
        [
          0.0,
          0.0,
          0.0,
          1.0
        ]
      ]
    },
    "target_region": {
      "type": "circle",
      "params": {
        "center": [
          -0.41285663000000006,
          5.4491885
        ],
        "radius": 1.2,
        "object_center": [
          -0.41285663000000006,
          5.4491885,
          1.6515650000000004
        ],
        "sample_distance": 1.2,
        "min_distance": 0.9478980102539065,
        "requested_distance": 1.2
      },
      "sample_point": [
        -1.2855472963326358,
        6.27284558938605,
        1.5
      ],
      "sample_forward": [
        0.721509961487867,
        -0.6809707239559529,
        0.1253086133858417
      ],
      "height": 1.5
    },
    "sample_target": [
      -1.2855472963326358,
      6.27284558938605,
      1.5
    ],
    "camera_params": {
      "forward": [
        0.721509961487867,
        -0.6809707239559529,
        0.1253086133858417
      ]
    },
    "task_type": "absolute_positioning",
    "task_description": "Move to any position 1.2m from smoke lampblack machine",
    "target_object": {
      "label": "smoke lampblack machine",
      "id": "174",
      "bbox_min": [
        -0.833303377137956,
        5.028741752862045,
        1.177615994873047
      ],
      "bbox_max": [
        0.007590117137955929,
        5.869635247137956,
        2.1255140051269534
      ],
      "center": [
        -0.41285663000000006,
        5.4491885,
        1.6515650000000002
      ]
    }
  },
  {
    "scene_id": "0309_840544",
    "object_label": "smoke lampblack machine",
    "preset": "closer",
    "distance": 1.317784772780127,
    "init_camera": {
      "intrinsics": [
        [
          320.0,
          0.0,
          320.0
        ],
        [
          0.0,
          320.0,
          240.0
        ],
        [
          0.0,
          0.0,
          1.0
        ]
      ],
      "extrinsics": [
        [
          0.984807753012208,
          0.0049238875538252505,
          0.1735783538878137,
          -0.7285116431839642
        ],
        [
          -0.17364817766693033,
          0.027924753965851055,
          0.9844117626831268,
          3.6590199624585957
        ],
        [
          0.0,
          -0.9995979008818016,
          0.028355538307287157,
          1.6
        ],
        [
          0.0,
          0.0,
          0.0,
          1.0
        ]
      ]
    },
    "target_region": {
      "type": "point",
      "params": {
        "delta": 0.5,
        "start_position": [
          -0.7285116431839642,
          3.6590199624585957,
          1.6
        ],
        "sample_distance": 1.317784772780127,
        "min_distance": 0.9478980102539065,
        "min_distance_enforced": false
      },
      "sample_point": [
        -0.6416875543504991,
        4.1514238389647,
        1.6
      ],
      "sample_forward": [
        0.17351538841415864,
        0.984054667737123,
        0.03910013923586474
      ],
      "height": 1.6
    },
    "sample_target": [
      -0.6416875543504991,
      4.1514238389647,
      1.6
    ],
    "camera_params": {
      "forward": [
        0.17351538841415864,
        0.984054667737123,
        0.03910013923586474
      ]
    },
    "task_type": "delta_control",
    "task_description": "Move 0.5m toward smoke lampblack machine",
    "target_object": {
      "label": "smoke lampblack machine",
      "id": "174",
      "bbox_min": [
        -0.833303377137956,
        5.028741752862045,
        1.177615994873047
      ],
      "bbox_max": [
        0.007590117137955929,
        5.869635247137956,
        2.1255140051269534
      ],
      "center": [
        -0.41285663000000006,
        5.4491885,
        1.6515650000000002
      ]
    }
  },
  {
    "scene_id": "0309_840544",
    "object_label": "smoke lampblack machine",
    "preset": "closer",
    "distance": 1.117784772780127,
    "init_camera": {
      "intrinsics": [
        [
          320.0,
          0.0,
          320.0
        ],
        [
          0.0,
          320.0,
          240.0
        ],
        [
          0.0,
          0.0,
          1.0
        ]
      ],
      "extrinsics": [
        [
          0.984807753012208,
          0.0049238875538252505,
          0.1735783538878137,
          -0.7285116431839642
        ],
        [
          -0.17364817766693033,
          0.027924753965851055,
          0.9844117626831268,
          3.6590199624585957
        ],
        [
          0.0,
          -0.9995979008818016,
          0.028355538307287157,
          1.6
        ],
        [
          0.0,
          0.0,
          0.0,
          1.0
        ]
      ]
    },
    "target_region": {
      "type": "point",
      "params": {
        "delta": 0.7,
        "start_position": [
          -0.7285116431839642,
          3.6590199624585957,
          1.6
        ],
        "sample_distance": 1.117784772780127,
        "min_distance": 0.9478980102539065,
        "min_distance_enforced": false
      },
      "sample_point": [
        -0.606957918817113,
        4.348385389567142,
        1.6
      ],
      "sample_forward": [
        0.17346370101568087,
        0.9837615339338324,
        0.046082412936997615
      ],
      "height": 1.6
    },
    "sample_target": [
      -0.606957918817113,
      4.348385389567142,
      1.6
    ],
    "camera_params": {
      "forward": [
        0.17346370101568087,
        0.9837615339338324,
        0.046082412936997615
      ]
    },
    "task_type": "delta_control",
    "task_description": "Move 0.7m toward smoke lampblack machine",
    "target_object": {
      "label": "smoke lampblack machine",
      "id": "174",
      "bbox_min": [
        -0.833303377137956,
        5.028741752862045,
        1.177615994873047
      ],
      "bbox_max": [
        0.007590117137955929,
        5.869635247137956,
        2.1255140051269534
      ],
      "center": [
        -0.41285663000000006,
        5.4491885,
        1.6515650000000002
      ]
    }
  },
  {
    "scene_id": "0309_840544",
    "object_label": "smoke lampblack machine",
    "preset": "closer",
    "distance": 0.9478980102539066,
    "init_camera": {
      "intrinsics": [
        [
          320.0,
          0.0,
          320.0
        ],
        [
          0.0,
          320.0,
          240.0
        ],
        [
          0.0,
          0.0,
          1.0
        ]
      ],
      "extrinsics": [
        [
          0.984807753012208,
          0.0049238875538252505,
          0.1735783538878137,
          -0.7285116431839642
        ],
        [
          -0.17364817766693033,
          0.027924753965851055,
          0.9844117626831268,
          3.6590199624585957
        ],
        [
          0.0,
          -0.9995979008818016,
          0.028355538307287157,
          1.6
        ],
        [
          0.0,
          0.0,
          0.0,
          1.0
        ]
      ]
    },
    "target_region": {
      "type": "point",
      "params": {
        "delta": 1.0,
        "start_position": [
          -0.7285116431839642,
          3.6590199624585957,
          1.6
        ],
        "sample_distance": 0.9478980102539066,
        "min_distance": 0.9478980102539065,
        "min_distance_enforced": true
      },
      "sample_point": [
        -0.5774573920947002,
        4.515691190437107,
        1.6
      ],
      "sample_forward": [
        0.17339180928682835,
        0.9833538156790109,
        0.05431899908659805
      ],
      "height": 1.6
    },
    "sample_target": [
      -0.5774573920947002,
      4.515691190437107,
      1.6
    ],
    "camera_params": {
      "forward": [
        0.17339180928682835,
        0.9833538156790109,
        0.05431899908659805
      ]
    },
    "task_type": "delta_control",
    "task_description": "Move 1.0m toward smoke lampblack machine",
    "target_object": {
      "label": "smoke lampblack machine",
      "id": "174",
      "bbox_min": [
        -0.833303377137956,
        5.028741752862045,
        1.177615994873047
      ],
      "bbox_max": [
        0.007590117137955929,
        5.869635247137956,
        2.1255140051269534
      ],
      "center": [
        -0.41285663000000006,
        5.4491885,
        1.6515650000000002
      ]
    }
  },
  {
    "scene_id": "0309_840544",
    "object_label": "smoke lampblack machine",
    "preset": "closer",
    "distance": 0.9478980102539066,
