[
  {
    "scene_id": "0015_840888",
    "object_label": "door",
    "preset": "right",
    "distance": 2.25600000218557,
    "init_camera": {
      "intrinsics": [
        [
          320.0,
          0.0,
          320.0
        ],
        [
          0.0,
          320.0,
          240.0
        ],
        [
          0.0,
          0.0,
          1.0
        ]
      ],
      "extrinsics": [
        [
          -0.6427876096865394,
          0.2492823169571998,
          -0.7243496498832005,
          4.327400837400543
        ],
        [
          0.7660444431189779,
          0.2091727002178042,
          -0.6078015240603856,
          -1.8457780147458038
        ],
        [
          0.0,
          -0.945571312982814,
          -0.32541495365756806,
          1.6
        ],
        [
          0.0,
          0.0,
          0.0,
          1.0
        ]
      ]
    },
    "target_region": {
      "type": "circle",
      "params": {
        "center": [
          3.2767636999999996,
          -2.7273672492397525
        ],
        "radius": 2.25600000218557,
        "object_center": [
          3.2767636999999996,
          -2.7273672492397525,
          1.1279999991257719
        ],
        "sample_distance": 2.25600000218557,
        "min_distance": 2.25600000218557,
        "requested_distance": 0.8
      },
      "sample_point": [
        4.4473202536734995,
        -0.7988099219836216,
        1.5
      ],
      "sample_forward": [
        -0.5119504555588462,
        -0.8434669808661968,
        -0.16269659873996378
      ],
      "height": 1.5
    },
    "sample_target": [
      4.4473202536734995,
      -0.7988099219836216,
      1.5
    ],
    "camera_params": {
      "forward": [
        -0.5119504555588462,
        -0.8434669808661968,
        -0.16269659873996378
      ]
    },
    "task_type": "absolute_positioning",
    "task_description": "Move to any position 2.3m from door",
    "target_object": {
      "label": "door",
      "id": "55",
      "bbox_min": [
        2.8287636013871045,
        -2.842102312092401,
        -1.9670133042382076e-09
      ],
      "bbox_max": [
        3.7247637986128956,
        -2.6126321863871045,
        2.256000000218557
      ],
      "center": [
        3.2767637,
        -2.7273672492397525,
        1.1279999991257719
      ]
    }
  },
  {
    "scene_id": "0015_840888",
    "object_label": "door",
    "preset": "front",
    "distance": 2.25600000218557,
    "init_camera": {
      "intrinsics": [
        [
          320.0,
          0.0,
          320.0
        ],
        [
          0.0,
          320.0,
          240.0
        ],
        [
          0.0,
          0.0,
          1.0
        ]
      ],
      "extrinsics": [
        [
          -0.6427876096865394,
          0.2492823169571998,
          -0.7243496498832005,
          4.327400837400543
        ],
        [
          0.7660444431189779,
          0.2091727002178042,
          -0.6078015240603856,
          -1.8457780147458038
        ],
        [
          0.0,
          -0.945571312982814,
          -0.32541495365756806,
          1.6
        ],
        [
          0.0,
          0.0,
          0.0,
          1.0
        ]
      ]
    },
    "target_region": {
      "type": "circle",
      "params": {
        "center": [
          3.2767636999999996,
          -2.7273672492397525
        ],
        "radius": 2.25600000218557,
        "object_center": [
          3.2767636999999996,
          -2.7273672492397525,
          1.1279999991257719
        ],
        "sample_distance": 2.25600000218557,
        "min_distance": 2.25600000218557,
        "requested_distance": 1.0
      },
      "sample_point": [
        5.521027252807376,
        -2.9571869946962828,
        1.5
      ],
      "sample_forward": [
        -0.9815431340315446,
        0.10051314736879112,
        -0.16269659873996378
      ],
      "height": 1.5
    },
    "sample_target": [
      5.521027252807376,
      -2.9571869946962828,
      1.5
    ],
    "camera_params": {
      "forward": [
        -0.9815431340315446,
        0.10051314736879112,
        -0.16269659873996378
      ]
    },
    "task_type": "absolute_positioning",
    "task_description": "Move to any position 2.3m from door",
    "target_object": {
      "label": "door",
      "id": "55",
      "bbox_min": [
        2.8287636013871045,
        -2.842102312092401,
        -1.9670133042382076e-09
      ],
      "bbox_max": [
        3.7247637986128956,
        -2.6126321863871045,
        2.256000000218557
      ],
      "center": [
        3.2767637,
        -2.7273672492397525,
        1.1279999991257719
      ]
    }
  },
  {
    "scene_id": "0015_840888",
    "object_label": "door",
    "preset": "right",
    "distance": 2.25600000218557,
    "init_camera": {
      "intrinsics": [
        [
          320.0,
          0.0,
          320.0
        ],
        [
          0.0,
          320.0,
          240.0
        ],
        [
          0.0,
          0.0,
          1.0
        ]
      ],
      "extrinsics": [
        [
          -0.6427876096865394,
          0.2492823169571998,
          -0.7243496498832005,
          4.327400837400543
        ],
        [
          0.7660444431189779,
          0.2091727002178042,
          -0.6078015240603856,
          -1.8457780147458038
        ],
        [
          0.0,
          -0.945571312982814,
          -0.32541495365756806,
          1.6
        ],
        [
          0.0,
          0.0,
          0.0,
          1.0
        ]
      ]
    },
    "target_region": {
      "type": "circle",
      "params": {
        "center": [
          3.2767636999999996,
          -2.7273672492397525
        ],
        "radius": 2.25600000218557,
        "object_center": [
          3.2767636999999996,
          -2.7273672492397525,
          1.1279999991257719
        ],
        "sample_distance": 2.25600000218557,
        "min_distance": 2.25600000218557,
        "requested_distance": 1.2
      },
      "sample_point": [
        4.642237964926579,
        -0.9315342832642106,
        1.5
      ],
      "sample_forward": [
        -0.597198973248437,
        -0.7854191257599091,
        -0.16269659873996375
      ],
      "height": 1.5
    },
    "sample_target": [
      4.642237964926579,
      -0.9315342832642106,
      1.5
    ],
    "camera_params": {
      "forward": [
        -0.597198973248437,
        -0.7854191257599091,
        -0.16269659873996375
      ]
    },
    "task_type": "absolute_positioning",
    "task_description": "Move to any position 2.3m from door",
    "target_object": {
      "label": "door",
      "id": "55",
      "bbox_min": [
        2.8287636013871045,
        -2.842102312092401,
        -1.9670133042382076e-09
      ],
      "bbox_max": [
        3.7247637986128956,
        -2.6126321863871045,
        2.256000000218557
      ],
      "center": [
        3.2767637,
        -2.7273672492397525,
        1.1279999991257719
      ]
    }
  },
  {
    "scene_id": "0015_840888",
    "object_label": "door",
    "preset": "back",
    "distance": 2.25600000218557,
    "init_camera": {
      "intrinsics": [
        [
          320.0,
          0.0,
          320.0
        ],
        [
          0.0,
          320.0,
          240.0
        ],
        [
          0.0,
          0.0,
          1.0
        ]
      ],
      "extrinsics": [
        [
          -0.6427876096865394,
          0.2492823169571998,
          -0.7243496498832005,
          4.327400837400543
        ],
        [
          0.7660444431189779,
          0.2091727002178042,
          -0.6078015240603856,
          -1.8457780147458038
        ],
        [
          0.0,
          -0.945571312982814,
          -0.32541495365756806,
          1.6
        ],
        [
          0.0,
          0.0,
          0.0,
          1.0
        ]
      ]
    },
    "target_region": {
      "type": "circle",
      "params": {
        "center": [
          3.2767636999999996,
          -2.7273672492397525
        ],
        "radius": 2.25600000218557,
        "object_center": [
          3.2767636999999996,
          -2.7273672492397525,
          1.1279999991257719
        ],
        "sample_distance": 2.25600000218557,
        "min_distance": 2.25600000218557,
        "requested_distance": 1.5
      },
      "sample_point": [
        1.062542376046245,
        -2.2952099417581193,
        1.5
      ],
      "sample_forward": [
        0.9684039715542185,
        -0.18900678463077245,
        -0.16269659873996375
      ],
      "height": 1.5
    },
    "sample_target": [
      1.062542376046245,
      -2.2952099417581193,
      1.5
    ],
    "camera_params": {
      "forward": [
        0.9684039715542185,
        -0.18900678463077245,
        -0.16269659873996375
      ]
    },
    "task_type": "absolute_positioning",
    "task_description": "Move to any position 2.3m from door",
    "target_object": {
      "label": "door",
      "id": "55",
      "bbox_min": [
        2.8287636013871045,
        -2.842102312092401,
        -1.9670133042382076e-09
      ],
      "bbox_max": [
        3.7247637986128956,
        -2.6126321863871045,
        2.256000000218557
      ],
      "center": [
        3.2767637,
        -2.7273672492397525,
        1.1279999991257719
      ]
    }
  },
  {
    "scene_id": "0015_840888",
    "object_label": "door",
    "preset": "occupancy_30",
    "distance": 4.698458145213769,
    "init_camera": {
      "intrinsics": [
        [
          320.0,
          0.0,
          320.0
        ],
        [
          0.0,
          320.0,
          240.0
        ],
        [
          0.0,
          0.0,
          1.0
        ]
      ],
      "extrinsics": [
        [
          -0.6427876096865394,
          0.2492823169571998,
          -0.7243496498832005,
          4.327400837400543
        ],
        [
          0.7660444431189779,
          0.2091727002178042,
          -0.6078015240603856,
          -1.8457780147458038
        ],
        [
          0.0,
          -0.945571312982814,
          -0.32541495365756806,
          1.6
        ],
        [
          0.0,
          0.0,
          0.0,
          1.0
        ]
      ]
    },
    "target_region": {
      "type": "circle",
      "params": {
        "center": [
          3.2767636999999996,
          -2.7273672492397525
        ],
        "radius": 4.698458145213769,
        "object_center": [
          3.2767636999999996,
          -2.7273672492397525,
          1.1279999991257719
        ],
        "object_height": 2.25600000218557,
        "occupancy_ratio": 0.3,
        "fov_vertical": 90.0,
        "sample_distance": 4.698458145213769,
        "min_distance": 2.25600000218557
      },
      "sample_point": [
        3.3228251770564965,
        1.97086510800451,
        1.5
      ],
      "sample_forward": [
        -0.009772946541108373,
        -0.9968324204787404,
        -0.07892791013577177
      ],
      "height": 1.5
    },
    "sample_target": [
      3.3228251770564965,
      1.97086510800451,
      1.5
    ],
    "camera_params": {
      "forward": [
        -0.009772946541108373,
        -0.9968324204787404,
        -0.07892791013577177
      ]
    },
    "task_type": "screen_occupancy",
    "task_description": "Position where door occupies 30% of vertical FOV",
    "target_object": {
      "label": "door",
      "id": "55",
      "bbox_min": [
        2.8287636013871045,
        -2.842102312092401,
        -1.9670133042382076e-09
      ],
      "bbox_max": [
        3.7247637986128956,
        -2.6126321863871045,
        2.256000000218557
      ],
      "center": [
        3.2767637,
        -2.7273672492397525,
        1.1279999991257719
      ]
    }
  },
  {
    "scene_id": "0015_840888",
    "object_label": "door",
    "preset": "occupancy_50",
    "distance": 2.7232329009950678,
    "init_camera": {
      "intrinsics": [
        [
          320.0,
          0.0,
          320.0
        ],
        [
          0.0,
          320.0,
          240.0
        ],
        [
          0.0,
          0.0,
          1.0
        ]
      ],
      "extrinsics": [
        [
          -0.6427876096865394,
          0.2492823169571998,
          -0.7243496498832005,
          4.327400837400543
        ],
        [
          0.7660444431189779,
          0.2091727002178042,
          -0.6078015240603856,
          -1.8457780147458038
        ],
        [
          0.0,
          -0.945571312982814,
          -0.32541495365756806,
          1.6
        ],
        [
          0.0,
          0.0,
          0.0,
          1.0
        ]
      ]
    },
    "target_region": {
      "type": "circle",
      "params": {
        "center": [
          3.2767636999999996,
          -2.7273672492397525
        ],
        "radius": 2.7232329009950678,
        "object_center": [
          3.2767636999999996,
          -2.7273672492397525,
          1.1279999991257719
        ],
        "object_height": 2.25600000218557,
        "occupancy_ratio": 0.5,
        "fov_vertical": 90.0,
        "sample_distance": 2.7232329009950678,
        "min_distance": 2.25600000218557
      },
      "sample_point": [
        4.653743841634102,
        -0.3779155849982132,
        1.5
      ],
      "sample_forward": [
        -0.5009890369503921,
        -0.8548050120991764,
        -0.13534539573123858
      ],
      "height": 1.5
    },
    "sample_target": [
      4.653743841634102,
      -0.3779155849982132,
      1.5
    ],
    "camera_params": {
      "forward": [
        -0.5009890369503921,
        -0.8548050120991764,
        -0.13534539573123858
      ]
    },
    "task_type": "screen_occupancy",
    "task_description": "Position where door occupies 50% of vertical FOV",
    "target_object": {
      "label": "door",
      "id": "55",
      "bbox_min": [
        2.8287636013871045,
        -2.842102312092401,
        -1.9670133042382076e-09
      ],
      "bbox_max": [
        3.7247637986128956,
        -2.6126321863871045,
        2.256000000218557
      ],
      "center": [
        3.2767637,
        -2.7273672492397525,
        1.1279999991257719
      ]
    }
  },
  {
    "scene_id": "0015_840888",
    "object_label": "door",
    "preset": "back",
    "distance": 2.25600000218557,
    "init_camera": {
      "intrinsics": [
        [
          320.0,
          0.0,
          320.0
        ],
        [
          0.0,
          320.0,
          240.0
        ],
        [
          0.0,
          0.0,
          1.0
        ]
      ],
      "extrinsics": [
        [
          -0.3420201433256687,
          0.3057900306454049,
          -0.888546385236793,
          4.565560941474908
        ],
        [
          0.9396926207859084,
          0.11129846909027721,
          -0.3234044359910228,
          -2.2582834153384947
        ],
        [
          0.0,
          -0.945571312982814,
          -0.3254149536575679,
          1.6
        ],
        [
          0.0,
          0.0,
          0.0,
          1.0
        ]
      ]
    },
    "target_region": {
      "type": "circle",
      "params": {
        "center": [
          3.2767636999999996,
          -2.7273672492397525
        ],
        "radius": 2.25600000218557,
        "object_center": [
          3.2767636999999996,
          -2.7273672492397525,
          1.1279999991257719
        ],
        "sample_distance": 2.25600000218557,
        "min_distance": 2.25600000218557,
        "requested_distance": 0.8
      },
      "sample_point": [
        1.6707921984948613,
        -1.1429457313933733,
        1.5
      ],
      "sample_forward": [
        0.7023819901993456,
        -0.6929569659091781,
        -0.16269659873996378
      ],
      "height": 1.5
    },
    "sample_target": [
      1.6707921984948613,
      -1.1429457313933733,
      1.5
    ],
    "camera_params": {
      "forward": [
        0.7023819901993456,
        -0.6929569659091781,
        -0.16269659873996378
      ]
    },
    "task_type": "absolute_positioning",
    "task_description": "Move to any position 2.3m from door",
    "target_object": {
      "label": "door",
      "id": "55",
      "bbox_min": [
        2.8287636013871045,
        -2.842102312092401,
        -1.9670133042382076e-09
      ],
      "bbox_max": [
        3.7247637986128956,
        -2.6126321863871045,
        2.256000000218557
      ],
      "center": [
        3.2767637,
        -2.7273672492397525,
        1.1279999991257719
      ]
    }
  },
  {
    "scene_id": "0015_840888",
    "object_label": "door",
    "preset": "back",
    "distance": 2.25600000218557,
    "init_camera": {
      "intrinsics": [
        [
          320.0,
          0.0,
          320.0
        ],
        [
          0.0,
          320.0,
          240.0
        ],
        [
          0.0,
          0.0,
          1.0
        ]
      ],
      "extrinsics": [
        [
          -0.3420201433256687,
          0.3057900306454049,
          -0.888546385236793,
          4.565560941474908
        ],
        [
          0.9396926207859084,
          0.11129846909027721,
          -0.3234044359910228,
          -2.2582834153384947
        ],
        [
          0.0,
          -0.945571312982814,
          -0.3254149536575679,
          1.6
        ],
        [
          0.0,
          0.0,
          0.0,
          1.0
        ]
      ]
    },
    "target_region": {
      "type": "circle",
      "params": {
        "center": [
          3.2767636999999996,
          -2.7273672492397525
        ],
        "radius": 2.25600000218557,
        "object_center": [
          3.2767636999999996,
          -2.7273672492397525,
          1.1279999991257719
        ],
        "sample_distance": 2.25600000218557,
        "min_distance": 2.25600000218557,
        "requested_distance": 1.0
      },
      "sample_point": [
        1.605379340456078,
        -1.2121080857521174,
        1.5
      ],
      "sample_forward": [
        0.7309907253922475,
        -0.6627083643269963,
        -0.16269659873996378
      ],
      "height": 1.5
    },
    "sample_target": [
      1.605379340456078,
      -1.2121080857521174,
      1.5
    ],
    "camera_params": {
      "forward": [
        0.7309907253922475,
        -0.6627083643269963,
        -0.16269659873996378
      ]
    },
    "task_type": "absolute_positioning",
    "task_description": "Move to any position 2.3m from door",
    "target_object": {
      "label": "door",
      "id": "55",
      "bbox_min": [
        2.8287636013871045,
        -2.842102312092401,
        -1.9670133042382076e-09
      ],
      "bbox_max": [
        3.7247637986128956,
        -2.6126321863871045,
        2.256000000218557
      ],
      "center": [
        3.2767637,
        -2.7273672492397525,
        1.1279999991257719
      ]
    }
  },
  {
    "scene_id": "0015_840888",
    "object_label": "door",
    "preset": "front",
    "distance": 2.25600000218557,
    "init_camera": {
      "intrinsics": [
        [
          320.0,
          0.0,
          320.0
        ],
        [
          0.0,
          320.0,
          240.0
        ],
        [
          0.0,
          0.0,
          1.0
        ]
      ],
      "extrinsics": [
        [
          -0.3420201433256687,
          0.3057900306454049,
          -0.888546385236793,
          4.565560941474908
        ],
        [
          0.9396926207859084,
          0.11129846909027721,
          -0.3234044359910228,
          -2.2582834153384947
        ],
        [
          0.0,
          -0.945571312982814,
          -0.3254149536575679,
          1.6
        ],
        [
          0.0,
          0.0,
          0.0,
          1.0
        ]
      ]
    },
    "target_region": {
      "type": "circle",
      "params": {
        "center": [
          3.2767636999999996,
          -2.7273672492397525
        ],
        "radius": 2.25600000218557,
        "object_center": [
          3.2767636999999996,
          -2.7273672492397525,
          1.1279999991257719
        ],
        "sample_distance": 2.25600000218557,
        "min_distance": 2.25600000218557,
        "requested_distance": 1.2
      },
      "sample_point": [
        4.939816710528135,
        -1.2029687796673787,
        1.5
      ],
      "sample_forward": [
        -0.727346956186338,
        -0.6667054987660719,
        -0.1626965987399638
      ],
      "height": 1.5
    },
    "sample_target": [
      4.939816710528135,
      -1.2029687796673787,
      1.5
    ],
    "camera_params": {
      "forward": [
        -0.727346956186338,
        -0.6667054987660719,
        -0.1626965987399638
      ]
    },
    "task_type": "absolute_positioning",
    "task_description": "Move to any position 2.3m from door",
    "target_object": {
      "label": "door",
      "id": "55",
      "bbox_min": [
        2.8287636013871045,
        -2.842102312092401,
        -1.9670133042382076e-09
      ],
      "bbox_max": [
        3.7247637986128956,
        -2.6126321863871045,
        2.256000000218557
      ],
      "center": [
        3.2767637,
        -2.7273672492397525,
        1.1279999991257719
      ]
    }
  },
  {
    "scene_id": "0015_840888",
    "object_label": "door",
    "preset": "right",
    "distance": 2.25600000218557,
    "init_camera": {
      "intrinsics": [
        [
          320.0,
          0.0,
          320.0
        ],
        [
          0.0,
          320.0,
          240.0
        ],
        [
          0.0,
          0.0,
          1.0
        ]
      ],
      "extrinsics": [
        [
          -0.3420201433256687,
          0.3057900306454049,
          -0.888546385236793,
          4.565560941474908
        ],
        [
          0.9396926207859084,
          0.11129846909027721,
          -0.3234044359910228,
          -2.2582834153384947
        ],
        [
          0.0,
          -0.945571312982814,
          -0.3254149536575679,
          1.6
        ],
        [
          0.0,
          0.0,
          0.0,
          1.0
        ]
      ]
    },
    "target_region": {
      "type": "circle",
      "params": {
        "center": [
          3.2767636999999996,
          -2.7273672492397525
        ],
        "radius": 2.25600000218557,
        "object_center": [
          3.2767636999999996,
          -2.7273672492397525,
          1.1279999991257719
        ],
        "sample_distance": 2.25600000218557,
        "min_distance": 2.25600000218557,
        "requested_distance": 1.5
      },
      "sample_point": [
        3.9016123329860735,
        -0.5596264446884502,
        1.5
      ],
      "sample_forward": [
        -0.27328157815924653,
        -0.9480754167244496,
        -0.16269659873996378
      ],
      "height": 1.5
    },
    "sample_target": [
      3.9016123329860735,
      -0.5596264446884502,
      1.5
    ],
    "camera_params": {
      "forward": [
        -0.27328157815924653,
        -0.9480754167244496,
        -0.16269659873996378
      ]
    },
    "task_type": "absolute_positioning",
    "task_description": "Move to any position 2.3m from door",
    "target_object": {
      "label": "door",
      "id": "55",
      "bbox_min": [
        2.8287636013871045,
        -2.842102312092401,
        -1.9670133042382076e-09
      ],
      "bbox_max": [
        3.7247637986128956,
        -2.6126321863871045,
        2.256000000218557
      ],
      "center": [
        3.2767637,
        -2.7273672492397525,
        1.1279999991257719
      ]
    }
  },
  {
    "scene_id": "0015_840888",
    "object_label": "door",
    "preset": "occupancy_30",
    "distance": 4.698458145213769,
    "init_camera": {
      "intrinsics": [
        [
          320.0,
          0.0,
          320.0
        ],
        [
          0.0,
          320.0,
          240.0
        ],
        [
          0.0,
          0.0,
          1.0
        ]
      ],
      "extrinsics": [
        [
          -0.3420201433256687,
          0.3057900306454049,
          -0.888546385236793,
          4.565560941474908
        ],
        [
          0.9396926207859084,
          0.11129846909027721,
          -0.3234044359910228,
          -2.2582834153384947
        ],
        [
          0.0,
          -0.945571312982814,
          -0.3254149536575679,
          1.6
        ],
        [
          0.0,
          0.0,
          0.0,
          1.0
        ]
      ]
    },
    "target_region": {
      "type": "circle",
      "params": {
        "center": [
          3.2767636999999996,
          -2.7273672492397525
        ],
        "radius": 4.698458145213769,
        "object_center": [
          3.2767636999999996,
          -2.7273672492397525,
          1.1279999991257719
        ],
        "object_height": 2.25600000218557,
        "occupancy_ratio": 0.3,
        "fov_vertical": 90.0,
        "sample_distance": 4.698458145213769,
        "min_distance": 2.25600000218557
      },
      "sample_point": [
        7.034347308498409,
        -5.548018657597346,
        1.5
      ],
      "sample_forward": [
        -0.7972532814038449,
        0.5984626891397671,
        -0.07892791013577177
      ],
      "height": 1.5
    },
    "sample_target": [
      7.034347308498409,
      -5.548018657597346,
      1.5
    ],
    "camera_params": {
      "forward": [
        -0.7972532814038449,
        0.5984626891397671,
        -0.07892791013577177
      ]
    },
    "task_type": "screen_occupancy",
    "task_description": "Position where door occupies 30% of vertical FOV",
    "target_object": {
      "label": "door",
      "id": "55",
      "bbox_min": [
        2.8287636013871045,
        -2.842102312092401,
        -1.9670133042382076e-09
      ],
      "bbox_max": [
        3.7247637986128956,
        -2.6126321863871045,
        2.256000000218557
      ],
      "center": [
        3.2767637,
        -2.7273672492397525,
        1.1279999991257719
      ]
    }
  },
  {
    "scene_id": "0015_840888",
    "object_label": "door",
    "preset": "occupancy_50",
    "distance": 2.7232329009950678,
    "init_camera": {
      "intrinsics": [
        [
          320.0,
          0.0,
          320.0
        ],
        [
          0.0,
          320.0,
          240.0
        ],
        [
          0.0,
          0.0,
          1.0
        ]
      ],
      "extrinsics": [
        [
          -0.3420201433256687,
          0.3057900306454049,
          -0.888546385236793,
          4.565560941474908
        ],
        [
          0.9396926207859084,
          0.11129846909027721,
          -0.3234044359910228,
          -2.2582834153384947
        ],
        [
          0.0,
          -0.945571312982814,
          -0.3254149536575679,
          1.6
        ],
        [
          0.0,
          0.0,
          0.0,
          1.0
        ]
      ]
    },
    "target_region": {
      "type": "circle",
      "params": {
        "center": [
          3.2767636999999996,
          -2.7273672492397525
        ],
        "radius": 2.7232329009950678,
        "object_center": [
          3.2767636999999996,
          -2.7273672492397525,
          1.1279999991257719
        ],
        "object_height": 2.25600000218557,
        "occupancy_ratio": 0.5,
        "fov_vertical": 90.0,
        "sample_distance": 2.7232329009950678,
        "min_distance": 2.25600000218557
      },
      "sample_point": [
        3.999106173385951,
        -5.353051690334051,
        1.5
      ],
      "sample_forward": [
        -0.2628110959251248,
        0.955307255134697,
        -0.13534539573123855
      ],
      "height": 1.5
    },
    "sample_target": [
      3.999106173385951,
      -5.353051690334051,
      1.5
    ],
    "camera_params": {
      "forward": [
        -0.2628110959251248,
        0.955307255134697,
        -0.13534539573123855
      ]
    },
    "task_type": "screen_occupancy",
    "task_description": "Position where door occupies 50% of vertical FOV",
    "target_object": {
      "label": "door",
      "id": "55",
      "bbox_min": [
        2.8287636013871045,
        -2.842102312092401,
        -1.9670133042382076e-09
      ],
      "bbox_max": [
        3.7247637986128956,
        -2.6126321863871045,
        2.256000000218557
      ],
      "center": [
        3.2767637,
        -2.7273672492397525,
        1.1279999991257719
      ]
    }
  },
  {
    "scene_id": "0015_840888",
    "object_label": "door",
    "preset": "right",
    "distance": 2.25600000218557,
    "init_camera": {
      "intrinsics": [
        [
          320.0,
          0.0,
          320.0
        ],
        [
          0.0,
          320.0,
          240.0
        ],
        [
          0.0,
          0.0,
          1.0
        ]
      ],
      "extrinsics": [
        [
          -0.49999999999999983,
          0.28181761663878985,
          -0.8188887781329234,
          4.464525662535266
        ],
        [
          0.8660254037844388,
          0.16270747682878398,
          -0.4727856564914068,
          -2.041612560436819
        ],
        [
          0.0,
          -0.945571312982814,
          -0.325414953657568,
          1.6
        ],
        [
          0.0,
          0.0,
          0.0,
          1.0
        ]
      ]
    },
    "target_region": {
      "type": "circle",
      "params": {
        "center": [
          3.2767636999999996,
          -2.7273672492397525
        ],
        "radius": 2.25600000218557,
        "object_center": [
          3.2767636999999996,
          -2.7273672492397525,
          1.1279999991257719
        ],
        "sample_distance": 2.25600000218557,
        "min_distance": 2.25600000218557,
        "requested_distance": 1.2
      },
      "sample_point": [
        2.0700540560714544,
        -0.8212224894927034,
        1.5
      ],
      "sample_forward": [
        0.5277622426680174,
        -0.8336646999678419,
        -0.16269659873996378
      ],
      "height": 1.5
    },
    "sample_target": [
      2.0700540560714544,
      -0.8212224894927034,
      1.5
    ],
    "camera_params": {
      "forward": [
        0.5277622426680174,
        -0.8336646999678419,
        -0.16269659873996378
      ]
    },
    "task_type": "absolute_positioning",
    "task_description": "Move to any position 2.3m from door",
    "target_object": {
      "label": "door",
      "id": "55",
      "bbox_min": [
        2.8287636013871045,
        -2.842102312092401,
        -1.9670133042382076e-09
      ],
      "bbox_max": [
        3.7247637986128956,
        -2.6126321863871045,
        2.256000000218557
      ],
      "center": [
        3.2767637,
        -2.7273672492397525,
        1.1279999991257719
      ]
    }
  },
  {
    "scene_id": "0015_840888",
    "object_label": "door",
    "preset": "back",
    "distance": 2.25600000218557,
    "init_camera": {
      "intrinsics": [
        [
          320.0,
          0.0,
          320.0
        ],
        [
          0.0,
          320.0,
          240.0
        ],
        [
          0.0,
          0.0,
          1.0
        ]
      ],
      "extrinsics": [
        [
          -0.49999999999999983,
          0.28181761663878985,
          -0.8188887781329234,
          4.464525662535266
        ],
        [
          0.8660254037844388,
          0.16270747682878398,
          -0.4727856564914068,
          -2.041612560436819
        ],
        [
          0.0,
          -0.945571312982814,
          -0.325414953657568,
          1.6
        ],
        [
          0.0,
          0.0,
          0.0,
          1.0
        ]
      ]
    },
    "target_region": {
      "type": "circle",
      "params": {
        "center": [
          3.2767636999999996,
          -2.7273672492397525
        ],
        "radius": 2.25600000218557,
        "object_center": [
          3.2767636999999996,
          -2.7273672492397525,
          1.1279999991257719
        ],
        "sample_distance": 2.25600000218557,
        "min_distance": 2.25600000218557,
        "requested_distance": 1.5
      },
      "sample_point": [
        1.3516756110903951,
        -1.5511139347706033,
        1.5
      ],
      "sample_forward": [
        0.8419496871084772,
        -0.5144419706209676,
        -0.16269659873996378
      ],
      "height": 1.5
    },
    "sample_target": [
      1.3516756110903951,
      -1.5511139347706033,
      1.5
    ],
    "camera_params": {
      "forward": [
        0.8419496871084772,
        -0.5144419706209676,
        -0.16269659873996378
      ]
    },
    "task_type": "absolute_positioning",
    "task_description": "Move to any position 2.3m from door",
    "target_object": {
      "label": "door",
      "id": "55",
      "bbox_min": [
        2.8287636013871045,
        -2.842102312092401,
        -1.9670133042382076e-09
      ],
      "bbox_max": [
        3.7247637986128956,
        -2.6126321863871045,
        2.256000000218557
      ],
      "center": [
        3.2767637,
        -2.7273672492397525,
        1.1279999991257719
      ]
    }
  },
  {
    "scene_id": "0015_840888",
    "object_label": "door",
    "preset": "occupancy_30",
    "distance": 4.698458145213769,
    "init_camera": {
      "intrinsics": [
        [
          320.0,
          0.0,
          320.0
        ],
        [
          0.0,
          320.0,
          240.0
        ],
        [
          0.0,
          0.0,
          1.0
        ]
      ],
      "extrinsics": [
        [
          -0.49999999999999983,
          0.28181761663878985,
          -0.8188887781329234,
          4.464525662535266
        ],
        [
          0.8660254037844388,
          0.16270747682878398,
          -0.4727856564914068,
          -2.041612560436819
        ],
        [
          0.0,
          -0.945571312982814,
          -0.325414953657568,
          1.6
        ],
        [
          0.0,
          0.0,
          0.0,
          1.0
        ]
      ]
    },
    "target_region": {
      "type": "circle",
      "params": {
        "center": [
          3.2767636999999996,
          -2.7273672492397525
        ],
        "radius": 4.698458145213769,
        "object_center": [
          3.2767636999999996,
          -2.7273672492397525,
          1.1279999991257719
        ],
        "object_height": 2.25600000218557,
        "occupancy_ratio": 0.3,
        "fov_vertical": 90.0,
        "sample_distance": 4.698458145213769,
        "min_distance": 2.25600000218557
      },
      "sample_point": [
        -1.4183310650868637,
        -2.5496199871524357,
        1.5
      ],
      "sample_forward": [
        0.9961667119000847,
        -0.03771295670950938,
        -0.07892791013577177
      ],
      "height": 1.5
    },
    "sample_target": [
      -1.4183310650868637,
      -2.5496199871524357,
      1.5
    ],
    "camera_params": {
      "forward": [
        0.9961667119000847,
        -0.03771295670950938,
        -0.07892791013577177
      ]
    },
    "task_type": "screen_occupancy",
    "task_description": "Position where door occupies 30% of vertical FOV",
    "target_object": {
      "label": "door",
      "id": "55",
      "bbox_min": [
        2.8287636013871045,
        -2.842102312092401,
        -1.9670133042382076e-09
      ],
      "bbox_max": [
        3.7247637986128956,
        -2.6126321863871045,
        2.256000000218557
      ],
      "center": [
        3.2767637,
        -2.7273672492397525,
        1.1279999991257719
      ]
    }
  },
  {
    "scene_id": "0015_840888",
    "object_label": "door",
    "preset": "occupancy_50",
    "distance": 2.7232329009950678,
    "init_camera": {
      "intrinsics": [
        [
          320.0,
          0.0,
          320.0
        ],
        [
          0.0,
          320.0,
          240.0
        ],
        [
          0.0,
          0.0,
          1.0
        ]
      ],
      "extrinsics": [
        [
          -0.49999999999999983,
          0.28181761663878985,
          -0.8188887781329234,
          4.464525662535266
        ],
        [
          0.8660254037844388,
          0.16270747682878398,
          -0.4727856564914068,
          -2.041612560436819
        ],
        [
          0.0,
          -0.945571312982814,
          -0.325414953657568,
          1.6
        ],
        [
          0.0,
          0.0,
          0.0,
          1.0
        ]
      ]
    },
    "target_region": {
      "type": "circle",
      "params": {
        "center": [
          3.2767636999999996,
          -2.7273672492397525
        ],
        "radius": 2.7232329009950678,
        "object_center": [
          3.2767636999999996,
          -2.7273672492397525,
          1.1279999991257719
        ],
        "object_height": 2.25600000218557,
        "occupancy_ratio": 0.5,
        "fov_vertical": 90.0,
        "sample_distance": 2.7232329009950678,
        "min_distance": 2.25600000218557
      },
      "sample_point": [
        5.690007110035375,
        -1.4655219033344609,
        1.5
      ],
      "sample_forward": [
        -0.878014471934023,
        -0.4590993475586445,
        -0.13534539573123858
      ],
      "height": 1.5
    },
    "sample_target": [
      5.690007110035375,
      -1.4655219033344609,
      1.5
    ],
    "camera_params": {
      "forward": [
        -0.878014471934023,
        -0.4590993475586445,
        -0.13534539573123858
      ]
    },
    "task_type": "screen_occupancy",
    "task_description": "Position where door occupies 50% of vertical FOV",
    "target_object": {
      "label": "door",
      "id": "55",
      "bbox_min": [
        2.8287636013871045,
        -2.842102312092401,
        -1.9670133042382076e-09
      ],
      "bbox_max": [
        3.7247637986128956,
        -2.6126321863871045,
        2.256000000218557
      ],
      "center": [
        3.2767637,
        -2.7273672492397525,
        1.1279999991257719
      ]
    }
  },
  {
    "scene_id": "0015_840888",
    "object_label": "door",
    "preset": "left",
    "distance": 2.25600000218557,
    "init_camera": {
      "intrinsics": [
        [
          320.0,
          0.0,
          320.0
        ],
        [
          0.0,
          320.0,
          240.0
        ],
        [
          0.0,
          0.0,
          1.0
        ]
      ],
      "extrinsics": [
        [
          -0.7660444431189781,
          0.20917270021780413,
          -0.6078015240603856,
          4.158352934493949
        ],
        [
          0.6427876096865393,
          0.2492823169571998,
          -0.7243496498832008,
          -1.6767301118392095
        ],
        [
          0.0,
          -0.9455713129828142,
          -0.32541495365756806,
          1.6
        ],
        [
          0.0,
          0.0,
          0.0,
          1.0
        ]
      ]
    },
    "target_region": {
      "type": "circle",
      "params": {
        "center": [
          3.2767636999999996,
          -2.7273672492397525
        ],
        "radius": 2.25600000218557,
        "object_center": [
          3.2767636999999996,
          -2.7273672492397525,
          1.1279999991257719
        ],
        "sample_distance": 2.25600000218557,
        "min_distance": 2.25600000218557,
        "requested_distance": 0.8
      },
      "sample_point": [
        2.947382246062607,
        -4.9591924815694215,
        1.5
      ],
      "sample_forward": [
        0.144057102466933,
        0.976103154378306,
        -0.1626965987399638
      ],
      "height": 1.5
    },
    "sample_target": [
      2.947382246062607,
      -4.9591924815694215,
      1.5
    ],
    "camera_params": {
      "forward": [
        0.144057102466933,
        0.976103154378306,
        -0.1626965987399638
      ]
    },
    "task_type": "absolute_positioning",
    "task_description": "Move to any position 2.3m from door",
    "target_object": {
      "label": "door",
      "id": "55",
      "bbox_min": [
        2.8287636013871045,
        -2.842102312092401,
        -1.9670133042382076e-09
      ],
      "bbox_max": [
        3.7247637986128956,
        -2.6126321863871045,
