{"scene_id": "0275_840778", "object_label": "refrigerator", "preset": "left", "distance": 1.8499999536103822, "init_camera": {"intrinsics": [[320.0, 0.0, 320.0], [0.0, 320.0, 240.0], [0.0, 0.0, 1.0]], "extrinsics": [[-0.49999999999999983, 0.42544145546657985, -0.7543206002559378, -2.246608814987595], [0.8660254037844388, 0.24562873883805592, -0.43550720161304557, 1.7409817800698952], [0.0, -0.8710144032260916, -0.491257477676112, 1.6], [0.0, 0.0, 0.0, 1.0]]}, "target_region": {"type": "circle", "params": {"center": [-3.2830639999999995, 1.1425841], "radius": 1.8499999536103822, "object_center": [-3.2830639999999995, 1.1425841, 0.9250000599999999], "sample_distance": 1.8499999536103822, "min_distance": 1.8499999536103822, "requested_distance": 0.8}, "sample_point": [-3.074834390340419, -0.6956596972204434, 1.5], "sample_forward": [-0.10748453560364163, 0.9488697654167821, -0.29680505872368523], "height": 1.5}, "sample_target": [-3.074834390340419, -0.6956596972204434, 1.5], "camera_params": {"forward": [-0.10748453560364163, 0.9488697654167821, -0.29680505872368523]}, "task_type": "absolute_positioning", "task_description": "Move to any position 1.8m from refrigerator", "target_object": {"label": "refrigerator", "id": "85", "bbox_min": [-3.674961934429015, 0.7925841038220388, 8.319480889440457e-08], "bbox_max": [-2.8911660655709848, 1.4925840961779613, 1.850000036805191], "center": [-3.283064, 1.1425841, 0.9250000599999999]}}
{"scene_id": "0275_840778", "object_label": "refrigerator", "preset": "right", "distance": 1.8499999536103822, "init_camera": {"intrinsics": [[320.0, 0.0, 320.0], [0.0, 320.0, 240.0], [0.0, 0.0, 1.0]], "extrinsics": [[-0.49999999999999983, 0.42544145546657985, -0.7543206002559378, -2.246608814987595], [0.8660254037844388, 0.24562873883805592, -0.43550720161304557, 1.7409817800698952], [0.0, -0.8710144032260916, -0.491257477676112, 1.6], [0.0, 0.0, 0.0, 1.0]]}, "target_region": {"type": "circle", "params": {"center": [-3.2830639999999995, 1.1425841], "radius": 1.8499999536103822, "object_center": [-3.2830639999999995, 1.1425841, 0.9250000599999999], "sample_distance": 1.8499999536103822, "min_distance": 1.8499999536103822, "requested_distance": 1.0}, "sample_point": [-2.328088226063671, 2.7270465008013343, 1.5], "sample_forward": [-0.4929420351989405, -0.8178721825872036, -0.29680505872368523], "height": 1.5}, "sample_target": [-2.328088226063671, 2.7270465008013343, 1.5], "camera_params": {"forward": [-0.4929420351989405, -0.8178721825872036, -0.29680505872368523]}, "task_type": "absolute_positioning", "task_description": "Move to any position 1.8m from refrigerator", "target_object": {"label": "refrigerator", "id": "85", "bbox_min": [-3.674961934429015, 0.7925841038220388, 8.319480889440457e-08], "bbox_max": [-2.8911660655709848, 1.4925840961779613, 1.850000036805191], "center": [-3.283064, 1.1425841, 0.9250000599999999]}}
{"scene_id": "0275_840778", "object_label": "refrigerator", "preset": "right", "distance": 1.8499999536103822, "init_camera": {"intrinsics": [[320.0, 0.0, 320.0], [0.0, 320.0, 240.0], [0.0, 0.0, 1.0]], "extrinsics": [[-0.49999999999999983, 0.42544145546657985, -0.7543206002559378, -2.246608814987595], [0.8660254037844388, 0.24562873883805592, -0.43550720161304557, 1.7409817800698952], [0.0, -0.8710144032260916, -0.491257477676112, 1.6], [0.0, 0.0, 0.0, 1.0]]}, "target_region": {"type": "circle", "params": {"center": [-3.2830639999999995, 1.1425841], "radius": 1.8499999536103822, "object_center": [-3.2830639999999995, 1.1425841, 0.9250000599999999], "sample_distance": 1.8499999536103822, "min_distance": 1.8499999536103822, "requested_distance": 1.2}, "sample_point": [-4.340025486479042, 2.6609161600113898, 1.5], "sample_forward": [0.5455853022577458, -0.7837368404485997, -0.29680505872368523], "height": 1.5}, "sample_target": [-4.340025486479042, 2.6609161600113898, 1.5], "camera_params": {"forward": [0.5455853022577458, -0.7837368404485997, -0.29680505872368523]}, "task_type": "absolute_positioning", "task_description": "Move to any position 1.8m from refrigerator", "target_object": {"label": "refrigerator", "id": "85", "bbox_min": [-3.674961934429015, 0.7925841038220388, 8.319480889440457e-08], "bbox_max": [-2.8911660655709848, 1.4925840961779613, 1.850000036805191], "center": [-3.283064, 1.1425841, 0.9250000599999999]}}
{"scene_id": "0275_840778", "object_label": "refrigerator", "preset": "occupancy_20", "distance": 5.840220004628156, "init_camera": {"intrinsics": [[320.0, 0.0, 320.0], [0.0, 320.0, 240.0], [0.0, 0.0, 1.0]], "extrinsics": [[-0.49999999999999983, 0.42544145546657985, -0.7543206002559378, -2.246608814987595], [0.8660254037844388, 0.24562873883805592, -0.43550720161304557, 1.7409817800698952], [0.0, -0.8710144032260916, -0.491257477676112, 1.6], [0.0, 0.0, 0.0, 1.0]]}, "target_region": {"type": "circle", "params": {"center": [-3.2830639999999995, 1.1425841], "radius": 5.840220004628156, "object_center": [-3.2830639999999995, 1.1425841, 0.9250000599999999], "object_height": 1.8499999536103822, "occupancy_ratio": 0.2, "fov_vertical": 90.0, "sample_distance": 5.840220004628156, "min_distance": 1.8499999536103822}, "sample_point": [2.0917065883783916, -1.1421502006926443, 1.5], "sample_forward": [-0.9158744856572529, 0.3893244963859362, -0.09798144230363122], "height": 1.5}, "sample_target": [2.0917065883783916, -1.1421502006926443, 1.5], "camera_params": {"forward": [-0.9158744856572529, 0.3893244963859362, -0.09798144230363122]}, "task_type": "screen_occupancy", "task_description": "Position where refrigerator occupies 20% of vertical FOV", "target_object": {"label": "refrigerator", "id": "85", "bbox_min": [-3.674961934429015, 0.7925841038220388, 8.319480889440457e-08], "bbox_max": [-2.8911660655709848, 1.4925840961779613, 1.850000036805191], "center": [-3.283064, 1.1425841, 0.9250000599999999]}}
{"scene_id": "0275_840778", "object_label": "refrigerator", "preset": "occupancy_30", "distance": 3.852902190720304, "init_camera": {"intrinsics": [[320.0, 0.0, 320.0], [0.0, 320.0, 240.0], [0.0, 0.0, 1.0]], "extrinsics": [[-0.49999999999999983, 0.42544145546657985, -0.7543206002559378, -2.246608814987595], [0.8660254037844388, 0.24562873883805592, -0.43550720161304557, 1.7409817800698952], [0.0, -0.8710144032260916, -0.491257477676112, 1.6], [0.0, 0.0, 0.0, 1.0]]}, "target_region": {"type": "circle", "params": {"center": [-3.2830639999999995, 1.1425841], "radius": 3.852902190720304, "object_center": [-3.2830639999999995, 1.1425841, 0.9250000599999999], "object_height": 1.8499999536103822, "occupancy_ratio": 0.3, "fov_vertical": 90.0, "sample_distance": 3.852902190720304, "min_distance": 1.8499999536103822}, "sample_point": [-3.5778840600293287, 4.984190069313045, 1.5], "sample_forward": [0.07568081647486151, -0.9861468595569451, -0.14760347354880568], "height": 1.5}, "sample_target": [-3.5778840600293287, 4.984190069313045, 1.5], "camera_params": {"forward": [0.07568081647486151, -0.9861468595569451, -0.14760347354880568]}, "task_type": "screen_occupancy", "task_description": "Position where refrigerator occupies 30% of vertical FOV", "target_object": {"label": "refrigerator", "id": "85", "bbox_min": [-3.674961934429015, 0.7925841038220388, 8.319480889440457e-08], "bbox_max": [-2.8911660655709848, 1.4925840961779613, 1.850000036805191], "center": [-3.283064, 1.1425841, 0.9250000599999999]}}
{"scene_id": "0275_840778", "object_label": "refrigerator", "preset": "occupancy_50", "distance": 2.233147489197891, "init_camera": {"intrinsics": [[320.0, 0.0, 320.0], [0.0, 320.0, 240.0], [0.0, 0.0, 1.0]], "extrinsics": [[-0.49999999999999983, 0.42544145546657985, -0.7543206002559378, -2.246608814987595], [0.8660254037844388, 0.24562873883805592, -0.43550720161304557, 1.7409817800698952], [0.0, -0.8710144032260916, -0.491257477676112, 1.6], [0.0, 0.0, 0.0, 1.0]]}, "target_region": {"type": "circle", "params": {"center": [-3.2830639999999995, 1.1425841], "radius": 2.233147489197891, "object_center": [-3.2830639999999995, 1.1425841, 0.9250000599999999], "object_height": 1.8499999536103822, "occupancy_ratio": 0.5, "fov_vertical": 90.0, "sample_distance": 2.233147489197891, "min_distance": 1.8499999536103822}, "sample_point": [-1.763627891227467, 2.7791236259110086, 1.5], "sample_forward": [-0.6589094366940026, -0.7096917935013511, -0.24935098249741844], "height": 1.5}, "sample_target": [-1.763627891227467, 2.7791236259110086, 1.5], "camera_params": {"forward": [-0.6589094366940026, -0.7096917935013511, -0.24935098249741844]}, "task_type": "screen_occupancy", "task_description": "Position where refrigerator occupies 50% of vertical FOV", "target_object": {"label": "refrigerator", "id": "85", "bbox_min": [-3.674961934429015, 0.7925841038220388, 8.319480889440457e-08], "bbox_max": [-2.8911660655709848, 1.4925840961779613, 1.850000036805191], "center": [-3.283064, 1.1425841, 0.9250000599999999]}}
{"scene_id": "0275_840778", "object_label": "shower head", "preset": "back", "distance": 1.3606999511718751, "init_camera": {"intrinsics": [[320.0, 0.0, 320.0], [0.0, 320.0, 240.0], [0.0, 0.0, 1.0]], "extrinsics": [[0.17364817766693047, 0.29923023818279965, -0.9382470756416026, -0.49385411740322316], [0.984807753012208, -0.052762364435447934, 0.16543827400643066, 3.258779854662397], [-0.0, -0.9527210491304609, -0.30384634693172474, 1.6], [0.0, 0.0, 0.0, 1.0]]}, "target_region": {"type": "circle", "params": {"center": [-1.3265063000000001, 3.4055989], "radius": 1.3606999511718751, "object_center": [-1.3265063000000001, 3.4055989, 1.3303500000000001], "sample_distance": 1.3606999511718751, "min_distance": 1.3606999511718751, "requested_distance": 0.8}, "sample_point": [-2.341465465789831, 4.3118892778030276, 1.5], "sample_forward": [0.7401788541782592, -0.6609300117734328, -0.12372058585590805], "height": 1.5}, "sample_target": [-2.341465465789831, 4.3118892778030276, 1.5], "camera_params": {"forward": [0.7401788541782592, -0.6609300117734328, -0.12372058585590805]}, "task_type": "absolute_positioning", "task_description": "Move to any position 1.4m from shower head", "target_object": {"label": "shower head", "id": "86", "bbox_min": [-1.5812173069520907, 3.2130418820302906, 0.6500000244140625], "bbox_max": [-1.0717952930479093, 3.5981559179697093, 2.0106999755859376], "center": [-1.3265063000000001, 3.4055989, 1.3303500000000001]}}
{"scene_id": "0275_840778", "object_label": "shower head", "preset": "left", "distance": 1.3606999511718751, "init_camera": {"intrinsics": [[320.0, 0.0, 320.0], [0.0, 320.0, 240.0], [0.0, 0.0, 1.0]], "extrinsics": [[0.17364817766693047, 0.29923023818279965, -0.9382470756416026, -0.49385411740322316], [0.984807753012208, -0.052762364435447934, 0.16543827400643066, 3.258779854662397], [-0.0, -0.9527210491304609, -0.30384634693172474, 1.6], [0.0, 0.0, 0.0, 1.0]]}, "target_region": {"type": "circle", "params": {"center": [-1.3265063000000001, 3.4055989], "radius": 1.3606999511718751, "object_center": [-1.3265063000000001, 3.4055989, 1.3303500000000001], "sample_distance": 1.3606999511718751, "min_distance": 1.3606999511718751, "requested_distance": 1.0}, "sample_point": [-0.5693525987578661, 2.275013817038757, 1.5], "sample_forward": [-0.5521691688809082, 0.8245013193275303, -0.12372058585590805], "height": 1.5}, "sample_target": [-0.5693525987578661, 2.275013817038757, 1.5], "camera_params": {"forward": [-0.5521691688809082, 0.8245013193275303, -0.12372058585590805]}, "task_type": "absolute_positioning", "task_description": "Move to any position 1.4m from shower head", "target_object": {"label": "shower head", "id": "86", "bbox_min": [-1.5812173069520907, 3.2130418820302906, 0.6500000244140625], "bbox_max": [-1.0717952930479093, 3.5981559179697093, 2.0106999755859376], "center": [-1.3265063000000001, 3.4055989, 1.3303500000000001]}}
{"scene_id": "0275_840778", "object_label": "shower head", "preset": "right", "distance": 1.3606999511718751, "init_camera": {"intrinsics": [[320.0, 0.0, 320.0], [0.0, 320.0, 240.0], [0.0, 0.0, 1.0]], "extrinsics": [[0.17364817766693047, 0.29923023818279965, -0.9382470756416026, -0.49385411740322316], [0.984807753012208, -0.052762364435447934, 0.16543827400643066, 3.258779854662397], [-0.0, -0.9527210491304609, -0.30384634693172474, 1.6], [0.0, 0.0, 0.0, 1.0]]}, "target_region": {"type": "circle", "params": {"center": [-1.3265063000000001, 3.4055989], "radius": 1.3606999511718751, "object_center": [-1.3265063000000001, 3.4055989, 1.3303500000000001], "sample_distance": 1.3606999511718751, "min_distance": 1.3606999511718751, "requested_distance": 1.2}, "sample_point": [-0.6862590916727017, 4.606260329941116, 1.5], "sample_forward": [-0.4669128187849279, -0.8756058681220585, -0.12372058585590802], "height": 1.5}, "sample_target": [-0.6862590916727017, 4.606260329941116, 1.5], "camera_params": {"forward": [-0.4669128187849279, -0.8756058681220585, -0.12372058585590802]}, "task_type": "absolute_positioning", "task_description": "Move to any position 1.4m from shower head", "target_object": {"label": "shower head", "id": "86", "bbox_min": [-1.5812173069520907, 3.2130418820302906, 0.6500000244140625], "bbox_max": [-1.0717952930479093, 3.5981559179697093, 2.0106999755859376], "center": [-1.3265063000000001, 3.4055989, 1.3303500000000001]}}
{"scene_id": "0275_840778", "object_label": "shower head", "preset": "front", "distance": 1.5, "init_camera": {"intrinsics": [[320.0, 0.0, 320.0], [0.0, 320.0, 240.0], [0.0, 0.0, 1.0]], "extrinsics": [[0.17364817766693047, 0.29923023818279965, -0.9382470756416026, -0.49385411740322316], [0.984807753012208, -0.052762364435447934, 0.16543827400643066, 3.258779854662397], [-0.0, -0.9527210491304609, -0.30384634693172474, 1.6], [0.0, 0.0, 0.0, 1.0]]}, "target_region": {"type": "circle", "params": {"center": [-1.3265063000000001, 3.4055989], "radius": 1.5, "object_center": [-1.3265063000000001, 3.4055989, 1.3303500000000001], "sample_distance": 1.5, "min_distance": 1.3606999511718751, "requested_distance": 1.5}, "sample_point": [-0.10116155492676437, 4.270775330400994, 1.5], "sample_forward": [-0.811721381966576, -0.5731303052089478, -0.11238350105496148], "height": 1.5}, "sample_target": [-0.10116155492676437, 4.270775330400994, 1.5], "camera_params": {"forward": [-0.811721381966576, -0.5731303052089478, -0.11238350105496148]}, "task_type": "absolute_positioning", "task_description": "Move to any position 1.5m from shower head", "target_object": {"label": "shower head", "id": "86", "bbox_min": [-1.5812173069520907, 3.2130418820302906, 0.6500000244140625], "bbox_max": [-1.0717952930479093, 3.5981559179697093, 2.0106999755859376], "center": [-1.3265063000000001, 3.4055989, 1.3303500000000001]}}
{"scene_id": "0275_840778", "object_label": "shower head", "preset": "occupancy_20", "distance": 4.2955606888648425, "init_camera": {"intrinsics": [[320.0, 0.0, 320.0], [0.0, 320.0, 240.0], [0.0, 0.0, 1.0]], "extrinsics": [[0.17364817766693047, 0.29923023818279965, -0.9382470756416026, -0.49385411740322316], [0.984807753012208, -0.052762364435447934, 0.16543827400643066, 3.258779854662397], [-0.0, -0.9527210491304609, -0.30384634693172474, 1.6], [0.0, 0.0, 0.0, 1.0]]}, "target_region": {"type": "circle", "params": {"center": [-1.3265063000000001, 3.4055989], "radius": 4.2955606888648425, "object_center": [-1.3265063000000001, 3.4055989, 1.3303500000000001], "object_height": 1.3606999511718751, "occupancy_ratio": 0.2, "fov_vertical": 90.0, "sample_distance": 4.2955606888648425, "min_distance": 1.3606999511718751}, "sample_point": [1.7961904577128265, 0.4559198342216906, 1.5], "sample_forward": [-0.7263927675415819, 0.6861458880559087, -0.03946349664246269], "height": 1.5}, "sample_target": [1.7961904577128265, 0.4559198342216906, 1.5], "camera_params": {"forward": [-0.7263927675415819, 0.6861458880559087, -0.03946349664246269]}, "task_type": "screen_occupancy", "task_description": "Position where shower head occupies 20% of vertical FOV", "target_object": {"label": "shower head", "id": "86", "bbox_min": [-1.5812173069520907, 3.2130418820302906, 0.6500000244140625], "bbox_max": [-1.0717952930479093, 3.5981559179697093, 2.0106999755859376], "center": [-1.3265063000000001, 3.4055989, 1.3303500000000001]}}
{"scene_id": "0275_840778", "object_label": "shower head", "preset": "occupancy_30", "distance": 2.8338615968891268, "init_camera": {"intrinsics": [[320.0, 0.0, 320.0], [0.0, 320.0, 240.0], [0.0, 0.0, 1.0]], "extrinsics": [[0.17364817766693047, 0.29923023818279965, -0.9382470756416026, -0.49385411740322316], [0.984807753012208, -0.052762364435447934, 0.16543827400643066, 3.258779854662397], [-0.0, -0.9527210491304609, -0.30384634693172474, 1.6], [0.0, 0.0, 0.0, 1.0]]}, "target_region": {"type": "circle", "params": {"center": [-1.3265063000000001, 3.4055989], "radius": 2.8338615968891268, "object_center": [-1.3265063000000001, 3.4055989, 1.3303500000000001], "object_height": 1.3606999511718751, "occupancy_ratio": 0.3, "fov_vertical": 90.0, "sample_distance": 2.8338615968891268, "min_distance": 1.3606999511718751}, "sample_point": [-3.1447699371836557, 1.2319639499638506, 1.5], "sample_forward": [0.6404738234121219, 0.765651503270564, -0.05975832212657917], "height": 1.5}, "sample_target": [-3.1447699371836557, 1.2319639499638506, 1.5], "camera_params": {"forward": [0.6404738234121219, 0.765651503270564, -0.05975832212657917]}, "task_type": "screen_occupancy", "task_description": "Position where shower head occupies 30% of vertical FOV", "target_object": {"label": "shower head", "id": "86", "bbox_min": [-1.5812173069520907, 3.2130418820302906, 0.6500000244140625], "bbox_max": [-1.0717952930479093, 3.5981559179697093, 2.0106999755859376], "center": [-1.3265063000000001, 3.4055989, 1.3303500000000001]}}
{"scene_id": "0275_840778", "object_label": "shower head", "preset": "occupancy_50", "distance": 1.6425101382197747, "init_camera": {"intrinsics": [[320.0, 0.0, 320.0], [0.0, 320.0, 240.0], [0.0, 0.0, 1.0]], "extrinsics": [[0.17364817766693047, 0.29923023818279965, -0.9382470756416026, -0.49385411740322316], [0.984807753012208, -0.052762364435447934, 0.16543827400643066, 3.258779854662397], [-0.0, -0.9527210491304609, -0.30384634693172474, 1.6], [0.0, 0.0, 0.0, 1.0]]}, "target_region": {"type": "circle", "params": {"center": [-1.3265063000000001, 3.4055989], "radius": 1.6425101382197747, "object_center": [-1.3265063000000001, 3.4055989, 1.3303500000000001], "object_height": 1.3606999511718751, "occupancy_ratio": 0.5, "fov_vertical": 90.0, "sample_distance": 1.6425101382197747, "min_distance": 1.3606999511718751}, "sample_point": [-0.018653173808413026, 4.3992586780254745, 1.5], "sample_forward": [-0.7920390842062224, -0.6017628163581458, -0.10274045911169215], "height": 1.5}, "sample_target": [-0.018653173808413026, 4.3992586780254745, 1.5], "camera_params": {"forward": [-0.7920390842062224, -0.6017628163581458, -0.10274045911169215]}, "task_type": "screen_occupancy", "task_description": "Position where shower head occupies 50% of vertical FOV", "target_object": {"label": "shower head", "id": "86", "bbox_min": [-1.5812173069520907, 3.2130418820302906, 0.6500000244140625], "bbox_max": [-1.0717952930479093, 3.5981559179697093, 2.0106999755859376], "center": [-1.3265063000000001, 3.4055989, 1.3303500000000001]}}
{"scene_id": "0275_840778", "object_label": "basin cabinet", "preset": "front", "distance": 1.5, "init_camera": {"intrinsics": [[320.0, 0.0, 320.0], [0.0, 320.0, 240.0], [0.0, 0.0, 1.0]], "extrinsics": [[0.9848077530122081, 0.07297301414690645, -0.15757102783621438, -1.449534957866456], [0.17364817766692991, -0.4138505284540575, 0.893629705466001, 0.33647629759357733], [-0.0, -0.9074153841017976, -0.42023483993522864, 0.9719302], [0.0, 0.0, 0.0, 1.0]]}, "target_region": {"type": "circle", "params": {"center": [-1.5884535, 1.1243225000033439], "radius": 1.5, "object_center": [-1.5884535, 1.1243225000033439, 0.6014406999999999], "sample_distance": 1.5, "min_distance": 0.800000011570883, "requested_distance": 1.5}, "sample_point": [-0.102488567528771, 1.329037471282379, 1.5], "sample_forward": [-0.8498295023702017, -0.117077340365272, -0.5138897870888363], "height": 1.5}, "sample_target": [-0.102488567528771, 1.329037471282379, 1.5], "camera_params": {"forward": [-0.8498295023702017, -0.117077340365272, -0.5138897870888363]}, "task_type": "absolute_positioning", "task_description": "Move to any position 1.5m from basin cabinet", "target_object": {"label": "basin cabinet", "id": "139", "bbox_min": [-1.8382040174845549, 0.7243224942179023, 0.3309512], "bbox_max": [-1.338702982515445, 1.5243225057887853, 0.8719302], "center": [-1.5884535, 1.1243225000033439, 0.6014406999999999]}}
{"scene_id": "0275_840778", "object_label": "basin cabinet", "preset": "occupancy_20", "distance": 1.7078034903286952, "init_camera": {"intrinsics": [[320.0, 0.0, 320.0], [0.0, 320.0, 240.0], [0.0, 0.0, 1.0]], "extrinsics": [[0.9848077530122081, 0.07297301414690645, -0.15757102783621438, -1.449534957866456], [0.17364817766692991, -0.4138505284540575, 0.893629705466001, 0.33647629759357733], [-0.0, -0.9074153841017976, -0.42023483993522864, 0.9719302], [0.0, 0.0, 0.0, 1.0]]}, "target_region": {"type": "circle", "params": {"center": [-1.5884535, 1.1243225000033439], "radius": 1.7078034903286952, "object_center": [-1.5884535, 1.1243225000033439, 0.6014406999999999], "object_height": 0.540979, "occupancy_ratio": 0.2, "fov_vertical": 90.0, "sample_distance": 1.7078034903286952, "min_distance": 0.800000011570883}, "sample_point": [-3.1633548343048132, 0.4638086479277099, 1.5], "sample_forward": [0.8161094802547133, 0.34227643648319733, -0.46563092387291644], "height": 1.5}, "sample_target": [-3.1633548343048132, 0.4638086479277099, 1.5], "camera_params": {"forward": [0.8161094802547133, 0.34227643648319733, -0.46563092387291644]}, "task_type": "screen_occupancy", "task_description": "Position where basin cabinet occupies 20% of vertical FOV", "target_object": {"label": "basin cabinet", "id": "139", "bbox_min": [-1.8382040174845549, 0.7243224942179023, 0.3309512], "bbox_max": [-1.338702982515445, 1.5243225057887853, 0.8719302], "center": [-1.5884535, 1.1243225000033439, 0.6014406999999999]}}
{"scene_id": "0275_840778", "object_label": "basin cabinet", "preset": "occupancy_30", "distance": 1.1266698521618719, "init_camera": {"intrinsics": [[320.0, 0.0, 320.0], [0.0, 320.0, 240.0], [0.0, 0.0, 1.0]], "extrinsics": [[0.9848077530122081, 0.07297301414690645, -0.15757102783621438, -1.449534957866456], [0.17364817766692991, -0.4138505284540575, 0.893629705466001, 0.33647629759357733], [-0.0, -0.9074153841017976, -0.42023483993522864, 0.9719302], [0.0, 0.0, 0.0, 1.0]]}, "target_region": {"type": "circle", "params": {"center": [-1.5884535, 1.1243225000033439], "radius": 1.1266698521618719, "object_center": [-1.5884535, 1.1243225000033439, 0.6014406999999999], "object_height": 0.540979, "occupancy_ratio": 0.3, "fov_vertical": 90.0, "sample_distance": 1.1266698521618719, "min_distance": 0.800000011570883}, "sample_point": [-2.628580821537022, 0.6912865768252829, 1.5], "sample_forward": [0.7217550280615664, 0.3004880733477811, -0.6235195243483446], "height": 1.5}, "sample_target": [-2.628580821537022, 0.6912865768252829, 1.5], "camera_params": {"forward": [0.7217550280615664, 0.3004880733477811, -0.6235195243483446]}, "task_type": "screen_occupancy", "task_description": "Position where basin cabinet occupies 30% of vertical FOV", "target_object": {"label": "basin cabinet", "id": "139", "bbox_min": [-1.8382040174845549, 0.7243224942179023, 0.3309512], "bbox_max": [-1.338702982515445, 1.5243225057887853, 0.8719302], "center": [-1.5884535, 1.1243225000033439, 0.6014406999999999]}}
{"scene_id": "0275_840778", "object_label": "basin cabinet", "preset": "back", "distance": 1.5, "init_camera": {"intrinsics": [[320.0, 0.0, 320.0], [0.0, 320.0, 240.0], [0.0, 0.0, 1.0]], "extrinsics": [[0.8660254037844385, -0.21011741996761454, 0.45370769205089917, -1.9884535000000003], [-0.5000000000000004, -0.3639340469391953, 0.7858447744169705, 0.4315021769757932], [0.0, -0.9074153841017977, -0.4202348399352287, 0.9719302], [0.0, 0.0, 0.0, 1.0]]}, "target_region": {"type": "circle", "params": {"center": [-1.5884535, 1.1243225000033439], "radius": 1.5, "object_center": [-1.5884535, 1.1243225000033439, 0.6014406999999999], "sample_distance": 1.5, "min_distance": 0.800000011570883, "requested_distance": 1.5}, "sample_point": [-3.0768661380365607, 0.9382369848952468, 1.5], "sample_forward": [0.8512293553257324, 0.1064230771850188, -0.5138897870888363], "height": 1.5}, "sample_target": [-3.0768661380365607, 0.9382369848952468, 1.5], "camera_params": {"forward": [0.8512293553257324, 0.1064230771850188, -0.5138897870888363]}, "task_type": "absolute_positioning", "task_description": "Move to any position 1.5m from basin cabinet", "target_object": {"label": "basin cabinet", "id": "139", "bbox_min": [-1.8382040174845549, 0.7243224942179023, 0.3309512], "bbox_max": [-1.338702982515445, 1.5243225057887853, 0.8719302], "center": [-1.5884535, 1.1243225000033439, 0.6014406999999999]}}
{"scene_id": "0275_840778", "object_label": "basin cabinet", "preset": "occupancy_20", "distance": 1.7078034903286952, "init_camera": {"intrinsics": [[320.0, 0.0, 320.0], [0.0, 320.0, 240.0], [0.0, 0.0, 1.0]], "extrinsics": [[0.8660254037844385, -0.21011741996761454, 0.45370769205089917, -1.9884535000000003], [-0.5000000000000004, -0.3639340469391953, 0.7858447744169705, 0.4315021769757932], [0.0, -0.9074153841017977, -0.4202348399352287, 0.9719302], [0.0, 0.0, 0.0, 1.0]]}, "target_region": {"type": "circle", "params": {"center": [-1.5884535, 1.1243225000033439], "radius": 1.7078034903286952, "object_center": [-1.5884535, 1.1243225000033439, 0.6014406999999999], "object_height": 0.540979, "occupancy_ratio": 0.2, "fov_vertical": 90.0, "sample_distance": 1.7078034903286952, "min_distance": 0.800000011570883}, "sample_point": [-3.242592064464759, 0.6995656623546247, 1.5], "sample_forward": [0.8571699919922318, 0.22010780895118603, -0.4656309238729164], "height": 1.5}, "sample_target": [-3.242592064464759, 0.6995656623546247, 1.5], "camera_params": {"forward": [0.8571699919922318, 0.22010780895118603, -0.4656309238729164]}, "task_type": "screen_occupancy", "task_description": "Position where basin cabinet occupies 20% of vertical FOV", "target_object": {"label": "basin cabinet", "id": "139", "bbox_min": [-1.8382040174845549, 0.7243224942179023, 0.3309512], "bbox_max": [-1.338702982515445, 1.5243225057887853, 0.8719302], "center": [-1.5884535, 1.1243225000033439, 0.6014406999999999]}}
{"scene_id": "0275_840778", "object_label": "basin cabinet", "preset": "occupancy_20", "distance": 1.7078034903286952, "init_camera": {"intrinsics": [[320.0, 0.0, 320.0], [0.0, 320.0, 240.0], [0.0, 0.0, 1.0]], "extrinsics": [[-0.766044443118978, -0.22331250705106367, 0.6027498945342948, -2.231241109686539], [-0.6427876096865394, 0.26613348254932495, -0.718329352247027, 1.8903669431223218], [0.0, -0.937712372564603, -0.3474125880552736, 0.9719302], [0.0, 0.0, 0.0, 1.0]]}, "target_region": {"type": "circle", "params": {"center": [-1.5884535, 1.1243225000033439], "radius": 1.7078034903286952, "object_center": [-1.5884535, 1.1243225000033439, 0.6014406999999999], "object_height": 0.540979, "occupancy_ratio": 0.2, "fov_vertical": 90.0, "sample_distance": 1.7078034903286952, "min_distance": 0.800000011570883}, "sample_point": [-2.102074768622092, -0.5044150337932793, 1.5], "sample_forward": [0.26615710930740366, 0.8440072487238371, -0.4656309238729164], "height": 1.5}, "sample_target": [-2.102074768622092, -0.5044150337932793, 1.5], "camera_params": {"forward": [0.26615710930740366, 0.8440072487238371, -0.4656309238729164]}, "task_type": "screen_occupancy", "task_description": "Position where basin cabinet occupies 20% of vertical FOV", "target_object": {"label": "basin cabinet", "id": "139", "bbox_min": [-1.8382040174845549, 0.7243224942179023, 0.3309512], "bbox_max": [-1.338702982515445, 1.5243225057887853, 0.8719302], "center": [-1.5884535, 1.1243225000033439, 0.6014406999999999]}}
{"scene_id": "0275_840778", "object_label": "basin cabinet", "preset": "occupancy_20", "distance": 1.7078034903286952, "init_camera": {"intrinsics": [[320.0, 0.0, 320.0], [0.0, 320.0, 240.0], [0.0, 0.0, 1.0]], "extrinsics": [[-0.3420201433256688, -0.3264610453636751, 0.881161396918604, -2.5281461207859084], [-0.9396926207859083, 0.11882210315980618, -0.3207165200627985, 1.4663426433290128], [0.0, -0.937712372564603, -0.3474125880552735, 0.9719302], [0.0, 0.0, 0.0, 1.0]]}, "target_region": {"type": "circle", "params": {"center": [-1.5884535, 1.1243225000033439], "radius": 1.7078034903286952, "object_center": [-1.5884535, 1.1243225000033439, 0.6014406999999999], "object_height": 0.540979, "occupancy_ratio": 0.2, "fov_vertical": 90.0, "sample_distance": 1.7078034903286952, "min_distance": 0.800000011570883}, "sample_point": [-0.44785062907315787, -0.14674707024539724, 1.5], "sample_forward": [-0.5910572274548449, 0.658664707272711, -0.4656309238729164], "height": 1.5}, "sample_target": [-0.44785062907315787, -0.14674707024539724, 1.5], "camera_params": {"forward": [-0.5910572274548449, 0.658664707272711, -0.4656309238729164]}, "task_type": "screen_occupancy", "task_description": "Position where basin cabinet occupies 20% of vertical FOV", "target_object": {"label": "basin cabinet", "id": "139", "bbox_min": [-1.8382040174845549, 0.7243224942179023, 0.3309512], "bbox_max": [-1.338702982515445, 1.5243225057887853, 0.8719302], "center": [-1.5884535, 1.1243225000033439, 0.6014406999999999]}}
{"scene_id": "0275_840778", "object_label": "basin cabinet", "preset": "left", "distance": 1.5, "init_camera": {"intrinsics": [[320.0, 0.0, 320.0], [0.0, 320.0, 240.0], [0.0, 0.0, 1.0]], "extrinsics": [[0.9396926207859086, 0.1437287801850861, -0.31035433972641296, -1.3148373853394655], [0.3420201433256681, -0.3948915780842819, 0.85269154042807, 0.37256840337461705], [-0.0, -0.9074153841017976, -0.4202348399352287, 0.9719302], [0.0, 0.0, 0.0, 1.0]]}, "target_region": {"type": "circle", "params": {"center": [-1.5884535, 1.1243225000033439], "radius": 1.5, "object_center": [-1.5884535, 1.1243225000033439, 0.6014406999999999], "sample_distance": 1.5, "min_distance": 0.800000011570883, "requested_distance": 1.5}, "sample_point": [-2.4701262046245382, -0.08920675053825367, 1.5], "sample_forward": [0.504232273219522, 0.6940224069651236, -0.5138897870888363], "height": 1.5}, "sample_target": [-2.4701262046245382, -0.08920675053825367, 1.5], "camera_params": {"forward": [0.504232273219522, 0.6940224069651236, -0.5138897870888363]}, "task_type": "absolute_positioning", "task_description": "Move to any position 1.5m from basin cabinet", "target_object": {"label": "basin cabinet", "id": "139", "bbox_min": [-1.8382040174845549, 0.7243224942179023, 0.3309512], "bbox_max": [-1.338702982515445, 1.5243225057887853, 0.8719302], "center": [-1.5884535, 1.1243225000033439, 0.6014406999999999]}}
{"scene_id": "0275_840778", "object_label": "basin cabinet", "preset": "occupancy_20", "distance": 1.7078034903286952, "init_camera": {"intrinsics": [[320.0, 0.0, 320.0], [0.0, 320.0, 240.0], [0.0, 0.0, 1.0]], "extrinsics": [[0.9396926207859086, 0.1437287801850861, -0.31035433972641296, -1.3148373853394655], [0.3420201433256681, -0.3948915780842819, 0.85269154042807, 0.37256840337461705], [-0.0, -0.9074153841017976, -0.4202348399352287, 0.9719302], [0.0, 0.0, 0.0, 1.0]]}, "target_region": {"type": "circle", "params": {"center": [-1.5884535, 1.1243225000033439], "radius": 1.7078034903286952, "object_center": [-1.5884535, 1.1243225000033439, 0.6014406999999999], "object_height": 0.540979, "occupancy_ratio": 0.2, "fov_vertical": 90.0, "sample_distance": 1.7078034903286952, "min_distance": 0.800000011570883}, "sample_point": [-3.1627106511615812, 0.46227477997442035, 1.5], "sample_forward": [0.8157756663460191, 0.3430712825798203, -0.4656309238729164], "height": 1.5}, "sample_target": [-3.1627106511615812, 0.46227477997442035, 1.5], "camera_params": {"forward": [0.8157756663460191, 0.3430712825798203, -0.4656309238729164]}, "task_type": "screen_occupancy", "task_description": "Position where basin cabinet occupies 20% of vertical FOV", "target_object": {"label": "basin cabinet", "id": "139", "bbox_min": [-1.8382040174845549, 0.7243224942179023, 0.3309512], "bbox_max": [-1.338702982515445, 1.5243225057887853, 0.8719302], "center": [-1.5884535, 1.1243225000033439, 0.6014406999999999]}}
{"scene_id": "0275_840778", "object_label": "basin cabinet", "preset": "occupancy_30", "distance": 1.1266698521618719, "init_camera": {"intrinsics": [[320.0, 0.0, 320.0], [0.0, 320.0, 240.0], [0.0, 0.0, 1.0]], "extrinsics": [[0.9396926207859086, 0.1437287801850861, -0.31035433972641296, -1.3148373853394655], [0.3420201433256681, -0.3948915780842819, 0.85269154042807, 0.37256840337461705], [-0.0, -0.9074153841017976, -0.4202348399352287, 0.9719302], [0.0, 0.0, 0.0, 1.0]]}, "target_region": {"type": "circle", "params": {"center": [-1.5884535, 1.1243225000033439], "radius": 1.1266698521618719, "object_center": [-1.5884535, 1.1243225000033439, 0.6014406999999999], "object_height": 0.540979, "occupancy_ratio": 0.3, "fov_vertical": 90.0, "sample_distance": 1.1266698521618719, "min_distance": 0.800000011570883}, "sample_point": [-2.4309314891283114, 1.8723972246163139, 1.5], "sample_forward": [0.5846041269120854, -0.5190967323666874, -0.6235195243483448], "height": 1.5}, "sample_target": [-2.4309314891283114, 1.8723972246163139, 1.5], "camera_params": {"forward": [0.5846041269120854, -0.5190967323666874, -0.6235195243483448]}, "task_type": "screen_occupancy", "task_description": "Position where basin cabinet occupies 30% of vertical FOV", "target_object": {"label": "basin cabinet", "id": "139", "bbox_min": [-1.8382040174845549, 0.7243224942179023, 0.3309512], "bbox_max": [-1.338702982515445, 1.5243225057887853, 0.8719302], "center": [-1.5884535, 1.1243225000033439, 0.6014406999999999]}}
{"scene_id": "0275_840778", "object_label": "integrated cooktop", "preset": "left", "distance": 1.5, "init_camera": {"intrinsics": [[320.0, 0.0, 320.0], [0.0, 320.0, 240.0], [0.0, 0.0, 1.0]], "extrinsics": [[-0.6427876096865391, 0.47762627289236687, -0.5989133762710694, -2.538379399886567], [0.7660444431189781, 0.4007760294245638, -0.5025479931361937, 3.3111500977734702], [0.0, -0.7818258870628597, -0.6234968182103037, 1.4799999848231447], [0.0, 0.0, 0.0, 1.0]]}, "target_region": {"type": "circle", "params": {"center": [-3.2972310000000005, 2.674398], "radius": 1.5, "object_center": [-3.2972310000000005, 2.674398, 0.6900000000000001], "sample_distance": 1.5, "min_distance": 1.3799999696462892, "requested_distance": 1.5}, "sample_point": [-2.4372531953950367, 1.4453991490701763, 1.5], "sample_forward": [-0.5044660747581933, 0.7209351484317594, -0.47514891473488385], "height": 1.5}, "sample_target": [-2.4372531953950367, 1.4453991490701763, 1.5], "camera_params": {"forward": [-0.5044660747581933, 0.7209351484317594, -0.47514891473488385]}, "task_type": "absolute_positioning", "task_description": "Move to any position 1.5m from integrated cooktop", "target_object": {"label": "integrated cooktop", "id": "165", "bbox_min": [-3.598000032424611, 2.2174589914916405, 1.5176855413301383e-08], "bbox_max": [-2.9964619675753896, 3.1313370085083596, 1.3799999848231446], "center": [-3.297231, 2.674398, 0.69]}}
{"scene_id": "0275_840778", "object_label": "integrated cooktop", "preset": "occupancy_30", "distance": 2.874056778146236, "init_camera": {"intrinsics": [[320.0, 0.0, 320.0], [0.0, 320.0, 240.0], [0.0, 0.0, 1.0]], "extrinsics": [[-0.6427876096865391, 0.47762627289236687, -0.5989133762710694, -2.538379399886567], [0.7660444431189781, 0.4007760294245638, -0.5025479931361937, 3.3111500977734702], [0.0, -0.7818258870628597, -0.6234968182103037, 1.4799999848231447], [0.0, 0.0, 0.0, 1.0]]}, "target_region": {"type": "circle", "params": {"center": [-3.2972310000000005, 2.674398], "radius": 2.874056778146236, "object_center": [-3.2972310000000005, 2.674398, 0.6900000000000001], "object_height": 1.3799999696462892, "occupancy_ratio": 0.3, "fov_vertical": 90.0, "sample_distance": 2.874056778146236, "min_distance": 1.3799999696462892}, "sample_point": [-6.0761715927265945, 3.407672536653692, 1.5], "sample_forward": [0.9306510440261206, -0.2455693780862585, -0.27126428957645693], "height": 1.5}, "sample_target": [-6.0761715927265945, 3.407672536653692, 1.5], "camera_params": {"forward": [0.9306510440261206, -0.2455693780862585, -0.27126428957645693]}, "task_type": "screen_occupancy", "task_description": "Position where integrated cooktop occupies 30% of vertical FOV", "target_object": {"label": "integrated cooktop", "id": "165", "bbox_min": [-3.598000032424611, 2.2174589914916405, 1.5176855413301383e-08], "bbox_max": [-2.9964619675753896, 3.1313370085083596, 1.3799999848231446], "center": [-3.297231, 2.674398, 0.69]}}
{"scene_id": "0275_840778", "object_label": "integrated cooktop", "preset": "occupancy_50", "distance": 1.6658073213972655, "init_camera": {"intrinsics": [[320.0, 0.0, 320.0], [0.0, 320.0, 240.0], [0.0, 0.0, 1.0]], "extrinsics": [[-0.6427876096865391, 0.47762627289236687, -0.5989133762710694, -2.538379399886567], [0.7660444431189781, 0.4007760294245638, -0.5025479931361937, 3.3111500977734702], [0.0, -0.7818258870628597, -0.6234968182103037, 1.4799999848231447], [0.0, 0.0, 0.0, 1.0]]}, "target_region": {"type": "circle", "params": {"center": [-3.2972310000000005, 2.674398], "radius": 1.6658073213972655, "object_center": [-3.2972310000000005, 2.674398, 0.6900000000000001], "object_height": 1.3799999696462892, "occupancy_ratio": 0.5, "fov_vertical": 90.0, "sample_distance": 1.6658073213972655, "min_distance": 1.3799999696462892}, "sample_point": [-4.352490669770219, 3.9633282003511208, 1.5], "sample_forward": [0.5697024581468274, -0.6958540391102129, -0.43729425497651414], "height": 1.5}, "sample_target": [-4.352490669770219, 3.9633282003511208, 1.5], "camera_params": {"forward": [0.5697024581468274, -0.6958540391102129, -0.43729425497651414]}, "task_type": "screen_occupancy", "task_description": "Position where integrated cooktop occupies 50% of vertical FOV", "target_object": {"label": "integrated cooktop", "id": "165", "bbox_min": [-3.598000032424611, 2.2174589914916405, 1.5176855413301383e-08], "bbox_max": [-2.9964619675753896, 3.1313370085083596, 1.3799999848231446], "center": [-3.297231, 2.674398, 0.69]}}
{"scene_id": "0275_840778", "object_label": "integrated cooktop", "preset": "left", "distance": 1.5, "init_camera": {"intrinsics": [[320.0, 0.0, 320.0], [0.0, 320.0, 240.0], [0.0, 0.0, 1.0]], "extrinsics": [[0.1736481776669306, 0.6140245005519503, -0.7699481950851512, -2.3216701877125616], [0.984807753012208, -0.10826908626334875, 0.13576264054129708, 2.5023803074718582], [-0.0, -0.7818258870628597, -0.6234968182103037, 1.4799999848231447], [0.0, 0.0, 0.0, 1.0]]}, "target_region": {"type": "circle", "params": {"center": [-3.2972310000000005, 2.674398], "radius": 1.5, "object_center": [-3.2972310000000005, 2.674398, 0.6900000000000001], "sample_distance": 1.5, "min_distance": 1.3799999696462892, "requested_distance": 1.5}, "sample_point": [-2.915752646019864, 1.2237173785520516, 1.5], "sample_forward": [-0.22377657517100205, 0.8509744727258268, -0.4751489147348839], "height": 1.5}, "sample_target": [-2.915752646019864, 1.2237173785520516, 1.5], "camera_params": {"forward": [-0.22377657517100205, 0.8509744727258268, -0.4751489147348839]}, "task_type": "absolute_positioning", "task_description": "Move to any position 1.5m from integrated cooktop", "target_object": {"label": "integrated cooktop", "id": "165", "bbox_min": [-3.598000032424611, 2.2174589914916405, 1.5176855413301383e-08], "bbox_max": [-2.9964619675753896, 3.1313370085083596, 1.3799999848231446], "center": [-3.297231, 2.674398, 0.69]}}
