{"scene_id": "0248_840834", "object_label": "wardrobe", "preset": "occupancy_30", "distance": 5.206624714251663, "init_camera": {"intrinsics": [[320.0, 0.0, 320.0], [0.0, 320.0, 240.0], [0.0, 0.0, 1.0]], "extrinsics": [[-0.984807753012208, -0.03368103214736566, 0.17035045547498223, -0.8042235529096924], [-0.17364817766693025, 0.19101462528331462, -0.9661054410988633, 5.151169208477626], [0.0, -0.9810091747794019, -0.19396133377206132, 1.6], [0.0, 0.0, 0.0, 1.0]]}, "target_region": {"type": "circle", "params": {"center": [-0.49682899, 3.4078480123985533], "radius": 5.206624714251663, "object_center": [-0.49682899, 3.4078480123985533, 1.25], "object_height": 2.5000000007868057, "occupancy_ratio": 0.3, "fov_vertical": 90.0, "sample_distance": 5.206624714251663, "min_distance": 2.5000000007868057}, "sample_point": [-2.801392880559009, -1.2609769135745474, 1.5], "sample_forward": [0.44211211703656467, 0.8956766529889343, -0.04796049686968358], "height": 1.5}, "sample_target": [-2.801392880559009, -1.2609769135745474, 1.5], "camera_params": {"forward": [0.44211211703656467, 0.8956766529889343, -0.04796049686968358]}, "task_type": "screen_occupancy", "task_description": "Position where wardrobe occupies 30% of vertical FOV", "target_object": {"label": "wardrobe", "id": "102", "bbox_min": [-1.3968290808660715, 3.0861676228931083, -3.9340284274658187e-10], "bbox_max": [0.4031711008660716, 3.729528401903999, 2.500000000393403], "center": [-0.4968289899999999, 3.4078480123985537, 1.2500000000000002]}}
{"scene_id": "0248_840834", "object_label": "wardrobe", "preset": "occupancy_50", "distance": 3.0177669539161274, "init_camera": {"intrinsics": [[320.0, 0.0, 320.0], [0.0, 320.0, 240.0], [0.0, 0.0, 1.0]], "extrinsics": [[-0.984807753012208, -0.03368103214736566, 0.17035045547498223, -0.8042235529096924], [-0.17364817766693025, 0.19101462528331462, -0.9661054410988633, 5.151169208477626], [0.0, -0.9810091747794019, -0.19396133377206132, 1.6], [0.0, 0.0, 0.0, 1.0]]}, "target_region": {"type": "circle", "params": {"center": [-0.49682899, 3.4078480123985533], "radius": 3.0177669539161274, "object_center": [-0.49682899, 3.4078480123985533, 1.25], "object_height": 2.5000000007868057, "occupancy_ratio": 0.5, "fov_vertical": 90.0, "sample_distance": 3.0177669539161274, "min_distance": 2.5000000007868057}, "sample_point": [0.9890151480746463, 6.034477903627509, 1.5], "sample_forward": [-0.4906845505231957, -0.8674171634439096, -0.08255989608018774], "height": 1.5}, "sample_target": [0.9890151480746463, 6.034477903627509, 1.5], "camera_params": {"forward": [-0.4906845505231957, -0.8674171634439096, -0.08255989608018774]}, "task_type": "screen_occupancy", "task_description": "Position where wardrobe occupies 50% of vertical FOV", "target_object": {"label": "wardrobe", "id": "102", "bbox_min": [-1.3968290808660715, 3.0861676228931083, -3.9340284274658187e-10], "bbox_max": [0.4031711008660716, 3.729528401903999, 2.500000000393403], "center": [-0.4968289899999999, 3.4078480123985537, 1.2500000000000002]}}
{"scene_id": "0248_840834", "object_label": "wardrobe", "preset": "occupancy_20", "distance": 7.8921893958276526, "init_camera": {"intrinsics": [[320.0, 0.0, 320.0], [0.0, 320.0, 240.0], [0.0, 0.0, 1.0]], "extrinsics": [[-0.3420201433256686, 0.18226403406339864, -0.9218470824634775, 1.166628734215195], [0.9396926207859084, 0.06633868317635826, -0.3355248985618469, 4.013297109973082], [0.0, -0.9810091747794019, -0.19396133377206132, 1.6], [0.0, 0.0, 0.0, 1.0]]}, "target_region": {"type": "circle", "params": {"center": [-0.49682899, 3.4078480123985533], "radius": 7.8921893958276526, "object_center": [-0.49682899, 3.4078480123985533, 1.25], "object_height": 2.5000000007868057, "occupancy_ratio": 0.2, "fov_vertical": 90.0, "sample_distance": 7.8921893958276526, "min_distance": 2.5000000007868057}, "sample_point": [-2.437322346634917, -4.242063032343745, 1.5], "sample_forward": [0.24575189740424938, 0.968815558059569, -0.03166100731084401], "height": 1.5}, "sample_target": [-2.437322346634917, -4.242063032343745, 1.5], "camera_params": {"forward": [0.24575189740424938, 0.968815558059569, -0.03166100731084401]}, "task_type": "screen_occupancy", "task_description": "Position where wardrobe occupies 20% of vertical FOV", "target_object": {"label": "wardrobe", "id": "102", "bbox_min": [-1.3968290808660715, 3.0861676228931083, -3.9340284274658187e-10], "bbox_max": [0.4031711008660716, 3.729528401903999, 2.500000000393403], "center": [-0.4968289899999999, 3.4078480123985537, 1.2500000000000002]}}
{"scene_id": "0248_840834", "object_label": "wardrobe", "preset": "occupancy_30", "distance": 5.206624714251663, "init_camera": {"intrinsics": [[320.0, 0.0, 320.0], [0.0, 320.0, 240.0], [0.0, 0.0, 1.0]], "extrinsics": [[-0.3420201433256686, 0.18226403406339864, -0.9218470824634775, 1.166628734215195], [0.9396926207859084, 0.06633868317635826, -0.3355248985618469, 4.013297109973082], [0.0, -0.9810091747794019, -0.19396133377206132, 1.6], [0.0, 0.0, 0.0, 1.0]]}, "target_region": {"type": "circle", "params": {"center": [-0.49682899, 3.4078480123985533], "radius": 5.206624714251663, "object_center": [-0.49682899, 3.4078480123985533, 1.25], "object_height": 2.5000000007868057, "occupancy_ratio": 0.3, "fov_vertical": 90.0, "sample_distance": 5.206624714251663, "min_distance": 2.5000000007868057}, "sample_point": [3.0670267712265695, -0.38792240060437244, 1.5], "sample_forward": [-0.6836971723212427, 0.7281881400434574, -0.04796049686968358], "height": 1.5}, "sample_target": [3.0670267712265695, -0.38792240060437244, 1.5], "camera_params": {"forward": [-0.6836971723212427, 0.7281881400434574, -0.04796049686968358]}, "task_type": "screen_occupancy", "task_description": "Position where wardrobe occupies 30% of vertical FOV", "target_object": {"label": "wardrobe", "id": "102", "bbox_min": [-1.3968290808660715, 3.0861676228931083, -3.9340284274658187e-10], "bbox_max": [0.4031711008660716, 3.729528401903999, 2.500000000393403], "center": [-0.4968289899999999, 3.4078480123985537, 1.2500000000000002]}}
{"scene_id": "0248_840834", "object_label": "wardrobe", "preset": "occupancy_50", "distance": 3.0177669539161274, "init_camera": {"intrinsics": [[320.0, 0.0, 320.0], [0.0, 320.0, 240.0], [0.0, 0.0, 1.0]], "extrinsics": [[-0.3420201433256686, 0.18226403406339864, -0.9218470824634775, 1.166628734215195], [0.9396926207859084, 0.06633868317635826, -0.3355248985618469, 4.013297109973082], [0.0, -0.9810091747794019, -0.19396133377206132, 1.6], [0.0, 0.0, 0.0, 1.0]]}, "target_region": {"type": "circle", "params": {"center": [-0.49682899, 3.4078480123985533], "radius": 3.0177669539161274, "object_center": [-0.49682899, 3.4078480123985533, 1.25], "object_height": 2.5000000007868057, "occupancy_ratio": 0.5, "fov_vertical": 90.0, "sample_distance": 3.0177669539161274, "min_distance": 2.5000000007868057}, "sample_point": [2.3334305048715156, 4.455010167863434, 1.5], "sample_forward": [-0.9346637191062279, -0.3458143949371438, -0.08255989608018774], "height": 1.5}, "sample_target": [2.3334305048715156, 4.455010167863434, 1.5], "camera_params": {"forward": [-0.9346637191062279, -0.3458143949371438, -0.08255989608018774]}, "task_type": "screen_occupancy", "task_description": "Position where wardrobe occupies 50% of vertical FOV", "target_object": {"label": "wardrobe", "id": "102", "bbox_min": [-1.3968290808660715, 3.0861676228931083, -3.9340284274658187e-10], "bbox_max": [0.4031711008660716, 3.729528401903999, 2.500000000393403], "center": [-0.4968289899999999, 3.4078480123985537, 1.2500000000000002]}}
{"scene_id": "0248_840834", "object_label": "wardrobe", "preset": "occupancy_20", "distance": 7.8921893958276526, "init_camera": {"intrinsics": [[320.0, 0.0, 320.0], [0.0, 320.0, 240.0], [0.0, 0.0, 1.0]], "extrinsics": [[-0.984807753012208, 0.027129164727454948, -0.17151588272879117, -0.11258578636288408], [0.17364817766693041, 0.1538571387002292, -0.9727149074954761, 5.586999507497393], [0.0, -0.9877206028488871, -0.1562306330648089, 1.6], [0.0, 0.0, 0.0, 1.0]]}, "target_region": {"type": "circle", "params": {"center": [-0.49682899, 3.4078480123985533], "radius": 7.8921893958276526, "object_center": [-0.49682899, 3.4078480123985533, 1.25], "object_height": 2.5000000007868057, "occupancy_ratio": 0.2, "fov_vertical": 90.0, "sample_distance": 7.8921893958276526, "min_distance": 2.5000000007868057}, "sample_point": [6.495792079261139, -0.2513737684367734, 1.5], "sample_forward": [-0.8855737071833549, 0.4634185902201076, -0.03166100731084401], "height": 1.5}, "sample_target": [6.495792079261139, -0.2513737684367734, 1.5], "camera_params": {"forward": [-0.8855737071833549, 0.4634185902201076, -0.03166100731084401]}, "task_type": "screen_occupancy", "task_description": "Position where wardrobe occupies 20% of vertical FOV", "target_object": {"label": "wardrobe", "id": "102", "bbox_min": [-1.3968290808660715, 3.0861676228931083, -3.9340284274658187e-10], "bbox_max": [0.4031711008660716, 3.729528401903999, 2.500000000393403], "center": [-0.4968289899999999, 3.4078480123985537, 1.2500000000000002]}}
{"scene_id": "0248_840834", "object_label": "wardrobe", "preset": "occupancy_30", "distance": 5.206624714251663, "init_camera": {"intrinsics": [[320.0, 0.0, 320.0], [0.0, 320.0, 240.0], [0.0, 0.0, 1.0]], "extrinsics": [[-0.984807753012208, 0.027129164727454948, -0.17151588272879117, -0.11258578636288408], [0.17364817766693041, 0.1538571387002292, -0.9727149074954761, 5.586999507497393], [0.0, -0.9877206028488871, -0.1562306330648089, 1.6], [0.0, 0.0, 0.0, 1.0]]}, "target_region": {"type": "circle", "params": {"center": [-0.49682899, 3.4078480123985533], "radius": 5.206624714251663, "object_center": [-0.49682899, 3.4078480123985533, 1.25], "object_height": 2.5000000007868057, "occupancy_ratio": 0.3, "fov_vertical": 90.0, "sample_distance": 5.206624714251663, "min_distance": 2.5000000007868057}, "sample_point": [-5.150953191309661, 5.741957871389753, 1.5], "sample_forward": [0.8928564367521223, -0.44778027434258016, -0.04796049686968358], "height": 1.5}, "sample_target": [-5.150953191309661, 5.741957871389753, 1.5], "camera_params": {"forward": [0.8928564367521223, -0.44778027434258016, -0.04796049686968358]}, "task_type": "screen_occupancy", "task_description": "Position where wardrobe occupies 30% of vertical FOV", "target_object": {"label": "wardrobe", "id": "102", "bbox_min": [-1.3968290808660715, 3.0861676228931083, -3.9340284274658187e-10], "bbox_max": [0.4031711008660716, 3.729528401903999, 2.500000000393403], "center": [-0.4968289899999999, 3.4078480123985537, 1.2500000000000002]}}
{"scene_id": "0248_840834", "object_label": "wardrobe", "preset": "occupancy_30", "distance": 5.206624714251663, "init_camera": {"intrinsics": [[320.0, 0.0, 320.0], [0.0, 320.0, 240.0], [0.0, 0.0, 1.0]], "extrinsics": [[-0.9396926207859083, 0.06633868317635831, -0.33552489856184714, 0.10862010757452856], [0.3420201433256688, 0.18226403406339864, -0.9218470824634774, 5.071305736613748], [0.0, -0.9810091747794019, -0.19396133377206135, 1.6], [0.0, 0.0, 0.0, 1.0]]}, "target_region": {"type": "circle", "params": {"center": [-0.49682899, 3.4078480123985533], "radius": 5.206624714251663, "object_center": [-0.49682899, 3.4078480123985533, 1.25], "object_height": 2.5000000007868057, "occupancy_ratio": 0.3, "fov_vertical": 90.0, "sample_distance": 5.206624714251663, "min_distance": 2.5000000007868057}, "sample_point": [2.029826107597927, -1.1446188938884787, 1.5], "sample_forward": [-0.4847185355964617, 0.8733542992332691, -0.04796049686968358], "height": 1.5}, "sample_target": [2.029826107597927, -1.1446188938884787, 1.5], "camera_params": {"forward": [-0.4847185355964617, 0.8733542992332691, -0.04796049686968358]}, "task_type": "screen_occupancy", "task_description": "Position where wardrobe occupies 30% of vertical FOV", "target_object": {"label": "wardrobe", "id": "102", "bbox_min": [-1.3968290808660715, 3.0861676228931083, -3.9340284274658187e-10], "bbox_max": [0.4031711008660716, 3.729528401903999, 2.500000000393403], "center": [-0.4968289899999999, 3.4078480123985537, 1.2500000000000002]}}
{"scene_id": "0248_840834", "object_label": "wardrobe", "preset": "occupancy_50", "distance": 3.0177669539161274, "init_camera": {"intrinsics": [[320.0, 0.0, 320.0], [0.0, 320.0, 240.0], [0.0, 0.0, 1.0]], "extrinsics": [[-0.9396926207859083, 0.06633868317635831, -0.33552489856184714, 0.10862010757452856], [0.3420201433256688, 0.18226403406339864, -0.9218470824634774, 5.071305736613748], [0.0, -0.9810091747794019, -0.19396133377206135, 1.6], [0.0, 0.0, 0.0, 1.0]]}, "target_region": {"type": "circle", "params": {"center": [-0.49682899, 3.4078480123985533], "radius": 3.0177669539161274, "object_center": [-0.49682899, 3.4078480123985533, 1.25], "object_height": 2.5000000007868057, "occupancy_ratio": 0.5, "fov_vertical": 90.0, "sample_distance": 3.0177669539161274, "min_distance": 2.5000000007868057}, "sample_point": [2.5203875034953005, 3.465484975609187, 1.5], "sample_forward": [-0.9964043206176019, -0.019034006772190023, -0.08255989608018774], "height": 1.5}, "sample_target": [2.5203875034953005, 3.465484975609187, 1.5], "camera_params": {"forward": [-0.9964043206176019, -0.019034006772190023, -0.08255989608018774]}, "task_type": "screen_occupancy", "task_description": "Position where wardrobe occupies 50% of vertical FOV", "target_object": {"label": "wardrobe", "id": "102", "bbox_min": [-1.3968290808660715, 3.0861676228931083, -3.9340284274658187e-10], "bbox_max": [0.4031711008660716, 3.729528401903999, 2.500000000393403], "center": [-0.4968289899999999, 3.4078480123985537, 1.2500000000000002]}}
{"scene_id": "0248_840834", "object_label": "wardrobe", "preset": "occupancy_20", "distance": 7.8921893958276526, "init_camera": {"intrinsics": [[320.0, 0.0, 320.0], [0.0, 320.0, 240.0], [0.0, 0.0, 1.0]], "extrinsics": [[0.0, 0.19396133377206135, -0.9810091747794019, 1.2733857455631763], [1.0, -0.0, 0.0, 3.4078480123985537], [-0.0, -0.9810091747794019, -0.19396133377206135, 1.6], [0.0, 0.0, 0.0, 1.0]]}, "target_region": {"type": "circle", "params": {"center": [-0.49682899, 3.4078480123985533], "radius": 7.8921893958276526, "object_center": [-0.49682899, 3.4078480123985533, 1.25], "object_height": 2.5000000007868057, "occupancy_ratio": 0.2, "fov_vertical": 90.0, "sample_distance": 7.8921893958276526, "min_distance": 2.5000000007868057}, "sample_point": [6.461160967676146, -0.3168035429140188, 1.5], "sample_forward": [-0.8811878836750545, 0.47170488049239134, -0.03166100731084401], "height": 1.5}, "sample_target": [6.461160967676146, -0.3168035429140188, 1.5], "camera_params": {"forward": [-0.8811878836750545, 0.47170488049239134, -0.03166100731084401]}, "task_type": "screen_occupancy", "task_description": "Position where wardrobe occupies 20% of vertical FOV", "target_object": {"label": "wardrobe", "id": "102", "bbox_min": [-1.3968290808660715, 3.0861676228931083, -3.9340284274658187e-10], "bbox_max": [0.4031711008660716, 3.729528401903999, 2.500000000393403], "center": [-0.4968289899999999, 3.4078480123985537, 1.2500000000000002]}}
{"scene_id": "0248_840834", "object_label": "wardrobe", "preset": "occupancy_30", "distance": 5.206624714251663, "init_camera": {"intrinsics": [[320.0, 0.0, 320.0], [0.0, 320.0, 240.0], [0.0, 0.0, 1.0]], "extrinsics": [[0.0, 0.19396133377206135, -0.9810091747794019, 1.2733857455631763], [1.0, -0.0, 0.0, 3.4078480123985537], [-0.0, -0.9810091747794019, -0.19396133377206135, 1.6], [0.0, 0.0, 0.0, 1.0]]}, "target_region": {"type": "circle", "params": {"center": [-0.49682899, 3.4078480123985533], "radius": 5.206624714251663, "object_center": [-0.49682899, 3.4078480123985533, 1.25], "object_height": 2.5000000007868057, "occupancy_ratio": 0.3, "fov_vertical": 90.0, "sample_distance": 5.206624714251663, "min_distance": 2.5000000007868057}, "sample_point": [3.9940738840280767, 6.042374970146865, 1.5], "sample_forward": [-0.8615437329275063, -0.5054128876407395, -0.04796049686968358], "height": 1.5}, "sample_target": [3.9940738840280767, 6.042374970146865, 1.5], "camera_params": {"forward": [-0.8615437329275063, -0.5054128876407395, -0.04796049686968358]}, "task_type": "screen_occupancy", "task_description": "Position where wardrobe occupies 30% of vertical FOV", "target_object": {"label": "wardrobe", "id": "102", "bbox_min": [-1.3968290808660715, 3.0861676228931083, -3.9340284274658187e-10], "bbox_max": [0.4031711008660716, 3.729528401903999, 2.500000000393403], "center": [-0.4968289899999999, 3.4078480123985537, 1.2500000000000002]}}
{"scene_id": "0248_840834", "object_label": "wardrobe", "preset": "occupancy_50", "distance": 3.0177669539161274, "init_camera": {"intrinsics": [[320.0, 0.0, 320.0], [0.0, 320.0, 240.0], [0.0, 0.0, 1.0]], "extrinsics": [[0.0, 0.19396133377206135, -0.9810091747794019, 1.2733857455631763], [1.0, -0.0, 0.0, 3.4078480123985537], [-0.0, -0.9810091747794019, -0.19396133377206135, 1.6], [0.0, 0.0, 0.0, 1.0]]}, "target_region": {"type": "circle", "params": {"center": [-0.49682899, 3.4078480123985533], "radius": 3.0177669539161274, "object_center": [-0.49682899, 3.4078480123985533, 1.25], "object_height": 2.5000000007868057, "occupancy_ratio": 0.5, "fov_vertical": 90.0, "sample_distance": 3.0177669539161274, "min_distance": 2.5000000007868057}, "sample_point": [2.456783583262506, 4.026790784562394, 1.5], "sample_forward": [-0.9753997884387535, -0.20439940379771995, -0.08255989608018773], "height": 1.5}, "sample_target": [2.456783583262506, 4.026790784562394, 1.5], "camera_params": {"forward": [-0.9753997884387535, -0.20439940379771995, -0.08255989608018773]}, "task_type": "screen_occupancy", "task_description": "Position where wardrobe occupies 50% of vertical FOV", "target_object": {"label": "wardrobe", "id": "102", "bbox_min": [-1.3968290808660715, 3.0861676228931083, -3.9340284274658187e-10], "bbox_max": [0.4031711008660716, 3.729528401903999, 2.500000000393403], "center": [-0.4968289899999999, 3.4078480123985537, 1.2500000000000002]}}
{"scene_id": "0248_840834", "object_label": "wardrobe", "preset": "occupancy_30", "distance": 5.206624714251663, "init_camera": {"intrinsics": [[320.0, 0.0, 320.0], [0.0, 320.0, 240.0], [0.0, 0.0, 1.0]], "extrinsics": [[0.1736481776669303, 0.17242243958820624, -0.9695962111721588, 2.550451412893145], [0.984807753012208, -0.0304027281789761, 0.17096597242235392, -9.044135131783518], [-0.0, -0.9845537956078005, -0.1750823336441268, 1.6], [0.0, 0.0, 0.0, 1.0]]}, "target_region": {"type": "circle", "params": {"center": [0.6121709088187729, -8.702363982734001], "radius": 5.206624714251663, "object_center": [0.6121709088187729, -8.702363982734001, 1.25], "object_height": 2.5000000007868057, "occupancy_ratio": 0.3, "fov_vertical": 90.0, "sample_distance": 5.206624714251663, "min_distance": 2.5000000007868057}, "sample_point": [-1.5186071043321991, -3.9517086622830844, 1.5], "sample_forward": [0.40877268891887125, -0.9113751585017275, -0.04796049686968359], "height": 1.5}, "sample_target": [-1.5186071043321991, -3.9517086622830844, 1.5], "camera_params": {"forward": [0.40877268891887125, -0.9113751585017275, -0.04796049686968359]}, "task_type": "screen_occupancy", "task_description": "Position where wardrobe occupies 30% of vertical FOV", "target_object": {"label": "wardrobe", "id": "103", "bbox_min": [0.3031708851162716, -9.250896033220657, -3.9340284274658187e-10], "bbox_max": [0.9211709325212741, -8.153831932247346, 2.500000000393403], "center": [0.6121709088187729, -8.702363982734003, 1.2500000000000002]}}
{"scene_id": "0248_840834", "object_label": "wardrobe", "preset": "occupancy_50", "distance": 3.0177669539161274, "init_camera": {"intrinsics": [[320.0, 0.0, 320.0], [0.0, 320.0, 240.0], [0.0, 0.0, 1.0]], "extrinsics": [[0.1736481776669303, 0.17242243958820624, -0.9695962111721588, 2.550451412893145], [0.984807753012208, -0.0304027281789761, 0.17096597242235392, -9.044135131783518], [-0.0, -0.9845537956078005, -0.1750823336441268, 1.6], [0.0, 0.0, 0.0, 1.0]]}, "target_region": {"type": "circle", "params": {"center": [0.6121709088187729, -8.702363982734001], "radius": 3.0177669539161274, "object_center": [0.6121709088187729, -8.702363982734001, 1.25], "object_height": 2.5000000007868057, "occupancy_ratio": 0.5, "fov_vertical": 90.0, "sample_distance": 3.0177669539161274, "min_distance": 2.5000000007868057}, "sample_point": [-1.6087673302050756, -10.74548677067159, 1.5], "sample_forward": [0.7334417208572964, 0.6747200202047633, -0.08255989608018774], "height": 1.5}, "sample_target": [-1.6087673302050756, -10.74548677067159, 1.5], "camera_params": {"forward": [0.7334417208572964, 0.6747200202047633, -0.08255989608018774]}, "task_type": "screen_occupancy", "task_description": "Position where wardrobe occupies 50% of vertical FOV", "target_object": {"label": "wardrobe", "id": "103", "bbox_min": [0.3031708851162716, -9.250896033220657, -3.9340284274658187e-10], "bbox_max": [0.9211709325212741, -8.153831932247346, 2.500000000393403], "center": [0.6121709088187729, -8.702363982734003, 1.2500000000000002]}}
{"scene_id": "0248_840834", "object_label": "wardrobe", "preset": "occupancy_20", "distance": 7.8921893958276526, "init_camera": {"intrinsics": [[320.0, 0.0, 320.0], [0.0, 320.0, 240.0], [0.0, 0.0, 1.0]], "extrinsics": [[0.17364817766693036, 0.13347049839054254, -0.975721239111015, 3.1319355641154565], [0.984807753012208, -0.023534449994858403, 0.17204598010556751, -9.146666476498373], [-0.0, -0.9907733119754588, -0.1355294959674104, 1.6], [0.0, 0.0, 0.0, 1.0]]}, "target_region": {"type": "circle", "params": {"center": [0.6121709088187729, -8.702363982734001], "radius": 7.8921893958276526, "object_center": [0.6121709088187729, -8.702363982734001, 1.25], "object_height": 2.5000000007868057, "occupancy_ratio": 0.2, "fov_vertical": 90.0, "sample_distance": 7.8921893958276526, "min_distance": 2.5000000007868057}, "sample_point": [5.695326310482399, -14.7395971753606, 1.5], "sample_forward": [-0.643751281336913, 0.7645795369960835, -0.03166100731084401], "height": 1.5}, "sample_target": [5.695326310482399, -14.7395971753606, 1.5], "camera_params": {"forward": [-0.643751281336913, 0.7645795369960835, -0.03166100731084401]}, "task_type": "screen_occupancy", "task_description": "Position where wardrobe occupies 20% of vertical FOV", "target_object": {"label": "wardrobe", "id": "103", "bbox_min": [0.3031708851162716, -9.250896033220657, -3.9340284274658187e-10], "bbox_max": [0.9211709325212741, -8.153831932247346, 2.500000000393403], "center": [0.6121709088187729, -8.702363982734003, 1.2500000000000002]}}
{"scene_id": "0248_840834", "object_label": "wardrobe", "preset": "occupancy_30", "distance": 5.206624714251663, "init_camera": {"intrinsics": [[320.0, 0.0, 320.0], [0.0, 320.0, 240.0], [0.0, 0.0, 1.0]], "extrinsics": [[0.17364817766693036, 0.13347049839054254, -0.975721239111015, 3.1319355641154565], [0.984807753012208, -0.023534449994858403, 0.17204598010556751, -9.146666476498373], [-0.0, -0.9907733119754588, -0.1355294959674104, 1.6], [0.0, 0.0, 0.0, 1.0]]}, "target_region": {"type": "circle", "params": {"center": [0.6121709088187729, -8.702363982734001], "radius": 5.206624714251663, "object_center": [0.6121709088187729, -8.702363982734001, 1.25], "object_height": 2.5000000007868057, "occupancy_ratio": 0.3, "fov_vertical": 90.0, "sample_distance": 5.206624714251663, "min_distance": 2.5000000007868057}, "sample_point": [-2.5444724703098154, -12.842960979793707, 1.5], "sample_forward": [0.6055767396136162, 0.7943403572644131, -0.04796049686968358], "height": 1.5}, "sample_target": [-2.5444724703098154, -12.842960979793707, 1.5], "camera_params": {"forward": [0.6055767396136162, 0.7943403572644131, -0.04796049686968358]}, "task_type": "screen_occupancy", "task_description": "Position where wardrobe occupies 30% of vertical FOV", "target_object": {"label": "wardrobe", "id": "103", "bbox_min": [0.3031708851162716, -9.250896033220657, -3.9340284274658187e-10], "bbox_max": [0.9211709325212741, -8.153831932247346, 2.500000000393403], "center": [0.6121709088187729, -8.702363982734003, 1.2500000000000002]}}
{"scene_id": "0248_840834", "object_label": "wardrobe", "preset": "occupancy_50", "distance": 3.0177669539161274, "init_camera": {"intrinsics": [[320.0, 0.0, 320.0], [0.0, 320.0, 240.0], [0.0, 0.0, 1.0]], "extrinsics": [[0.17364817766693036, 0.13347049839054254, -0.975721239111015, 3.1319355641154565], [0.984807753012208, -0.023534449994858403, 0.17204598010556751, -9.146666476498373], [-0.0, -0.9907733119754588, -0.1355294959674104, 1.6], [0.0, 0.0, 0.0, 1.0]]}, "target_region": {"type": "circle", "params": {"center": [0.6121709088187729, -8.702363982734001], "radius": 3.0177669539161274, "object_center": [0.6121709088187729, -8.702363982734001, 1.25], "object_height": 2.5000000007868057, "occupancy_ratio": 0.5, "fov_vertical": 90.0, "sample_distance": 3.0177669539161274, "min_distance": 2.5000000007868057}, "sample_point": [1.261384731039996, -5.755257130041834, 1.5], "sample_forward": [-0.21439610278562263, -0.973251341981898, -0.08255989608018774], "height": 1.5}, "sample_target": [1.261384731039996, -5.755257130041834, 1.5], "camera_params": {"forward": [-0.21439610278562263, -0.973251341981898, -0.08255989608018774]}, "task_type": "screen_occupancy", "task_description": "Position where wardrobe occupies 50% of vertical FOV", "target_object": {"label": "wardrobe", "id": "103", "bbox_min": [0.3031708851162716, -9.250896033220657, -3.9340284274658187e-10], "bbox_max": [0.9211709325212741, -8.153831932247346, 2.500000000393403], "center": [0.6121709088187729, -8.702363982734003, 1.2500000000000002]}}
{"scene_id": "0248_840834", "object_label": "wardrobe", "preset": "back", "distance": 2.5000000007868057, "init_camera": {"intrinsics": [[320.0, 0.0, 320.0], [0.0, 320.0, 240.0], [0.0, 0.0, 1.0]], "extrinsics": [[0.17364817766692986, 0.21369358817911943, -0.9613435186051276, 2.1627953120782704], [0.984807753012208, -0.03767994520038215, 0.1695108000592937, -8.975780901973614], [-0.0, -0.9761737919555253, -0.2169901562264309, 1.6], [0.0, 0.0, 0.0, 1.0]]}, "target_region": {"type": "circle", "params": {"center": [0.6121709088187729, -8.702363982734001], "radius": 2.5000000007868057, "object_center": [0.6121709088187729, -8.702363982734001, 1.25], "sample_distance": 2.5000000007868057, "min_distance": 2.5000000007868057, "requested_distance": 0.8}, "sample_point": [-1.2866260044830207, -10.328577463790412, 1.5], "sample_forward": [0.7557494179209907, 0.6472571569471012, -0.09950371898999294], "height": 1.5}, "sample_target": [-1.2866260044830207, -10.328577463790412, 1.5], "camera_params": {"forward": [0.7557494179209907, 0.6472571569471012, -0.09950371898999294]}, "task_type": "absolute_positioning", "task_description": "Move to any position 2.5m from wardrobe", "target_object": {"label": "wardrobe", "id": "103", "bbox_min": [0.3031708851162716, -9.250896033220657, -3.9340284274658187e-10], "bbox_max": [0.9211709325212741, -8.153831932247346, 2.500000000393403], "center": [0.6121709088187729, -8.702363982734003, 1.2500000000000002]}}
{"scene_id": "0248_840834", "object_label": "wardrobe", "preset": "right", "distance": 2.5000000007868057, "init_camera": {"intrinsics": [[320.0, 0.0, 320.0], [0.0, 320.0, 240.0], [0.0, 0.0, 1.0]], "extrinsics": [[0.17364817766692986, 0.21369358817911943, -0.9613435186051276, 2.1627953120782704], [0.984807753012208, -0.03767994520038215, 0.1695108000592937, -8.975780901973614], [-0.0, -0.9761737919555253, -0.2169901562264309, 1.6], [0.0, 0.0, 0.0, 1.0]]}, "target_region": {"type": "circle", "params": {"center": [0.6121709088187729, -8.702363982734001], "radius": 2.5000000007868057, "object_center": [0.6121709088187729, -8.702363982734001, 1.25], "sample_distance": 2.5000000007868057, "min_distance": 2.5000000007868057, "requested_distance": 1.0}, "sample_point": [0.29842973520485083, -6.2221288164819395, 1.5], "sample_forward": [0.12487365429948111, -0.9871704920473738, -0.09950371898999291], "height": 1.5}, "sample_target": [0.29842973520485083, -6.2221288164819395, 1.5], "camera_params": {"forward": [0.12487365429948111, -0.9871704920473738, -0.09950371898999291]}, "task_type": "absolute_positioning", "task_description": "Move to any position 2.5m from wardrobe", "target_object": {"label": "wardrobe", "id": "103", "bbox_min": [0.3031708851162716, -9.250896033220657, -3.9340284274658187e-10], "bbox_max": [0.9211709325212741, -8.153831932247346, 2.500000000393403], "center": [0.6121709088187729, -8.702363982734003, 1.2500000000000002]}}
{"scene_id": "0248_840834", "object_label": "wardrobe", "preset": "front", "distance": 2.5000000007868057, "init_camera": {"intrinsics": [[320.0, 0.0, 320.0], [0.0, 320.0, 240.0], [0.0, 0.0, 1.0]], "extrinsics": [[0.17364817766692986, 0.21369358817911943, -0.9613435186051276, 2.1627953120782704], [0.984807753012208, -0.03767994520038215, 0.1695108000592937, -8.975780901973614], [-0.0, -0.9761737919555253, -0.2169901562264309, 1.6], [0.0, 0.0, 0.0, 1.0]]}, "target_region": {"type": "circle", "params": {"center": [0.6121709088187729, -8.702363982734001], "radius": 2.5000000007868057, "object_center": [0.6121709088187729, -8.702363982734001, 1.25], "sample_distance": 2.5000000007868057, "min_distance": 2.5000000007868057, "requested_distance": 1.2}, "sample_point": [2.928943345885889, -9.641813544328516, 1.5], "sample_forward": [-0.9221098941667496, 0.37391490072869055, -0.09950371898999293], "height": 1.5}, "sample_target": [2.928943345885889, -9.641813544328516, 1.5], "camera_params": {"forward": [-0.9221098941667496, 0.37391490072869055, -0.09950371898999293]}, "task_type": "absolute_positioning", "task_description": "Move to any position 2.5m from wardrobe", "target_object": {"label": "wardrobe", "id": "103", "bbox_min": [0.3031708851162716, -9.250896033220657, -3.9340284274658187e-10], "bbox_max": [0.9211709325212741, -8.153831932247346, 2.500000000393403], "center": [0.6121709088187729, -8.702363982734003, 1.2500000000000002]}}
{"scene_id": "0248_840834", "object_label": "wardrobe", "preset": "front", "distance": 2.5000000007868057, "init_camera": {"intrinsics": [[320.0, 0.0, 320.0], [0.0, 320.0, 240.0], [0.0, 0.0, 1.0]], "extrinsics": [[0.17364817766692986, 0.21369358817911943, -0.9613435186051276, 2.1627953120782704], [0.984807753012208, -0.03767994520038215, 0.1695108000592937, -8.975780901973614], [-0.0, -0.9761737919555253, -0.2169901562264309, 1.6], [0.0, 0.0, 0.0, 1.0]]}, "target_region": {"type": "circle", "params": {"center": [0.6121709088187729, -8.702363982734001], "radius": 2.5000000007868057, "object_center": [0.6121709088187729, -8.702363982734001, 1.25], "sample_distance": 2.5000000007868057, "min_distance": 2.5000000007868057, "requested_distance": 1.5}, "sample_point": [3.0435483864042805, -9.28408863016091, 1.5], "sample_forward": [-0.9677244051530648, 0.2315350633884798, -0.09950371898999294], "height": 1.5}, "sample_target": [3.0435483864042805, -9.28408863016091, 1.5], "camera_params": {"forward": [-0.9677244051530648, 0.2315350633884798, -0.09950371898999294]}, "task_type": "absolute_positioning", "task_description": "Move to any position 2.5m from wardrobe", "target_object": {"label": "wardrobe", "id": "103", "bbox_min": [0.3031708851162716, -9.250896033220657, -3.9340284274658187e-10], "bbox_max": [0.9211709325212741, -8.153831932247346, 2.500000000393403], "center": [0.6121709088187729, -8.702363982734003, 1.2500000000000002]}}
{"scene_id": "0248_840834", "object_label": "wardrobe", "preset": "occupancy_20", "distance": 7.8921893958276526, "init_camera": {"intrinsics": [[320.0, 0.0, 320.0], [0.0, 320.0, 240.0], [0.0, 0.0, 1.0]], "extrinsics": [[0.17364817766692986, 0.21369358817911943, -0.9613435186051276, 2.1627953120782704], [0.984807753012208, -0.03767994520038215, 0.1695108000592937, -8.975780901973614], [-0.0, -0.9761737919555253, -0.2169901562264309, 1.6], [0.0, 0.0, 0.0, 1.0]]}, "target_region": {"type": "circle", "params": {"center": [0.6121709088187729, -8.702363982734001], "radius": 7.8921893958276526, "object_center": [0.6121709088187729, -8.702363982734001, 1.25], "object_height": 2.5000000007868057, "occupancy_ratio": 0.2, "fov_vertical": 90.0, "sample_distance": 7.8921893958276526, "min_distance": 2.5000000007868057}, "sample_point": [-5.370899489419485, -13.84916124601721, 1.5], "sample_forward": [0.7577201424796635, 0.6518111431209666, -0.03166100731084401], "height": 1.5}, "sample_target": [-5.370899489419485, -13.84916124601721, 1.5], "camera_params": {"forward": [0.7577201424796635, 0.6518111431209666, -0.03166100731084401]}, "task_type": "screen_occupancy", "task_description": "Position where wardrobe occupies 20% of vertical FOV", "target_object": {"label": "wardrobe", "id": "103", "bbox_min": [0.3031708851162716, -9.250896033220657, -3.9340284274658187e-10], "bbox_max": [0.9211709325212741, -8.153831932247346, 2.500000000393403], "center": [0.6121709088187729, -8.702363982734003, 1.2500000000000002]}}
{"scene_id": "0248_840834", "object_label": "wardrobe", "preset": "occupancy_30", "distance": 5.206624714251663, "init_camera": {"intrinsics": [[320.0, 0.0, 320.0], [0.0, 320.0, 240.0], [0.0, 0.0, 1.0]], "extrinsics": [[0.17364817766692986, 0.21369358817911943, -0.9613435186051276, 2.1627953120782704], [0.984807753012208, -0.03767994520038215, 0.1695108000592937, -8.975780901973614], [-0.0, -0.9761737919555253, -0.2169901562264309, 1.6], [0.0, 0.0, 0.0, 1.0]]}, "target_region": {"type": "circle", "params": {"center": [0.6121709088187729, -8.702363982734001], "radius": 5.206624714251663, "object_center": [0.6121709088187729, -8.702363982734001, 1.25], "object_height": 2.5000000007868057, "occupancy_ratio": 0.3, "fov_vertical": 90.0, "sample_distance": 5.206624714251663, "min_distance": 2.5000000007868057}, "sample_point": [4.9710940057967274, -11.549947229925966, 1.5], "sample_forward": [-0.8362244701912106, 0.5462860296524545, -0.04796049686968358], "height": 1.5}, "sample_target": [4.9710940057967274, -11.549947229925966, 1.5], "camera_params": {"forward": [-0.8362244701912106, 0.5462860296524545, -0.04796049686968358]}, "task_type": "screen_occupancy", "task_description": "Position where wardrobe occupies 30% of vertical FOV", "target_object": {"label": "wardrobe", "id": "103", "bbox_min": [0.3031708851162716, -9.250896033220657, -3.9340284274658187e-10], "bbox_max": [0.9211709325212741, -8.153831932247346, 2.500000000393403], "center": [0.6121709088187729, -8.702363982734003, 1.2500000000000002]}}
{"scene_id": "0248_840834", "object_label": "wardrobe", "preset": "occupancy_50", "distance": 3.0177669539161274, "init_camera": {"intrinsics": [[320.0, 0.0, 320.0], [0.0, 320.0, 240.0], [0.0, 0.0, 1.0]], "extrinsics": [[0.17364817766692986, 0.21369358817911943, -0.9613435186051276, 2.1627953120782704], [0.984807753012208, -0.03767994520038215, 0.1695108000592937, -8.975780901973614], [-0.0, -0.9761737919555253, -0.2169901562264309, 1.6], [0.0, 0.0, 0.0, 1.0]]}, "target_region": {"type": "circle", "params": {"center": [0.6121709088187729, -8.702363982734001], "radius": 3.0177669539161274, "object_center": [0.6121709088187729, -8.702363982734001, 1.25], "object_height": 2.5000000007868057, "occupancy_ratio": 0.5, "fov_vertical": 90.0, "sample_distance": 3.0177669539161274, "min_distance": 2.5000000007868057}, "sample_point": [1.0133392887583015, -11.693347319211306, 1.5], "sample_forward": [-0.13248167903385905, 0.9877410937485582, -0.08255989608018777], "height": 1.5}, "sample_target": [1.0133392887583015, -11.693347319211306, 1.5], "camera_params": {"forward": [-0.13248167903385905, 0.9877410937485582, -0.08255989608018777]}, "task_type": "screen_occupancy", "task_description": "Position where wardrobe occupies 50% of vertical FOV", "target_object": {"label": "wardrobe", "id": "103", "bbox_min": [0.3031708851162716, -9.250896033220657, -3.9340284274658187e-10], "bbox_max": [0.9211709325212741, -8.153831932247346, 2.500000000393403], "center": [0.6121709088187729, -8.702363982734003, 1.2500000000000002]}}
{"scene_id": "0248_840834", "object_label": "wardrobe", "preset": "occupancy_20", "distance": 7.8921893958276526, "init_camera": {"intrinsics": [[320.0, 0.0, 320.0], [0.0, 320.0, 240.0], [0.0, 0.0, 1.0]], "extrinsics": [[0.0, 0.1355294959674104, -0.9907733119754588, 3.1708069954961364], [1.0, -0.0, 0.0, -8.702363982734003], [-0.0, -0.9907733119754588, -0.1355294959674104, 1.6], [0.0, 0.0, 0.0, 1.0]]}, "target_region": {"type": "circle", "params": {"center": [0.6121709088187729, -8.702363982734001], "radius": 7.8921893958276526, "object_center": [0.6121709088187729, -8.702363982734001, 1.25], "object_height": 2.5000000007868057, "occupancy_ratio": 0.2, "fov_vertical": 90.0, "sample_distance": 7.8921893958276526, "min_distance": 2.5000000007868057}, "sample_point": [-5.851916647006535, -13.23030231383336, 1.5], "sample_forward": [0.8186380934516834, 0.5734363544159504, -0.03166100731084401], "height": 1.5}, "sample_target": [-5.851916647006535, -13.23030231383336, 1.5], "camera_params": {"forward": [0.8186380934516834, 0.5734363544159504, -0.03166100731084401]}, "task_type": "screen_occupancy", "task_description": "Position where wardrobe occupies 20% of vertical FOV", "target_object": {"label": "wardrobe", "id": "103", "bbox_min": [0.3031708851162716, -9.250896033220657, -3.9340284274658187e-10], "bbox_max": [0.9211709325212741, -8.153831932247346, 2.500000000393403], "center": [0.6121709088187729, -8.702363982734003, 1.2500000000000002]}}
{"scene_id": "0248_840834", "object_label": "wardrobe", "preset": "occupancy_30", "distance": 5.206624714251663, "init_camera": {"intrinsics": [[320.0, 0.0, 320.0], [0.0, 320.0, 240.0], [0.0, 0.0, 1.0]], "extrinsics": [[0.0, 0.1355294959674104, -0.9907733119754588, 3.1708069954961364], [1.0, -0.0, 0.0, -8.702363982734003], [-0.0, -0.9907733119754588, -0.1355294959674104, 1.6], [0.0, 0.0, 0.0, 1.0]]}, "target_region": {"type": "circle", "params": {"center": [0.6121709088187729, -8.702363982734001], "radius": 5.206624714251663, "object_center": [0.6121709088187729, -8.702363982734001, 1.25], "object_height": 2.5000000007868057, "occupancy_ratio": 0.3, "fov_vertical": 90.0, "sample_distance": 5.206624714251663, "min_distance": 2.5000000007868057}, "sample_point": [-3.775626815559937, -11.505250360201561, 1.5], "sample_forward": [0.8417638360994796, 0.5377112933304468, -0.04796049686968359], "height": 1.5}, "sample_target": [-3.775626815559937, -11.505250360201561, 1.5], "camera_params": {"forward": [0.8417638360994796, 0.5377112933304468, -0.04796049686968359]}, "task_type": "screen_occupancy", "task_description": "Position where wardrobe occupies 30% of vertical FOV", "target_object": {"label": "wardrobe", "id": "103", "bbox_min": [0.3031708851162716, -9.250896033220657, -3.9340284274658187e-10], "bbox_max": [0.9211709325212741, -8.153831932247346, 2.500000000393403], "center": [0.6121709088187729, -8.702363982734003, 1.2500000000000002]}}
