{"scene_id": "0270_840784", "object_label": "shower head", "preset": "right", "distance": 1.5, "init_camera": {"intrinsics": [[320.0, 0.0, 320.0], [0.0, 320.0, 240.0], [0.0, 0.0, 1.0]], "extrinsics": [[1.0, 0.0, 0.0, 3.0602695], [-0.0, -0.18447604957997588, 0.9828370094432578, 1.8603260000000004], [0.0, -0.9828370094432578, -0.18447604957997588, 1.6], [0.0, 0.0, 0.0, 1.0]]}, "target_region": {"type": "circle", "params": {"center": [3.0602695000000004, 2.660326], "radius": 1.5, "object_center": [3.0602695000000004, 2.660326, 1.449842], "sample_distance": 1.5, "min_distance": 1.2608599853515625, "requested_distance": 1.5}, "sample_point": [3.7661676026504916, 3.983847011799373, 1.5], "sample_forward": [-0.470335856854839, -0.8818544586147691, -0.03341998770013065], "height": 1.5}, "sample_target": [3.7661676026504916, 3.983847011799373, 1.5], "camera_params": {"forward": [-0.470335856854839, -0.8818544586147691, -0.03341998770013065]}, "task_type": "absolute_positioning", "task_description": "Move to any position 1.5m from shower head", "target_object": {"label": "shower head", "id": "129", "bbox_min": [2.9279504997558594, 2.3652989919433596, 0.8194120073242188], "bbox_max": [3.1925885002441405, 2.955353008056641, 2.0802719926757813], "center": [3.0602695, 2.6603260000000004, 1.449842]}}
{"scene_id": "0270_840784", "object_label": "shower head", "preset": "occupancy_20", "distance": 3.9803783211532906, "init_camera": {"intrinsics": [[320.0, 0.0, 320.0], [0.0, 320.0, 240.0], [0.0, 0.0, 1.0]], "extrinsics": [[1.0, 0.0, 0.0, 3.0602695], [-0.0, -0.18447604957997588, 0.9828370094432578, 1.8603260000000004], [0.0, -0.9828370094432578, -0.18447604957997588, 1.6], [0.0, 0.0, 0.0, 1.0]]}, "target_region": {"type": "circle", "params": {"center": [3.0602695000000004, 2.660326], "radius": 3.9803783211532906, "object_center": [3.0602695000000004, 2.660326, 1.449842], "object_height": 1.2608599853515625, "occupancy_ratio": 0.2, "fov_vertical": 90.0, "sample_distance": 3.9803783211532906, "min_distance": 1.2608599853515625}, "sample_point": [-0.47310960262837876, 0.8276657214387613, 1.5], "sample_forward": [0.8876288414820365, 0.46038708914064347, -0.012600314355721839], "height": 1.5}, "sample_target": [-0.47310960262837876, 0.8276657214387613, 1.5], "camera_params": {"forward": [0.8876288414820365, 0.46038708914064347, -0.012600314355721839]}, "task_type": "screen_occupancy", "task_description": "Position where shower head occupies 20% of vertical FOV", "target_object": {"label": "shower head", "id": "129", "bbox_min": [2.9279504997558594, 2.3652989919433596, 0.8194120073242188], "bbox_max": [3.1925885002441405, 2.955353008056641, 2.0802719926757813], "center": [3.0602695, 2.6603260000000004, 1.449842]}}
{"scene_id": "0270_840784", "object_label": "shower head", "preset": "occupancy_30", "distance": 2.625929903550535, "init_camera": {"intrinsics": [[320.0, 0.0, 320.0], [0.0, 320.0, 240.0], [0.0, 0.0, 1.0]], "extrinsics": [[1.0, 0.0, 0.0, 3.0602695], [-0.0, -0.18447604957997588, 0.9828370094432578, 1.8603260000000004], [0.0, -0.9828370094432578, -0.18447604957997588, 1.6], [0.0, 0.0, 0.0, 1.0]]}, "target_region": {"type": "circle", "params": {"center": [3.0602695000000004, 2.660326], "radius": 2.625929903550535, "object_center": [3.0602695000000004, 2.660326, 1.449842], "object_height": 1.2608599853515625, "occupancy_ratio": 0.3, "fov_vertical": 90.0, "sample_distance": 2.625929903550535, "min_distance": 1.2608599853515625}, "sample_point": [5.64103290677578, 2.1753846668389736, 1.5], "sample_forward": [-0.9826205705309696, 0.18464045491874762, -0.019097559445895525], "height": 1.5}, "sample_target": [5.64103290677578, 2.1753846668389736, 1.5], "camera_params": {"forward": [-0.9826205705309696, 0.18464045491874762, -0.019097559445895525]}, "task_type": "screen_occupancy", "task_description": "Position where shower head occupies 30% of vertical FOV", "target_object": {"label": "shower head", "id": "129", "bbox_min": [2.9279504997558594, 2.3652989919433596, 0.8194120073242188], "bbox_max": [3.1925885002441405, 2.955353008056641, 2.0802719926757813], "center": [3.0602695, 2.6603260000000004, 1.449842]}}
{"scene_id": "0270_840784", "object_label": "shower head", "preset": "occupancy_20", "distance": 3.9803783211532906, "init_camera": {"intrinsics": [[320.0, 0.0, 320.0], [0.0, 320.0, 240.0], [0.0, 0.0, 1.0]], "extrinsics": [[0.34202014332566943, 0.13953802183543118, -0.9292746429456381, 3.999962120785908], [0.9396926207859082, -0.05078768649648446, 0.3382283094905662, 2.318305856674331], [-0.0, -0.9889134195482381, -0.14849326125252438, 1.6], [0.0, 0.0, 0.0, 1.0]]}, "target_region": {"type": "circle", "params": {"center": [3.0602695000000004, 2.660326], "radius": 3.9803783211532906, "object_center": [3.0602695000000004, 2.660326, 1.449842], "object_height": 1.2608599853515625, "occupancy_ratio": 0.2, "fov_vertical": 90.0, "sample_distance": 3.9803783211532906, "min_distance": 1.2608599853515625}, "sample_point": [5.272922174869567, -0.6483866983012043, 1.5], "sample_forward": [-0.5558459121852023, 0.8311898423255288, -0.01260031435572184], "height": 1.5}, "sample_target": [5.272922174869567, -0.6483866983012043, 1.5], "camera_params": {"forward": [-0.5558459121852023, 0.8311898423255288, -0.01260031435572184]}, "task_type": "screen_occupancy", "task_description": "Position where shower head occupies 20% of vertical FOV", "target_object": {"label": "shower head", "id": "129", "bbox_min": [2.9279504997558594, 2.3652989919433596, 0.8194120073242188], "bbox_max": [3.1925885002441405, 2.955353008056641, 2.0802719926757813], "center": [3.0602695, 2.6603260000000004, 1.449842]}}
{"scene_id": "0270_840784", "object_label": "shower head", "preset": "occupancy_30", "distance": 2.625929903550535, "init_camera": {"intrinsics": [[320.0, 0.0, 320.0], [0.0, 320.0, 240.0], [0.0, 0.0, 1.0]], "extrinsics": [[0.34202014332566943, 0.13953802183543118, -0.9292746429456381, 3.999962120785908], [0.9396926207859082, -0.05078768649648446, 0.3382283094905662, 2.318305856674331], [-0.0, -0.9889134195482381, -0.14849326125252438, 1.6], [0.0, 0.0, 0.0, 1.0]]}, "target_region": {"type": "circle", "params": {"center": [3.0602695000000004, 2.660326], "radius": 2.625929903550535, "object_center": [3.0602695000000004, 2.660326, 1.449842], "object_height": 1.2608599853515625, "occupancy_ratio": 0.3, "fov_vertical": 90.0, "sample_distance": 2.625929903550535, "min_distance": 1.2608599853515625}, "sample_point": [1.2499625990487524, 4.562508110821467, 1.5], "sample_forward": [0.6892707774678298, -0.7242520821869302, -0.019097559445895522], "height": 1.5}, "sample_target": [1.2499625990487524, 4.562508110821467, 1.5], "camera_params": {"forward": [0.6892707774678298, -0.7242520821869302, -0.019097559445895522]}, "task_type": "screen_occupancy", "task_description": "Position where shower head occupies 30% of vertical FOV", "target_object": {"label": "shower head", "id": "129", "bbox_min": [2.9279504997558594, 2.3652989919433596, 0.8194120073242188], "bbox_max": [3.1925885002441405, 2.955353008056641, 2.0802719926757813], "center": [3.0602695, 2.6603260000000004, 1.449842]}}
{"scene_id": "0270_840784", "object_label": "shower head", "preset": "occupancy_20", "distance": 3.9803783211532906, "init_camera": {"intrinsics": [[320.0, 0.0, 320.0], [0.0, 320.0, 240.0], [0.0, 0.0, 1.0]], "extrinsics": [[0.9848077530122081, 0.025785584212320217, -0.1717230131749238, 3.23391767766693], [0.17364817766693008, -0.14623731495155332, 0.9738896026289193, 1.6755182469877923], [-0.0, -0.9889134195482381, -0.14849326125252435, 1.6], [0.0, 0.0, 0.0, 1.0]]}, "target_region": {"type": "circle", "params": {"center": [3.0602695000000004, 2.660326], "radius": 3.9803783211532906, "object_center": [3.0602695000000004, 2.660326, 1.449842], "object_height": 1.2608599853515625, "occupancy_ratio": 0.2, "fov_vertical": 90.0, "sample_distance": 3.9803783211532906, "min_distance": 1.2608599853515625}, "sample_point": [6.724647107681108, 4.214593778676626, 1.5], "sample_forward": [-0.9205372976364683, -0.39045142558106416, -0.012600314355721839], "height": 1.5}, "sample_target": [6.724647107681108, 4.214593778676626, 1.5], "camera_params": {"forward": [-0.9205372976364683, -0.39045142558106416, -0.012600314355721839]}, "task_type": "screen_occupancy", "task_description": "Position where shower head occupies 20% of vertical FOV", "target_object": {"label": "shower head", "id": "129", "bbox_min": [2.9279504997558594, 2.3652989919433596, 0.8194120073242188], "bbox_max": [3.1925885002441405, 2.955353008056641, 2.0802719926757813], "center": [3.0602695, 2.6603260000000004, 1.449842]}}
{"scene_id": "0270_840784", "object_label": "shower head", "preset": "occupancy_50", "distance": 1.521992638444642, "init_camera": {"intrinsics": [[320.0, 0.0, 320.0], [0.0, 320.0, 240.0], [0.0, 0.0, 1.0]], "extrinsics": [[0.9848077530122081, 0.025785584212320217, -0.1717230131749238, 3.23391767766693], [0.17364817766693008, -0.14623731495155332, 0.9738896026289193, 1.6755182469877923], [-0.0, -0.9889134195482381, -0.14849326125252435, 1.6], [0.0, 0.0, 0.0, 1.0]]}, "target_region": {"type": "circle", "params": {"center": [3.0602695000000004, 2.660326], "radius": 1.521992638444642, "object_center": [3.0602695000000004, 2.660326, 1.449842], "object_height": 1.2608599853515625, "occupancy_ratio": 0.5, "fov_vertical": 90.0, "sample_distance": 1.521992638444642, "min_distance": 1.2608599853515625}, "sample_point": [1.6547395605245168, 2.0764191746265284, 1.5], "sample_forward": [0.9229790457408278, 0.38343812490104806, -0.03293760002974016], "height": 1.5}, "sample_target": [1.6547395605245168, 2.0764191746265284, 1.5], "camera_params": {"forward": [0.9229790457408278, 0.38343812490104806, -0.03293760002974016]}, "task_type": "screen_occupancy", "task_description": "Position where shower head occupies 50% of vertical FOV", "target_object": {"label": "shower head", "id": "129", "bbox_min": [2.9279504997558594, 2.3652989919433596, 0.8194120073242188], "bbox_max": [3.1925885002441405, 2.955353008056641, 2.0802719926757813], "center": [3.0602695, 2.6603260000000004, 1.449842]}}
{"scene_id": "0270_840784", "object_label": "shower head", "preset": "right", "distance": 1.5, "init_camera": {"intrinsics": [[320.0, 0.0, 320.0], [0.0, 320.0, 240.0], [0.0, 0.0, 1.0]], "extrinsics": [[0.9396926207859085, 0.06309452491749641, -0.33615005483555405, 3.3338856146605345], [0.3420201433256681, -0.17335078250203875, 0.9235646852091197, 1.9085719033712736], [-0.0, -0.9828370094432578, -0.1844760495799759, 1.6], [0.0, 0.0, 0.0, 1.0]]}, "target_region": {"type": "circle", "params": {"center": [3.0602695000000004, 2.660326], "radius": 1.5, "object_center": [3.0602695000000004, 2.660326, 1.449842], "sample_distance": 1.5, "min_distance": 1.2608599853515625, "requested_distance": 1.5}, "sample_point": [3.172812001653022, 4.156098103404018, 1.5], "sample_forward": [-0.07498642332202089, -0.9966243729407251, -0.033419987700130646], "height": 1.5}, "sample_target": [3.172812001653022, 4.156098103404018, 1.5], "camera_params": {"forward": [-0.07498642332202089, -0.9966243729407251, -0.033419987700130646]}, "task_type": "absolute_positioning", "task_description": "Move to any position 1.5m from shower head", "target_object": {"label": "shower head", "id": "129", "bbox_min": [2.9279504997558594, 2.3652989919433596, 0.8194120073242188], "bbox_max": [3.1925885002441405, 2.955353008056641, 2.0802719926757813], "center": [3.0602695, 2.6603260000000004, 1.449842]}}
{"scene_id": "0270_840784", "object_label": "shower head", "preset": "occupancy_20", "distance": 3.9803783211532906, "init_camera": {"intrinsics": [[320.0, 0.0, 320.0], [0.0, 320.0, 240.0], [0.0, 0.0, 1.0]], "extrinsics": [[0.9396926207859085, 0.06309452491749641, -0.33615005483555405, 3.3338856146605345], [0.3420201433256681, -0.17335078250203875, 0.9235646852091197, 1.9085719033712736], [-0.0, -0.9828370094432578, -0.1844760495799759, 1.6], [0.0, 0.0, 0.0, 1.0]]}, "target_region": {"type": "circle", "params": {"center": [3.0602695000000004, 2.660326], "radius": 3.9803783211532906, "object_center": [3.0602695000000004, 2.660326, 1.449842], "object_height": 1.2608599853515625, "occupancy_ratio": 0.2, "fov_vertical": 90.0, "sample_distance": 3.9803783211532906, "min_distance": 1.2608599853515625}, "sample_point": [6.974109647403074, 1.935573021335561, 1.5], "sample_forward": [-0.9832053948587164, 0.18206697558550394, -0.012600314355721839], "height": 1.5}, "sample_target": [6.974109647403074, 1.935573021335561, 1.5], "camera_params": {"forward": [-0.9832053948587164, 0.18206697558550394, -0.012600314355721839]}, "task_type": "screen_occupancy", "task_description": "Position where shower head occupies 20% of vertical FOV", "target_object": {"label": "shower head", "id": "129", "bbox_min": [2.9279504997558594, 2.3652989919433596, 0.8194120073242188], "bbox_max": [3.1925885002441405, 2.955353008056641, 2.0802719926757813], "center": [3.0602695, 2.6603260000000004, 1.449842]}}
{"scene_id": "0270_840784", "object_label": "shower head", "preset": "occupancy_30", "distance": 2.625929903550535, "init_camera": {"intrinsics": [[320.0, 0.0, 320.0], [0.0, 320.0, 240.0], [0.0, 0.0, 1.0]], "extrinsics": [[0.9396926207859085, 0.06309452491749641, -0.33615005483555405, 3.3338856146605345], [0.3420201433256681, -0.17335078250203875, 0.9235646852091197, 1.9085719033712736], [-0.0, -0.9828370094432578, -0.1844760495799759, 1.6], [0.0, 0.0, 0.0, 1.0]]}, "target_region": {"type": "circle", "params": {"center": [3.0602695000000004, 2.660326], "radius": 2.625929903550535, "object_center": [3.0602695000000004, 2.660326, 1.449842], "object_height": 1.2608599853515625, "occupancy_ratio": 0.3, "fov_vertical": 90.0, "sample_distance": 2.625929903550535, "min_distance": 1.2608599853515625}, "sample_point": [4.433644509117532, 4.898483488357854, 1.5], "sample_forward": [-0.5229098225234143, -0.8521740436857613, -0.01909755944589553], "height": 1.5}, "sample_target": [4.433644509117532, 4.898483488357854, 1.5], "camera_params": {"forward": [-0.5229098225234143, -0.8521740436857613, -0.01909755944589553]}, "task_type": "screen_occupancy", "task_description": "Position where shower head occupies 30% of vertical FOV", "target_object": {"label": "shower head", "id": "129", "bbox_min": [2.9279504997558594, 2.3652989919433596, 0.8194120073242188], "bbox_max": [3.1925885002441405, 2.955353008056641, 2.0802719926757813], "center": [3.0602695, 2.6603260000000004, 1.449842]}}
{"scene_id": "0270_840784", "object_label": "shower head", "preset": "occupancy_20", "distance": 3.9803783211532906, "init_camera": {"intrinsics": [[320.0, 0.0, 320.0], [0.0, 320.0, 240.0], [0.0, 0.0, 1.0]], "extrinsics": [[0.984807753012208, -0.02578558421232028, 0.17172301317492425, 2.8866213223330695], [-0.17364817766693053, -0.1462373149515533, 0.9738896026289193, 1.6755182469877923], [0.0, -0.9889134195482381, -0.14849326125252435, 1.6], [0.0, 0.0, 0.0, 1.0]]}, "target_region": {"type": "circle", "params": {"center": [3.0602695000000004, 2.660326], "radius": 3.9803783211532906, "object_center": [3.0602695000000004, 2.660326, 1.449842], "object_height": 1.2608599853515625, "occupancy_ratio": 0.2, "fov_vertical": 90.0, "sample_distance": 3.9803783211532906, "min_distance": 1.2608599853515625}, "sample_point": [-0.6770010827945172, 1.2905741354326201, 1.5], "sample_forward": [0.9388489209219418, 0.34409872967193944, -0.012600314355721839], "height": 1.5}, "sample_target": [-0.6770010827945172, 1.2905741354326201, 1.5], "camera_params": {"forward": [0.9388489209219418, 0.34409872967193944, -0.012600314355721839]}, "task_type": "screen_occupancy", "task_description": "Position where shower head occupies 20% of vertical FOV", "target_object": {"label": "shower head", "id": "129", "bbox_min": [2.9279504997558594, 2.3652989919433596, 0.8194120073242188], "bbox_max": [3.1925885002441405, 2.955353008056641, 2.0802719926757813], "center": [3.0602695, 2.6603260000000004, 1.449842]}}
{"scene_id": "0270_840784", "object_label": "shower head", "preset": "occupancy_30", "distance": 2.625929903550535, "init_camera": {"intrinsics": [[320.0, 0.0, 320.0], [0.0, 320.0, 240.0], [0.0, 0.0, 1.0]], "extrinsics": [[0.984807753012208, -0.02578558421232028, 0.17172301317492425, 2.8866213223330695], [-0.17364817766693053, -0.1462373149515533, 0.9738896026289193, 1.6755182469877923], [0.0, -0.9889134195482381, -0.14849326125252435, 1.6], [0.0, 0.0, 0.0, 1.0]]}, "target_region": {"type": "circle", "params": {"center": [3.0602695000000004, 2.660326], "radius": 2.625929903550535, "object_center": [3.0602695000000004, 2.660326, 1.449842], "object_height": 1.2608599853515625, "occupancy_ratio": 0.3, "fov_vertical": 90.0, "sample_distance": 2.625929903550535, "min_distance": 1.2608599853515625}, "sample_point": [5.647303025556868, 2.2100312121046377, 1.5], "sample_forward": [-0.9850079058743774, 0.17144885123028447, -0.019097559445895522], "height": 1.5}, "sample_target": [5.647303025556868, 2.2100312121046377, 1.5], "camera_params": {"forward": [-0.9850079058743774, 0.17144885123028447, -0.019097559445895522]}, "task_type": "screen_occupancy", "task_description": "Position where shower head occupies 30% of vertical FOV", "target_object": {"label": "shower head", "id": "129", "bbox_min": [2.9279504997558594, 2.3652989919433596, 0.8194120073242188], "bbox_max": [3.1925885002441405, 2.955353008056641, 2.0802719926757813], "center": [3.0602695, 2.6603260000000004, 1.449842]}}
{"scene_id": "0270_840784", "object_label": "shower head", "preset": "occupancy_50", "distance": 1.521992638444642, "init_camera": {"intrinsics": [[320.0, 0.0, 320.0], [0.0, 320.0, 240.0], [0.0, 0.0, 1.0]], "extrinsics": [[0.984807753012208, -0.02578558421232028, 0.17172301317492425, 2.8866213223330695], [-0.17364817766693053, -0.1462373149515533, 0.9738896026289193, 1.6755182469877923], [0.0, -0.9889134195482381, -0.14849326125252435, 1.6], [0.0, 0.0, 0.0, 1.0]]}, "target_region": {"type": "circle", "params": {"center": [3.0602695000000004, 2.660326], "radius": 1.521992638444642, "object_center": [3.0602695000000004, 2.660326, 1.449842], "object_height": 1.2608599853515625, "occupancy_ratio": 0.5, "fov_vertical": 90.0, "sample_distance": 1.521992638444642, "min_distance": 1.2608599853515625}, "sample_point": [4.486024197760964, 2.1277049965723958, 1.5], "sample_forward": [-0.9362601773470578, 0.3497599102503551, -0.032937600029740145], "height": 1.5}, "sample_target": [4.486024197760964, 2.1277049965723958, 1.5], "camera_params": {"forward": [-0.9362601773470578, 0.3497599102503551, -0.032937600029740145]}, "task_type": "screen_occupancy", "task_description": "Position where shower head occupies 50% of vertical FOV", "target_object": {"label": "shower head", "id": "129", "bbox_min": [2.9279504997558594, 2.3652989919433596, 0.8194120073242188], "bbox_max": [3.1925885002441405, 2.955353008056641, 2.0802719926757813], "center": [3.0602695, 2.6603260000000004, 1.449842]}}
{"scene_id": "0270_840784", "object_label": "smoke lampblack machine", "preset": "right", "distance": 1.5, "init_camera": {"intrinsics": [[320.0, 0.0, 320.0], [0.0, 320.0, 240.0], [0.0, 0.0, 1.0]], "extrinsics": [[-0.8660254037844385, -0.17557952349417597, -0.4681579123859367, 0.2745774400000001], [0.5000000000000002, -0.3041126554606459, -0.8108732902178208, 4.184677523027551], [0.0, -0.9363158247718729, 0.35115904698835176, 1.6], [0.0, 0.0, 0.0, 1.0]]}, "target_region": {"type": "circle", "params": {"center": [-0.12542256000000002, 3.4918572], "radius": 1.5, "object_center": [-0.12542256000000002, 3.4918572, 1.9000347], "sample_distance": 1.5, "min_distance": 0.8970000218556944, "requested_distance": 1.5}, "sample_point": [-0.2948423093223509, 4.982258806460337, 1.5], "sample_forward": [0.10913222561454103, -0.9600465413452596, 0.257683518649179], "height": 1.5}, "sample_target": [-0.2948423093223509, 4.982258806460337, 1.5], "camera_params": {"forward": [0.10913222561454103, -0.9600465413452596, 0.257683518649179]}, "task_type": "absolute_positioning", "task_description": "Move to any position 1.5m from smoke lampblack machine", "target_object": {"label": "smoke lampblack machine", "id": "139", "bbox_min": [-0.3754225800545584, 3.043357189072153, 1.5754371963378906], "bbox_max": [0.1245774600545584, 3.9403572109278473, 2.2246322036621096], "center": [-0.12542256000000002, 3.4918572, 1.9000347]}}
{"scene_id": "0270_840784", "object_label": "smoke lampblack machine", "preset": "occupancy_20", "distance": 2.049427980406382, "init_camera": {"intrinsics": [[320.0, 0.0, 320.0], [0.0, 320.0, 240.0], [0.0, 0.0, 1.0]], "extrinsics": [[-0.8660254037844385, -0.17557952349417597, -0.4681579123859367, 0.2745774400000001], [0.5000000000000002, -0.3041126554606459, -0.8108732902178208, 4.184677523027551], [0.0, -0.9363158247718729, 0.35115904698835176, 1.6], [0.0, 0.0, 0.0, 1.0]]}, "target_region": {"type": "circle", "params": {"center": [-0.12542256000000002, 3.4918572], "radius": 2.049427980406382, "object_center": [-0.12542256000000002, 3.4918572, 1.9000347], "object_height": 0.649195007324219, "occupancy_ratio": 0.2, "fov_vertical": 90.0, "sample_distance": 2.049427980406382, "min_distance": 0.8970000218556944}, "sample_point": [0.7436156216182888, 1.6358055612350224, 1.5], "sample_forward": [-0.4161850816995003, 0.888868888912852, 0.1915778590902724], "height": 1.5}, "sample_target": [0.7436156216182888, 1.6358055612350224, 1.5], "camera_params": {"forward": [-0.4161850816995003, 0.888868888912852, 0.1915778590902724]}, "task_type": "screen_occupancy", "task_description": "Position where smoke lampblack machine occupies 20% of vertical FOV", "target_object": {"label": "smoke lampblack machine", "id": "139", "bbox_min": [-0.3754225800545584, 3.043357189072153, 1.5754371963378906], "bbox_max": [0.1245774600545584, 3.9403572109278473, 2.2246322036621096], "center": [-0.12542256000000002, 3.4918572, 1.9000347]}}
{"scene_id": "0270_840784", "object_label": "smoke lampblack machine", "preset": "occupancy_30", "distance": 1.352045907375708, "init_camera": {"intrinsics": [[320.0, 0.0, 320.0], [0.0, 320.0, 240.0], [0.0, 0.0, 1.0]], "extrinsics": [[-0.8660254037844385, -0.17557952349417597, -0.4681579123859367, 0.2745774400000001], [0.5000000000000002, -0.3041126554606459, -0.8108732902178208, 4.184677523027551], [0.0, -0.9363158247718729, 0.35115904698835176, 1.6], [0.0, 0.0, 0.0, 1.0]]}, "target_region": {"type": "circle", "params": {"center": [-0.12542256000000002, 3.4918572], "radius": 1.352045907375708, "object_center": [-0.12542256000000002, 3.4918572, 1.9000347], "object_height": 0.649195007324219, "occupancy_ratio": 0.3, "fov_vertical": 90.0, "sample_distance": 1.352045907375708, "min_distance": 0.8970000218556944}, "sample_point": [0.8613195044859572, 2.5675367827066284, 1.5], "sample_forward": [-0.6998248293589739, 0.6555536665423622, 0.28371570012170333], "height": 1.5}, "sample_target": [0.8613195044859572, 2.5675367827066284, 1.5], "camera_params": {"forward": [-0.6998248293589739, 0.6555536665423622, 0.28371570012170333]}, "task_type": "screen_occupancy", "task_description": "Position where smoke lampblack machine occupies 30% of vertical FOV", "target_object": {"label": "smoke lampblack machine", "id": "139", "bbox_min": [-0.3754225800545584, 3.043357189072153, 1.5754371963378906], "bbox_max": [0.1245774600545584, 3.9403572109278473, 2.2246322036621096], "center": [-0.12542256000000002, 3.4918572, 1.9000347]}}
{"scene_id": "0270_840784", "object_label": "smoke lampblack machine", "preset": "occupancy_50", "distance": 0.8970000218556944, "init_camera": {"intrinsics": [[320.0, 0.0, 320.0], [0.0, 320.0, 240.0], [0.0, 0.0, 1.0]], "extrinsics": [[-0.8660254037844385, -0.17557952349417597, -0.4681579123859367, 0.2745774400000001], [0.5000000000000002, -0.3041126554606459, -0.8108732902178208, 4.184677523027551], [0.0, -0.9363158247718729, 0.35115904698835176, 1.6], [0.0, 0.0, 0.0, 1.0]]}, "target_region": {"type": "circle", "params": {"center": [-0.12542256000000002, 3.4918572], "radius": 0.8970000218556944, "object_center": [-0.12542256000000002, 3.4918572, 1.9000347], "object_height": 0.649195007324219, "occupancy_ratio": 0.5, "fov_vertical": 90.0, "sample_distance": 0.8970000218556944, "min_distance": 0.8970000218556944}, "sample_point": [0.5072888496726717, 2.8560228573610256, 1.5], "sample_forward": [-0.6442044984372765, 0.6473841589182706, 0.40730125825347063], "height": 1.5}, "sample_target": [0.5072888496726717, 2.8560228573610256, 1.5], "camera_params": {"forward": [-0.6442044984372765, 0.6473841589182706, 0.40730125825347063]}, "task_type": "screen_occupancy", "task_description": "Position where smoke lampblack machine occupies 50% of vertical FOV", "target_object": {"label": "smoke lampblack machine", "id": "139", "bbox_min": [-0.3754225800545584, 3.043357189072153, 1.5754371963378906], "bbox_max": [0.1245774600545584, 3.9403572109278473, 2.2246322036621096], "center": [-0.12542256000000002, 3.4918572, 1.9000347]}}
{"scene_id": "0270_840784", "object_label": "smoke lampblack machine", "preset": "occupancy_20", "distance": 2.049427980406382, "init_camera": {"intrinsics": [[320.0, 0.0, 320.0], [0.0, 320.0, 240.0], [0.0, 0.0, 1.0]], "extrinsics": [[0.0, -0.2873783773974918, -0.9578171371427768, 0.8745774399999999], [1.0, 0.0, 0.0, 3.4918572], [-0.0, -0.9578171371427768, 0.2873783773974918, 1.6], [0.0, 0.0, 0.0, 1.0]]}, "target_region": {"type": "circle", "params": {"center": [-0.12542256000000002, 3.4918572], "radius": 2.049427980406382, "object_center": [-0.12542256000000002, 3.4918572, 1.9000347], "object_height": 0.649195007324219, "occupancy_ratio": 0.2, "fov_vertical": 90.0, "sample_distance": 2.049427980406382, "min_distance": 0.8970000218556944}, "sample_point": [-1.415705804683536, 5.084127338940472, 1.5], "sample_forward": [0.6179206494749628, -0.7625431101641585, 0.1915778590902724], "height": 1.5}, "sample_target": [-1.415705804683536, 5.084127338940472, 1.5], "camera_params": {"forward": [0.6179206494749628, -0.7625431101641585, 0.1915778590902724]}, "task_type": "screen_occupancy", "task_description": "Position where smoke lampblack machine occupies 20% of vertical FOV", "target_object": {"label": "smoke lampblack machine", "id": "139", "bbox_min": [-0.3754225800545584, 3.043357189072153, 1.5754371963378906], "bbox_max": [0.1245774600545584, 3.9403572109278473, 2.2246322036621096], "center": [-0.12542256000000002, 3.4918572, 1.9000347]}}
{"scene_id": "0270_840784", "object_label": "smoke lampblack machine", "preset": "occupancy_50", "distance": 0.8970000218556944, "init_camera": {"intrinsics": [[320.0, 0.0, 320.0], [0.0, 320.0, 240.0], [0.0, 0.0, 1.0]], "extrinsics": [[0.0, -0.2873783773974918, -0.9578171371427768, 0.8745774399999999], [1.0, 0.0, 0.0, 3.4918572], [-0.0, -0.9578171371427768, 0.2873783773974918, 1.6], [0.0, 0.0, 0.0, 1.0]]}, "target_region": {"type": "circle", "params": {"center": [-0.12542256000000002, 3.4918572], "radius": 0.8970000218556944, "object_center": [-0.12542256000000002, 3.4918572, 1.9000347], "object_height": 0.649195007324219, "occupancy_ratio": 0.5, "fov_vertical": 90.0, "sample_distance": 0.8970000218556944, "min_distance": 0.8970000218556944}, "sample_point": [0.04433442424132003, 4.372647530050466, 1.5], "sample_forward": [-0.17284058927589085, -0.8967897277087324, 0.40730125825347047], "height": 1.5}, "sample_target": [0.04433442424132003, 4.372647530050466, 1.5], "camera_params": {"forward": [-0.17284058927589085, -0.8967897277087324, 0.40730125825347047]}, "task_type": "screen_occupancy", "task_description": "Position where smoke lampblack machine occupies 50% of vertical FOV", "target_object": {"label": "smoke lampblack machine", "id": "139", "bbox_min": [-0.3754225800545584, 3.043357189072153, 1.5754371963378906], "bbox_max": [0.1245774600545584, 3.9403572109278473, 2.2246322036621096], "center": [-0.12542256000000002, 3.4918572, 1.9000347]}}
{"scene_id": "0270_840784", "object_label": "plant", "preset": "occupancy_20", "distance": 5.608600192172994, "init_camera": {"intrinsics": [[320.0, 0.0, 320.0], [0.0, 320.0, 240.0], [0.0, 0.0, 1.0]], "extrinsics": [[0.8660254037844385, -0.23227731639348934, 0.4427722307112758, 3.470917444612934], [-0.5000000000000004, -0.4023161134392744, 0.7669039997725376, -2.702737166264215], [0.0, -0.8855444614225509, -0.4645546327869783, 1.6], [0.0, 0.0, 0.0, 1.0]]}, "target_region": {"type": "circle", "params": {"center": [4.149232400000001, -1.5278612000000003], "radius": 5.608600192172994, "object_center": [4.149232400000001, -1.5278612000000003, 0.8883150000000001], "object_height": 1.7766300048828125, "occupancy_ratio": 0.2, "fov_vertical": 90.0, "sample_distance": 5.608600192172994, "min_distance": 1.7766300048828125}, "sample_point": [0.6367502648392565, -5.900373677491581, 1.5], "sample_forward": [0.6225754925844234, 0.7750129409216994, -0.1084190824401375], "height": 1.5}, "sample_target": [0.6367502648392565, -5.900373677491581, 1.5], "camera_params": {"forward": [0.6225754925844234, 0.7750129409216994, -0.1084190824401375]}, "task_type": "screen_occupancy", "task_description": "Position where plant occupies 20% of vertical FOV", "target_object": {"label": "plant", "id": "140", "bbox_min": [3.689861836755824, -2.201696255600921, -2.441406195430318e-09], "bbox_max": [4.608602963244176, -0.8540261443990794, 1.7766300024414063], "center": [4.1492324, -1.5278612000000003, 0.8883150000000001]}}
{"scene_id": "0270_840784", "object_label": "plant", "preset": "occupancy_30", "distance": 3.700098275437058, "init_camera": {"intrinsics": [[320.0, 0.0, 320.0], [0.0, 320.0, 240.0], [0.0, 0.0, 1.0]], "extrinsics": [[0.8660254037844385, -0.23227731639348934, 0.4427722307112758, 3.470917444612934], [-0.5000000000000004, -0.4023161134392744, 0.7669039997725376, -2.702737166264215], [0.0, -0.8855444614225509, -0.4645546327869783, 1.6], [0.0, 0.0, 0.0, 1.0]]}, "target_region": {"type": "circle", "params": {"center": [4.149232400000001, -1.5278612000000003], "radius": 3.700098275437058, "object_center": [4.149232400000001, -1.5278612000000003, 0.8883150000000001], "object_height": 1.7766300048828125, "occupancy_ratio": 0.3, "fov_vertical": 90.0, "sample_distance": 3.700098275437058, "min_distance": 1.7766300048828125}, "sample_point": [1.9128869965142847, -4.475654694158063, 1.5], "sample_forward": [0.5963081927848657, 0.7860115921559192, -0.16310216495854474], "height": 1.5}, "sample_target": [1.9128869965142847, -4.475654694158063, 1.5], "camera_params": {"forward": [0.5963081927848657, 0.7860115921559192, -0.16310216495854474]}, "task_type": "screen_occupancy", "task_description": "Position where plant occupies 30% of vertical FOV", "target_object": {"label": "plant", "id": "140", "bbox_min": [3.689861836755824, -2.201696255600921, -2.441406195430318e-09], "bbox_max": [4.608602963244176, -0.8540261443990794, 1.7766300024414063], "center": [4.1492324, -1.5278612000000003, 0.8883150000000001]}}
{"scene_id": "0270_840784", "object_label": "plant", "preset": "occupancy_50", "distance": 2.1445821265535323, "init_camera": {"intrinsics": [[320.0, 0.0, 320.0], [0.0, 320.0, 240.0], [0.0, 0.0, 1.0]], "extrinsics": [[0.8660254037844385, -0.23227731639348934, 0.4427722307112758, 3.470917444612934], [-0.5000000000000004, -0.4023161134392744, 0.7669039997725376, -2.702737166264215], [0.0, -0.8855444614225509, -0.4645546327869783, 1.6], [0.0, 0.0, 0.0, 1.0]]}, "target_region": {"type": "circle", "params": {"center": [4.149232400000001, -1.5278612000000003], "radius": 2.1445821265535323, "object_center": [4.149232400000001, -1.5278612000000003, 0.8883150000000001], "object_height": 1.7766300048828125, "occupancy_ratio": 0.5, "fov_vertical": 90.0, "sample_distance": 2.1445821265535323, "min_distance": 1.7766300048828125}, "sample_point": [2.0502052358066676, -1.0881823836904527, 1.5], "sample_forward": [0.9412213184908299, -0.19715565489520412, -0.2742846648305857], "height": 1.5}, "sample_target": [2.0502052358066676, -1.0881823836904527, 1.5], "camera_params": {"forward": [0.9412213184908299, -0.19715565489520412, -0.2742846648305857]}, "task_type": "screen_occupancy", "task_description": "Position where plant occupies 50% of vertical FOV", "target_object": {"label": "plant", "id": "140", "bbox_min": [3.689861836755824, -2.201696255600921, -2.441406195430318e-09], "bbox_max": [4.608602963244176, -0.8540261443990794, 1.7766300024414063], "center": [4.1492324, -1.5278612000000003, 0.8883150000000001]}}
{"scene_id": "0270_840784", "object_label": "plant", "preset": "occupancy_30", "distance": 3.700098275437058, "init_camera": {"intrinsics": [[320.0, 0.0, 320.0], [0.0, 320.0, 240.0], [0.0, 0.0, 1.0]], "extrinsics": [[-0.7660444431189779, -0.2986099619779499, 0.5692170076289554, 3.277207502424233], [-0.6427876096865395, 0.35586949497164216, -0.6783664138075333, -0.48862239548248154], [0.0, -0.8855444614225509, -0.4645546327869784, 1.6], [0.0, 0.0, 0.0, 1.0]]}, "target_region": {"type": "circle", "params": {"center": [4.149232400000001, -1.5278612000000003], "radius": 3.700098275437058, "object_center": [4.149232400000001, -1.5278612000000003, 0.8883150000000001], "object_height": 1.7766300048828125, "occupancy_ratio": 0.3, "fov_vertical": 90.0, "sample_distance": 3.700098275437058, "min_distance": 1.7766300048828125}, "sample_point": [7.776902661160083, -0.7993450888624152, 1.5], "sample_forward": [-0.9672966859591766, -0.19425448545202179, -0.16310216495854477], "height": 1.5}, "sample_target": [7.776902661160083, -0.7993450888624152, 1.5], "camera_params": {"forward": [-0.9672966859591766, -0.19425448545202179, -0.16310216495854477]}, "task_type": "screen_occupancy", "task_description": "Position where plant occupies 30% of vertical FOV", "target_object": {"label": "plant", "id": "140", "bbox_min": [3.689861836755824, -2.201696255600921, -2.441406195430318e-09], "bbox_max": [4.608602963244176, -0.8540261443990794, 1.7766300024414063], "center": [4.1492324, -1.5278612000000003, 0.8883150000000001]}}
{"scene_id": "0270_840784", "object_label": "plant", "preset": "occupancy_50", "distance": 2.1445821265535323, "init_camera": {"intrinsics": [[320.0, 0.0, 320.0], [0.0, 320.0, 240.0], [0.0, 0.0, 1.0]], "extrinsics": [[-0.7660444431189779, -0.2986099619779499, 0.5692170076289554, 3.277207502424233], [-0.6427876096865395, 0.35586949497164216, -0.6783664138075333, -0.48862239548248154], [0.0, -0.8855444614225509, -0.4645546327869784, 1.6], [0.0, 0.0, 0.0, 1.0]]}, "target_region": {"type": "circle", "params": {"center": [4.149232400000001, -1.5278612000000003], "radius": 2.1445821265535323, "object_center": [4.149232400000001, -1.5278612000000003, 0.8883150000000001], "object_height": 1.7766300048828125, "occupancy_ratio": 0.5, "fov_vertical": 90.0, "sample_distance": 2.1445821265535323, "min_distance": 1.7766300048828125}, "sample_point": [3.038989807775449, -3.362689225713413, 1.5], "sample_forward": [0.49784205479773386, 0.8227522173252063, -0.2742846648305857], "height": 1.5}, "sample_target": [3.038989807775449, -3.362689225713413, 1.5], "camera_params": {"forward": [0.49784205479773386, 0.8227522173252063, -0.2742846648305857]}, "task_type": "screen_occupancy", "task_description": "Position where plant occupies 50% of vertical FOV", "target_object": {"label": "plant", "id": "140", "bbox_min": [3.689861836755824, -2.201696255600921, -2.441406195430318e-09], "bbox_max": [4.608602963244176, -0.8540261443990794, 1.7766300024414063], "center": [4.1492324, -1.5278612000000003, 0.8883150000000001]}}
{"scene_id": "0270_840784", "object_label": "plant", "preset": "occupancy_20", "distance": 5.608600192172994, "init_camera": {"intrinsics": [[320.0, 0.0, 320.0], [0.0, 320.0, 240.0], [0.0, 0.0, 1.0]], "extrinsics": [[0.6427876096865394, -0.3558694949716423, 0.6783664138075332, 3.109993595482482], [-0.766044443118978, -0.29860996197795, 0.5692170076289552, -2.3998860975757674], [0.0, -0.8855444614225508, -0.46455463278697845, 1.6], [0.0, 0.0, 0.0, 1.0]]}, "target_region": {"type": "circle", "params": {"center": [4.149232400000001, -1.5278612000000003], "radius": 5.608600192172994, "object_center": [4.149232400000001, -1.5278612000000003, 0.8883150000000001], "object_height": 1.7766300048828125, "occupancy_ratio": 0.2, "fov_vertical": 90.0, "sample_distance": 5.608600192172994, "min_distance": 1.7766300048828125}, "sample_point": [3.0851071666639838, 3.978865014677875, 1.5], "sample_forward": [0.18861257248369367, -0.9760484619443452, -0.10841908244013748], "height": 1.5}, "sample_target": [3.0851071666639838, 3.978865014677875, 1.5], "camera_params": {"forward": [0.18861257248369367, -0.9760484619443452, -0.10841908244013748]}, "task_type": "screen_occupancy", "task_description": "Position where plant occupies 20% of vertical FOV", "target_object": {"label": "plant", "id": "140", "bbox_min": [3.689861836755824, -2.201696255600921, -2.441406195430318e-09], "bbox_max": [4.608602963244176, -0.8540261443990794, 1.7766300024414063], "center": [4.1492324, -1.5278612000000003, 0.8883150000000001]}}
{"scene_id": "0270_840784", "object_label": "plant", "preset": "occupancy_30", "distance": 3.700098275437058, "init_camera": {"intrinsics": [[320.0, 0.0, 320.0], [0.0, 320.0, 240.0], [0.0, 0.0, 1.0]], "extrinsics": [[0.6427876096865394, -0.3558694949716423, 0.6783664138075332, 3.109993595482482], [-0.766044443118978, -0.29860996197795, 0.5692170076289552, -2.3998860975757674], [0.0, -0.8855444614225508, -0.46455463278697845, 1.6], [0.0, 0.0, 0.0, 1.0]]}, "target_region": {"type": "circle", "params": {"center": [4.149232400000001, -1.5278612000000003], "radius": 3.700098275437058, "object_center": [4.149232400000001, -1.5278612000000003, 0.8883150000000001], "object_height": 1.7766300048828125, "occupancy_ratio": 0.3, "fov_vertical": 90.0, "sample_distance": 3.700098275437058, "min_distance": 1.7766300048828125}, "sample_point": [2.007190469827755, -4.544876880648056, 1.5], "sample_forward": [0.5711627328495438, 0.804469276224814, -0.16310216495854474], "height": 1.5}, "sample_target": [2.007190469827755, -4.544876880648056, 1.5], "camera_params": {"forward": [0.5711627328495438, 0.804469276224814, -0.16310216495854474]}, "task_type": "screen_occupancy", "task_description": "Position where plant occupies 30% of vertical FOV", "target_object": {"label": "plant", "id": "140", "bbox_min": [3.689861836755824, -2.201696255600921, -2.441406195430318e-09], "bbox_max": [4.608602963244176, -0.8540261443990794, 1.7766300024414063], "center": [4.1492324, -1.5278612000000003, 0.8883150000000001]}}
