{"scene_id": "0319_840522", "object_label": "wardrobe", "preset": "occupancy_20", "distance": 7.576501820093901, "init_camera": {"intrinsics": [[320.0, 0.0, 320.0], [0.0, 320.0, 240.0], [0.0, 0.0, 1.0]], "extrinsics": [[-0.17364817766693066, -0.2059890834626617, 0.963023783656025, -5.331637945159606], [-0.984807753012208, 0.0363214331458752, -0.1698070761225092, -0.7582695390052678], [0.0, -0.9778799778032283, -0.20916679710594052, 1.6], [0.0, 0.0, 0.0, 1.0]]}, "target_region": {"type": "circle", "params": {"center": [-3.4899999854441077, -1.083], "radius": 7.576501820093901, "object_center": [-3.4899999854441077, -1.083, 1.2000000000000002], "object_height": 2.4000000007868056, "occupancy_ratio": 0.2, "fov_vertical": 90.0, "sample_distance": 7.576501820093901, "min_distance": 2.4000000007868056}, "sample_point": [-10.982997718436796, -2.2047686050396607, 1.5], "sample_forward": [0.9882041677539121, 0.1479429796000936, -0.03956510610176942], "height": 1.5}, "sample_target": [-10.982997718436796, -2.2047686050396607, 1.5], "camera_params": {"forward": [0.9882041677539121, 0.1479429796000936, -0.03956510610176942]}, "task_type": "screen_occupancy", "task_description": "Position where wardrobe occupies 20% of vertical FOV", "target_object": {"label": "wardrobe", "id": "86", "bbox_min": [-4.340000003977737, -1.858000065129971, -3.9340284274658187e-10], "bbox_max": [-2.6399999669104783, -0.30799993487002897, 2.400000000393403], "center": [-3.4899999854441077, -1.083, 1.2000000000000002]}}
{"scene_id": "0319_840522", "object_label": "wardrobe", "preset": "occupancy_30", "distance": 4.998359725747141, "init_camera": {"intrinsics": [[320.0, 0.0, 320.0], [0.0, 320.0, 240.0], [0.0, 0.0, 1.0]], "extrinsics": [[-0.17364817766693066, -0.2059890834626617, 0.963023783656025, -5.331637945159606], [-0.984807753012208, 0.0363214331458752, -0.1698070761225092, -0.7582695390052678], [0.0, -0.9778799778032283, -0.20916679710594052, 1.6], [0.0, 0.0, 0.0, 1.0]]}, "target_region": {"type": "circle", "params": {"center": [-3.4899999854441077, -1.083], "radius": 4.998359725747141, "object_center": [-3.4899999854441077, -1.083, 1.2000000000000002], "object_height": 2.4000000007868056, "occupancy_ratio": 0.3, "fov_vertical": 90.0, "sample_distance": 4.998359725747141, "min_distance": 2.4000000007868056}, "sample_point": [-8.482422041758628, -0.8394390023108811, 1.5], "sample_forward": [0.9970178805528008, -0.048640653166370125, -0.059911874595523294], "height": 1.5}, "sample_target": [-8.482422041758628, -0.8394390023108811, 1.5], "camera_params": {"forward": [0.9970178805528008, -0.048640653166370125, -0.059911874595523294]}, "task_type": "screen_occupancy", "task_description": "Position where wardrobe occupies 30% of vertical FOV", "target_object": {"label": "wardrobe", "id": "86", "bbox_min": [-4.340000003977737, -1.858000065129971, -3.9340284274658187e-10], "bbox_max": [-2.6399999669104783, -0.30799993487002897, 2.400000000393403], "center": [-3.4899999854441077, -1.083, 1.2000000000000002]}}
{"scene_id": "0319_840522", "object_label": "wardrobe", "preset": "occupancy_50", "distance": 2.8970562757974725, "init_camera": {"intrinsics": [[320.0, 0.0, 320.0], [0.0, 320.0, 240.0], [0.0, 0.0, 1.0]], "extrinsics": [[-0.17364817766693066, -0.2059890834626617, 0.963023783656025, -5.331637945159606], [-0.984807753012208, 0.0363214331458752, -0.1698070761225092, -0.7582695390052678], [0.0, -0.9778799778032283, -0.20916679710594052, 1.6], [0.0, 0.0, 0.0, 1.0]]}, "target_region": {"type": "circle", "params": {"center": [-3.4899999854441077, -1.083], "radius": 2.8970562757974725, "object_center": [-3.4899999854441077, -1.083, 1.2000000000000002], "object_height": 2.4000000007868056, "occupancy_ratio": 0.5, "fov_vertical": 90.0, "sample_distance": 2.8970562757974725, "min_distance": 2.4000000007868056}, "sample_point": [-6.367498772614835, -0.7469407865144658, 1.5], "sample_forward": [0.9879661796743626, -0.11538324143591557, -0.10300259907102553], "height": 1.5}, "sample_target": [-6.367498772614835, -0.7469407865144658, 1.5], "camera_params": {"forward": [0.9879661796743626, -0.11538324143591557, -0.10300259907102553]}, "task_type": "screen_occupancy", "task_description": "Position where wardrobe occupies 50% of vertical FOV", "target_object": {"label": "wardrobe", "id": "86", "bbox_min": [-4.340000003977737, -1.858000065129971, -3.9340284274658187e-10], "bbox_max": [-2.6399999669104783, -0.30799993487002897, 2.400000000393403], "center": [-3.4899999854441077, -1.083, 1.2000000000000002]}}
{"scene_id": "0319_840522", "object_label": "wardrobe", "preset": "occupancy_20", "distance": 7.576501820093901, "init_camera": {"intrinsics": [[320.0, 0.0, 320.0], [0.0, 320.0, 240.0], [0.0, 0.0, 1.0]], "extrinsics": [[0.1736481776669301, -0.20598908346266173, 0.9630237836560251, -5.331637945159606], [-0.9848077530122081, -0.03632143314587508, 0.16980707612250864, -1.407730460994731], [0.0, -0.9778799778032283, -0.20916679710594052, 1.6], [0.0, 0.0, 0.0, 1.0]]}, "target_region": {"type": "circle", "params": {"center": [-3.4899999854441077, -1.083], "radius": 7.576501820093901, "object_center": [-3.4899999854441077, -1.083, 1.2000000000000002], "object_height": 2.4000000007868056, "occupancy_ratio": 0.2, "fov_vertical": 90.0, "sample_distance": 7.576501820093901, "min_distance": 2.4000000007868056}, "sample_point": [0.6837956063868802, -7.406196200300794, 1.5], "sample_forward": [-0.5504555514596354, 0.8339264285573543, -0.03956510610176942], "height": 1.5}, "sample_target": [0.6837956063868802, -7.406196200300794, 1.5], "camera_params": {"forward": [-0.5504555514596354, 0.8339264285573543, -0.03956510610176942]}, "task_type": "screen_occupancy", "task_description": "Position where wardrobe occupies 20% of vertical FOV", "target_object": {"label": "wardrobe", "id": "86", "bbox_min": [-4.340000003977737, -1.858000065129971, -3.9340284274658187e-10], "bbox_max": [-2.6399999669104783, -0.30799993487002897, 2.400000000393403], "center": [-3.4899999854441077, -1.083, 1.2000000000000002]}}
{"scene_id": "0319_840522", "object_label": "wardrobe", "preset": "occupancy_30", "distance": 4.998359725747141, "init_camera": {"intrinsics": [[320.0, 0.0, 320.0], [0.0, 320.0, 240.0], [0.0, 0.0, 1.0]], "extrinsics": [[0.1736481776669301, -0.20598908346266173, 0.9630237836560251, -5.331637945159606], [-0.9848077530122081, -0.03632143314587508, 0.16980707612250864, -1.407730460994731], [0.0, -0.9778799778032283, -0.20916679710594052, 1.6], [0.0, 0.0, 0.0, 1.0]]}, "target_region": {"type": "circle", "params": {"center": [-3.4899999854441077, -1.083], "radius": 4.998359725747141, "object_center": [-3.4899999854441077, -1.083, 1.2000000000000002], "object_height": 2.4000000007868056, "occupancy_ratio": 0.3, "fov_vertical": 90.0, "sample_distance": 4.998359725747141, "min_distance": 2.4000000007868056}, "sample_point": [-7.474328210245581, 1.9350670212938248, 1.5], "sample_forward": [0.7956952431723662, -0.602726843002134, -0.05991187459552327], "height": 1.5}, "sample_target": [-7.474328210245581, 1.9350670212938248, 1.5], "camera_params": {"forward": [0.7956952431723662, -0.602726843002134, -0.05991187459552327]}, "task_type": "screen_occupancy", "task_description": "Position where wardrobe occupies 30% of vertical FOV", "target_object": {"label": "wardrobe", "id": "86", "bbox_min": [-4.340000003977737, -1.858000065129971, -3.9340284274658187e-10], "bbox_max": [-2.6399999669104783, -0.30799993487002897, 2.400000000393403], "center": [-3.4899999854441077, -1.083, 1.2000000000000002]}}
{"scene_id": "0319_840522", "object_label": "wardrobe", "preset": "occupancy_50", "distance": 2.8970562757974725, "init_camera": {"intrinsics": [[320.0, 0.0, 320.0], [0.0, 320.0, 240.0], [0.0, 0.0, 1.0]], "extrinsics": [[0.1736481776669301, -0.20598908346266173, 0.9630237836560251, -5.331637945159606], [-0.9848077530122081, -0.03632143314587508, 0.16980707612250864, -1.407730460994731], [0.0, -0.9778799778032283, -0.20916679710594052, 1.6], [0.0, 0.0, 0.0, 1.0]]}, "target_region": {"type": "circle", "params": {"center": [-3.4899999854441077, -1.083], "radius": 2.8970562757974725, "object_center": [-3.4899999854441077, -1.083, 1.2000000000000002], "object_height": 2.4000000007868056, "occupancy_ratio": 0.5, "fov_vertical": 90.0, "sample_distance": 2.8970562757974725, "min_distance": 2.4000000007868056}, "sample_point": [-6.314293782020156, -0.4377871546849297, 1.5], "sample_forward": [0.9696986719583581, -0.22152866673821278, -0.10300259907102553], "height": 1.5}, "sample_target": [-6.314293782020156, -0.4377871546849297, 1.5], "camera_params": {"forward": [0.9696986719583581, -0.22152866673821278, -0.10300259907102553]}, "task_type": "screen_occupancy", "task_description": "Position where wardrobe occupies 50% of vertical FOV", "target_object": {"label": "wardrobe", "id": "86", "bbox_min": [-4.340000003977737, -1.858000065129971, -3.9340284274658187e-10], "bbox_max": [-2.6399999669104783, -0.30799993487002897, 2.400000000393403], "center": [-3.4899999854441077, -1.083, 1.2000000000000002]}}
{"scene_id": "0319_840522", "object_label": "wardrobe", "preset": "occupancy_20", "distance": 7.576501820093901, "init_camera": {"intrinsics": [[320.0, 0.0, 320.0], [0.0, 320.0, 240.0], [0.0, 0.0, 1.0]], "extrinsics": [[0.3420201433256687, -0.19655249575387562, 0.9189065991559815, -5.247270473628838], [-0.9396926207859083, -0.07153925792514486, 0.3344546501635619, -1.72259415125368], [0.0, -0.9778799778032283, -0.20916679710594052, 1.6], [0.0, 0.0, 0.0, 1.0]]}, "target_region": {"type": "circle", "params": {"center": [-3.4899999854441077, -1.083], "radius": 7.576501820093901, "object_center": [-3.4899999854441077, -1.083, 1.2000000000000002], "object_height": 2.4000000007868056, "occupancy_ratio": 0.2, "fov_vertical": 90.0, "sample_distance": 7.576501820093901, "min_distance": 2.4000000007868056}, "sample_point": [-0.9197952291801874, 6.044231393799735, 1.5], "sample_forward": [-0.3389680796161816, -0.9399655543584955, -0.03956510610176942], "height": 1.5}, "sample_target": [-0.9197952291801874, 6.044231393799735, 1.5], "camera_params": {"forward": [-0.3389680796161816, -0.9399655543584955, -0.03956510610176942]}, "task_type": "screen_occupancy", "task_description": "Position where wardrobe occupies 20% of vertical FOV", "target_object": {"label": "wardrobe", "id": "86", "bbox_min": [-4.340000003977737, -1.858000065129971, -3.9340284274658187e-10], "bbox_max": [-2.6399999669104783, -0.30799993487002897, 2.400000000393403], "center": [-3.4899999854441077, -1.083, 1.2000000000000002]}}
{"scene_id": "0319_840522", "object_label": "wardrobe", "preset": "occupancy_30", "distance": 4.998359725747141, "init_camera": {"intrinsics": [[320.0, 0.0, 320.0], [0.0, 320.0, 240.0], [0.0, 0.0, 1.0]], "extrinsics": [[0.3420201433256687, -0.19655249575387562, 0.9189065991559815, -5.247270473628838], [-0.9396926207859083, -0.07153925792514486, 0.3344546501635619, -1.72259415125368], [0.0, -0.9778799778032283, -0.20916679710594052, 1.6], [0.0, 0.0, 0.0, 1.0]]}, "target_region": {"type": "circle", "params": {"center": [-3.4899999854441077, -1.083], "radius": 4.998359725747141, "object_center": [-3.4899999854441077, -1.083, 1.2000000000000002], "object_height": 2.4000000007868056, "occupancy_ratio": 0.3, "fov_vertical": 90.0, "sample_distance": 4.998359725747141, "min_distance": 2.4000000007868056}, "sample_point": [-7.324315088691272, -4.289497721343605, 1.5], "sample_forward": [0.7657366854182169, 0.6403576312398976, -0.05991187459552327], "height": 1.5}, "sample_target": [-7.324315088691272, -4.289497721343605, 1.5], "camera_params": {"forward": [0.7657366854182169, 0.6403576312398976, -0.05991187459552327]}, "task_type": "screen_occupancy", "task_description": "Position where wardrobe occupies 30% of vertical FOV", "target_object": {"label": "wardrobe", "id": "86", "bbox_min": [-4.340000003977737, -1.858000065129971, -3.9340284274658187e-10], "bbox_max": [-2.6399999669104783, -0.30799993487002897, 2.400000000393403], "center": [-3.4899999854441077, -1.083, 1.2000000000000002]}}
{"scene_id": "0319_840522", "object_label": "wardrobe", "preset": "occupancy_50", "distance": 2.8970562757974725, "init_camera": {"intrinsics": [[320.0, 0.0, 320.0], [0.0, 320.0, 240.0], [0.0, 0.0, 1.0]], "extrinsics": [[0.3420201433256687, -0.19655249575387562, 0.9189065991559815, -5.247270473628838], [-0.9396926207859083, -0.07153925792514486, 0.3344546501635619, -1.72259415125368], [0.0, -0.9778799778032283, -0.20916679710594052, 1.6], [0.0, 0.0, 0.0, 1.0]]}, "target_region": {"type": "circle", "params": {"center": [-3.4899999854441077, -1.083], "radius": 2.8970562757974725, "object_center": [-3.4899999854441077, -1.083, 1.2000000000000002], "object_height": 2.4000000007868056, "occupancy_ratio": 0.5, "fov_vertical": 90.0, "sample_distance": 2.8970562757974725, "min_distance": 2.4000000007868056}, "sample_point": [-4.735140973369161, -3.69882854662276, 1.5], "sample_forward": [0.42750919322048314, 0.8981237967544257, -0.10300259907102553], "height": 1.5}, "sample_target": [-4.735140973369161, -3.69882854662276, 1.5], "camera_params": {"forward": [0.42750919322048314, 0.8981237967544257, -0.10300259907102553]}, "task_type": "screen_occupancy", "task_description": "Position where wardrobe occupies 50% of vertical FOV", "target_object": {"label": "wardrobe", "id": "86", "bbox_min": [-4.340000003977737, -1.858000065129971, -3.9340284274658187e-10], "bbox_max": [-2.6399999669104783, -0.30799993487002897, 2.400000000393403], "center": [-3.4899999854441077, -1.083, 1.2000000000000002]}}
{"scene_id": "0319_840522", "object_label": "wardrobe", "preset": "occupancy_20", "distance": 7.576501820093901, "init_camera": {"intrinsics": [[320.0, 0.0, 320.0], [0.0, 320.0, 240.0], [0.0, 0.0, 1.0]], "extrinsics": [[-0.8660254037844386, 0.10540785383334211, -0.48876291220820833, -5.822625246727858], [0.5, 0.18257175835614237, -0.8465621967999435, 2.318259290173006], [0.0, -0.9775258244164167, -0.21081570766668423, 1.6], [0.0, 0.0, 0.0, 1.0]]}, "target_region": {"type": "circle", "params": {"center": [-6.75, 0.7119990998490039], "radius": 7.576501820093901, "object_center": [-6.75, 0.7119990998490039, 1.2000000000000002], "object_height": 2.4000000007868056, "occupancy_ratio": 0.2, "fov_vertical": 90.0, "sample_distance": 7.576501820093901, "min_distance": 2.4000000007868056}, "sample_point": [-6.729563240549041, 8.288473356965524, 1.5], "sample_forward": [-0.0026952751868451253, -0.9992133595338, -0.03956510610176943], "height": 1.5}, "sample_target": [-6.729563240549041, 8.288473356965524, 1.5], "camera_params": {"forward": [-0.0026952751868451253, -0.9992133595338, -0.03956510610176943]}, "task_type": "screen_occupancy", "task_description": "Position where wardrobe occupies 20% of vertical FOV", "target_object": {"label": "wardrobe", "id": "89", "bbox_min": [-7.84000009624245, 0.41199889864102984, -3.9340284274658187e-10], "bbox_max": [-5.65999990375755, 1.0119993010569783, 2.400000000393403], "center": [-6.75, 0.7119990998490041, 1.2000000000000002]}}
{"scene_id": "0319_840522", "object_label": "wardrobe", "preset": "occupancy_30", "distance": 4.998359725747141, "init_camera": {"intrinsics": [[320.0, 0.0, 320.0], [0.0, 320.0, 240.0], [0.0, 0.0, 1.0]], "extrinsics": [[-0.8660254037844386, 0.10540785383334211, -0.48876291220820833, -5.822625246727858], [0.5, 0.18257175835614237, -0.8465621967999435, 2.318259290173006], [0.0, -0.9775258244164167, -0.21081570766668423, 1.6], [0.0, 0.0, 0.0, 1.0]]}, "target_region": {"type": "circle", "params": {"center": [-6.75, 0.7119990998490039], "radius": 4.998359725747141, "object_center": [-6.75, 0.7119990998490039, 1.2000000000000002], "object_height": 2.4000000007868056, "occupancy_ratio": 0.3, "fov_vertical": 90.0, "sample_distance": 4.998359725747141, "min_distance": 2.4000000007868056}, "sample_point": [-2.9903900015089397, -2.5817726905483047, 1.5], "sample_forward": [-0.7508176091922399, 0.6577868081751861, -0.05991187459552327], "height": 1.5}, "sample_target": [-2.9903900015089397, -2.5817726905483047, 1.5], "camera_params": {"forward": [-0.7508176091922399, 0.6577868081751861, -0.05991187459552327]}, "task_type": "screen_occupancy", "task_description": "Position where wardrobe occupies 30% of vertical FOV", "target_object": {"label": "wardrobe", "id": "89", "bbox_min": [-7.84000009624245, 0.41199889864102984, -3.9340284274658187e-10], "bbox_max": [-5.65999990375755, 1.0119993010569783, 2.400000000393403], "center": [-6.75, 0.7119990998490041, 1.2000000000000002]}}
{"scene_id": "0319_840522", "object_label": "wardrobe", "preset": "occupancy_20", "distance": 7.576501820093901, "init_camera": {"intrinsics": [[320.0, 0.0, 320.0], [0.0, 320.0, 240.0], [0.0, 0.0, 1.0]], "extrinsics": [[-0.6427876096865391, 0.1614942013802584, -0.7488282257994939, -5.329179447134084], [0.7660444431189781, 0.13550972481544415, -0.628341488083492, 1.9042091017278926], [0.0, -0.9775258244164167, -0.2108157076666842, 1.6], [0.0, 0.0, 0.0, 1.0]]}, "target_region": {"type": "circle", "params": {"center": [-6.75, 0.7119990998490039], "radius": 7.576501820093901, "object_center": [-6.75, 0.7119990998490039, 1.2000000000000002], "object_height": 2.4000000007868056, "occupancy_ratio": 0.2, "fov_vertical": 90.0, "sample_distance": 7.576501820093901, "min_distance": 2.4000000007868056}, "sample_point": [-7.867441252094206, 8.20564339872017, 1.5], "sample_forward": [0.14737227233867123, -0.9882894392458579, -0.03956510610176942], "height": 1.5}, "sample_target": [-7.867441252094206, 8.20564339872017, 1.5], "camera_params": {"forward": [0.14737227233867123, -0.9882894392458579, -0.03956510610176942]}, "task_type": "screen_occupancy", "task_description": "Position where wardrobe occupies 20% of vertical FOV", "target_object": {"label": "wardrobe", "id": "89", "bbox_min": [-7.84000009624245, 0.41199889864102984, -3.9340284274658187e-10], "bbox_max": [-5.65999990375755, 1.0119993010569783, 2.400000000393403], "center": [-6.75, 0.7119990998490041, 1.2000000000000002]}}
{"scene_id": "0319_840522", "object_label": "wardrobe", "preset": "occupancy_30", "distance": 4.998359725747141, "init_camera": {"intrinsics": [[320.0, 0.0, 320.0], [0.0, 320.0, 240.0], [0.0, 0.0, 1.0]], "extrinsics": [[-0.6427876096865391, 0.1614942013802584, -0.7488282257994939, -5.329179447134084], [0.7660444431189781, 0.13550972481544415, -0.628341488083492, 1.9042091017278926], [0.0, -0.9775258244164167, -0.2108157076666842, 1.6], [0.0, 0.0, 0.0, 1.0]]}, "target_region": {"type": "circle", "params": {"center": [-6.75, 0.7119990998490039], "radius": 4.998359725747141, "object_center": [-6.75, 0.7119990998490039, 1.2000000000000002], "object_height": 2.4000000007868056, "occupancy_ratio": 0.3, "fov_vertical": 90.0, "sample_distance": 4.998359725747141, "min_distance": 2.4000000007868056}, "sample_point": [-6.423564877629249, -4.275689749593575, 1.5], "sample_forward": [-0.06519113371683578, 0.9960726295643124, -0.05991187459552327], "height": 1.5}, "sample_target": [-6.423564877629249, -4.275689749593575, 1.5], "camera_params": {"forward": [-0.06519113371683578, 0.9960726295643124, -0.05991187459552327]}, "task_type": "screen_occupancy", "task_description": "Position where wardrobe occupies 30% of vertical FOV", "target_object": {"label": "wardrobe", "id": "89", "bbox_min": [-7.84000009624245, 0.41199889864102984, -3.9340284274658187e-10], "bbox_max": [-5.65999990375755, 1.0119993010569783, 2.400000000393403], "center": [-6.75, 0.7119990998490041, 1.2000000000000002]}}
{"scene_id": "0319_840522", "object_label": "wardrobe", "preset": "occupancy_50", "distance": 2.8970562757974725, "init_camera": {"intrinsics": [[320.0, 0.0, 320.0], [0.0, 320.0, 240.0], [0.0, 0.0, 1.0]], "extrinsics": [[-0.6427876096865391, 0.1614942013802584, -0.7488282257994939, -5.329179447134084], [0.7660444431189781, 0.13550972481544415, -0.628341488083492, 1.9042091017278926], [0.0, -0.9775258244164167, -0.2108157076666842, 1.6], [0.0, 0.0, 0.0, 1.0]]}, "target_region": {"type": "circle", "params": {"center": [-6.75, 0.7119990998490039], "radius": 2.8970562757974725, "object_center": [-6.75, 0.7119990998490039, 1.2000000000000002], "object_height": 2.4000000007868056, "occupancy_ratio": 0.5, "fov_vertical": 90.0, "sample_distance": 2.8970562757974725, "min_distance": 2.4000000007868056}, "sample_point": [-8.994146256236919, 2.5441406461699607, 1.5], "sample_forward": [0.7705096569597144, -0.6290511371235544, -0.10300259907102549], "height": 1.5}, "sample_target": [-8.994146256236919, 2.5441406461699607, 1.5], "camera_params": {"forward": [0.7705096569597144, -0.6290511371235544, -0.10300259907102549]}, "task_type": "screen_occupancy", "task_description": "Position where wardrobe occupies 50% of vertical FOV", "target_object": {"label": "wardrobe", "id": "89", "bbox_min": [-7.84000009624245, 0.41199889864102984, -3.9340284274658187e-10], "bbox_max": [-5.65999990375755, 1.0119993010569783, 2.400000000393403], "center": [-6.75, 0.7119990998490041, 1.2000000000000002]}}
{"scene_id": "0319_840522", "object_label": "wardrobe", "preset": "occupancy_20", "distance": 7.576501820093901, "init_camera": {"intrinsics": [[320.0, 0.0, 320.0], [0.0, 320.0, 240.0], [0.0, 0.0, 1.0]], "extrinsics": [[-0.8660254037844385, 0.08500907974701877, -0.492720464726771, -5.590781558409822], [0.5000000000000002, 0.14724004522651085, -0.8534168788357158, 2.719824337754006], [0.0, -0.9854409294535417, -0.17001815949403742, 1.6], [0.0, 0.0, 0.0, 1.0]]}, "target_region": {"type": "circle", "params": {"center": [-6.75, 0.7119990998490039], "radius": 7.576501820093901, "object_center": [-6.75, 0.7119990998490039, 1.2000000000000002], "object_height": 2.4000000007868056, "occupancy_ratio": 0.2, "fov_vertical": 90.0, "sample_distance": 7.576501820093901, "min_distance": 2.4000000007868056}, "sample_point": [-10.780537105678349, 7.127460928091471, 1.5], "sample_forward": [0.531562094110942, -0.8460947597542168, -0.03956510610176943], "height": 1.5}, "sample_target": [-10.780537105678349, 7.127460928091471, 1.5], "camera_params": {"forward": [0.531562094110942, -0.8460947597542168, -0.03956510610176943]}, "task_type": "screen_occupancy", "task_description": "Position where wardrobe occupies 20% of vertical FOV", "target_object": {"label": "wardrobe", "id": "89", "bbox_min": [-7.84000009624245, 0.41199889864102984, -3.9340284274658187e-10], "bbox_max": [-5.65999990375755, 1.0119993010569783, 2.400000000393403], "center": [-6.75, 0.7119990998490041, 1.2000000000000002]}}
{"scene_id": "0319_840522", "object_label": "wardrobe", "preset": "occupancy_30", "distance": 4.998359725747141, "init_camera": {"intrinsics": [[320.0, 0.0, 320.0], [0.0, 320.0, 240.0], [0.0, 0.0, 1.0]], "extrinsics": [[-0.8660254037844385, 0.08500907974701877, -0.492720464726771, -5.590781558409822], [0.5000000000000002, 0.14724004522651085, -0.8534168788357158, 2.719824337754006], [0.0, -0.9854409294535417, -0.17001815949403742, 1.6], [0.0, 0.0, 0.0, 1.0]]}, "target_region": {"type": "circle", "params": {"center": [-6.75, 0.7119990998490039], "radius": 4.998359725747141, "object_center": [-6.75, 0.7119990998490039, 1.2000000000000002], "object_height": 2.4000000007868056, "occupancy_ratio": 0.3, "fov_vertical": 90.0, "sample_distance": 4.998359725747141, "min_distance": 2.4000000007868056}, "sample_point": [-4.9570172718703756, 5.377705143375524, 1.5], "sample_forward": [-0.35806985453213774, -0.9317706512644535, -0.05991187459552327], "height": 1.5}, "sample_target": [-4.9570172718703756, 5.377705143375524, 1.5], "camera_params": {"forward": [-0.35806985453213774, -0.9317706512644535, -0.05991187459552327]}, "task_type": "screen_occupancy", "task_description": "Position where wardrobe occupies 30% of vertical FOV", "target_object": {"label": "wardrobe", "id": "89", "bbox_min": [-7.84000009624245, 0.41199889864102984, -3.9340284274658187e-10], "bbox_max": [-5.65999990375755, 1.0119993010569783, 2.400000000393403], "center": [-6.75, 0.7119990998490041, 1.2000000000000002]}}
{"scene_id": "0319_840522", "object_label": "wardrobe", "preset": "occupancy_50", "distance": 2.8970562757974725, "init_camera": {"intrinsics": [[320.0, 0.0, 320.0], [0.0, 320.0, 240.0], [0.0, 0.0, 1.0]], "extrinsics": [[-0.8660254037844385, 0.08500907974701877, -0.492720464726771, -5.590781558409822], [0.5000000000000002, 0.14724004522651085, -0.8534168788357158, 2.719824337754006], [0.0, -0.9854409294535417, -0.17001815949403742, 1.6], [0.0, 0.0, 0.0, 1.0]]}, "target_region": {"type": "circle", "params": {"center": [-6.75, 0.7119990998490039], "radius": 2.8970562757974725, "object_center": [-6.75, 0.7119990998490039, 1.2000000000000002], "object_height": 2.4000000007868056, "occupancy_ratio": 0.5, "fov_vertical": 90.0, "sample_distance": 2.8970562757974725, "min_distance": 2.4000000007868056}, "sample_point": [-4.421189664216662, -1.011247105742704, 1.5], "sample_forward": [-0.799578391097172, 0.5916627933840959, -0.10300259907102552], "height": 1.5}, "sample_target": [-4.421189664216662, -1.011247105742704, 1.5], "camera_params": {"forward": [-0.799578391097172, 0.5916627933840959, -0.10300259907102552]}, "task_type": "screen_occupancy", "task_description": "Position where wardrobe occupies 50% of vertical FOV", "target_object": {"label": "wardrobe", "id": "89", "bbox_min": [-7.84000009624245, 0.41199889864102984, -3.9340284274658187e-10], "bbox_max": [-5.65999990375755, 1.0119993010569783, 2.400000000393403], "center": [-6.75, 0.7119990998490041, 1.2000000000000002]}}
{"scene_id": "0319_840522", "object_label": "wardrobe", "preset": "occupancy_20", "distance": 7.576501820093901, "init_camera": {"intrinsics": [[320.0, 0.0, 320.0], [0.0, 320.0, 240.0], [0.0, 0.0, 1.0]], "extrinsics": [[-0.9396926207859083, -0.07210321855146162, 0.3343335225714453, -7.384361692061489], [-0.3420201433256687, 0.19810196484014245, -0.9185738038317682, 2.4548935245549726], [0.0, -0.9775258244164167, -0.21081570766668423, 1.6], [0.0, 0.0, 0.0, 1.0]]}, "target_region": {"type": "circle", "params": {"center": [-6.75, 0.7119990998490039], "radius": 7.576501820093901, "object_center": [-6.75, 0.7119990998490039, 1.2000000000000002], "object_height": 2.4000000007868056, "occupancy_ratio": 0.2, "fov_vertical": 90.0, "sample_distance": 7.576501820093901, "min_distance": 2.4000000007868056}, "sample_point": [-5.289845579068999, 8.146468071935836, 1.5], "sample_forward": [-0.19257054863034265, -0.9804851789697612, -0.03956510610176943], "height": 1.5}, "sample_target": [-5.289845579068999, 8.146468071935836, 1.5], "camera_params": {"forward": [-0.19257054863034265, -0.9804851789697612, -0.03956510610176943]}, "task_type": "screen_occupancy", "task_description": "Position where wardrobe occupies 20% of vertical FOV", "target_object": {"label": "wardrobe", "id": "89", "bbox_min": [-7.84000009624245, 0.41199889864102984, -3.9340284274658187e-10], "bbox_max": [-5.65999990375755, 1.0119993010569783, 2.400000000393403], "center": [-6.75, 0.7119990998490041, 1.2000000000000002]}}
{"scene_id": "0319_840522", "object_label": "wardrobe", "preset": "occupancy_30", "distance": 4.998359725747141, "init_camera": {"intrinsics": [[320.0, 0.0, 320.0], [0.0, 320.0, 240.0], [0.0, 0.0, 1.0]], "extrinsics": [[-0.9396926207859083, -0.07210321855146162, 0.3343335225714453, -7.384361692061489], [-0.3420201433256687, 0.19810196484014245, -0.9185738038317682, 2.4548935245549726], [0.0, -0.9775258244164167, -0.21081570766668423, 1.6], [0.0, 0.0, 0.0, 1.0]]}, "target_region": {"type": "circle", "params": {"center": [-6.75, 0.7119990998490039], "radius": 4.998359725747141, "object_center": [-6.75, 0.7119990998490039, 1.2000000000000002], "object_height": 2.4000000007868056, "occupancy_ratio": 0.3, "fov_vertical": 90.0, "sample_distance": 4.998359725747141, "min_distance": 2.4000000007868056}, "sample_point": [-7.854537496745655, 5.586791081693345, 1.5], "sample_forward": [0.22058303997026307, -0.9735264196517358, -0.05991187459552328], "height": 1.5}, "sample_target": [-7.854537496745655, 5.586791081693345, 1.5], "camera_params": {"forward": [0.22058303997026307, -0.9735264196517358, -0.05991187459552328]}, "task_type": "screen_occupancy", "task_description": "Position where wardrobe occupies 30% of vertical FOV", "target_object": {"label": "wardrobe", "id": "89", "bbox_min": [-7.84000009624245, 0.41199889864102984, -3.9340284274658187e-10], "bbox_max": [-5.65999990375755, 1.0119993010569783, 2.400000000393403], "center": [-6.75, 0.7119990998490041, 1.2000000000000002]}}
{"scene_id": "0319_840522", "object_label": "wardrobe", "preset": "occupancy_50", "distance": 2.8970562757974725, "init_camera": {"intrinsics": [[320.0, 0.0, 320.0], [0.0, 320.0, 240.0], [0.0, 0.0, 1.0]], "extrinsics": [[-0.9396926207859083, -0.07210321855146162, 0.3343335225714453, -7.384361692061489], [-0.3420201433256687, 0.19810196484014245, -0.9185738038317682, 2.4548935245549726], [0.0, -0.9775258244164167, -0.21081570766668423, 1.6], [0.0, 0.0, 0.0, 1.0]]}, "target_region": {"type": "circle", "params": {"center": [-6.75, 0.7119990998490039], "radius": 2.8970562757974725, "object_center": [-6.75, 0.7119990998490039, 1.2000000000000002], "object_height": 2.4000000007868056, "occupancy_ratio": 0.5, "fov_vertical": 90.0, "sample_distance": 2.8970562757974725, "min_distance": 2.4000000007868056}, "sample_point": [-4.362957534846375, -0.9296352488080973, 1.5], "sample_forward": [-0.8195719266791047, 0.5636420154531722, -0.10300259907102553], "height": 1.5}, "sample_target": [-4.362957534846375, -0.9296352488080973, 1.5], "camera_params": {"forward": [-0.8195719266791047, 0.5636420154531722, -0.10300259907102553]}, "task_type": "screen_occupancy", "task_description": "Position where wardrobe occupies 50% of vertical FOV", "target_object": {"label": "wardrobe", "id": "89", "bbox_min": [-7.84000009624245, 0.41199889864102984, -3.9340284274658187e-10], "bbox_max": [-5.65999990375755, 1.0119993010569783, 2.400000000393403], "center": [-6.75, 0.7119990998490041, 1.2000000000000002]}}
{"scene_id": "0319_840522", "object_label": "wardrobe", "preset": "occupancy_20", "distance": 7.576501820093901, "init_camera": {"intrinsics": [[320.0, 0.0, 320.0], [0.0, 320.0, 240.0], [0.0, 0.0, 1.0]], "extrinsics": [[-0.984807753012208, 0.029523343566425123, -0.17112002159801365, -6.347407660199933], [0.1736481776669304, 0.16743520162259423, -0.9704698674614043, 2.9952137172744764], [0.0, -0.9854409294535418, -0.17001815949403745, 1.6], [0.0, 0.0, 0.0, 1.0]]}, "target_region": {"type": "circle", "params": {"center": [-6.75, 0.7119990998490039], "radius": 7.576501820093901, "object_center": [-6.75, 0.7119990998490039, 1.2000000000000002], "object_height": 2.4000000007868056, "occupancy_ratio": 0.2, "fov_vertical": 90.0, "sample_distance": 7.576501820093901, "min_distance": 2.4000000007868056}, "sample_point": [0.8222102641563174, 0.9669727167035649, 1.5], "sample_forward": [-0.9986510084208411, -0.03362686068000872, -0.03956510610176942], "height": 1.5}, "sample_target": [0.8222102641563174, 0.9669727167035649, 1.5], "camera_params": {"forward": [-0.9986510084208411, -0.03362686068000872, -0.03956510610176942]}, "task_type": "screen_occupancy", "task_description": "Position where wardrobe occupies 20% of vertical FOV", "target_object": {"label": "wardrobe", "id": "89", "bbox_min": [-7.84000009624245, 0.41199889864102984, -3.9340284274658187e-10], "bbox_max": [-5.65999990375755, 1.0119993010569783, 2.400000000393403], "center": [-6.75, 0.7119990998490041, 1.2000000000000002]}}
{"scene_id": "0319_840522", "object_label": "wardrobe", "preset": "occupancy_30", "distance": 4.998359725747141, "init_camera": {"intrinsics": [[320.0, 0.0, 320.0], [0.0, 320.0, 240.0], [0.0, 0.0, 1.0]], "extrinsics": [[-0.984807753012208, 0.029523343566425123, -0.17112002159801365, -6.347407660199933], [0.1736481776669304, 0.16743520162259423, -0.9704698674614043, 2.9952137172744764], [0.0, -0.9854409294535418, -0.17001815949403745, 1.6], [0.0, 0.0, 0.0, 1.0]]}, "target_region": {"type": "circle", "params": {"center": [-6.75, 0.7119990998490039], "radius": 4.998359725747141, "object_center": [-6.75, 0.7119990998490039, 1.2000000000000002], "object_height": 2.4000000007868056, "occupancy_ratio": 0.3, "fov_vertical": 90.0, "sample_distance": 4.998359725747141, "min_distance": 2.4000000007868056}, "sample_point": [-1.7518537728783548, 0.758196938334144, 1.5], "sample_forward": [-0.9981610332313334, -0.009225997019686523, -0.05991187459552328], "height": 1.5}, "sample_target": [-1.7518537728783548, 0.758196938334144, 1.5], "camera_params": {"forward": [-0.9981610332313334, -0.009225997019686523, -0.05991187459552328]}, "task_type": "screen_occupancy", "task_description": "Position where wardrobe occupies 30% of vertical FOV", "target_object": {"label": "wardrobe", "id": "89", "bbox_min": [-7.84000009624245, 0.41199889864102984, -3.9340284274658187e-10], "bbox_max": [-5.65999990375755, 1.0119993010569783, 2.400000000393403], "center": [-6.75, 0.7119990998490041, 1.2000000000000002]}}
{"scene_id": "0319_840522", "object_label": "wardrobe", "preset": "occupancy_50", "distance": 2.8970562757974725, "init_camera": {"intrinsics": [[320.0, 0.0, 320.0], [0.0, 320.0, 240.0], [0.0, 0.0, 1.0]], "extrinsics": [[-0.984807753012208, 0.029523343566425123, -0.17112002159801365, -6.347407660199933], [0.1736481776669304, 0.16743520162259423, -0.9704698674614043, 2.9952137172744764], [0.0, -0.9854409294535418, -0.17001815949403745, 1.6], [0.0, 0.0, 0.0, 1.0]]}, "target_region": {"type": "circle", "params": {"center": [-6.75, 0.7119990998490039], "radius": 2.8970562757974725, "object_center": [-6.75, 0.7119990998490039, 1.2000000000000002], "object_height": 2.4000000007868056, "occupancy_ratio": 0.5, "fov_vertical": 90.0, "sample_distance": 2.8970562757974725, "min_distance": 2.4000000007868056}, "sample_point": [-5.3123921199081305, -1.8031984367741698, 1.5], "sample_forward": [-0.49359116031483286, 0.8635729448307599, -0.10300259907102553], "height": 1.5}, "sample_target": [-5.3123921199081305, -1.8031984367741698, 1.5], "camera_params": {"forward": [-0.49359116031483286, 0.8635729448307599, -0.10300259907102553]}, "task_type": "screen_occupancy", "task_description": "Position where wardrobe occupies 50% of vertical FOV", "target_object": {"label": "wardrobe", "id": "89", "bbox_min": [-7.84000009624245, 0.41199889864102984, -3.9340284274658187e-10], "bbox_max": [-5.65999990375755, 1.0119993010569783, 2.400000000393403], "center": [-6.75, 0.7119990998490041, 1.2000000000000002]}}
{"scene_id": "0319_840522", "object_label": "wardrobe", "preset": "occupancy_20", "distance": 2.6770306434641413, "init_camera": {"intrinsics": [[320.0, 0.0, 320.0], [0.0, 320.0, 240.0], [0.0, 0.0, 1.0]], "extrinsics": [[-0.3420201433256688, -0.4260606890204463, 0.837552691375839, -3.9179608062000106], [-0.9396926207859083, 0.1550734087943915, -0.30484424929035253, 2.09430891015832], [0.0, -0.8913049574395455, -0.4534043149813309, 0.948], [0.0, 0.0, 0.0, 1.0]]}, "target_region": {"type": "circle", "params": {"center": [-2.9499999907768966, 1.7419999854082653], "radius": 2.6770306434641413, "object_center": [-2.9499999907768966, 1.7419999854082653, 0.4239999998032987], "object_height": 0.8480000003934025, "occupancy_ratio": 0.2, "fov_vertical": 90.0, "sample_distance": 2.6770306434641413, "min_distance": 1.50000009081653}, "sample_point": [-4.631704137486337, -0.34087404558504164, 1.5], "sample_forward": [0.5828764922127847, 0.7219214576368901, -0.3729402148188734], "height": 1.5}, "sample_target": [-4.631704137486337, -0.34087404558504164, 1.5], "camera_params": {"forward": [0.5828764922127847, 0.7219214576368901, -0.3729402148188734]}, "task_type": "screen_occupancy", "task_description": "Position where wardrobe occupies 20% of vertical FOV", "target_object": {"label": "wardrobe", "id": "94", "bbox_min": [-3.2600000000000002, 0.9919999400000001, -3.9340250168606874e-10], "bbox_max": [-2.6399999815537933, 2.49200003081653, 0.848], "center": [-2.949999990776897, 1.741999985408265, 0.4239999998032987]}}
{"scene_id": "0319_840522", "object_label": "wardrobe", "preset": "occupancy_30", "distance": 1.7660871033376566, "init_camera": {"intrinsics": [[320.0, 0.0, 320.0], [0.0, 320.0, 240.0], [0.0, 0.0, 1.0]], "extrinsics": [[-0.3420201433256688, -0.4260606890204463, 0.837552691375839, -3.9179608062000106], [-0.9396926207859083, 0.1550734087943915, -0.30484424929035253, 2.09430891015832], [0.0, -0.8913049574395455, -0.4534043149813309, 0.948], [0.0, 0.0, 0.0, 1.0]]}, "target_region": {"type": "circle", "params": {"center": [-2.9499999907768966, 1.7419999854082653], "radius": 1.7660871033376566, "object_center": [-2.9499999907768966, 1.7419999854082653, 0.4239999998032987], "object_height": 0.8480000003934025, "occupancy_ratio": 0.3, "fov_vertical": 90.0, "sample_distance": 1.7660871033376566, "min_distance": 1.50000009081653}, "sample_point": [-3.554998300464185, 0.08277103741732605, 1.5], "sample_forward": [0.29254499814405166, 0.8023148523529913, -0.5202963595439569], "height": 1.5}, "sample_target": [-3.554998300464185, 0.08277103741732605, 1.5], "camera_params": {"forward": [0.29254499814405166, 0.8023148523529913, -0.5202963595439569]}, "task_type": "screen_occupancy", "task_description": "Position where wardrobe occupies 30% of vertical FOV", "target_object": {"label": "wardrobe", "id": "94", "bbox_min": [-3.2600000000000002, 0.9919999400000001, -3.9340250168606874e-10], "bbox_max": [-2.6399999815537933, 2.49200003081653, 0.848], "center": [-2.949999990776897, 1.741999985408265, 0.4239999998032987]}}
{"scene_id": "0319_840522", "object_label": "wardrobe", "preset": "occupancy_20", "distance": 2.6770306434641413, "init_camera": {"intrinsics": [[320.0, 0.0, 320.0], [0.0, 320.0, 240.0], [0.0, 0.0, 1.0]], "extrinsics": [[0.17364817766692997, -0.44651608464280396, 0.8777640323846806, -3.964433109176241], [-0.9848077530122081, -0.07873283304283084, 0.15477348160487767, 1.5631280565102363], [0.0, -0.8913049574395456, -0.4534043149813309, 0.948], [0.0, 0.0, 0.0, 1.0]]}, "target_region": {"type": "circle", "params": {"center": [-2.9499999907768966, 1.7419999854082653], "radius": 2.6770306434641413, "object_center": [-2.9499999907768966, 1.7419999854082653, 0.4239999998032987], "object_height": 0.8480000003934025, "occupancy_ratio": 0.2, "fov_vertical": 90.0, "sample_distance": 2.6770306434641413, "min_distance": 1.50000009081653}, "sample_point": [-1.085553139581982, -0.1790234410796585, 1.5], "sample_forward": [-0.6462148783233198, 0.6658242464828308, -0.37294021481887335], "height": 1.5}, "sample_target": [-1.085553139581982, -0.1790234410796585, 1.5], "camera_params": {"forward": [-0.6462148783233198, 0.6658242464828308, -0.37294021481887335]}, "task_type": "screen_occupancy", "task_description": "Position where wardrobe occupies 20% of vertical FOV", "target_object": {"label": "wardrobe", "id": "94", "bbox_min": [-3.2600000000000002, 0.9919999400000001, -3.9340250168606874e-10], "bbox_max": [-2.6399999815537933, 2.49200003081653, 0.848], "center": [-2.949999990776897, 1.741999985408265, 0.4239999998032987]}}
