{"scene_id": "0326_840493", "object_label": "wardrobe", "preset": "occupancy_20", "distance": 8.207876971561404, "init_camera": {"intrinsics": [[320.0, 0.0, 320.0], [0.0, 320.0, 240.0], [0.0, 0.0, 1.0]], "extrinsics": [[0.9396926207859086, 0.04361035559117206, -0.339228411731273, 6.563476617791861], [0.3420201433256681, -0.11981846724113213, 0.93202240126913, -3.091444895855606], [-0.0, -0.9918375228802333, -0.127508149570146, 1.6], [0.0, 0.0, 0.0, 1.0]]}, "target_region": {"type": "circle", "params": {"center": [5.765343134854003, -0.8985911737731662], "radius": 8.207876971561404, "object_center": [5.765343134854003, -0.8985911737731662, 1.2999999999999998], "object_height": 2.6000000007868054, "occupancy_ratio": 0.2, "fov_vertical": 90.0, "sample_distance": 8.207876971561404, "min_distance": 2.6000000007868054}, "sample_point": [8.754301870999786, 6.745711937296267, 1.5], "sample_forward": [-0.36404929132833225, -0.9310610737545023, -0.02435960636899047], "height": 1.5}, "sample_target": [8.754301870999786, 6.745711937296267, 1.5], "camera_params": {"forward": [-0.36404929132833225, -0.9310610737545023, -0.02435960636899047]}, "task_type": "screen_occupancy", "task_description": "Position where wardrobe occupies 20% of vertical FOV", "target_object": {"label": "wardrobe", "id": "130", "bbox_min": [4.655342943175193, -2.0735870163917713, -3.9340284274658187e-10], "bbox_max": [6.875343326532814, 0.2764046688454391, 2.6000000003934027], "center": [5.765343134854003, -0.8985911737731661, 1.3]}}
{"scene_id": "0326_840493", "object_label": "wardrobe", "preset": "occupancy_30", "distance": 5.414889702756183, "init_camera": {"intrinsics": [[320.0, 0.0, 320.0], [0.0, 320.0, 240.0], [0.0, 0.0, 1.0]], "extrinsics": [[0.9396926207859086, 0.04361035559117206, -0.339228411731273, 6.563476617791861], [0.3420201433256681, -0.11981846724113213, 0.93202240126913, -3.091444895855606], [-0.0, -0.9918375228802333, -0.127508149570146, 1.6], [0.0, 0.0, 0.0, 1.0]]}, "target_region": {"type": "circle", "params": {"center": [5.765343134854003, -0.8985911737731662], "radius": 5.414889702756183, "object_center": [5.765343134854003, -0.8985911737731662, 1.2999999999999998], "object_height": 2.6000000007868054, "occupancy_ratio": 0.3, "fov_vertical": 90.0, "sample_distance": 5.414889702756183, "min_distance": 2.6000000007868054}, "sample_point": [0.4077936154216948, -1.6845260564737528, 1.5], "sample_forward": [0.9887364546144325, 0.14504438394094923, -0.036910025788028586], "height": 1.5}, "sample_target": [0.4077936154216948, -1.6845260564737528, 1.5], "camera_params": {"forward": [0.9887364546144325, 0.14504438394094923, -0.036910025788028586]}, "task_type": "screen_occupancy", "task_description": "Position where wardrobe occupies 30% of vertical FOV", "target_object": {"label": "wardrobe", "id": "130", "bbox_min": [4.655342943175193, -2.0735870163917713, -3.9340284274658187e-10], "bbox_max": [6.875343326532814, 0.2764046688454391, 2.6000000003934027], "center": [5.765343134854003, -0.8985911737731661, 1.3]}}
{"scene_id": "0326_840493", "object_label": "wardrobe", "preset": "front", "distance": 2.6000000007868054, "init_camera": {"intrinsics": [[320.0, 0.0, 320.0], [0.0, 320.0, 240.0], [0.0, 0.0, 1.0]], "extrinsics": [[0.9848077530122081, -0.01369491802901008, 0.17310730437282104, 5.106855777394124], [-0.1736481776669304, -0.07766773963907965, 0.981740308132609, -4.633058552583488], [0.0, -0.9968852348387626, -0.07886588971453481, 1.6], [0.0, 0.0, 0.0, 1.0]]}, "target_region": {"type": "circle", "params": {"center": [5.765343134854003, -0.8985911737731662], "radius": 2.6000000007868054, "object_center": [5.765343134854003, -0.8985911737731662, 1.2999999999999998], "sample_distance": 2.6000000007868054, "min_distance": 2.6000000007868054, "requested_distance": 0.8}, "sample_point": [8.342912072416855, -0.5578003637408162, 1.5], "sample_forward": [-0.9884525654282467, -0.13068730986855814, -0.07669649886166391], "height": 1.5}, "sample_target": [8.342912072416855, -0.5578003637408162, 1.5], "camera_params": {"forward": [-0.9884525654282467, -0.13068730986855814, -0.07669649886166391]}, "task_type": "absolute_positioning", "task_description": "Move to any position 2.6m from wardrobe", "target_object": {"label": "wardrobe", "id": "130", "bbox_min": [4.655342943175193, -2.0735870163917713, -3.9340284274658187e-10], "bbox_max": [6.875343326532814, 0.2764046688454391, 2.6000000003934027], "center": [5.765343134854003, -0.8985911737731661, 1.3]}}
{"scene_id": "0326_840493", "object_label": "wardrobe", "preset": "right", "distance": 2.6000000007868054, "init_camera": {"intrinsics": [[320.0, 0.0, 320.0], [0.0, 320.0, 240.0], [0.0, 0.0, 1.0]], "extrinsics": [[0.9848077530122081, -0.01369491802901008, 0.17310730437282104, 5.106855777394124], [-0.1736481776669304, -0.07766773963907965, 0.981740308132609, -4.633058552583488], [0.0, -0.9968852348387626, -0.07886588971453481, 1.6], [0.0, 0.0, 0.0, 1.0]]}, "target_region": {"type": "circle", "params": {"center": [5.765343134854003, -0.8985911737731662], "radius": 2.6000000007868054, "object_center": [5.765343134854003, -0.8985911737731662, 1.2999999999999998], "sample_distance": 2.6000000007868054, "min_distance": 2.6000000007868054, "requested_distance": 1.0}, "sample_point": [4.576535882798085, 1.4137101304583228, 1.5], "sample_forward": [0.45588677027022245, -0.8867270717390715, -0.07669649886166395], "height": 1.5}, "sample_target": [4.576535882798085, 1.4137101304583228, 1.5], "camera_params": {"forward": [0.45588677027022245, -0.8867270717390715, -0.07669649886166395]}, "task_type": "absolute_positioning", "task_description": "Move to any position 2.6m from wardrobe", "target_object": {"label": "wardrobe", "id": "130", "bbox_min": [4.655342943175193, -2.0735870163917713, -3.9340284274658187e-10], "bbox_max": [6.875343326532814, 0.2764046688454391, 2.6000000003934027], "center": [5.765343134854003, -0.8985911737731661, 1.3]}}
{"scene_id": "0326_840493", "object_label": "wardrobe", "preset": "front", "distance": 2.6000000007868054, "init_camera": {"intrinsics": [[320.0, 0.0, 320.0], [0.0, 320.0, 240.0], [0.0, 0.0, 1.0]], "extrinsics": [[0.9848077530122081, -0.01369491802901008, 0.17310730437282104, 5.106855777394124], [-0.1736481776669304, -0.07766773963907965, 0.981740308132609, -4.633058552583488], [0.0, -0.9968852348387626, -0.07886588971453481, 1.6], [0.0, 0.0, 0.0, 1.0]]}, "target_region": {"type": "circle", "params": {"center": [5.765343134854003, -0.8985911737731662], "radius": 2.6000000007868054, "object_center": [5.765343134854003, -0.8985911737731662, 1.2999999999999998], "sample_distance": 2.6000000007868054, "min_distance": 2.6000000007868054, "requested_distance": 1.2}, "sample_point": [7.950968726578962, 0.5096136326695297, 1.5], "sample_forward": [-0.8381491535387837, -0.5400218916716092, -0.07669649886166395], "height": 1.5}, "sample_target": [7.950968726578962, 0.5096136326695297, 1.5], "camera_params": {"forward": [-0.8381491535387837, -0.5400218916716092, -0.07669649886166395]}, "task_type": "absolute_positioning", "task_description": "Move to any position 2.6m from wardrobe", "target_object": {"label": "wardrobe", "id": "130", "bbox_min": [4.655342943175193, -2.0735870163917713, -3.9340284274658187e-10], "bbox_max": [6.875343326532814, 0.2764046688454391, 2.6000000003934027], "center": [5.765343134854003, -0.8985911737731661, 1.3]}}
{"scene_id": "0326_840493", "object_label": "wardrobe", "preset": "left", "distance": 2.6000000007868054, "init_camera": {"intrinsics": [[320.0, 0.0, 320.0], [0.0, 320.0, 240.0], [0.0, 0.0, 1.0]], "extrinsics": [[0.9848077530122081, -0.01369491802901008, 0.17310730437282104, 5.106855777394124], [-0.1736481776669304, -0.07766773963907965, 0.981740308132609, -4.633058552583488], [0.0, -0.9968852348387626, -0.07886588971453481, 1.6], [0.0, 0.0, 0.0, 1.0]]}, "target_region": {"type": "circle", "params": {"center": [5.765343134854003, -0.8985911737731662], "radius": 2.6000000007868054, "object_center": [5.765343134854003, -0.8985911737731662, 1.2999999999999998], "sample_distance": 2.6000000007868054, "min_distance": 2.6000000007868054, "requested_distance": 1.5}, "sample_point": [4.504569288312641, -3.172453375395922, 1.5], "sample_forward": [0.48348469943037575, 0.871986348791701, -0.07669649886166395], "height": 1.5}, "sample_target": [4.504569288312641, -3.172453375395922, 1.5], "camera_params": {"forward": [0.48348469943037575, 0.871986348791701, -0.07669649886166395]}, "task_type": "absolute_positioning", "task_description": "Move to any position 2.6m from wardrobe", "target_object": {"label": "wardrobe", "id": "130", "bbox_min": [4.655342943175193, -2.0735870163917713, -3.9340284274658187e-10], "bbox_max": [6.875343326532814, 0.2764046688454391, 2.6000000003934027], "center": [5.765343134854003, -0.8985911737731661, 1.3]}}
{"scene_id": "0326_840493", "object_label": "wardrobe", "preset": "closer", "distance": 3.292077557663205, "init_camera": {"intrinsics": [[320.0, 0.0, 320.0], [0.0, 320.0, 240.0], [0.0, 0.0, 1.0]], "extrinsics": [[0.9848077530122081, -0.01369491802901008, 0.17310730437282104, 5.106855777394124], [-0.1736481776669304, -0.07766773963907965, 0.981740308132609, -4.633058552583488], [0.0, -0.9968852348387626, -0.07886588971453481, 1.6], [0.0, 0.0, 0.0, 1.0]]}, "target_region": {"type": "point", "params": {"delta": 0.5, "start_position": [5.106855777394124, -4.633058552583488, 1.6], "sample_distance": 3.292077557663205, "min_distance": 2.6000000007868054, "min_distance_enforced": false}, "sample_point": [5.193679866227589, -4.140654676077385, 1.6], "sample_forward": [0.17293162521117178, 0.9807439820970619, -0.09075182963566468], "height": 1.6}, "sample_target": [5.193679866227589, -4.140654676077385, 1.6], "camera_params": {"forward": [0.17293162521117178, 0.9807439820970619, -0.09075182963566468]}, "task_type": "delta_control", "task_description": "Move 0.5m toward wardrobe", "target_object": {"label": "wardrobe", "id": "130", "bbox_min": [4.655342943175193, -2.0735870163917713, -3.9340284274658187e-10], "bbox_max": [6.875343326532814, 0.2764046688454391, 2.6000000003934027], "center": [5.765343134854003, -0.8985911737731661, 1.3]}}
{"scene_id": "0326_840493", "object_label": "wardrobe", "preset": "closer", "distance": 3.0920775576632047, "init_camera": {"intrinsics": [[320.0, 0.0, 320.0], [0.0, 320.0, 240.0], [0.0, 0.0, 1.0]], "extrinsics": [[0.9848077530122081, -0.01369491802901008, 0.17310730437282104, 5.106855777394124], [-0.1736481776669304, -0.07766773963907965, 0.981740308132609, -4.633058552583488], [0.0, -0.9968852348387626, -0.07886588971453481, 1.6], [0.0, 0.0, 0.0, 1.0]]}, "target_region": {"type": "point", "params": {"delta": 0.7, "start_position": [5.106855777394124, -4.633058552583488, 1.6], "sample_distance": 3.0920775576632047, "min_distance": 2.6000000007868054, "min_distance_enforced": false}, "sample_point": [5.228409501760975, -3.943693125474943, 1.6], "sample_forward": [0.17283660197796258, 0.9802050785621217, -0.09656869564064953], "height": 1.6}, "sample_target": [5.228409501760975, -3.943693125474943, 1.6], "camera_params": {"forward": [0.17283660197796258, 0.9802050785621217, -0.09656869564064953]}, "task_type": "delta_control", "task_description": "Move 0.7m toward wardrobe", "target_object": {"label": "wardrobe", "id": "130", "bbox_min": [4.655342943175193, -2.0735870163917713, -3.9340284274658187e-10], "bbox_max": [6.875343326532814, 0.2764046688454391, 2.6000000003934027], "center": [5.765343134854003, -0.8985911737731661, 1.3]}}
{"scene_id": "0326_840493", "object_label": "wardrobe", "preset": "closer", "distance": 2.7920775576632044, "init_camera": {"intrinsics": [[320.0, 0.0, 320.0], [0.0, 320.0, 240.0], [0.0, 0.0, 1.0]], "extrinsics": [[0.9848077530122081, -0.01369491802901008, 0.17310730437282104, 5.106855777394124], [-0.1736481776669304, -0.07766773963907965, 0.981740308132609, -4.633058552583488], [0.0, -0.9968852348387626, -0.07886588971453481, 1.6], [0.0, 0.0, 0.0, 1.0]]}, "target_region": {"type": "point", "params": {"delta": 1.0, "start_position": [5.106855777394124, -4.633058552583488, 1.6], "sample_distance": 2.7920775576632044, "min_distance": 2.6000000007868054, "min_distance_enforced": false}, "sample_point": [5.280503955061054, -3.6482507995712803, 1.6], "sample_forward": [0.17265440476858138, 0.979171786840972, -0.10683196323509596], "height": 1.6}, "sample_target": [5.280503955061054, -3.6482507995712803, 1.6], "camera_params": {"forward": [0.17265440476858138, 0.979171786840972, -0.10683196323509596]}, "task_type": "delta_control", "task_description": "Move 1.0m toward wardrobe", "target_object": {"label": "wardrobe", "id": "130", "bbox_min": [4.655342943175193, -2.0735870163917713, -3.9340284274658187e-10], "bbox_max": [6.875343326532814, 0.2764046688454391, 2.6000000003934027], "center": [5.765343134854003, -0.8985911737731661, 1.3]}}
{"scene_id": "0326_840493", "object_label": "wardrobe", "preset": "closer", "distance": 2.6000000007868054, "init_camera": {"intrinsics": [[320.0, 0.0, 320.0], [0.0, 320.0, 240.0], [0.0, 0.0, 1.0]], "extrinsics": [[0.9848077530122081, -0.01369491802901008, 0.17310730437282104, 5.106855777394124], [-0.1736481776669304, -0.07766773963907965, 0.981740308132609, -4.633058552583488], [0.0, -0.9968852348387626, -0.07886588971453481, 1.6], [0.0, 0.0, 0.0, 1.0]]}, "target_region": {"type": "point", "params": {"delta": 1.5, "start_position": [5.106855777394124, -4.633058552583488, 1.6], "sample_distance": 2.6000000007868054, "min_distance": 2.6000000007868054, "min_distance_enforced": true}, "sample_point": [5.313857872783357, -3.459091332379759, 1.6], "sample_forward": [0.1725036513927522, 0.9783168219613871, -0.11462410795089911], "height": 1.6}, "sample_target": [5.313857872783357, -3.459091332379759, 1.6], "camera_params": {"forward": [0.1725036513927522, 0.9783168219613871, -0.11462410795089911]}, "task_type": "delta_control", "task_description": "Move 1.5m toward wardrobe", "target_object": {"label": "wardrobe", "id": "130", "bbox_min": [4.655342943175193, -2.0735870163917713, -3.9340284274658187e-10], "bbox_max": [6.875343326532814, 0.2764046688454391, 2.6000000003934027], "center": [5.765343134854003, -0.8985911737731661, 1.3]}}
{"scene_id": "0326_840493", "object_label": "wardrobe", "preset": "occupancy_20", "distance": 8.207876971561404, "init_camera": {"intrinsics": [[320.0, 0.0, 320.0], [0.0, 320.0, 240.0], [0.0, 0.0, 1.0]], "extrinsics": [[0.9848077530122081, -0.01369491802901008, 0.17310730437282104, 5.106855777394124], [-0.1736481776669304, -0.07766773963907965, 0.981740308132609, -4.633058552583488], [0.0, -0.9968852348387626, -0.07886588971453481, 1.6], [0.0, 0.0, 0.0, 1.0]]}, "target_region": {"type": "circle", "params": {"center": [5.765343134854003, -0.8985911737731662], "radius": 8.207876971561404, "object_center": [5.765343134854003, -0.8985911737731662, 1.2999999999999998], "object_height": 2.6000000007868054, "occupancy_ratio": 0.2, "fov_vertical": 90.0, "sample_distance": 8.207876971561404, "min_distance": 2.6000000007868054}, "sample_point": [10.242880904557282, -7.777609991974538, 1.5], "sample_forward": [-0.5453552878612964, 0.8378509530813164, -0.02435960636899047], "height": 1.5}, "sample_target": [10.242880904557282, -7.777609991974538, 1.5], "camera_params": {"forward": [-0.5453552878612964, 0.8378509530813164, -0.02435960636899047]}, "task_type": "screen_occupancy", "task_description": "Position where wardrobe occupies 20% of vertical FOV", "target_object": {"label": "wardrobe", "id": "130", "bbox_min": [4.655342943175193, -2.0735870163917713, -3.9340284274658187e-10], "bbox_max": [6.875343326532814, 0.2764046688454391, 2.6000000003934027], "center": [5.765343134854003, -0.8985911737731661, 1.3]}}
{"scene_id": "0326_840493", "object_label": "wardrobe", "preset": "occupancy_30", "distance": 5.414889702756183, "init_camera": {"intrinsics": [[320.0, 0.0, 320.0], [0.0, 320.0, 240.0], [0.0, 0.0, 1.0]], "extrinsics": [[0.9848077530122081, -0.01369491802901008, 0.17310730437282104, 5.106855777394124], [-0.1736481776669304, -0.07766773963907965, 0.981740308132609, -4.633058552583488], [0.0, -0.9968852348387626, -0.07886588971453481, 1.6], [0.0, 0.0, 0.0, 1.0]]}, "target_region": {"type": "circle", "params": {"center": [5.765343134854003, -0.8985911737731662], "radius": 5.414889702756183, "object_center": [5.765343134854003, -0.8985911737731662, 1.2999999999999998], "object_height": 2.6000000007868054, "occupancy_ratio": 0.3, "fov_vertical": 90.0, "sample_distance": 5.414889702756183, "min_distance": 2.6000000007868054}, "sample_point": [6.132812033531655, -6.300997776530828, 1.5], "sample_forward": [-0.06781643263245292, 0.997014835126005, -0.036910025788028586], "height": 1.5}, "sample_target": [6.132812033531655, -6.300997776530828, 1.5], "camera_params": {"forward": [-0.06781643263245292, 0.997014835126005, -0.036910025788028586]}, "task_type": "screen_occupancy", "task_description": "Position where wardrobe occupies 30% of vertical FOV", "target_object": {"label": "wardrobe", "id": "130", "bbox_min": [4.655342943175193, -2.0735870163917713, -3.9340284274658187e-10], "bbox_max": [6.875343326532814, 0.2764046688454391, 2.6000000003934027], "center": [5.765343134854003, -0.8985911737731661, 1.3]}}
{"scene_id": "0326_840493", "object_label": "wardrobe", "preset": "occupancy_50", "distance": 3.138477632034782, "init_camera": {"intrinsics": [[320.0, 0.0, 320.0], [0.0, 320.0, 240.0], [0.0, 0.0, 1.0]], "extrinsics": [[0.9848077530122081, -0.01369491802901008, 0.17310730437282104, 5.106855777394124], [-0.1736481776669304, -0.07766773963907965, 0.981740308132609, -4.633058552583488], [0.0, -0.9968852348387626, -0.07886588971453481, 1.6], [0.0, 0.0, 0.0, 1.0]]}, "target_region": {"type": "circle", "params": {"center": [5.765343134854003, -0.8985911737731662], "radius": 3.138477632034782, "object_center": [5.765343134854003, -0.8985911737731662, 1.2999999999999998], "object_height": 2.6000000007868054, "occupancy_ratio": 0.5, "fov_vertical": 90.0, "sample_distance": 3.138477632034782, "min_distance": 2.6000000007868054}, "sample_point": [2.8611655628812693, -2.088462795938015, 1.5], "sample_forward": [0.9234727879827224, 0.37835636321497407, -0.06359616553029376], "height": 1.5}, "sample_target": [2.8611655628812693, -2.088462795938015, 1.5], "camera_params": {"forward": [0.9234727879827224, 0.37835636321497407, -0.06359616553029376]}, "task_type": "screen_occupancy", "task_description": "Position where wardrobe occupies 50% of vertical FOV", "target_object": {"label": "wardrobe", "id": "130", "bbox_min": [4.655342943175193, -2.0735870163917713, -3.9340284274658187e-10], "bbox_max": [6.875343326532814, 0.2764046688454391, 2.6000000003934027], "center": [5.765343134854003, -0.8985911737731661, 1.3]}}
{"scene_id": "0326_840493", "object_label": "wardrobe", "preset": "occupancy_30", "distance": 5.414889702756183, "init_camera": {"intrinsics": [[320.0, 0.0, 320.0], [0.0, 320.0, 240.0], [0.0, 0.0, 1.0]], "extrinsics": [[1.0, 0.0, 0.0, 5.765343134854003], [-0.0, -0.127508149570146, 0.9918375228802332, -3.2321773631043693], [0.0, -0.9918375228802333, -0.12750814957014597, 1.6], [0.0, 0.0, 0.0, 1.0]]}, "target_region": {"type": "circle", "params": {"center": [5.765343134854003, -0.8985911737731662], "radius": 5.414889702756183, "object_center": [5.765343134854003, -0.8985911737731662, 1.2999999999999998], "object_height": 2.6000000007868054, "occupancy_ratio": 0.3, "fov_vertical": 90.0, "sample_distance": 5.414889702756183, "min_distance": 2.6000000007868054}, "sample_point": [1.7650379894286168, -4.54805541342508, 1.5], "sample_forward": [0.7382568303881717, 0.6735090959902008, -0.036910025788028586], "height": 1.5}, "sample_target": [1.7650379894286168, -4.54805541342508, 1.5], "camera_params": {"forward": [0.7382568303881717, 0.6735090959902008, -0.036910025788028586]}, "task_type": "screen_occupancy", "task_description": "Position where wardrobe occupies 30% of vertical FOV", "target_object": {"label": "wardrobe", "id": "130", "bbox_min": [4.655342943175193, -2.0735870163917713, -3.9340284274658187e-10], "bbox_max": [6.875343326532814, 0.2764046688454391, 2.6000000003934027], "center": [5.765343134854003, -0.8985911737731661, 1.3]}}
{"scene_id": "0326_840493", "object_label": "wardrobe", "preset": "occupancy_50", "distance": 3.138477632034782, "init_camera": {"intrinsics": [[320.0, 0.0, 320.0], [0.0, 320.0, 240.0], [0.0, 0.0, 1.0]], "extrinsics": [[1.0, 0.0, 0.0, 5.765343134854003], [-0.0, -0.127508149570146, 0.9918375228802332, -3.2321773631043693], [0.0, -0.9918375228802333, -0.12750814957014597, 1.6], [0.0, 0.0, 0.0, 1.0]]}, "target_region": {"type": "circle", "params": {"center": [5.765343134854003, -0.8985911737731662], "radius": 3.138477632034782, "object_center": [5.765343134854003, -0.8985911737731662, 1.2999999999999998], "object_height": 2.6000000007868054, "occupancy_ratio": 0.5, "fov_vertical": 90.0, "sample_distance": 3.138477632034782, "min_distance": 2.6000000007868054}, "sample_point": [3.103037619937816, -2.5605692699072593, 1.5], "sample_forward": [0.8465621110941186, 0.528477170547331, -0.06359616553029378], "height": 1.5}, "sample_target": [3.103037619937816, -2.5605692699072593, 1.5], "camera_params": {"forward": [0.8465621110941186, 0.528477170547331, -0.06359616553029378]}, "task_type": "screen_occupancy", "task_description": "Position where wardrobe occupies 50% of vertical FOV", "target_object": {"label": "wardrobe", "id": "130", "bbox_min": [4.655342943175193, -2.0735870163917713, -3.9340284274658187e-10], "bbox_max": [6.875343326532814, 0.2764046688454391, 2.6000000003934027], "center": [5.765343134854003, -0.8985911737731661, 1.3]}}
{"scene_id": "0326_840493", "object_label": "wardrobe", "preset": "occupancy_20", "distance": 8.207876971561404, "init_camera": {"intrinsics": [[320.0, 0.0, 320.0], [0.0, 320.0, 240.0], [0.0, 0.0, 1.0]], "extrinsics": [[1.0, -3.11507842258281e-17, 3.028876660676197e-16, 5.765343134854002], [-3.0448531920894645e-16, -0.10230635850279386, 0.9947529386786941, -3.8155739104371698], [0.0, -0.9947529386786942, -0.10230635850279385, 1.6], [0.0, 0.0, 0.0, 1.0]]}, "target_region": {"type": "circle", "params": {"center": [5.765343134854003, -0.8985911737731662], "radius": 8.207876971561404, "object_center": [5.765343134854003, -0.8985911737731662, 1.2999999999999998], "object_height": 2.6000000007868054, "occupancy_ratio": 0.2, "fov_vertical": 90.0, "sample_distance": 8.207876971561404, "min_distance": 2.6000000007868054}, "sample_point": [-0.8719571187631745, 3.9300203993005436, 1.5], "sample_forward": [0.8084101076545746, -0.5881153861441366, -0.02435960636899047], "height": 1.5}, "sample_target": [-0.8719571187631745, 3.9300203993005436, 1.5], "camera_params": {"forward": [0.8084101076545746, -0.5881153861441366, -0.02435960636899047]}, "task_type": "screen_occupancy", "task_description": "Position where wardrobe occupies 20% of vertical FOV", "target_object": {"label": "wardrobe", "id": "130", "bbox_min": [4.655342943175193, -2.0735870163917713, -3.9340284274658187e-10], "bbox_max": [6.875343326532814, 0.2764046688454391, 2.6000000003934027], "center": [5.765343134854003, -0.8985911737731661, 1.3]}}
{"scene_id": "0326_840493", "object_label": "wardrobe", "preset": "occupancy_30", "distance": 5.414889702756183, "init_camera": {"intrinsics": [[320.0, 0.0, 320.0], [0.0, 320.0, 240.0], [0.0, 0.0, 1.0]], "extrinsics": [[1.0, -3.11507842258281e-17, 3.028876660676197e-16, 5.765343134854002], [-3.0448531920894645e-16, -0.10230635850279386, 0.9947529386786941, -3.8155739104371698], [0.0, -0.9947529386786942, -0.10230635850279385, 1.6], [0.0, 0.0, 0.0, 1.0]]}, "target_region": {"type": "circle", "params": {"center": [5.765343134854003, -0.8985911737731662], "radius": 5.414889702756183, "object_center": [5.765343134854003, -0.8985911737731662, 1.2999999999999998], "object_height": 2.6000000007868054, "occupancy_ratio": 0.3, "fov_vertical": 90.0, "sample_distance": 5.414889702756183, "min_distance": 2.6000000007868054}, "sample_point": [6.739542606124556, -6.225125308010092, 1.5], "sample_forward": [-0.1797886380363994, 0.9830125612774964, -0.036910025788028586], "height": 1.5}, "sample_target": [6.739542606124556, -6.225125308010092, 1.5], "camera_params": {"forward": [-0.1797886380363994, 0.9830125612774964, -0.036910025788028586]}, "task_type": "screen_occupancy", "task_description": "Position where wardrobe occupies 30% of vertical FOV", "target_object": {"label": "wardrobe", "id": "130", "bbox_min": [4.655342943175193, -2.0735870163917713, -3.9340284274658187e-10], "bbox_max": [6.875343326532814, 0.2764046688454391, 2.6000000003934027], "center": [5.765343134854003, -0.8985911737731661, 1.3]}}
{"scene_id": "0326_840493", "object_label": "wardrobe", "preset": "occupancy_20", "distance": 8.207876971561404, "init_camera": {"intrinsics": [[320.0, 0.0, 320.0], [0.0, 320.0, 240.0], [0.0, 0.0, 1.0]], "extrinsics": [[0.9848077530122082, 0.017765312717749775, -0.17273703503037854, 6.2718718713616015], [0.17364817766692994, -0.10075209503599783, 0.9796404063424557, -3.771258388242645], [-0.0, -0.9947529386786942, -0.10230635850279388, 1.6], [0.0, 0.0, 0.0, 1.0]]}, "target_region": {"type": "circle", "params": {"center": [5.765343134854003, -0.8985911737731662], "radius": 8.207876971561404, "object_center": [5.765343134854003, -0.8985911737731662, 1.2999999999999998], "object_height": 2.6000000007868054, "occupancy_ratio": 0.2, "fov_vertical": 90.0, "sample_distance": 8.207876971561404, "min_distance": 2.6000000007868054}, "sample_point": [9.622725884511242, 6.346396245328041, 1.5], "sample_forward": [-0.4698216269809218, -0.8824252083879671, -0.02435960636899047], "height": 1.5}, "sample_target": [9.622725884511242, 6.346396245328041, 1.5], "camera_params": {"forward": [-0.4698216269809218, -0.8824252083879671, -0.02435960636899047]}, "task_type": "screen_occupancy", "task_description": "Position where wardrobe occupies 20% of vertical FOV", "target_object": {"label": "wardrobe", "id": "130", "bbox_min": [4.655342943175193, -2.0735870163917713, -3.9340284274658187e-10], "bbox_max": [6.875343326532814, 0.2764046688454391, 2.6000000003934027], "center": [5.765343134854003, -0.8985911737731661, 1.3]}}
{"scene_id": "0326_840493", "object_label": "wardrobe", "preset": "occupancy_30", "distance": 5.414889702756183, "init_camera": {"intrinsics": [[320.0, 0.0, 320.0], [0.0, 320.0, 240.0], [0.0, 0.0, 1.0]], "extrinsics": [[0.9848077530122082, 0.017765312717749775, -0.17273703503037854, 6.2718718713616015], [0.17364817766692994, -0.10075209503599783, 0.9796404063424557, -3.771258388242645], [-0.0, -0.9947529386786942, -0.10230635850279388, 1.6], [0.0, 0.0, 0.0, 1.0]]}, "target_region": {"type": "circle", "params": {"center": [5.765343134854003, -0.8985911737731662], "radius": 5.414889702756183, "object_center": [5.765343134854003, -0.8985911737731662, 1.2999999999999998], "object_height": 2.6000000007868054, "occupancy_ratio": 0.3, "fov_vertical": 90.0, "sample_distance": 5.414889702756183, "min_distance": 2.6000000007868054}, "sample_point": [1.343115073490238, 2.226297538853543, 1.5], "sample_forward": [0.8161227589274005, -0.576698614838856, -0.036910025788028586], "height": 1.5}, "sample_target": [1.343115073490238, 2.226297538853543, 1.5], "camera_params": {"forward": [0.8161227589274005, -0.576698614838856, -0.036910025788028586]}, "task_type": "screen_occupancy", "task_description": "Position where wardrobe occupies 30% of vertical FOV", "target_object": {"label": "wardrobe", "id": "130", "bbox_min": [4.655342943175193, -2.0735870163917713, -3.9340284274658187e-10], "bbox_max": [6.875343326532814, 0.2764046688454391, 2.6000000003934027], "center": [5.765343134854003, -0.8985911737731661, 1.3]}}
{"scene_id": "0326_840493", "object_label": "wardrobe", "preset": "occupancy_50", "distance": 3.138477632034782, "init_camera": {"intrinsics": [[320.0, 0.0, 320.0], [0.0, 320.0, 240.0], [0.0, 0.0, 1.0]], "extrinsics": [[0.9848077530122082, 0.017765312717749775, -0.17273703503037854, 6.2718718713616015], [0.17364817766692994, -0.10075209503599783, 0.9796404063424557, -3.771258388242645], [-0.0, -0.9947529386786942, -0.10230635850279388, 1.6], [0.0, 0.0, 0.0, 1.0]]}, "target_region": {"type": "circle", "params": {"center": [5.765343134854003, -0.8985911737731662], "radius": 3.138477632034782, "object_center": [5.765343134854003, -0.8985911737731662, 1.2999999999999998], "object_height": 2.6000000007868054, "occupancy_ratio": 0.5, "fov_vertical": 90.0, "sample_distance": 3.138477632034782, "min_distance": 2.6000000007868054}, "sample_point": [8.281913100970947, 0.976753448535177, 1.5], "sample_forward": [-0.8002210006686937, -0.5963236351333376, -0.06359616553029376], "height": 1.5}, "sample_target": [8.281913100970947, 0.976753448535177, 1.5], "camera_params": {"forward": [-0.8002210006686937, -0.5963236351333376, -0.06359616553029376]}, "task_type": "screen_occupancy", "task_description": "Position where wardrobe occupies 50% of vertical FOV", "target_object": {"label": "wardrobe", "id": "130", "bbox_min": [4.655342943175193, -2.0735870163917713, -3.9340284274658187e-10], "bbox_max": [6.875343326532814, 0.2764046688454391, 2.6000000003934027], "center": [5.765343134854003, -0.8985911737731661, 1.3]}}
{"scene_id": "0326_840493", "object_label": "shower head", "preset": "occupancy_20", "distance": 4.119312454062581, "init_camera": {"intrinsics": [[320.0, 0.0, 320.0], [0.0, 320.0, 240.0], [0.0, 0.0, 1.0]], "extrinsics": [[0.0, 0.24046661403043929, -0.9706574099736405, 1.2218664652550542], [1.0, -0.0, 0.0, 2.8886309999999997], [-0.0, -0.9706574099736405, -0.24046661403043929, 1.6], [0.0, 0.0, 0.0, 1.0]]}, "target_region": {"type": "circle", "params": {"center": [0.22109639000000003, 2.888631], "radius": 4.119312454062581, "object_center": [0.22109639000000003, 2.888631, 1.3520734], "object_height": 1.3048699951171878, "occupancy_ratio": 0.2, "fov_vertical": 90.0, "sample_distance": 4.119312454062581, "min_distance": 1.3048699951171878}, "sample_point": [-0.3843823538400447, -1.1859402148584381, 1.5], "sample_forward": [0.1468907070807118, 0.9885015004909684, -0.035887375223507406], "height": 1.5}, "sample_target": [-0.3843823538400447, -1.1859402148584381, 1.5], "camera_params": {"forward": [0.1468907070807118, 0.9885015004909684, -0.035887375223507406]}, "task_type": "screen_occupancy", "task_description": "Position where shower head occupies 20% of vertical FOV", "target_object": {"label": "shower head", "id": "159", "bbox_min": [-0.035443623893797065, 2.7662629925704594, 0.6996384024414063], "bbox_max": [0.47763640389379713, 3.0109990074295405, 2.004508397558594], "center": [0.22109639000000003, 2.888631, 1.3520734]}}
{"scene_id": "0326_840493", "object_label": "shower head", "preset": "occupancy_30", "distance": 2.717587345329753, "init_camera": {"intrinsics": [[320.0, 0.0, 320.0], [0.0, 320.0, 240.0], [0.0, 0.0, 1.0]], "extrinsics": [[0.0, 0.24046661403043929, -0.9706574099736405, 1.2218664652550542], [1.0, -0.0, 0.0, 2.8886309999999997], [-0.0, -0.9706574099736405, -0.24046661403043929, 1.6], [0.0, 0.0, 0.0, 1.0]]}, "target_region": {"type": "circle", "params": {"center": [0.22109639000000003, 2.888631], "radius": 2.717587345329753, "object_center": [0.22109639000000003, 2.888631, 1.3520734], "object_height": 1.3048699951171878, "occupancy_ratio": 0.3, "fov_vertical": 90.0, "sample_distance": 2.717587345329753, "min_distance": 1.3048699951171878}, "sample_point": [-0.7120605389984657, 5.440982685281354, 1.5], "sample_forward": [0.34286939945052575, -0.9378093462352612, -0.0543525991487778], "height": 1.5}, "sample_target": [-0.7120605389984657, 5.440982685281354, 1.5], "camera_params": {"forward": [0.34286939945052575, -0.9378093462352612, -0.0543525991487778]}, "task_type": "screen_occupancy", "task_description": "Position where shower head occupies 30% of vertical FOV", "target_object": {"label": "shower head", "id": "159", "bbox_min": [-0.035443623893797065, 2.7662629925704594, 0.6996384024414063], "bbox_max": [0.47763640389379713, 3.0109990074295405, 2.004508397558594], "center": [0.22109639000000003, 2.888631, 1.3520734]}}
{"scene_id": "0326_840493", "object_label": "shower head", "preset": "occupancy_20", "distance": 4.119312454062581, "init_camera": {"intrinsics": [[320.0, 0.0, 320.0], [0.0, 320.0, 240.0], [0.0, 0.0, 1.0]], "extrinsics": [[-0.1736481776669302, 0.23681338583777084, -0.9559109428607904, 1.206662519093788], [0.9848077530122081, 0.04175658931612285, -0.168552890380825, 3.0624128998316364], [0.0, -0.9706574099736404, -0.24046661403043929, 1.6], [0.0, 0.0, 0.0, 1.0]]}, "target_region": {"type": "circle", "params": {"center": [0.22109639000000003, 2.888631], "radius": 4.119312454062581, "object_center": [0.22109639000000003, 2.888631, 1.3520734], "object_height": 1.3048699951171878, "occupancy_ratio": 0.2, "fov_vertical": 90.0, "sample_distance": 4.119312454062581, "min_distance": 1.3048699951171878}, "sample_point": [3.670874021680809, 0.6374603298486159, 1.5], "sample_forward": [-0.8369249635007632, 0.54613981888232, -0.035887375223507406], "height": 1.5}, "sample_target": [3.670874021680809, 0.6374603298486159, 1.5], "camera_params": {"forward": [-0.8369249635007632, 0.54613981888232, -0.035887375223507406]}, "task_type": "screen_occupancy", "task_description": "Position where shower head occupies 20% of vertical FOV", "target_object": {"label": "shower head", "id": "159", "bbox_min": [-0.035443623893797065, 2.7662629925704594, 0.6996384024414063], "bbox_max": [0.47763640389379713, 3.0109990074295405, 2.004508397558594], "center": [0.22109639000000003, 2.888631, 1.3520734]}}
{"scene_id": "0326_840493", "object_label": "shower head", "preset": "occupancy_30", "distance": 2.717587345329753, "init_camera": {"intrinsics": [[320.0, 0.0, 320.0], [0.0, 320.0, 240.0], [0.0, 0.0, 1.0]], "extrinsics": [[-0.1736481776669302, 0.23681338583777084, -0.9559109428607904, 1.206662519093788], [0.9848077530122081, 0.04175658931612285, -0.168552890380825, 3.0624128998316364], [0.0, -0.9706574099736404, -0.24046661403043929, 1.6], [0.0, 0.0, 0.0, 1.0]]}, "target_region": {"type": "circle", "params": {"center": [0.22109639000000003, 2.888631], "radius": 2.717587345329753, "object_center": [0.22109639000000003, 2.888631, 1.3520734], "object_height": 1.3048699951171878, "occupancy_ratio": 0.3, "fov_vertical": 90.0, "sample_distance": 2.717587345329753, "min_distance": 1.3048699951171878}, "sample_point": [2.1444560317623624, 4.808518670655805, 1.5], "sample_forward": [-0.7066991036611848, -0.7054233989954192, -0.054352599148777804], "height": 1.5}, "sample_target": [2.1444560317623624, 4.808518670655805, 1.5], "camera_params": {"forward": [-0.7066991036611848, -0.7054233989954192, -0.054352599148777804]}, "task_type": "screen_occupancy", "task_description": "Position where shower head occupies 30% of vertical FOV", "target_object": {"label": "shower head", "id": "159", "bbox_min": [-0.035443623893797065, 2.7662629925704594, 0.6996384024414063], "bbox_max": [0.47763640389379713, 3.0109990074295405, 2.004508397558594], "center": [0.22109639000000003, 2.888631, 1.3520734]}}
{"scene_id": "0326_840493", "object_label": "shower head", "preset": "left", "distance": 1.5, "init_camera": {"intrinsics": [[320.0, 0.0, 320.0], [0.0, 320.0, 240.0], [0.0, 0.0, 1.0]], "extrinsics": [[-0.17364817766693047, 0.2913169398205692, -0.9407341553098478, 1.0095492932750307], [0.984807753012208, 0.05136703642779059, -0.16587681325511375, 3.0276565198653094], [0.0, -0.955246496011477, -0.295810973186924, 1.6], [0.0, 0.0, 0.0, 1.0]]}, "target_region": {"type": "circle", "params": {"center": [0.22109639000000003, 2.888631], "radius": 1.5, "object_center": [0.22109639000000003, 2.888631, 1.3520734], "sample_distance": 1.5, "min_distance": 1.3048699951171878, "requested_distance": 1.5}, "sample_point": [0.36737048322686083, 1.3957800731989818, 1.5], "sample_forward": [-0.09704529902119578, 0.990429415007786, -0.09814165183662645], "height": 1.5}, "sample_target": [0.36737048322686083, 1.3957800731989818, 1.5], "camera_params": {"forward": [-0.09704529902119578, 0.990429415007786, -0.09814165183662645]}, "task_type": "absolute_positioning", "task_description": "Move to any position 1.5m from shower head", "target_object": {"label": "shower head", "id": "159", "bbox_min": [-0.035443623893797065, 2.7662629925704594, 0.6996384024414063], "bbox_max": [0.47763640389379713, 3.0109990074295405, 2.004508397558594], "center": [0.22109639000000003, 2.888631, 1.3520734]}}
{"scene_id": "0326_840493", "object_label": "shower head", "preset": "occupancy_20", "distance": 4.119312454062581, "init_camera": {"intrinsics": [[320.0, 0.0, 320.0], [0.0, 320.0, 240.0], [0.0, 0.0, 1.0]], "extrinsics": [[-0.17364817766693047, 0.2913169398205692, -0.9407341553098478, 1.0095492932750307], [0.984807753012208, 0.05136703642779059, -0.16587681325511375, 3.0276565198653094], [0.0, -0.955246496011477, -0.295810973186924, 1.6], [0.0, 0.0, 0.0, 1.0]]}, "target_region": {"type": "circle", "params": {"center": [0.22109639000000003, 2.888631], "radius": 4.119312454062581, "object_center": [0.22109639000000003, 2.888631, 1.3520734], "object_height": 1.3048699951171878, "occupancy_ratio": 0.2, "fov_vertical": 90.0, "sample_distance": 4.119312454062581, "min_distance": 1.3048699951171878}, "sample_point": [-2.2812492156189212, 6.160786492062497, 1.5], "sample_forward": [0.6070755069591349, -0.7938333736684776, -0.035887375223507406], "height": 1.5}, "sample_target": [-2.2812492156189212, 6.160786492062497, 1.5], "camera_params": {"forward": [0.6070755069591349, -0.7938333736684776, -0.035887375223507406]}, "task_type": "screen_occupancy", "task_description": "Position where shower head occupies 20% of vertical FOV", "target_object": {"label": "shower head", "id": "159", "bbox_min": [-0.035443623893797065, 2.7662629925704594, 0.6996384024414063], "bbox_max": [0.47763640389379713, 3.0109990074295405, 2.004508397558594], "center": [0.22109639000000003, 2.888631, 1.3520734]}}
{"scene_id": "0326_840493", "object_label": "shower head", "preset": "occupancy_30", "distance": 2.717587345329753, "init_camera": {"intrinsics": [[320.0, 0.0, 320.0], [0.0, 320.0, 240.0], [0.0, 0.0, 1.0]], "extrinsics": [[-0.17364817766693047, 0.2913169398205692, -0.9407341553098478, 1.0095492932750307], [0.984807753012208, 0.05136703642779059, -0.16587681325511375, 3.0276565198653094], [0.0, -0.955246496011477, -0.295810973186924, 1.6], [0.0, 0.0, 0.0, 1.0]]}, "target_region": {"type": "circle", "params": {"center": [0.22109639000000003, 2.888631], "radius": 2.717587345329753, "object_center": [0.22109639000000003, 2.888631, 1.3520734], "object_height": 1.3048699951171878, "occupancy_ratio": 0.3, "fov_vertical": 90.0, "sample_distance": 2.717587345329753, "min_distance": 1.3048699951171878}, "sample_point": [-2.3913250305757026, 3.637320054824259, 1.5], "sample_forward": [0.9598807400442647, -0.275090457591402, -0.054352599148777804], "height": 1.5}, "sample_target": [-2.3913250305757026, 3.637320054824259, 1.5], "camera_params": {"forward": [0.9598807400442647, -0.275090457591402, -0.054352599148777804]}, "task_type": "screen_occupancy", "task_description": "Position where shower head occupies 30% of vertical FOV", "target_object": {"label": "shower head", "id": "159", "bbox_min": [-0.035443623893797065, 2.7662629925704594, 0.6996384024414063], "bbox_max": [0.47763640389379713, 3.0109990074295405, 2.004508397558594], "center": [0.22109639000000003, 2.888631, 1.3520734]}}
