{"scene_id": "0332_840473", "object_label": "shower head", "preset": "back", "distance": 1.3618599853515625, "init_camera": {"intrinsics": [[320.0, 0.0, 320.0], [0.0, 320.0, 240.0], [0.0, 0.0, 1.0]], "extrinsics": [[-0.9848077530122081, -0.037042010098674895, 0.16965134569137788, -3.01629281802887], [-0.17364817766693014, 0.2100756784347108, -0.9621405924931918, -0.19746667835784748], [0.0, -0.976983161993105, -0.21331643439255765, 1.6], [0.0, 0.0, 0.0, 1.0]]}, "target_region": {"type": "circle", "params": {"center": [-2.8675828, -1.0408431], "radius": 1.3618599853515625, "object_center": [-2.8675828, -1.0408431, 1.4130148], "sample_distance": 1.3618599853515625, "min_distance": 1.3618599853515625, "requested_distance": 1.0}, "sample_point": [-4.175078742425482, -1.421785326909357, 1.5], "sample_forward": [0.9581285952067444, 0.2791531727788846, -0.06374245974727195], "height": 1.5}, "sample_target": [-4.175078742425482, -1.421785326909357, 1.5], "camera_params": {"forward": [0.9581285952067444, 0.2791531727788846, -0.06374245974727195]}, "task_type": "absolute_positioning", "task_description": "Move to any position 1.4m from shower head", "target_object": {"label": "shower head", "id": "144", "bbox_min": [-3.1341188199908627, -1.2524281183645267, 0.7320848073242187], "bbox_max": [-2.601046780009138, -0.8292580816354734, 2.093944792675781], "center": [-2.8675828, -1.0408431, 1.4130147999999998]}}
{"scene_id": "0332_840473", "object_label": "shower head", "preset": "back", "distance": 1.3618599853515625, "init_camera": {"intrinsics": [[320.0, 0.0, 320.0], [0.0, 320.0, 240.0], [0.0, 0.0, 1.0]], "extrinsics": [[-0.9848077530122081, -0.037042010098674895, 0.16965134569137788, -3.01629281802887], [-0.17364817766693014, 0.2100756784347108, -0.9621405924931918, -0.19746667835784748], [0.0, -0.976983161993105, -0.21331643439255765, 1.6], [0.0, 0.0, 0.0, 1.0]]}, "target_region": {"type": "circle", "params": {"center": [-2.8675828, -1.0408431], "radius": 1.3618599853515625, "object_center": [-2.8675828, -1.0408431, 1.4130148], "sample_distance": 1.3618599853515625, "min_distance": 1.3618599853515625, "requested_distance": 1.2}, "sample_point": [-4.1319058651335325, -0.5347306553070185, 1.5], "sample_forward": [0.9264916570499551, -0.3708774841402423, -0.063742459747272], "height": 1.5}, "sample_target": [-4.1319058651335325, -0.5347306553070185, 1.5], "camera_params": {"forward": [0.9264916570499551, -0.3708774841402423, -0.063742459747272]}, "task_type": "absolute_positioning", "task_description": "Move to any position 1.4m from shower head", "target_object": {"label": "shower head", "id": "144", "bbox_min": [-3.1341188199908627, -1.2524281183645267, 0.7320848073242187], "bbox_max": [-2.601046780009138, -0.8292580816354734, 2.093944792675781], "center": [-2.8675828, -1.0408431, 1.4130147999999998]}}
{"scene_id": "0332_840473", "object_label": "shower head", "preset": "back", "distance": 1.5, "init_camera": {"intrinsics": [[320.0, 0.0, 320.0], [0.0, 320.0, 240.0], [0.0, 0.0, 1.0]], "extrinsics": [[-0.9848077530122081, -0.037042010098674895, 0.16965134569137788, -3.01629281802887], [-0.17364817766693014, 0.2100756784347108, -0.9621405924931918, -0.19746667835784748], [0.0, -0.976983161993105, -0.21331643439255765, 1.6], [0.0, 0.0, 0.0, 1.0]]}, "target_region": {"type": "circle", "params": {"center": [-2.8675828, -1.0408431], "radius": 1.5, "object_center": [-2.8675828, -1.0408431, 1.4130148], "sample_distance": 1.5, "min_distance": 1.3618599853515625, "requested_distance": 1.5}, "sample_point": [-4.1137685391853775, -1.8757209973304982, 1.5], "sample_forward": [0.8293970919457795, 0.5556517607306024, -0.057892872349416265], "height": 1.5}, "sample_target": [-4.1137685391853775, -1.8757209973304982, 1.5], "camera_params": {"forward": [0.8293970919457795, 0.5556517607306024, -0.057892872349416265]}, "task_type": "absolute_positioning", "task_description": "Move to any position 1.5m from shower head", "target_object": {"label": "shower head", "id": "144", "bbox_min": [-3.1341188199908627, -1.2524281183645267, 0.7320848073242187], "bbox_max": [-2.601046780009138, -0.8292580816354734, 2.093944792675781], "center": [-2.8675828, -1.0408431, 1.4130147999999998]}}
{"scene_id": "0332_840473", "object_label": "shower head", "preset": "occupancy_20", "distance": 4.299222772644381, "init_camera": {"intrinsics": [[320.0, 0.0, 320.0], [0.0, 320.0, 240.0], [0.0, 0.0, 1.0]], "extrinsics": [[-0.9848077530122081, -0.037042010098674895, 0.16965134569137788, -3.01629281802887], [-0.17364817766693014, 0.2100756784347108, -0.9621405924931918, -0.19746667835784748], [0.0, -0.976983161993105, -0.21331643439255765, 1.6], [0.0, 0.0, 0.0, 1.0]]}, "target_region": {"type": "circle", "params": {"center": [-2.8675828, -1.0408431], "radius": 4.299222772644381, "object_center": [-2.8675828, -1.0408431, 1.4130148], "object_height": 1.3618599853515625, "occupancy_ratio": 0.2, "fov_vertical": 90.0, "sample_distance": 4.299222772644381, "min_distance": 1.3618599853515625}, "sample_point": [0.09168146938059163, 2.077821908107057, 1.5], "sample_forward": [-0.6881845631091328, -0.7252536173584535, -0.020228633339154367], "height": 1.5}, "sample_target": [0.09168146938059163, 2.077821908107057, 1.5], "camera_params": {"forward": [-0.6881845631091328, -0.7252536173584535, -0.020228633339154367]}, "task_type": "screen_occupancy", "task_description": "Position where shower head occupies 20% of vertical FOV", "target_object": {"label": "shower head", "id": "144", "bbox_min": [-3.1341188199908627, -1.2524281183645267, 0.7320848073242187], "bbox_max": [-2.601046780009138, -0.8292580816354734, 2.093944792675781], "center": [-2.8675828, -1.0408431, 1.4130147999999998]}}
{"scene_id": "0332_840473", "object_label": "shower head", "preset": "occupancy_50", "distance": 1.6439104233444835, "init_camera": {"intrinsics": [[320.0, 0.0, 320.0], [0.0, 320.0, 240.0], [0.0, 0.0, 1.0]], "extrinsics": [[-0.9848077530122081, -0.037042010098674895, 0.16965134569137788, -3.01629281802887], [-0.17364817766693014, 0.2100756784347108, -0.9621405924931918, -0.19746667835784748], [0.0, -0.976983161993105, -0.21331643439255765, 1.6], [0.0, 0.0, 0.0, 1.0]]}, "target_region": {"type": "circle", "params": {"center": [-2.8675828, -1.0408431], "radius": 1.6439104233444835, "object_center": [-2.8675828, -1.0408431, 1.4130148], "object_height": 1.3618599853515625, "occupancy_ratio": 0.5, "fov_vertical": 90.0, "sample_distance": 1.6439104233444835, "min_distance": 1.3618599853515625}, "sample_point": [-4.49369589802837, -0.7996011625156209, 1.5], "sample_forward": [0.9877919194681385, -0.14654382697786386, -0.05283966888742253], "height": 1.5}, "sample_target": [-4.49369589802837, -0.7996011625156209, 1.5], "camera_params": {"forward": [0.9877919194681385, -0.14654382697786386, -0.05283966888742253]}, "task_type": "screen_occupancy", "task_description": "Position where shower head occupies 50% of vertical FOV", "target_object": {"label": "shower head", "id": "144", "bbox_min": [-3.1341188199908627, -1.2524281183645267, 0.7320848073242187], "bbox_max": [-2.601046780009138, -0.8292580816354734, 2.093944792675781], "center": [-2.8675828, -1.0408431, 1.4130147999999998]}}
{"scene_id": "0332_840473", "object_label": "shower head", "preset": "right", "distance": 1.3618599853515625, "init_camera": {"intrinsics": [[320.0, 0.0, 320.0], [0.0, 320.0, 240.0], [0.0, 0.0, 1.0]], "extrinsics": [[0.0, -0.21331643439255762, 0.976983161993105, -3.7239696623724146], [-1.0, -0.0, 0.0, -1.0408431], [0.0, -0.976983161993105, -0.21331643439255762, 1.6], [0.0, 0.0, 0.0, 1.0]]}, "target_region": {"type": "circle", "params": {"center": [-2.8675828, -1.0408431], "radius": 1.3618599853515625, "object_center": [-2.8675828, -1.0408431, 1.4130148], "sample_distance": 1.3618599853515625, "min_distance": 1.3618599853515625, "requested_distance": 1.0}, "sample_point": [-2.80796643946162, 0.31971138595707327, 1.5], "sample_forward": [-0.04368666694905054, -0.9970097160791614, -0.06374245974727197], "height": 1.5}, "sample_target": [-2.80796643946162, 0.31971138595707327, 1.5], "camera_params": {"forward": [-0.04368666694905054, -0.9970097160791614, -0.06374245974727197]}, "task_type": "absolute_positioning", "task_description": "Move to any position 1.4m from shower head", "target_object": {"label": "shower head", "id": "144", "bbox_min": [-3.1341188199908627, -1.2524281183645267, 0.7320848073242187], "bbox_max": [-2.601046780009138, -0.8292580816354734, 2.093944792675781], "center": [-2.8675828, -1.0408431, 1.4130147999999998]}}
{"scene_id": "0332_840473", "object_label": "shower head", "preset": "back", "distance": 1.5, "init_camera": {"intrinsics": [[320.0, 0.0, 320.0], [0.0, 320.0, 240.0], [0.0, 0.0, 1.0]], "extrinsics": [[0.0, -0.21331643439255762, 0.976983161993105, -3.7239696623724146], [-1.0, -0.0, 0.0, -1.0408431], [0.0, -0.976983161993105, -0.21331643439255762, 1.6], [0.0, 0.0, 0.0, 1.0]]}, "target_region": {"type": "circle", "params": {"center": [-2.8675828, -1.0408431], "radius": 1.5, "object_center": [-2.8675828, -1.0408431, 1.4130148], "sample_distance": 1.5, "min_distance": 1.3618599853515625, "requested_distance": 1.5}, "sample_point": [-4.154038749272671, -0.2694605162058423, 1.5], "sample_forward": [0.8561988712377493, -0.5133925478835257, -0.057892872349416244], "height": 1.5}, "sample_target": [-4.154038749272671, -0.2694605162058423, 1.5], "camera_params": {"forward": [0.8561988712377493, -0.5133925478835257, -0.057892872349416244]}, "task_type": "absolute_positioning", "task_description": "Move to any position 1.5m from shower head", "target_object": {"label": "shower head", "id": "144", "bbox_min": [-3.1341188199908627, -1.2524281183645267, 0.7320848073242187], "bbox_max": [-2.601046780009138, -0.8292580816354734, 2.093944792675781], "center": [-2.8675828, -1.0408431, 1.4130147999999998]}}
{"scene_id": "0332_840473", "object_label": "shower head", "preset": "occupancy_20", "distance": 4.299222772644381, "init_camera": {"intrinsics": [[320.0, 0.0, 320.0], [0.0, 320.0, 240.0], [0.0, 0.0, 1.0]], "extrinsics": [[0.0, -0.21331643439255762, 0.976983161993105, -3.7239696623724146], [-1.0, -0.0, 0.0, -1.0408431], [0.0, -0.976983161993105, -0.21331643439255762, 1.6], [0.0, 0.0, 0.0, 1.0]]}, "target_region": {"type": "circle", "params": {"center": [-2.8675828, -1.0408431], "radius": 4.299222772644381, "object_center": [-2.8675828, -1.0408431, 1.4130148], "object_height": 1.3618599853515625, "occupancy_ratio": 0.2, "fov_vertical": 90.0, "sample_distance": 4.299222772644381, "min_distance": 1.3618599853515625}, "sample_point": [1.1556995706203725, 0.4745827197217545, 1.5], "sample_forward": [-0.9356247257598224, -0.35241619562682874, -0.020228633339154367], "height": 1.5}, "sample_target": [1.1556995706203725, 0.4745827197217545, 1.5], "camera_params": {"forward": [-0.9356247257598224, -0.35241619562682874, -0.020228633339154367]}, "task_type": "screen_occupancy", "task_description": "Position where shower head occupies 20% of vertical FOV", "target_object": {"label": "shower head", "id": "144", "bbox_min": [-3.1341188199908627, -1.2524281183645267, 0.7320848073242187], "bbox_max": [-2.601046780009138, -0.8292580816354734, 2.093944792675781], "center": [-2.8675828, -1.0408431, 1.4130147999999998]}}
{"scene_id": "0332_840473", "object_label": "shower head", "preset": "occupancy_30", "distance": 2.836277541940101, "init_camera": {"intrinsics": [[320.0, 0.0, 320.0], [0.0, 320.0, 240.0], [0.0, 0.0, 1.0]], "extrinsics": [[0.0, -0.21331643439255762, 0.976983161993105, -3.7239696623724146], [-1.0, -0.0, 0.0, -1.0408431], [0.0, -0.976983161993105, -0.21331643439255762, 1.6], [0.0, 0.0, 0.0, 1.0]]}, "target_region": {"type": "circle", "params": {"center": [-2.8675828, -1.0408431], "radius": 2.836277541940101, "object_center": [-2.8675828, -1.0408431, 1.4130148], "object_height": 1.3618599853515625, "occupancy_ratio": 0.3, "fov_vertical": 90.0, "sample_distance": 2.836277541940101, "min_distance": 1.3618599853515625}, "sample_point": [-5.609584383835907, -0.3156551180565881, 1.5], "sample_forward": [0.9663063376725635, -0.25556285127143513, -0.030654376911820786], "height": 1.5}, "sample_target": [-5.609584383835907, -0.3156551180565881, 1.5], "camera_params": {"forward": [0.9663063376725635, -0.25556285127143513, -0.030654376911820786]}, "task_type": "screen_occupancy", "task_description": "Position where shower head occupies 30% of vertical FOV", "target_object": {"label": "shower head", "id": "144", "bbox_min": [-3.1341188199908627, -1.2524281183645267, 0.7320848073242187], "bbox_max": [-2.601046780009138, -0.8292580816354734, 2.093944792675781], "center": [-2.8675828, -1.0408431, 1.4130147999999998]}}
{"scene_id": "0332_840473", "object_label": "shower head", "preset": "occupancy_50", "distance": 1.6439104233444835, "init_camera": {"intrinsics": [[320.0, 0.0, 320.0], [0.0, 320.0, 240.0], [0.0, 0.0, 1.0]], "extrinsics": [[0.0, -0.21331643439255762, 0.976983161993105, -3.7239696623724146], [-1.0, -0.0, 0.0, -1.0408431], [0.0, -0.976983161993105, -0.21331643439255762, 1.6], [0.0, 0.0, 0.0, 1.0]]}, "target_region": {"type": "circle", "params": {"center": [-2.8675828, -1.0408431], "radius": 1.6439104233444835, "object_center": [-2.8675828, -1.0408431, 1.4130148], "object_height": 1.3618599853515625, "occupancy_ratio": 0.5, "fov_vertical": 90.0, "sample_distance": 1.6439104233444835, "min_distance": 1.3618599853515625}, "sample_point": [-3.154451290260814, -2.6595302066627173, 1.5], "sample_forward": [0.1742599435262114, 0.9832809575467782, -0.052839668887422545], "height": 1.5}, "sample_target": [-3.154451290260814, -2.6595302066627173, 1.5], "camera_params": {"forward": [0.1742599435262114, 0.9832809575467782, -0.052839668887422545]}, "task_type": "screen_occupancy", "task_description": "Position where shower head occupies 50% of vertical FOV", "target_object": {"label": "shower head", "id": "144", "bbox_min": [-3.1341188199908627, -1.2524281183645267, 0.7320848073242187], "bbox_max": [-2.601046780009138, -0.8292580816354734, 2.093944792675781], "center": [-2.8675828, -1.0408431, 1.4130147999999998]}}
{"scene_id": "0332_840473", "object_label": "shower head", "preset": "left", "distance": 1.3618599853515625, "init_camera": {"intrinsics": [[320.0, 0.0, 320.0], [0.0, 320.0, 240.0], [0.0, 0.0, 1.0]], "extrinsics": [[-0.17364817766693064, -0.21007567843471078, 0.9621405924931917, -3.7109592216421525], [-0.984807753012208, 0.037042010098675006, -0.16965134569137838, -0.8921330819711297], [0.0, -0.976983161993105, -0.21331643439255765, 1.6], [0.0, 0.0, 0.0, 1.0]]}, "target_region": {"type": "circle", "params": {"center": [-2.8675828, -1.0408431], "radius": 1.3618599853515625, "object_center": [-2.8675828, -1.0408431, 1.4130148], "sample_distance": 1.3618599853515625, "min_distance": 1.3618599853515625, "requested_distance": 0.8}, "sample_point": [-2.841657943855364, -2.402456305552751, 1.5], "sample_forward": [-0.01899764671752518, 0.9977855422106313, -0.06374245974727197], "height": 1.5}, "sample_target": [-2.841657943855364, -2.402456305552751, 1.5], "camera_params": {"forward": [-0.01899764671752518, 0.9977855422106313, -0.06374245974727197]}, "task_type": "absolute_positioning", "task_description": "Move to any position 1.4m from shower head", "target_object": {"label": "shower head", "id": "144", "bbox_min": [-3.1341188199908627, -1.2524281183645267, 0.7320848073242187], "bbox_max": [-2.601046780009138, -0.8292580816354734, 2.093944792675781], "center": [-2.8675828, -1.0408431, 1.4130147999999998]}}
{"scene_id": "0332_840473", "object_label": "shower head", "preset": "front", "distance": 1.3618599853515625, "init_camera": {"intrinsics": [[320.0, 0.0, 320.0], [0.0, 320.0, 240.0], [0.0, 0.0, 1.0]], "extrinsics": [[-0.17364817766693064, -0.21007567843471078, 0.9621405924931917, -3.7109592216421525], [-0.984807753012208, 0.037042010098675006, -0.16965134569137838, -0.8921330819711297], [0.0, -0.976983161993105, -0.21331643439255765, 1.6], [0.0, 0.0, 0.0, 1.0]]}, "target_region": {"type": "circle", "params": {"center": [-2.8675828, -1.0408431], "radius": 1.3618599853515625, "object_center": [-2.8675828, -1.0408431, 1.4130148], "sample_distance": 1.3618599853515625, "min_distance": 1.3618599853515625, "requested_distance": 1.0}, "sample_point": [-1.8489920064437182, -0.13688767245716948, 1.5], "sample_forward": [-0.7464198812809897, -0.6624154735917941, -0.06374245974727198], "height": 1.5}, "sample_target": [-1.8489920064437182, -0.13688767245716948, 1.5], "camera_params": {"forward": [-0.7464198812809897, -0.6624154735917941, -0.06374245974727198]}, "task_type": "absolute_positioning", "task_description": "Move to any position 1.4m from shower head", "target_object": {"label": "shower head", "id": "144", "bbox_min": [-3.1341188199908627, -1.2524281183645267, 0.7320848073242187], "bbox_max": [-2.601046780009138, -0.8292580816354734, 2.093944792675781], "center": [-2.8675828, -1.0408431, 1.4130147999999998]}}
{"scene_id": "0332_840473", "object_label": "shower head", "preset": "right", "distance": 1.5, "init_camera": {"intrinsics": [[320.0, 0.0, 320.0], [0.0, 320.0, 240.0], [0.0, 0.0, 1.0]], "extrinsics": [[-0.17364817766693064, -0.21007567843471078, 0.9621405924931917, -3.7109592216421525], [-0.984807753012208, 0.037042010098675006, -0.16965134569137838, -0.8921330819711297], [0.0, -0.976983161993105, -0.21331643439255765, 1.6], [0.0, 0.0, 0.0, 1.0]]}, "target_region": {"type": "circle", "params": {"center": [-2.8675828, -1.0408431], "radius": 1.5, "object_center": [-2.8675828, -1.0408431, 1.4130148], "sample_distance": 1.5, "min_distance": 1.3618599853515625, "requested_distance": 1.5}, "sample_point": [-2.935004225639442, 0.4576409177208247, 1.5], "sample_forward": [0.044872231002054015, -0.9973138413839611, -0.05789287234941625], "height": 1.5}, "sample_target": [-2.935004225639442, 0.4576409177208247, 1.5], "camera_params": {"forward": [0.044872231002054015, -0.9973138413839611, -0.05789287234941625]}, "task_type": "absolute_positioning", "task_description": "Move to any position 1.5m from shower head", "target_object": {"label": "shower head", "id": "144", "bbox_min": [-3.1341188199908627, -1.2524281183645267, 0.7320848073242187], "bbox_max": [-2.601046780009138, -0.8292580816354734, 2.093944792675781], "center": [-2.8675828, -1.0408431, 1.4130147999999998]}}
{"scene_id": "0332_840473", "object_label": "shower head", "preset": "occupancy_20", "distance": 4.299222772644381, "init_camera": {"intrinsics": [[320.0, 0.0, 320.0], [0.0, 320.0, 240.0], [0.0, 0.0, 1.0]], "extrinsics": [[-0.17364817766693064, -0.21007567843471078, 0.9621405924931917, -3.7109592216421525], [-0.984807753012208, 0.037042010098675006, -0.16965134569137838, -0.8921330819711297], [0.0, -0.976983161993105, -0.21331643439255765, 1.6], [0.0, 0.0, 0.0, 1.0]]}, "target_region": {"type": "circle", "params": {"center": [-2.8675828, -1.0408431], "radius": 4.299222772644381, "object_center": [-2.8675828, -1.0408431, 1.4130148], "object_height": 1.3618599853515625, "occupancy_ratio": 0.2, "fov_vertical": 90.0, "sample_distance": 4.299222772644381, "min_distance": 1.3618599853515625}, "sample_point": [1.2750629414862091, 0.10885369018870561, 1.5], "sample_forward": [-0.9633829865141864, -0.2673649634642447, -0.020228633339154367], "height": 1.5}, "sample_target": [1.2750629414862091, 0.10885369018870561, 1.5], "camera_params": {"forward": [-0.9633829865141864, -0.2673649634642447, -0.020228633339154367]}, "task_type": "screen_occupancy", "task_description": "Position where shower head occupies 20% of vertical FOV", "target_object": {"label": "shower head", "id": "144", "bbox_min": [-3.1341188199908627, -1.2524281183645267, 0.7320848073242187], "bbox_max": [-2.601046780009138, -0.8292580816354734, 2.093944792675781], "center": [-2.8675828, -1.0408431, 1.4130147999999998]}}
{"scene_id": "0332_840473", "object_label": "shower head", "preset": "occupancy_30", "distance": 2.836277541940101, "init_camera": {"intrinsics": [[320.0, 0.0, 320.0], [0.0, 320.0, 240.0], [0.0, 0.0, 1.0]], "extrinsics": [[-0.17364817766693064, -0.21007567843471078, 0.9621405924931917, -3.7109592216421525], [-0.984807753012208, 0.037042010098675006, -0.16965134569137838, -0.8921330819711297], [0.0, -0.976983161993105, -0.21331643439255765, 1.6], [0.0, 0.0, 0.0, 1.0]]}, "target_region": {"type": "circle", "params": {"center": [-2.8675828, -1.0408431], "radius": 2.836277541940101, "object_center": [-2.8675828, -1.0408431, 1.4130148], "object_height": 1.3618599853515625, "occupancy_ratio": 0.3, "fov_vertical": 90.0, "sample_distance": 2.836277541940101, "min_distance": 1.3618599853515625}, "sample_point": [-2.5283283382499673, 1.7750717966359897, 1.5], "sample_forward": [-0.11955636291578793, -0.9923540624507446, -0.030654376911820786], "height": 1.5}, "sample_target": [-2.5283283382499673, 1.7750717966359897, 1.5], "camera_params": {"forward": [-0.11955636291578793, -0.9923540624507446, -0.030654376911820786]}, "task_type": "screen_occupancy", "task_description": "Position where shower head occupies 30% of vertical FOV", "target_object": {"label": "shower head", "id": "144", "bbox_min": [-3.1341188199908627, -1.2524281183645267, 0.7320848073242187], "bbox_max": [-2.601046780009138, -0.8292580816354734, 2.093944792675781], "center": [-2.8675828, -1.0408431, 1.4130147999999998]}}
{"scene_id": "0332_840473", "object_label": "shower head", "preset": "occupancy_50", "distance": 1.6439104233444835, "init_camera": {"intrinsics": [[320.0, 0.0, 320.0], [0.0, 320.0, 240.0], [0.0, 0.0, 1.0]], "extrinsics": [[-0.17364817766693064, -0.21007567843471078, 0.9621405924931917, -3.7109592216421525], [-0.984807753012208, 0.037042010098675006, -0.16965134569137838, -0.8921330819711297], [0.0, -0.976983161993105, -0.21331643439255765, 1.6], [0.0, 0.0, 0.0, 1.0]]}, "target_region": {"type": "circle", "params": {"center": [-2.8675828, -1.0408431], "radius": 1.6439104233444835, "object_center": [-2.8675828, -1.0408431, 1.4130148], "object_height": 1.3618599853515625, "occupancy_ratio": 0.5, "fov_vertical": 90.0, "sample_distance": 1.6439104233444835, "min_distance": 1.3618599853515625}, "sample_point": [-3.6867900073549764, -2.4660943169432796, 1.5], "sample_forward": [0.497632213144616, 0.8657771941051917, -0.05283966888742253], "height": 1.5}, "sample_target": [-3.6867900073549764, -2.4660943169432796, 1.5], "camera_params": {"forward": [0.497632213144616, 0.8657771941051917, -0.05283966888742253]}, "task_type": "screen_occupancy", "task_description": "Position where shower head occupies 50% of vertical FOV", "target_object": {"label": "shower head", "id": "144", "bbox_min": [-3.1341188199908627, -1.2524281183645267, 0.7320848073242187], "bbox_max": [-2.601046780009138, -0.8292580816354734, 2.093944792675781], "center": [-2.8675828, -1.0408431, 1.4130147999999998]}}
{"scene_id": "0332_840473", "object_label": "shower head", "preset": "occupancy_20", "distance": 4.299222772644381, "init_camera": {"intrinsics": [[320.0, 0.0, 320.0], [0.0, 320.0, 240.0], [0.0, 0.0, 1.0]], "extrinsics": [[-0.8660254037844388, -0.08603416376794386, 0.49254250848505504, -3.402824588982759], [-0.49999999999999983, 0.1490155428327803, -0.8531086495835406, -0.11377712714780164], [0.0, -0.9850850169701104, -0.17206832753588777, 1.6], [0.0, 0.0, 0.0, 1.0]]}, "target_region": {"type": "circle", "params": {"center": [-2.8675828, -1.0408431], "radius": 4.299222772644381, "object_center": [-2.8675828, -1.0408431, 1.4130148], "object_height": 1.3618599853515625, "occupancy_ratio": 0.2, "fov_vertical": 90.0, "sample_distance": 4.299222772644381, "min_distance": 1.3618599853515625}, "sample_point": [-7.146648043558749, -0.6250100924217923, 1.5], "sample_forward": [0.9951076947143794, -0.0967030419038798, -0.020228633339154367], "height": 1.5}, "sample_target": [-7.146648043558749, -0.6250100924217923, 1.5], "camera_params": {"forward": [0.9951076947143794, -0.0967030419038798, -0.020228633339154367]}, "task_type": "screen_occupancy", "task_description": "Position where shower head occupies 20% of vertical FOV", "target_object": {"label": "shower head", "id": "144", "bbox_min": [-3.1341188199908627, -1.2524281183645267, 0.7320848073242187], "bbox_max": [-2.601046780009138, -0.8292580816354734, 2.093944792675781], "center": [-2.8675828, -1.0408431, 1.4130147999999998]}}
{"scene_id": "0332_840473", "object_label": "shower head", "preset": "occupancy_30", "distance": 2.836277541940101, "init_camera": {"intrinsics": [[320.0, 0.0, 320.0], [0.0, 320.0, 240.0], [0.0, 0.0, 1.0]], "extrinsics": [[-0.8660254037844388, -0.08603416376794386, 0.49254250848505504, -3.402824588982759], [-0.49999999999999983, 0.1490155428327803, -0.8531086495835406, -0.11377712714780164], [0.0, -0.9850850169701104, -0.17206832753588777, 1.6], [0.0, 0.0, 0.0, 1.0]]}, "target_region": {"type": "circle", "params": {"center": [-2.8675828, -1.0408431], "radius": 2.836277541940101, "object_center": [-2.8675828, -1.0408431, 1.4130148], "object_height": 1.3618599853515625, "occupancy_ratio": 0.3, "fov_vertical": 90.0, "sample_distance": 2.836277541940101, "min_distance": 1.3618599853515625}, "sample_point": [-5.677562696846206, -1.4261783750968569, 1.5], "sample_forward": [0.9902625144572053, 0.135795661333643, -0.030654376911820786], "height": 1.5}, "sample_target": [-5.677562696846206, -1.4261783750968569, 1.5], "camera_params": {"forward": [0.9902625144572053, 0.135795661333643, -0.030654376911820786]}, "task_type": "screen_occupancy", "task_description": "Position where shower head occupies 30% of vertical FOV", "target_object": {"label": "shower head", "id": "144", "bbox_min": [-3.1341188199908627, -1.2524281183645267, 0.7320848073242187], "bbox_max": [-2.601046780009138, -0.8292580816354734, 2.093944792675781], "center": [-2.8675828, -1.0408431, 1.4130147999999998]}}
{"scene_id": "0332_840473", "object_label": "shower head", "preset": "occupancy_20", "distance": 4.299222772644381, "init_camera": {"intrinsics": [[320.0, 0.0, 320.0], [0.0, 320.0, 240.0], [0.0, 0.0, 1.0]], "extrinsics": [[-0.984807753012208, -0.02987935151080338, 0.1710582180438567, -3.0534703225360875], [-0.17364817766693022, 0.16945422300518628, -0.9701193620883273, 0.013377427052690516], [0.0, -0.9850850169701103, -0.17206832753588777, 1.6], [0.0, 0.0, 0.0, 1.0]]}, "target_region": {"type": "circle", "params": {"center": [-2.8675828, -1.0408431], "radius": 4.299222772644381, "object_center": [-2.8675828, -1.0408431, 1.4130148], "object_height": 1.3618599853515625, "occupancy_ratio": 0.2, "fov_vertical": 90.0, "sample_distance": 4.299222772644381, "min_distance": 1.3618599853515625}, "sample_point": [1.2218518783548715, -2.367432885989862, 1.5], "sample_forward": [-0.9510086160963404, 0.30850188735849526, -0.020228633339154367], "height": 1.5}, "sample_target": [1.2218518783548715, -2.367432885989862, 1.5], "camera_params": {"forward": [-0.9510086160963404, 0.30850188735849526, -0.020228633339154367]}, "task_type": "screen_occupancy", "task_description": "Position where shower head occupies 20% of vertical FOV", "target_object": {"label": "shower head", "id": "144", "bbox_min": [-3.1341188199908627, -1.2524281183645267, 0.7320848073242187], "bbox_max": [-2.601046780009138, -0.8292580816354734, 2.093944792675781], "center": [-2.8675828, -1.0408431, 1.4130147999999998]}}
{"scene_id": "0332_840473", "object_label": "shower head", "preset": "occupancy_30", "distance": 2.836277541940101, "init_camera": {"intrinsics": [[320.0, 0.0, 320.0], [0.0, 320.0, 240.0], [0.0, 0.0, 1.0]], "extrinsics": [[-0.984807753012208, -0.02987935151080338, 0.1710582180438567, -3.0534703225360875], [-0.17364817766693022, 0.16945422300518628, -0.9701193620883273, 0.013377427052690516], [0.0, -0.9850850169701103, -0.17206832753588777, 1.6], [0.0, 0.0, 0.0, 1.0]]}, "target_region": {"type": "circle", "params": {"center": [-2.8675828, -1.0408431], "radius": 2.836277541940101, "object_center": [-2.8675828, -1.0408431, 1.4130148], "object_height": 1.3618599853515625, "occupancy_ratio": 0.3, "fov_vertical": 90.0, "sample_distance": 2.836277541940101, "min_distance": 1.3618599853515625}, "sample_point": [-5.444813452469761, 0.14336653468638816, 1.5], "sample_forward": [0.908239560402297, -0.4173262633676322, -0.03065437691182079], "height": 1.5}, "sample_target": [-5.444813452469761, 0.14336653468638816, 1.5], "camera_params": {"forward": [0.908239560402297, -0.4173262633676322, -0.03065437691182079]}, "task_type": "screen_occupancy", "task_description": "Position where shower head occupies 30% of vertical FOV", "target_object": {"label": "shower head", "id": "144", "bbox_min": [-3.1341188199908627, -1.2524281183645267, 0.7320848073242187], "bbox_max": [-2.601046780009138, -0.8292580816354734, 2.093944792675781], "center": [-2.8675828, -1.0408431, 1.4130147999999998]}}
{"scene_id": "0332_840473", "object_label": "washing_machine", "preset": "right", "distance": 1.5, "init_camera": {"intrinsics": [[320.0, 0.0, 320.0], [0.0, 320.0, 240.0], [0.0, 0.0, 1.0]], "extrinsics": [[1.0, 0.0, 0.0, -3.9558853641539997], [-0.0, -0.5598673376553834, 0.8285822615930617, -5.1904135117840005], [0.0, -0.8285822615930617, -0.5598673376553834, 0.9817349999999999], [0.0, 0.0, 0.0, 1.0]]}, "target_region": {"type": "circle", "params": {"center": [-3.9558853641539997, -4.390413511784001], "radius": 1.5, "object_center": [-3.9558853641539997, -4.390413511784001, 0.4411805], "sample_distance": 1.5, "min_distance": 0.8811089999999999, "requested_distance": 1.5}, "sample_point": [-4.644391392446057, -3.05776222618619, 1.5], "sample_forward": [0.3749920071042374, -0.7258231007737577, -0.5766817328397903], "height": 1.5}, "sample_target": [-4.644391392446057, -3.05776222618619, 1.5], "camera_params": {"forward": [0.3749920071042374, -0.7258231007737577, -0.5766817328397903]}, "task_type": "absolute_positioning", "task_description": "Move to any position 1.5m from washing_machine", "target_object": {"label": "washing_machine", "id": "163", "bbox_min": [-4.25794184684, -4.6084386478886, 0.0006259999999999764], "bbox_max": [-3.6538288814680002, -4.1723883756794, 0.8817349999999999], "center": [-3.9558853641539997, -4.390413511784001, 0.4411805]}}
{"scene_id": "0332_840473", "object_label": "washing_machine", "preset": "occupancy_20", "distance": 2.781551641671906, "init_camera": {"intrinsics": [[320.0, 0.0, 320.0], [0.0, 320.0, 240.0], [0.0, 0.0, 1.0]], "extrinsics": [[1.0, 0.0, 0.0, -3.9558853641539997], [-0.0, -0.5598673376553834, 0.8285822615930617, -5.1904135117840005], [0.0, -0.8285822615930617, -0.5598673376553834, 0.9817349999999999], [0.0, 0.0, 0.0, 1.0]]}, "target_region": {"type": "circle", "params": {"center": [-3.9558853641539997, -4.390413511784001], "radius": 2.781551641671906, "object_center": [-3.9558853641539997, -4.390413511784001, 0.4411805], "object_height": 0.8811089999999999, "occupancy_ratio": 0.2, "fov_vertical": 90.0, "sample_distance": 2.781551641671906, "min_distance": 0.8811089999999999}, "sample_point": [-3.834631300387754, -7.169321028652428, 1.5], "sample_forward": [-0.04074040296431953, 0.9336908679287703, -0.3557549475590246], "height": 1.5}, "sample_target": [-3.834631300387754, -7.169321028652428, 1.5], "camera_params": {"forward": [-0.04074040296431953, 0.9336908679287703, -0.3557549475590246]}, "task_type": "screen_occupancy", "task_description": "Position where washing_machine occupies 20% of vertical FOV", "target_object": {"label": "washing_machine", "id": "163", "bbox_min": [-4.25794184684, -4.6084386478886, 0.0006259999999999764], "bbox_max": [-3.6538288814680002, -4.1723883756794, 0.8817349999999999], "center": [-3.9558853641539997, -4.390413511784001, 0.4411805]}}
{"scene_id": "0332_840473", "object_label": "washing_machine", "preset": "occupancy_30", "distance": 1.8350415575622987, "init_camera": {"intrinsics": [[320.0, 0.0, 320.0], [0.0, 320.0, 240.0], [0.0, 0.0, 1.0]], "extrinsics": [[1.0, 0.0, 0.0, -3.9558853641539997], [-0.0, -0.5598673376553834, 0.8285822615930617, -5.1904135117840005], [0.0, -0.8285822615930617, -0.5598673376553834, 0.9817349999999999], [0.0, 0.0, 0.0, 1.0]]}, "target_region": {"type": "circle", "params": {"center": [-3.9558853641539997, -4.390413511784001], "radius": 1.8350415575622987, "object_center": [-3.9558853641539997, -4.390413511784001, 0.4411805], "object_height": 0.8811089999999999, "occupancy_ratio": 0.3, "fov_vertical": 90.0, "sample_distance": 1.8350415575622987, "min_distance": 0.8811089999999999}, "sample_point": [-2.3881527440895782, -3.436688210679636, 1.5], "sample_forward": [-0.739984340011283, -0.45016718951779855, -0.4997726263209224], "height": 1.5}, "sample_target": [-2.3881527440895782, -3.436688210679636, 1.5], "camera_params": {"forward": [-0.739984340011283, -0.45016718951779855, -0.4997726263209224]}, "task_type": "screen_occupancy", "task_description": "Position where washing_machine occupies 30% of vertical FOV", "target_object": {"label": "washing_machine", "id": "163", "bbox_min": [-4.25794184684, -4.6084386478886, 0.0006259999999999764], "bbox_max": [-3.6538288814680002, -4.1723883756794, 0.8817349999999999], "center": [-3.9558853641539997, -4.390413511784001, 0.4411805]}}
{"scene_id": "0332_840473", "object_label": "basin cabinet", "preset": "front", "distance": 1.5999959062079996, "init_camera": {"intrinsics": [[320.0, 0.0, 320.0], [0.0, 320.0, 240.0], [0.0, 0.0, 1.0]], "extrinsics": [[0.9848077530122081, 0.07580195108141748, -0.15622981091743038, -3.304824317263154], [0.1736481776669299, -0.429894227059595, 0.8860232863383376, -5.348503937378926], [-0.0, -0.8996916236984114, -0.43652603845236565, 0.934811], [0.0, 0.0, 0.0, 1.0]]}, "target_region": {"type": "circle", "params": {"center": [-3.49, -4.29832045443815], "radius": 1.5999959062079996, "object_center": [-3.49, -4.29832045443815, 0.4174065], "sample_distance": 1.5999959062079996, "min_distance": 1.5999959062079996, "requested_distance": 0.8}, "sample_point": [-1.9900362843485062, -4.855182871567662, 1.5], "sample_forward": [-0.7764440975115621, 0.28825533070873943, -0.5603957777833904], "height": 1.5}, "sample_target": [-1.9900362843485062, -4.855182871567662, 1.5], "camera_params": {"forward": [-0.7764440975115621, 0.28825533070873943, -0.5603957777833904]}, "task_type": "absolute_positioning", "task_description": "Move to any position 1.6m from basin cabinet", "target_object": {"label": "basin cabinet", "id": "168", "bbox_min": [-4.289997953104, -4.5886404531866, 1.9999999999527062e-06], "bbox_max": [-2.690002046896, -4.0080004556897, 0.834811], "center": [-3.49, -4.29832045443815, 0.41740649999999996]}}
{"scene_id": "0332_840473", "object_label": "basin cabinet", "preset": "back", "distance": 1.5999959062079996, "init_camera": {"intrinsics": [[320.0, 0.0, 320.0], [0.0, 320.0, 240.0], [0.0, 0.0, 1.0]], "extrinsics": [[0.9848077530122081, 0.07580195108141748, -0.15622981091743038, -3.304824317263154], [0.1736481776669299, -0.429894227059595, 0.8860232863383376, -5.348503937378926], [-0.0, -0.8996916236984114, -0.43652603845236565, 0.934811], [0.0, 0.0, 0.0, 1.0]]}, "target_region": {"type": "circle", "params": {"center": [-3.49, -4.29832045443815], "radius": 1.5999959062079996, "object_center": [-3.49, -4.29832045443815, 0.4174065], "sample_distance": 1.5999959062079996, "min_distance": 1.5999959062079996, "requested_distance": 1.0}, "sample_point": [-4.634333467110647, -5.416572579825303, 1.5], "sample_forward": [0.592354972891519, 0.5788541770888732, -0.5603957777833904], "height": 1.5}, "sample_target": [-4.634333467110647, -5.416572579825303, 1.5], "camera_params": {"forward": [0.592354972891519, 0.5788541770888732, -0.5603957777833904]}, "task_type": "absolute_positioning", "task_description": "Move to any position 1.6m from basin cabinet", "target_object": {"label": "basin cabinet", "id": "168", "bbox_min": [-4.289997953104, -4.5886404531866, 1.9999999999527062e-06], "bbox_max": [-2.690002046896, -4.0080004556897, 0.834811], "center": [-3.49, -4.29832045443815, 0.41740649999999996]}}
{"scene_id": "0332_840473", "object_label": "basin cabinet", "preset": "occupancy_20", "distance": 2.6353882941071793, "init_camera": {"intrinsics": [[320.0, 0.0, 320.0], [0.0, 320.0, 240.0], [0.0, 0.0, 1.0]], "extrinsics": [[0.9848077530122081, 0.07580195108141748, -0.15622981091743038, -3.304824317263154], [0.1736481776669299, -0.429894227059595, 0.8860232863383376, -5.348503937378926], [-0.0, -0.8996916236984114, -0.43652603845236565, 0.934811], [0.0, 0.0, 0.0, 1.0]]}, "target_region": {"type": "circle", "params": {"center": [-3.49, -4.29832045443815], "radius": 2.6353882941071793, "object_center": [-3.49, -4.29832045443815, 0.4174065], "object_height": 0.834809, "occupancy_ratio": 0.2, "fov_vertical": 90.0, "sample_distance": 2.6353882941071793, "min_distance": 1.5999959062079996}, "sample_point": [-1.1009636749079372, -3.18576623189088, 1.5], "sample_forward": [-0.8385278392459816, -0.39049539702608116, -0.37997948327627984], "height": 1.5}, "sample_target": [-1.1009636749079372, -3.18576623189088, 1.5], "camera_params": {"forward": [-0.8385278392459816, -0.39049539702608116, -0.37997948327627984]}, "task_type": "screen_occupancy", "task_description": "Position where basin cabinet occupies 20% of vertical FOV", "target_object": {"label": "basin cabinet", "id": "168", "bbox_min": [-4.289997953104, -4.5886404531866, 1.9999999999527062e-06], "bbox_max": [-2.690002046896, -4.0080004556897, 0.834811], "center": [-3.49, -4.29832045443815, 0.41740649999999996]}}
{"scene_id": "0332_840473", "object_label": "basin cabinet", "preset": "occupancy_30", "distance": 1.7386148678847058, "init_camera": {"intrinsics": [[320.0, 0.0, 320.0], [0.0, 320.0, 240.0], [0.0, 0.0, 1.0]], "extrinsics": [[0.9848077530122081, 0.07580195108141748, -0.15622981091743038, -3.304824317263154], [0.1736481776669299, -0.429894227059595, 0.8860232863383376, -5.348503937378926], [-0.0, -0.8996916236984114, -0.43652603845236565, 0.934811], [0.0, 0.0, 0.0, 1.0]]}, "target_region": {"type": "circle", "params": {"center": [-3.49, -4.29832045443815], "radius": 1.7386148678847058, "object_center": [-3.49, -4.29832045443815, 0.4174065], "object_height": 0.834809, "occupancy_ratio": 0.3, "fov_vertical": 90.0, "sample_distance": 1.7386148678847058, "min_distance": 1.5999959062079996}, "sample_point": [-1.7530242595611476, -4.222842404935979, 1.5], "sample_forward": [-0.8480835179750723, -0.036852379835497794, -0.5285794629376792], "height": 1.5}, "sample_target": [-1.7530242595611476, -4.222842404935979, 1.5], "camera_params": {"forward": [-0.8480835179750723, -0.036852379835497794, -0.5285794629376792]}, "task_type": "screen_occupancy", "task_description": "Position where basin cabinet occupies 30% of vertical FOV", "target_object": {"label": "basin cabinet", "id": "168", "bbox_min": [-4.289997953104, -4.5886404531866, 1.9999999999527062e-06], "bbox_max": [-2.690002046896, -4.0080004556897, 0.834811], "center": [-3.49, -4.29832045443815, 0.41740649999999996]}}
