{"scene_id": "0003_839989", "object_label": "wardrobe", "preset": "occupancy_20", "distance": 9.028664674264798, "init_camera": {"intrinsics": [[320.0, 0.0, 320.0], [0.0, 320.0, 240.0], [0.0, 0.0, 1.0]], "extrinsics": [[0.17364817766693008, -0.07631765278175369, 0.9818461825901439, 4.994601935252783], [-0.9848077530122081, -0.01345686128976359, 0.17312597289625198, 0.1891533614114399], [0.0, -0.9969927425804622, -0.07749497559124885, 1.6], [0.0, 0.0, 0.0, 1.0]]}, "target_region": {"type": "circle", "params": {"center": [7.148468699573814, 0.5689381848124777], "radius": 9.028664674264798, "object_center": [7.148468699573814, 0.5689381848124777, 1.429999998688658], "object_height": 2.8600000026226833, "occupancy_ratio": 0.2, "fov_vertical": 90.0, "sample_distance": 9.028664674264798, "min_distance": 2.8600000026226833}, "sample_point": [9.012817987088996, 9.403019208578261, 1.5], "sample_forward": [-0.2064860446127578, -0.9784188298841856, -0.007752851619843885], "height": 1.5}, "sample_target": [9.012817987088996, 9.403019208578261, 1.5], "camera_params": {"forward": [-0.2064860446127578, -0.9784188298841856, -0.007752851619843885]}, "task_type": "screen_occupancy", "task_description": "Position where wardrobe occupies 20% of vertical FOV", "target_object": {"label": "wardrobe", "id": "23", "bbox_min": [6.796951999147629, -0.7003118303750449, -2.622683496156242e-09], "bbox_max": [7.4999854, 1.8381882, 2.86], "center": [7.148468699573814, 0.5689381848124776, 1.4299999986886582]}}
{"scene_id": "0003_839989", "object_label": "wardrobe", "preset": "occupancy_30", "distance": 5.956378676691428, "init_camera": {"intrinsics": [[320.0, 0.0, 320.0], [0.0, 320.0, 240.0], [0.0, 0.0, 1.0]], "extrinsics": [[0.17364817766693008, -0.07631765278175369, 0.9818461825901439, 4.994601935252783], [-0.9848077530122081, -0.01345686128976359, 0.17312597289625198, 0.1891533614114399], [0.0, -0.9969927425804622, -0.07749497559124885, 1.6], [0.0, 0.0, 0.0, 1.0]]}, "target_region": {"type": "circle", "params": {"center": [7.148468699573814, 0.5689381848124777], "radius": 5.956378676691428, "object_center": [7.148468699573814, 0.5689381848124777, 1.429999998688658], "object_height": 2.8600000026226833, "occupancy_ratio": 0.3, "fov_vertical": 90.0, "sample_distance": 5.956378676691428, "min_distance": 2.8600000026226833}, "sample_point": [9.883205400463227, 5.860408879898374, 1.5], "sample_forward": [-0.45909570543874323, -0.8883090905164007, -0.011751295827598958], "height": 1.5}, "sample_target": [9.883205400463227, 5.860408879898374, 1.5], "camera_params": {"forward": [-0.45909570543874323, -0.8883090905164007, -0.011751295827598958]}, "task_type": "screen_occupancy", "task_description": "Position where wardrobe occupies 30% of vertical FOV", "target_object": {"label": "wardrobe", "id": "23", "bbox_min": [6.796951999147629, -0.7003118303750449, -2.622683496156242e-09], "bbox_max": [7.4999854, 1.8381882, 2.86], "center": [7.148468699573814, 0.5689381848124776, 1.4299999986886582]}}
{"scene_id": "0003_839989", "object_label": "wardrobe", "preset": "occupancy_20", "distance": 9.028664674264798, "init_camera": {"intrinsics": [[320.0, 0.0, 320.0], [0.0, 320.0, 240.0], [0.0, 0.0, 1.0]], "extrinsics": [[0.17364817766693, -0.061120228013305876, 0.9829092674914384, 4.456135244172525], [-0.9848077530122081, -0.010777145265799143, 0.17331342344713394, 0.09420715556118048], [0.0, -0.9980722272799306, -0.06206310604923538, 1.6], [0.0, 0.0, 0.0, 1.0]]}, "target_region": {"type": "circle", "params": {"center": [7.148468699573814, 0.5689381848124777], "radius": 9.028664674264798, "object_center": [7.148468699573814, 0.5689381848124777, 1.429999998688658], "object_height": 2.8600000026226833, "occupancy_ratio": 0.2, "fov_vertical": 90.0, "sample_distance": 9.028664674264798, "min_distance": 2.8600000026226833}, "sample_point": [14.279798620078088, 6.106168482103496, 1.5], "sample_forward": [-0.7898305955726386, -0.6132760582226667, -0.007752851619843885], "height": 1.5}, "sample_target": [14.279798620078088, 6.106168482103496, 1.5], "camera_params": {"forward": [-0.7898305955726386, -0.6132760582226667, -0.007752851619843885]}, "task_type": "screen_occupancy", "task_description": "Position where wardrobe occupies 20% of vertical FOV", "target_object": {"label": "wardrobe", "id": "23", "bbox_min": [6.796951999147629, -0.7003118303750449, -2.622683496156242e-09], "bbox_max": [7.4999854, 1.8381882, 2.86], "center": [7.148468699573814, 0.5689381848124776, 1.4299999986886582]}}
{"scene_id": "0003_839989", "object_label": "wardrobe", "preset": "occupancy_30", "distance": 5.956378676691428, "init_camera": {"intrinsics": [[320.0, 0.0, 320.0], [0.0, 320.0, 240.0], [0.0, 0.0, 1.0]], "extrinsics": [[0.17364817766693, -0.061120228013305876, 0.9829092674914384, 4.456135244172525], [-0.9848077530122081, -0.010777145265799143, 0.17331342344713394, 0.09420715556118048], [0.0, -0.9980722272799306, -0.06206310604923538, 1.6], [0.0, 0.0, 0.0, 1.0]]}, "target_region": {"type": "circle", "params": {"center": [7.148468699573814, 0.5689381848124777], "radius": 5.956378676691428, "object_center": [7.148468699573814, 0.5689381848124777, 1.429999998688658], "object_height": 2.8600000026226833, "occupancy_ratio": 0.3, "fov_vertical": 90.0, "sample_distance": 5.956378676691428, "min_distance": 2.8600000026226833}, "sample_point": [7.594493516731107, -5.370717428320672, 1.5], "sample_forward": [-0.07487670678110157, 0.9971235559488048, -0.011751295827598958], "height": 1.5}, "sample_target": [7.594493516731107, -5.370717428320672, 1.5], "camera_params": {"forward": [-0.07487670678110157, 0.9971235559488048, -0.011751295827598958]}, "task_type": "screen_occupancy", "task_description": "Position where wardrobe occupies 30% of vertical FOV", "target_object": {"label": "wardrobe", "id": "23", "bbox_min": [6.796951999147629, -0.7003118303750449, -2.622683496156242e-09], "bbox_max": [7.4999854, 1.8381882, 2.86], "center": [7.148468699573814, 0.5689381848124776, 1.4299999986886582]}}
{"scene_id": "0003_839989", "object_label": "wardrobe", "preset": "occupancy_50", "distance": 3.4523253973593846, "init_camera": {"intrinsics": [[320.0, 0.0, 320.0], [0.0, 320.0, 240.0], [0.0, 0.0, 1.0]], "extrinsics": [[0.17364817766693, -0.061120228013305876, 0.9829092674914384, 4.456135244172525], [-0.9848077530122081, -0.010777145265799143, 0.17331342344713394, 0.09420715556118048], [0.0, -0.9980722272799306, -0.06206310604923538, 1.6], [0.0, 0.0, 0.0, 1.0]]}, "target_region": {"type": "circle", "params": {"center": [7.148468699573814, 0.5689381848124777], "radius": 3.4523253973593846, "object_center": [7.148468699573814, 0.5689381848124777, 1.429999998688658], "object_height": 2.8600000026226833, "occupancy_ratio": 0.5, "fov_vertical": 90.0, "sample_distance": 3.4523253973593846, "min_distance": 2.8600000026226833}, "sample_point": [4.818900745982988, 3.1168125535471845, 1.5], "sample_forward": [0.6746435989287336, -0.7378652041860002, -0.02027202200172204], "height": 1.5}, "sample_target": [4.818900745982988, 3.1168125535471845, 1.5], "camera_params": {"forward": [0.6746435989287336, -0.7378652041860002, -0.02027202200172204]}, "task_type": "screen_occupancy", "task_description": "Position where wardrobe occupies 50% of vertical FOV", "target_object": {"label": "wardrobe", "id": "23", "bbox_min": [6.796951999147629, -0.7003118303750449, -2.622683496156242e-09], "bbox_max": [7.4999854, 1.8381882, 2.86], "center": [7.148468699573814, 0.5689381848124776, 1.4299999986886582]}}
{"scene_id": "0003_839989", "object_label": "wardrobe", "preset": "occupancy_20", "distance": 9.028664674264798, "init_camera": {"intrinsics": [[320.0, 0.0, 320.0], [0.0, 320.0, 240.0], [0.0, 0.0, 1.0]], "extrinsics": [[-0.3420201433256689, -0.07282145671108062, 0.936866723179965, 5.093272953604291], [-0.9396926207859083, 0.026504842658738138, -0.3409916007120214, 1.3169682619359078], [0.0, -0.9969927425804622, -0.07749497559124882, 1.6], [0.0, 0.0, 0.0, 1.0]]}, "target_region": {"type": "circle", "params": {"center": [7.148468699573814, 0.5689381848124777], "radius": 9.028664674264798, "object_center": [7.148468699573814, 0.5689381848124777, 1.429999998688658], "object_height": 2.8600000026226833, "occupancy_ratio": 0.2, "fov_vertical": 90.0, "sample_distance": 9.028664674264798, "min_distance": 2.8600000026226833}, "sample_point": [8.961050282699862, -8.275909683004658, 1.5], "sample_forward": [-0.2007525114226111, 0.9796113119239055, -0.007752851619843887], "height": 1.5}, "sample_target": [8.961050282699862, -8.275909683004658, 1.5], "camera_params": {"forward": [-0.2007525114226111, 0.9796113119239055, -0.007752851619843887]}, "task_type": "screen_occupancy", "task_description": "Position where wardrobe occupies 20% of vertical FOV", "target_object": {"label": "wardrobe", "id": "23", "bbox_min": [6.796951999147629, -0.7003118303750449, -2.622683496156242e-09], "bbox_max": [7.4999854, 1.8381882, 2.86], "center": [7.148468699573814, 0.5689381848124776, 1.4299999986886582]}}
{"scene_id": "0003_839989", "object_label": "wardrobe", "preset": "occupancy_30", "distance": 5.956378676691428, "init_camera": {"intrinsics": [[320.0, 0.0, 320.0], [0.0, 320.0, 240.0], [0.0, 0.0, 1.0]], "extrinsics": [[-0.3420201433256689, -0.07282145671108062, 0.936866723179965, 5.093272953604291], [-0.9396926207859083, 0.026504842658738138, -0.3409916007120214, 1.3169682619359078], [0.0, -0.9969927425804622, -0.07749497559124882, 1.6], [0.0, 0.0, 0.0, 1.0]]}, "target_region": {"type": "circle", "params": {"center": [7.148468699573814, 0.5689381848124777], "radius": 5.956378676691428, "object_center": [7.148468699573814, 0.5689381848124777, 1.429999998688658], "object_height": 2.8600000026226833, "occupancy_ratio": 0.3, "fov_vertical": 90.0, "sample_distance": 5.956378676691428, "min_distance": 2.8600000026226833}, "sample_point": [2.149613138705396, 3.807748154804422, 1.5], "sample_forward": [0.8391861342106126, -0.5437173339107554, -0.011751295827598958], "height": 1.5}, "sample_target": [2.149613138705396, 3.807748154804422, 1.5], "camera_params": {"forward": [0.8391861342106126, -0.5437173339107554, -0.011751295827598958]}, "task_type": "screen_occupancy", "task_description": "Position where wardrobe occupies 30% of vertical FOV", "target_object": {"label": "wardrobe", "id": "23", "bbox_min": [6.796951999147629, -0.7003118303750449, -2.622683496156242e-09], "bbox_max": [7.4999854, 1.8381882, 2.86], "center": [7.148468699573814, 0.5689381848124776, 1.4299999986886582]}}
{"scene_id": "0003_839989", "object_label": "wardrobe", "preset": "occupancy_50", "distance": 3.4523253973593846, "init_camera": {"intrinsics": [[320.0, 0.0, 320.0], [0.0, 320.0, 240.0], [0.0, 0.0, 1.0]], "extrinsics": [[-0.3420201433256689, -0.07282145671108062, 0.936866723179965, 5.093272953604291], [-0.9396926207859083, 0.026504842658738138, -0.3409916007120214, 1.3169682619359078], [0.0, -0.9969927425804622, -0.07749497559124882, 1.6], [0.0, 0.0, 0.0, 1.0]]}, "target_region": {"type": "circle", "params": {"center": [7.148468699573814, 0.5689381848124777], "radius": 3.4523253973593846, "object_center": [7.148468699573814, 0.5689381848124777, 1.429999998688658], "object_height": 2.8600000026226833, "occupancy_ratio": 0.5, "fov_vertical": 90.0, "sample_distance": 3.4523253973593846, "min_distance": 2.8600000026226833}, "sample_point": [4.833473038968868, 3.1300601539176, 1.5], "sample_forward": [0.6704234583788585, -0.7417017133452589, -0.020272022001722043], "height": 1.5}, "sample_target": [4.833473038968868, 3.1300601539176, 1.5], "camera_params": {"forward": [0.6704234583788585, -0.7417017133452589, -0.020272022001722043]}, "task_type": "screen_occupancy", "task_description": "Position where wardrobe occupies 50% of vertical FOV", "target_object": {"label": "wardrobe", "id": "23", "bbox_min": [6.796951999147629, -0.7003118303750449, -2.622683496156242e-09], "bbox_max": [7.4999854, 1.8381882, 2.86], "center": [7.148468699573814, 0.5689381848124776, 1.4299999986886582]}}
{"scene_id": "0003_839989", "object_label": "wardrobe", "preset": "left", "distance": 2.8600000026226833, "init_camera": {"intrinsics": [[320.0, 0.0, 320.0], [0.0, 320.0, 240.0], [0.0, 0.0, 1.0]], "extrinsics": [[-0.4999999999999999, -0.03165650057085488, 0.865446628031797, 3.1235515792549045], [-0.8660254037844387, 0.018276889126184602, -0.49966584366341177, 2.892725167694533], [0.0, -0.9993316873268238, -0.036553778252369204, 1.6], [0.0, 0.0, 0.0, 1.0]]}, "target_region": {"type": "circle", "params": {"center": [7.148468699573814, 0.5689381848124777], "radius": 2.8600000026226833, "object_center": [7.148468699573814, 0.5689381848124777, 1.429999998688658], "sample_distance": 2.8600000026226833, "min_distance": 2.8600000026226833, "requested_distance": 0.8}, "sample_point": [7.45090867177271, -2.2750256121121737, 1.5], "sample_forward": [-0.10571658184247376, 0.994095222627833, -0.024468197155953726], "height": 1.5}, "sample_target": [7.45090867177271, -2.2750256121121737, 1.5], "camera_params": {"forward": [-0.10571658184247376, 0.994095222627833, -0.024468197155953726]}, "task_type": "absolute_positioning", "task_description": "Move to any position 2.9m from wardrobe", "target_object": {"label": "wardrobe", "id": "23", "bbox_min": [6.796951999147629, -0.7003118303750449, -2.622683496156242e-09], "bbox_max": [7.4999854, 1.8381882, 2.86], "center": [7.148468699573814, 0.5689381848124776, 1.4299999986886582]}}
{"scene_id": "0003_839989", "object_label": "wardrobe", "preset": "left", "distance": 2.8600000026226833, "init_camera": {"intrinsics": [[320.0, 0.0, 320.0], [0.0, 320.0, 240.0], [0.0, 0.0, 1.0]], "extrinsics": [[-0.4999999999999999, -0.03165650057085488, 0.865446628031797, 3.1235515792549045], [-0.8660254037844387, 0.018276889126184602, -0.49966584366341177, 2.892725167694533], [0.0, -0.9993316873268238, -0.036553778252369204, 1.6], [0.0, 0.0, 0.0, 1.0]]}, "target_region": {"type": "circle", "params": {"center": [7.148468699573814, 0.5689381848124777], "radius": 2.8600000026226833, "object_center": [7.148468699573814, 0.5689381848124777, 1.429999998688658], "sample_distance": 2.8600000026226833, "min_distance": 2.8600000026226833, "requested_distance": 1.2}, "sample_point": [5.457053350254889, -1.7372955698381836, 1.5], "sample_forward": [0.5912269066348733, 0.8061340162770059, -0.024468197155953726], "height": 1.5}, "sample_target": [5.457053350254889, -1.7372955698381836, 1.5], "camera_params": {"forward": [0.5912269066348733, 0.8061340162770059, -0.024468197155953726]}, "task_type": "absolute_positioning", "task_description": "Move to any position 2.9m from wardrobe", "target_object": {"label": "wardrobe", "id": "23", "bbox_min": [6.796951999147629, -0.7003118303750449, -2.622683496156242e-09], "bbox_max": [7.4999854, 1.8381882, 2.86], "center": [7.148468699573814, 0.5689381848124776, 1.4299999986886582]}}
{"scene_id": "0003_839989", "object_label": "wardrobe", "preset": "front", "distance": 2.8600000026226833, "init_camera": {"intrinsics": [[320.0, 0.0, 320.0], [0.0, 320.0, 240.0], [0.0, 0.0, 1.0]], "extrinsics": [[-0.4999999999999999, -0.03165650057085488, 0.865446628031797, 3.1235515792549045], [-0.8660254037844387, 0.018276889126184602, -0.49966584366341177, 2.892725167694533], [0.0, -0.9993316873268238, -0.036553778252369204, 1.6], [0.0, 0.0, 0.0, 1.0]]}, "target_region": {"type": "circle", "params": {"center": [7.148468699573814, 0.5689381848124777], "radius": 2.8600000026226833, "object_center": [7.148468699573814, 0.5689381848124777, 1.429999998688658], "sample_distance": 2.8600000026226833, "min_distance": 2.8600000026226833, "requested_distance": 1.5}, "sample_point": [9.61899167113912, 2.0098116219921205, 1.5], "sample_forward": [-0.8635606002021329, -0.5036510668175631, -0.024468197155953726], "height": 1.5}, "sample_target": [9.61899167113912, 2.0098116219921205, 1.5], "camera_params": {"forward": [-0.8635606002021329, -0.5036510668175631, -0.024468197155953726]}, "task_type": "absolute_positioning", "task_description": "Move to any position 2.9m from wardrobe", "target_object": {"label": "wardrobe", "id": "23", "bbox_min": [6.796951999147629, -0.7003118303750449, -2.622683496156242e-09], "bbox_max": [7.4999854, 1.8381882, 2.86], "center": [7.148468699573814, 0.5689381848124776, 1.4299999986886582]}}
{"scene_id": "0003_839989", "object_label": "wardrobe", "preset": "closer", "distance": 3.1475739657641117, "init_camera": {"intrinsics": [[320.0, 0.0, 320.0], [0.0, 320.0, 240.0], [0.0, 0.0, 1.0]], "extrinsics": [[-0.4999999999999999, -0.03165650057085488, 0.865446628031797, 3.1235515792549045], [-0.8660254037844387, 0.018276889126184602, -0.49966584366341177, 2.892725167694533], [0.0, -0.9993316873268238, -0.036553778252369204, 1.6], [0.0, 0.0, 0.0, 1.0]]}, "target_region": {"type": "point", "params": {"delta": 1.5, "start_position": [3.1235515792549045, 2.892725167694533, 1.6], "sample_distance": 3.1475739657641117, "min_distance": 2.8600000026226833, "min_distance_enforced": false}, "sample_point": [4.4225896849315625, 2.1427251676945334, 1.6], "sample_forward": [0.8647650347754362, -0.4992723256133741, -0.053931247959337895], "height": 1.6}, "sample_target": [4.4225896849315625, 2.1427251676945334, 1.6], "camera_params": {"forward": [0.8647650347754362, -0.4992723256133741, -0.053931247959337895]}, "task_type": "delta_control", "task_description": "Move 1.5m toward wardrobe", "target_object": {"label": "wardrobe", "id": "23", "bbox_min": [6.796951999147629, -0.7003118303750449, -2.622683496156242e-09], "bbox_max": [7.4999854, 1.8381882, 2.86], "center": [7.148468699573814, 0.5689381848124776, 1.4299999986886582]}}
{"scene_id": "0003_839989", "object_label": "wardrobe", "preset": "occupancy_20", "distance": 9.028664674264798, "init_camera": {"intrinsics": [[320.0, 0.0, 320.0], [0.0, 320.0, 240.0], [0.0, 0.0, 1.0]], "extrinsics": [[-0.4999999999999999, -0.03165650057085488, 0.865446628031797, 3.1235515792549045], [-0.8660254037844387, 0.018276889126184602, -0.49966584366341177, 2.892725167694533], [0.0, -0.9993316873268238, -0.036553778252369204, 1.6], [0.0, 0.0, 0.0, 1.0]]}, "target_region": {"type": "circle", "params": {"center": [7.148468699573814, 0.5689381848124777], "radius": 9.028664674264798, "object_center": [7.148468699573814, 0.5689381848124777, 1.429999998688658], "object_height": 2.8600000026226833, "occupancy_ratio": 0.2, "fov_vertical": 90.0, "sample_distance": 9.028664674264798, "min_distance": 2.8600000026226833}, "sample_point": [-0.819156975656897, 4.8155517650339466, 1.5], "sample_forward": [0.8824545495046064, -0.47033377653575187, -0.007752851619843885], "height": 1.5}, "sample_target": [-0.819156975656897, 4.8155517650339466, 1.5], "camera_params": {"forward": [0.8824545495046064, -0.47033377653575187, -0.007752851619843885]}, "task_type": "screen_occupancy", "task_description": "Position where wardrobe occupies 20% of vertical FOV", "target_object": {"label": "wardrobe", "id": "23", "bbox_min": [6.796951999147629, -0.7003118303750449, -2.622683496156242e-09], "bbox_max": [7.4999854, 1.8381882, 2.86], "center": [7.148468699573814, 0.5689381848124776, 1.4299999986886582]}}
{"scene_id": "0003_839989", "object_label": "wardrobe", "preset": "occupancy_30", "distance": 5.956378676691428, "init_camera": {"intrinsics": [[320.0, 0.0, 320.0], [0.0, 320.0, 240.0], [0.0, 0.0, 1.0]], "extrinsics": [[-0.4999999999999999, -0.03165650057085488, 0.865446628031797, 3.1235515792549045], [-0.8660254037844387, 0.018276889126184602, -0.49966584366341177, 2.892725167694533], [0.0, -0.9993316873268238, -0.036553778252369204, 1.6], [0.0, 0.0, 0.0, 1.0]]}, "target_region": {"type": "circle", "params": {"center": [7.148468699573814, 0.5689381848124777], "radius": 5.956378676691428, "object_center": [7.148468699573814, 0.5689381848124777, 1.429999998688658], "object_height": 2.8600000026226833, "occupancy_ratio": 0.3, "fov_vertical": 90.0, "sample_distance": 5.956378676691428, "min_distance": 2.8600000026226833}, "sample_point": [6.09270386350927, 6.43100331163203, 1.5], "sample_forward": [0.177237209722177, -0.984098002505985, -0.01175129582759896], "height": 1.5}, "sample_target": [6.09270386350927, 6.43100331163203, 1.5], "camera_params": {"forward": [0.177237209722177, -0.984098002505985, -0.01175129582759896]}, "task_type": "screen_occupancy", "task_description": "Position where wardrobe occupies 30% of vertical FOV", "target_object": {"label": "wardrobe", "id": "23", "bbox_min": [6.796951999147629, -0.7003118303750449, -2.622683496156242e-09], "bbox_max": [7.4999854, 1.8381882, 2.86], "center": [7.148468699573814, 0.5689381848124776, 1.4299999986886582]}}
{"scene_id": "0003_839989", "object_label": "wardrobe", "preset": "occupancy_50", "distance": 3.4523253973593846, "init_camera": {"intrinsics": [[320.0, 0.0, 320.0], [0.0, 320.0, 240.0], [0.0, 0.0, 1.0]], "extrinsics": [[-0.4999999999999999, -0.03165650057085488, 0.865446628031797, 3.1235515792549045], [-0.8660254037844387, 0.018276889126184602, -0.49966584366341177, 2.892725167694533], [0.0, -0.9993316873268238, -0.036553778252369204, 1.6], [0.0, 0.0, 0.0, 1.0]]}, "target_region": {"type": "circle", "params": {"center": [7.148468699573814, 0.5689381848124777], "radius": 3.4523253973593846, "object_center": [7.148468699573814, 0.5689381848124777, 1.429999998688658], "object_height": 2.8600000026226833, "occupancy_ratio": 0.5, "fov_vertical": 90.0, "sample_distance": 3.4523253973593846, "min_distance": 2.8600000026226833}, "sample_point": [10.437297428135972, 1.6187744784491842, 1.5], "sample_forward": [-0.9524458156617913, -0.30403291491597867, -0.020272022001722036], "height": 1.5}, "sample_target": [10.437297428135972, 1.6187744784491842, 1.5], "camera_params": {"forward": [-0.9524458156617913, -0.30403291491597867, -0.020272022001722036]}, "task_type": "screen_occupancy", "task_description": "Position where wardrobe occupies 50% of vertical FOV", "target_object": {"label": "wardrobe", "id": "23", "bbox_min": [6.796951999147629, -0.7003118303750449, -2.622683496156242e-09], "bbox_max": [7.4999854, 1.8381882, 2.86], "center": [7.148468699573814, 0.5689381848124776, 1.4299999986886582]}}
{"scene_id": "0003_839989", "object_label": "wardrobe", "preset": "closer", "distance": 3.0540271502902034, "init_camera": {"intrinsics": [[320.0, 0.0, 320.0], [0.0, 320.0, 240.0], [0.0, 0.0, 1.0]], "extrinsics": [[-0.4999999999999999, -0.04137733823383275, 0.8650363667966122, 4.070590901682882], [-0.8660254037844387, 0.023889217367653523, -0.4994289792288398, 2.345951759957579], [0.0, -0.9988579584576799, -0.04777843473530705, 1.6], [0.0, 0.0, 0.0, 1.0]]}, "target_region": {"type": "point", "params": {"delta": 0.5, "start_position": [4.070590901682882, 2.345951759957579, 1.6], "sample_distance": 3.0540271502902034, "min_distance": 2.8600000026226833, "min_distance_enforced": false}, "sample_point": [4.503603603575102, 2.095951759957579, 1.6], "sample_forward": [0.8646868220907897, -0.4992271694988393, -0.055578169605594904], "height": 1.6}, "sample_target": [4.503603603575102, 2.095951759957579, 1.6], "camera_params": {"forward": [0.8646868220907897, -0.4992271694988393, -0.055578169605594904]}, "task_type": "delta_control", "task_description": "Move 0.5m toward wardrobe", "target_object": {"label": "wardrobe", "id": "23", "bbox_min": [6.796951999147629, -0.7003118303750449, -2.622683496156242e-09], "bbox_max": [7.4999854, 1.8381882, 2.86], "center": [7.148468699573814, 0.5689381848124776, 1.4299999986886582]}}
{"scene_id": "0003_839989", "object_label": "wardrobe", "preset": "closer", "distance": 2.8600000026226833, "init_camera": {"intrinsics": [[320.0, 0.0, 320.0], [0.0, 320.0, 240.0], [0.0, 0.0, 1.0]], "extrinsics": [[-0.4999999999999999, -0.04137733823383275, 0.8650363667966122, 4.070590901682882], [-0.8660254037844387, 0.023889217367653523, -0.4994289792288398, 2.345951759957579], [0.0, -0.9988579584576799, -0.04777843473530705, 1.6], [0.0, 0.0, 0.0, 1.0]]}, "target_region": {"type": "point", "params": {"delta": 0.7, "start_position": [4.070590901682882, 2.345951759957579, 1.6], "sample_distance": 2.8600000026226833, "min_distance": 2.8600000026226833, "min_distance_enforced": true}, "sample_point": [4.671636042479009, 1.998938186123819, 1.6], "sample_forward": [0.8644995340903989, -0.4991190387213976, -0.05933583018135935], "height": 1.6}, "sample_target": [4.671636042479009, 1.998938186123819, 1.6], "camera_params": {"forward": [0.8644995340903989, -0.4991190387213976, -0.05933583018135935]}, "task_type": "delta_control", "task_description": "Move 0.7m toward wardrobe", "target_object": {"label": "wardrobe", "id": "23", "bbox_min": [6.796951999147629, -0.7003118303750449, -2.622683496156242e-09], "bbox_max": [7.4999854, 1.8381882, 2.86], "center": [7.148468699573814, 0.5689381848124776, 1.4299999986886582]}}
{"scene_id": "0003_839989", "object_label": "wardrobe", "preset": "closer", "distance": 2.8600000026226833, "init_camera": {"intrinsics": [[320.0, 0.0, 320.0], [0.0, 320.0, 240.0], [0.0, 0.0, 1.0]], "extrinsics": [[-0.4999999999999999, -0.04137733823383275, 0.8650363667966122, 4.070590901682882], [-0.8660254037844387, 0.023889217367653523, -0.4994289792288398, 2.345951759957579], [0.0, -0.9988579584576799, -0.04777843473530705, 1.6], [0.0, 0.0, 0.0, 1.0]]}, "target_region": {"type": "point", "params": {"delta": 1.0, "start_position": [4.070590901682882, 2.345951759957579, 1.6], "sample_distance": 2.8600000026226833, "min_distance": 2.8600000026226833, "min_distance_enforced": true}, "sample_point": [4.671636042479009, 1.998938186123819, 1.6], "sample_forward": [0.8644995340903989, -0.4991190387213976, -0.05933583018135935], "height": 1.6}, "sample_target": [4.671636042479009, 1.998938186123819, 1.6], "camera_params": {"forward": [0.8644995340903989, -0.4991190387213976, -0.05933583018135935]}, "task_type": "delta_control", "task_description": "Move 1.0m toward wardrobe", "target_object": {"label": "wardrobe", "id": "23", "bbox_min": [6.796951999147629, -0.7003118303750449, -2.622683496156242e-09], "bbox_max": [7.4999854, 1.8381882, 2.86], "center": [7.148468699573814, 0.5689381848124776, 1.4299999986886582]}}
{"scene_id": "0003_839989", "object_label": "wardrobe", "preset": "closer", "distance": 2.8600000026226833, "init_camera": {"intrinsics": [[320.0, 0.0, 320.0], [0.0, 320.0, 240.0], [0.0, 0.0, 1.0]], "extrinsics": [[-0.4999999999999999, -0.04137733823383275, 0.8650363667966122, 4.070590901682882], [-0.8660254037844387, 0.023889217367653523, -0.4994289792288398, 2.345951759957579], [0.0, -0.9988579584576799, -0.04777843473530705, 1.6], [0.0, 0.0, 0.0, 1.0]]}, "target_region": {"type": "point", "params": {"delta": 1.5, "start_position": [4.070590901682882, 2.345951759957579, 1.6], "sample_distance": 2.8600000026226833, "min_distance": 2.8600000026226833, "min_distance_enforced": true}, "sample_point": [4.671636042479009, 1.998938186123819, 1.6], "sample_forward": [0.8644995340903989, -0.4991190387213976, -0.05933583018135935], "height": 1.6}, "sample_target": [4.671636042479009, 1.998938186123819, 1.6], "camera_params": {"forward": [0.8644995340903989, -0.4991190387213976, -0.05933583018135935]}, "task_type": "delta_control", "task_description": "Move 1.5m toward wardrobe", "target_object": {"label": "wardrobe", "id": "23", "bbox_min": [6.796951999147629, -0.7003118303750449, -2.622683496156242e-09], "bbox_max": [7.4999854, 1.8381882, 2.86], "center": [7.148468699573814, 0.5689381848124776, 1.4299999986886582]}}
{"scene_id": "0003_839989", "object_label": "wardrobe", "preset": "occupancy_20", "distance": 9.028664674264798, "init_camera": {"intrinsics": [[320.0, 0.0, 320.0], [0.0, 320.0, 240.0], [0.0, 0.0, 1.0]], "extrinsics": [[-0.4999999999999999, -0.04137733823383275, 0.8650363667966122, 4.070590901682882], [-0.8660254037844387, 0.023889217367653523, -0.4994289792288398, 2.345951759957579], [0.0, -0.9988579584576799, -0.04777843473530705, 1.6], [0.0, 0.0, 0.0, 1.0]]}, "target_region": {"type": "circle", "params": {"center": [7.148468699573814, 0.5689381848124777], "radius": 9.028664674264798, "object_center": [7.148468699573814, 0.5689381848124777, 1.429999998688658], "object_height": 2.8600000026226833, "occupancy_ratio": 0.2, "fov_vertical": 90.0, "sample_distance": 9.028664674264798, "min_distance": 2.8600000026226833}, "sample_point": [-1.7478110161023102, -0.9715140282621761, 1.5], "sample_forward": [0.9853076473169807, 0.1706128173099454, -0.007752851619843885], "height": 1.5}, "sample_target": [-1.7478110161023102, -0.9715140282621761, 1.5], "camera_params": {"forward": [0.9853076473169807, 0.1706128173099454, -0.007752851619843885]}, "task_type": "screen_occupancy", "task_description": "Position where wardrobe occupies 20% of vertical FOV", "target_object": {"label": "wardrobe", "id": "23", "bbox_min": [6.796951999147629, -0.7003118303750449, -2.622683496156242e-09], "bbox_max": [7.4999854, 1.8381882, 2.86], "center": [7.148468699573814, 0.5689381848124776, 1.4299999986886582]}}
{"scene_id": "0003_839989", "object_label": "wardrobe", "preset": "occupancy_30", "distance": 5.956378676691428, "init_camera": {"intrinsics": [[320.0, 0.0, 320.0], [0.0, 320.0, 240.0], [0.0, 0.0, 1.0]], "extrinsics": [[-0.4999999999999999, -0.04137733823383275, 0.8650363667966122, 4.070590901682882], [-0.8660254037844387, 0.023889217367653523, -0.4994289792288398, 2.345951759957579], [0.0, -0.9988579584576799, -0.04777843473530705, 1.6], [0.0, 0.0, 0.0, 1.0]]}, "target_region": {"type": "circle", "params": {"center": [7.148468699573814, 0.5689381848124777], "radius": 5.956378676691428, "object_center": [7.148468699573814, 0.5689381848124777, 1.429999998688658], "object_height": 2.8600000026226833, "occupancy_ratio": 0.3, "fov_vertical": 90.0, "sample_distance": 5.956378676691428, "min_distance": 2.8600000026226833}, "sample_point": [4.6821488170228935, -4.852843180853086, 1.5], "sample_forward": [0.4140350571771919, 0.9101850792419374, -0.011751295827598958], "height": 1.5}, "sample_target": [4.6821488170228935, -4.852843180853086, 1.5], "camera_params": {"forward": [0.4140350571771919, 0.9101850792419374, -0.011751295827598958]}, "task_type": "screen_occupancy", "task_description": "Position where wardrobe occupies 30% of vertical FOV", "target_object": {"label": "wardrobe", "id": "23", "bbox_min": [6.796951999147629, -0.7003118303750449, -2.622683496156242e-09], "bbox_max": [7.4999854, 1.8381882, 2.86], "center": [7.148468699573814, 0.5689381848124776, 1.4299999986886582]}}
{"scene_id": "0003_839989", "object_label": "sofa", "preset": "occupancy_20", "distance": 2.951834641750226, "init_camera": {"intrinsics": [[320.0, 0.0, 320.0], [0.0, 320.0, 240.0], [0.0, 0.0, 1.0]], "extrinsics": [[-0.17364817766693064, -0.4685805983002015, 0.8661862001264967, 5.208850505649342], [-0.9848077530122079, 0.08262340211684074, -0.15273199739964363, -1.185206069040671], [0.0, -0.8795485184566364, -0.4758092093273689, 1.0350493376641876], [0.0, 0.0, 0.0, 1.0]]}, "target_region": {"type": "circle", "params": {"center": [6.241999999999999, -1.3673782], "radius": 2.951834641750226, "object_center": [6.241999999999999, -1.3673782, 0.4675246599999999], "object_height": 0.9350493553283752, "occupancy_ratio": 0.2, "fov_vertical": 90.0, "sample_distance": 2.951834641750226, "min_distance": 1.2360000437228054}, "sample_point": [3.398415801175554, -2.159436693062617, 1.5], "sample_forward": [0.9093089655732126, 0.2532810139042099, -0.3301604657190642], "height": 1.5}, "sample_target": [3.398415801175554, -2.159436693062617, 1.5], "camera_params": {"forward": [0.9093089655732126, 0.2532810139042099, -0.3301604657190642]}, "task_type": "screen_occupancy", "task_description": "Position where sofa occupies 20% of vertical FOV", "target_object": {"label": "sofa", "id": "78", "bbox_min": [5.723256972921869, -1.985378221861403, -1.7664187623722682e-08], "bbox_max": [6.760743027078131, -0.7493781781385975, 0.9350493376641875], "center": [6.242, -1.3673782, 0.4675246599999999]}}
{"scene_id": "0003_839989", "object_label": "sofa", "preset": "occupancy_20", "distance": 2.951834641750226, "init_camera": {"intrinsics": [[320.0, 0.0, 320.0], [0.0, 320.0, 240.0], [0.0, 0.0, 1.0]], "extrinsics": [[-1.0, -0.0, 0.0, 6.242], [-0.0, 0.3971766602457837, -0.9177421754261953, -0.05601883672505048], [0.0, -0.9177421754261953, -0.3971766602457837, 1.0350493376641876], [0.0, 0.0, 0.0, 1.0]]}, "target_region": {"type": "circle", "params": {"center": [6.241999999999999, -1.3673782], "radius": 2.951834641750226, "object_center": [6.241999999999999, -1.3673782, 0.4675246599999999], "object_height": 0.9350493553283752, "occupancy_ratio": 0.2, "fov_vertical": 90.0, "sample_distance": 2.951834641750226, "min_distance": 1.2360000437228054}, "sample_point": [3.4152206926751383, -0.5172920279464454, 1.5], "sample_forward": [0.9039351705885681, -0.27183685226471194, -0.3301604657190642], "height": 1.5}, "sample_target": [3.4152206926751383, -0.5172920279464454, 1.5], "camera_params": {"forward": [0.9039351705885681, -0.27183685226471194, -0.3301604657190642]}, "task_type": "screen_occupancy", "task_description": "Position where sofa occupies 20% of vertical FOV", "target_object": {"label": "sofa", "id": "78", "bbox_min": [5.723256972921869, -1.985378221861403, -1.7664187623722682e-08], "bbox_max": [6.760743027078131, -0.7493781781385975, 0.9350493376641875], "center": [6.242, -1.3673782, 0.4675246599999999]}}
{"scene_id": "0003_839989", "object_label": "sofa", "preset": "occupancy_30", "distance": 1.9473804323862371, "init_camera": {"intrinsics": [[320.0, 0.0, 320.0], [0.0, 320.0, 240.0], [0.0, 0.0, 1.0]], "extrinsics": [[-1.0, -0.0, 0.0, 6.242], [-0.0, 0.3971766602457837, -0.9177421754261953, -0.05601883672505048], [0.0, -0.9177421754261953, -0.3971766602457837, 1.0350493376641876], [0.0, 0.0, 0.0, 1.0]]}, "target_region": {"type": "circle", "params": {"center": [6.241999999999999, -1.3673782], "radius": 1.9473804323862371, "object_center": [6.241999999999999, -1.3673782, 0.4675246599999999], "object_height": 0.9350493553283752, "occupancy_ratio": 0.3, "fov_vertical": 90.0, "sample_distance": 1.9473804323862371, "min_distance": 1.2360000437228054}, "sample_point": [5.3383909757860835, -3.0924234978979954, 1.5], "sample_forward": [0.4099572576676676, 0.782633662046462, -0.4684224566749013], "height": 1.5}, "sample_target": [5.3383909757860835, -3.0924234978979954, 1.5], "camera_params": {"forward": [0.4099572576676676, 0.782633662046462, -0.4684224566749013]}, "task_type": "screen_occupancy", "task_description": "Position where sofa occupies 30% of vertical FOV", "target_object": {"label": "sofa", "id": "78", "bbox_min": [5.723256972921869, -1.985378221861403, -1.7664187623722682e-08], "bbox_max": [6.760743027078131, -0.7493781781385975, 0.9350493376641875], "center": [6.242, -1.3673782, 0.4675246599999999]}}
{"scene_id": "0003_839989", "object_label": "sofa", "preset": "occupancy_20", "distance": 2.951834641750226, "init_camera": {"intrinsics": [[320.0, 0.0, 320.0], [0.0, 320.0, 240.0], [0.0, 0.0, 1.0]], "extrinsics": [[-0.6427876096865393, -0.3644910007900654, 0.6737732550172364, 5.438352357464947], [-0.766044443118978, 0.30584426433038153, -0.5653628897820784, -0.6930377595523464], [0.0, -0.8795485184566365, -0.4758092093273687, 1.0350493376641876], [0.0, 0.0, 0.0, 1.0]]}, "target_region": {"type": "circle", "params": {"center": [6.241999999999999, -1.3673782], "radius": 2.951834641750226, "object_center": [6.241999999999999, -1.3673782, 0.4675246599999999], "object_height": 0.9350493553283752, "occupancy_ratio": 0.2, "fov_vertical": 90.0, "sample_distance": 2.951834641750226, "min_distance": 1.2360000437228054}, "sample_point": [8.948118161426997, -0.18828861534934838, 1.5], "sample_forward": [-0.8653506750752572, -0.3770441300736125, -0.33016046571906427], "height": 1.5}, "sample_target": [8.948118161426997, -0.18828861534934838, 1.5], "camera_params": {"forward": [-0.8653506750752572, -0.3770441300736125, -0.33016046571906427]}, "task_type": "screen_occupancy", "task_description": "Position where sofa occupies 20% of vertical FOV", "target_object": {"label": "sofa", "id": "78", "bbox_min": [5.723256972921869, -1.985378221861403, -1.7664187623722682e-08], "bbox_max": [6.760743027078131, -0.7493781781385975, 0.9350493376641875], "center": [6.242, -1.3673782, 0.4675246599999999]}}
{"scene_id": "0003_839989", "object_label": "sofa", "preset": "occupancy_30", "distance": 1.9473804323862371, "init_camera": {"intrinsics": [[320.0, 0.0, 320.0], [0.0, 320.0, 240.0], [0.0, 0.0, 1.0]], "extrinsics": [[-0.6427876096865393, -0.3644910007900654, 0.6737732550172364, 5.438352357464947], [-0.766044443118978, 0.30584426433038153, -0.5653628897820784, -0.6930377595523464], [0.0, -0.8795485184566365, -0.4758092093273687, 1.0350493376641876], [0.0, 0.0, 0.0, 1.0]]}, "target_region": {"type": "circle", "params": {"center": [6.241999999999999, -1.3673782], "radius": 1.9473804323862371, "object_center": [6.241999999999999, -1.3673782, 0.4675246599999999], "object_height": 0.9350493553283752, "occupancy_ratio": 0.3, "fov_vertical": 90.0, "sample_distance": 1.9473804323862371, "min_distance": 1.2360000437228054}, "sample_point": [6.740249252781669, -3.249939814009835, 1.5], "sample_forward": [-0.22605008563635398, 0.8540970441738147, -0.4684224566749014], "height": 1.5}, "sample_target": [6.740249252781669, -3.249939814009835, 1.5], "camera_params": {"forward": [-0.22605008563635398, 0.8540970441738147, -0.4684224566749014]}, "task_type": "screen_occupancy", "task_description": "Position where sofa occupies 30% of vertical FOV", "target_object": {"label": "sofa", "id": "78", "bbox_min": [5.723256972921869, -1.985378221861403, -1.7664187623722682e-08], "bbox_max": [6.760743027078131, -0.7493781781385975, 0.9350493376641875], "center": [6.242, -1.3673782, 0.4675246599999999]}}
{"scene_id": "0003_839989", "object_label": "sofa", "preset": "occupancy_50", "distance": 1.2360000437228054, "init_camera": {"intrinsics": [[320.0, 0.0, 320.0], [0.0, 320.0, 240.0], [0.0, 0.0, 1.0]], "extrinsics": [[-0.6427876096865393, -0.3644910007900654, 0.6737732550172364, 5.438352357464947], [-0.766044443118978, 0.30584426433038153, -0.5653628897820784, -0.6930377595523464], [0.0, -0.8795485184566365, -0.4758092093273687, 1.0350493376641876], [0.0, 0.0, 0.0, 1.0]]}, "target_region": {"type": "circle", "params": {"center": [6.241999999999999, -1.3673782], "radius": 1.2360000437228054, "object_center": [6.241999999999999, -1.3673782, 0.4675246599999999], "object_height": 0.9350493553283752, "occupancy_ratio": 0.5, "fov_vertical": 90.0, "sample_distance": 1.2360000437228054, "min_distance": 1.2360000437228054}, "sample_point": [6.44336002044756, -0.14789050008329552, 1.5], "sample_forward": [-0.1250297190868987, -0.7572119043870532, -0.641091024114036], "height": 1.5}, "sample_target": [6.44336002044756, -0.14789050008329552, 1.5], "camera_params": {"forward": [-0.1250297190868987, -0.7572119043870532, -0.641091024114036]}, "task_type": "screen_occupancy", "task_description": "Position where sofa occupies 50% of vertical FOV", "target_object": {"label": "sofa", "id": "78", "bbox_min": [5.723256972921869, -1.985378221861403, -1.7664187623722682e-08], "bbox_max": [6.760743027078131, -0.7493781781385975, 0.9350493376641875], "center": [6.242, -1.3673782, 0.4675246599999999]}}
