{"scene_id": "0313_840536", "object_label": "wardrobe", "preset": "occupancy_20", "distance": 5.3666887899576325, "init_camera": {"intrinsics": [[320.0, 0.0, 320.0], [0.0, 320.0, 240.0], [0.0, 0.0, 1.0]], "extrinsics": [[0.6427876096865399, -0.14658628617225108, 0.751888655014618, 17.13835333350355], [-0.7660444431189773, -0.12300049866278331, 0.6309094931091482, 12.476130412845745], [0.0, -0.981520931022326, -0.1913548064854041, 1.6], [0.0, 0.0, 0.0, 1.0]]}, "target_region": {"type": "circle", "params": {"center": [18.120676, 13.300397], "radius": 5.3666887899576325, "object_center": [18.120676, 13.300397, 1.3499999999999999], "object_height": 1.7000000007868048, "occupancy_ratio": 0.2, "fov_vertical": 90.0, "sample_distance": 5.3666887899576325, "min_distance": 1.7000000007868048}, "sample_point": [12.763194528400078, 13.614627567769045, 1.5], "sample_forward": [0.9978946494398534, -0.058529180908867356, -0.027939284197146738], "height": 1.5}, "sample_target": [12.763194528400078, 13.614627567769045, 1.5], "camera_params": {"forward": [0.9978946494398534, -0.058529180908867356, -0.027939284197146738]}, "task_type": "screen_occupancy", "task_description": "Position where wardrobe occupies 20% of vertical FOV", "target_object": {"label": "wardrobe", "id": "92", "bbox_min": [17.945675988547617, 13.020396955195826, 0.49999999960659763], "bbox_max": [18.295676011452382, 13.580397044804176, 2.2000000003934024], "center": [18.120676, 13.300397, 1.35]}}
{"scene_id": "0313_840536", "object_label": "wardrobe", "preset": "occupancy_30", "distance": 3.540504806215494, "init_camera": {"intrinsics": [[320.0, 0.0, 320.0], [0.0, 320.0, 240.0], [0.0, 0.0, 1.0]], "extrinsics": [[0.6427876096865399, -0.14658628617225108, 0.751888655014618, 17.13835333350355], [-0.7660444431189773, -0.12300049866278331, 0.6309094931091482, 12.476130412845745], [0.0, -0.981520931022326, -0.1913548064854041, 1.6], [0.0, 0.0, 0.0, 1.0]]}, "target_region": {"type": "circle", "params": {"center": [18.120676, 13.300397], "radius": 3.540504806215494, "object_center": [18.120676, 13.300397, 1.3499999999999999], "object_height": 1.7000000007868048, "occupancy_ratio": 0.3, "fov_vertical": 90.0, "sample_distance": 3.540504806215494, "min_distance": 1.7000000007868048}, "sample_point": [16.2629439283437, 10.286428547481858, 1.5], "sample_forward": [0.5242379680634122, 0.8505191472237554, -0.0423288677679998], "height": 1.5}, "sample_target": [16.2629439283437, 10.286428547481858, 1.5], "camera_params": {"forward": [0.5242379680634122, 0.8505191472237554, -0.0423288677679998]}, "task_type": "screen_occupancy", "task_description": "Position where wardrobe occupies 30% of vertical FOV", "target_object": {"label": "wardrobe", "id": "92", "bbox_min": [17.945675988547617, 13.020396955195826, 0.49999999960659763], "bbox_max": [18.295676011452382, 13.580397044804176, 2.2000000003934024], "center": [18.120676, 13.300397, 1.35]}}
{"scene_id": "0313_840536", "object_label": "wardrobe", "preset": "occupancy_20", "distance": 5.3666887899576325, "init_camera": {"intrinsics": [[320.0, 0.0, 320.0], [0.0, 320.0, 240.0], [0.0, 0.0, 1.0]], "extrinsics": [[0.1736481776669294, -0.1884476970029765, 0.9666094226145476, 16.857826322523675], [-0.9848077530122082, -0.0332284134339983, 0.17043932101397485, 13.077722529281942], [0.0, -0.981520931022326, -0.1913548064854039, 1.6], [0.0, 0.0, 0.0, 1.0]]}, "target_region": {"type": "circle", "params": {"center": [18.120676, 13.300397], "radius": 5.3666887899576325, "object_center": [18.120676, 13.300397, 1.3499999999999999], "object_height": 1.7000000007868048, "occupancy_ratio": 0.2, "fov_vertical": 90.0, "sample_distance": 5.3666887899576325, "min_distance": 1.7000000007868048}, "sample_point": [20.61557714314454, 8.548890201710327, 1.5], "sample_forward": [-0.46470501388067714, 0.885024658680599, -0.027939284197146738], "height": 1.5}, "sample_target": [20.61557714314454, 8.548890201710327, 1.5], "camera_params": {"forward": [-0.46470501388067714, 0.885024658680599, -0.027939284197146738]}, "task_type": "screen_occupancy", "task_description": "Position where wardrobe occupies 20% of vertical FOV", "target_object": {"label": "wardrobe", "id": "92", "bbox_min": [17.945675988547617, 13.020396955195826, 0.49999999960659763], "bbox_max": [18.295676011452382, 13.580397044804176, 2.2000000003934024], "center": [18.120676, 13.300397, 1.35]}}
{"scene_id": "0313_840536", "object_label": "wardrobe", "preset": "occupancy_30", "distance": 3.540504806215494, "init_camera": {"intrinsics": [[320.0, 0.0, 320.0], [0.0, 320.0, 240.0], [0.0, 0.0, 1.0]], "extrinsics": [[0.1736481776669294, -0.1884476970029765, 0.9666094226145476, 16.857826322523675], [-0.9848077530122082, -0.0332284134339983, 0.17043932101397485, 13.077722529281942], [0.0, -0.981520931022326, -0.1913548064854039, 1.6], [0.0, 0.0, 0.0, 1.0]]}, "target_region": {"type": "circle", "params": {"center": [18.120676, 13.300397], "radius": 3.540504806215494, "object_center": [18.120676, 13.300397, 1.3499999999999999], "object_height": 1.7000000007868048, "occupancy_ratio": 0.3, "fov_vertical": 90.0, "sample_distance": 3.540504806215494, "min_distance": 1.7000000007868048}, "sample_point": [14.957169644171689, 14.890177431213349, 1.5], "sample_forward": [0.892717614793889, -0.4486240376865565, -0.042328867767999795], "height": 1.5}, "sample_target": [14.957169644171689, 14.890177431213349, 1.5], "camera_params": {"forward": [0.892717614793889, -0.4486240376865565, -0.042328867767999795]}, "task_type": "screen_occupancy", "task_description": "Position where wardrobe occupies 30% of vertical FOV", "target_object": {"label": "wardrobe", "id": "92", "bbox_min": [17.945675988547617, 13.020396955195826, 0.49999999960659763], "bbox_max": [18.295676011452382, 13.580397044804176, 2.2000000003934024], "center": [18.120676, 13.300397, 1.35]}}
{"scene_id": "0313_840536", "object_label": "wardrobe", "preset": "occupancy_50", "distance": 2.0520815289668883, "init_camera": {"intrinsics": [[320.0, 0.0, 320.0], [0.0, 320.0, 240.0], [0.0, 0.0, 1.0]], "extrinsics": [[0.1736481776669294, -0.1884476970029765, 0.9666094226145476, 16.857826322523675], [-0.9848077530122082, -0.0332284134339983, 0.17043932101397485, 13.077722529281942], [0.0, -0.981520931022326, -0.1913548064854039, 1.6], [0.0, 0.0, 0.0, 1.0]]}, "target_region": {"type": "circle", "params": {"center": [18.120676, 13.300397], "radius": 2.0520815289668883, "object_center": [18.120676, 13.300397, 1.3499999999999999], "object_height": 1.7000000007868048, "occupancy_ratio": 0.5, "fov_vertical": 90.0, "sample_distance": 2.0520815289668883, "min_distance": 1.7000000007868048}, "sample_point": [17.80312302374153, 15.32775950058949, 1.5], "sample_forward": [0.15433499972070008, -0.9853253294894674, -0.07290200907851715], "height": 1.5}, "sample_target": [17.80312302374153, 15.32775950058949, 1.5], "camera_params": {"forward": [0.15433499972070008, -0.9853253294894674, -0.07290200907851715]}, "task_type": "screen_occupancy", "task_description": "Position where wardrobe occupies 50% of vertical FOV", "target_object": {"label": "wardrobe", "id": "92", "bbox_min": [17.945675988547617, 13.020396955195826, 0.49999999960659763], "bbox_max": [18.295676011452382, 13.580397044804176, 2.2000000003934024], "center": [18.120676, 13.300397, 1.35]}}
{"scene_id": "0313_840536", "object_label": "wardrobe", "preset": "back", "distance": 1.7000000007868048, "init_camera": {"intrinsics": [[320.0, 0.0, 320.0], [0.0, 320.0, 240.0], [0.0, 0.0, 1.0]], "extrinsics": [[0.6427876096865384, -0.18137450425403795, 0.7442629764001891, 17.334817866802837], [-0.7660444431189788, -0.15219127962452486, 0.6245107889963017, 12.640983730276597], [0.0, -0.9715663145729434, -0.23676759995224927, 1.6], [0.0, 0.0, 0.0, 1.0]]}, "target_region": {"type": "circle", "params": {"center": [18.120676, 13.300397], "radius": 1.7000000007868048, "object_center": [18.120676, 13.300397, 1.3499999999999999], "sample_distance": 1.7000000007868048, "min_distance": 1.7000000007868048, "requested_distance": 1.5}, "sample_point": [16.662434153854253, 14.174199449541419, 1.5], "sample_forward": [0.8544695475498761, -0.5120121780080954, -0.08789381025599187], "height": 1.5}, "sample_target": [16.662434153854253, 14.174199449541419, 1.5], "camera_params": {"forward": [0.8544695475498761, -0.5120121780080954, -0.08789381025599187]}, "task_type": "absolute_positioning", "task_description": "Move to any position 1.7m from wardrobe", "target_object": {"label": "wardrobe", "id": "92", "bbox_min": [17.945675988547617, 13.020396955195826, 0.49999999960659763], "bbox_max": [18.295676011452382, 13.580397044804176, 2.2000000003934024], "center": [18.120676, 13.300397, 1.35]}}
{"scene_id": "0313_840536", "object_label": "wardrobe", "preset": "occupancy_20", "distance": 5.3666887899576325, "init_camera": {"intrinsics": [[320.0, 0.0, 320.0], [0.0, 320.0, 240.0], [0.0, 0.0, 1.0]], "extrinsics": [[0.6427876096865384, -0.18137450425403795, 0.7442629764001891, 17.334817866802837], [-0.7660444431189788, -0.15219127962452486, 0.6245107889963017, 12.640983730276597], [0.0, -0.9715663145729434, -0.23676759995224927, 1.6], [0.0, 0.0, 0.0, 1.0]]}, "target_region": {"type": "circle", "params": {"center": [18.120676, 13.300397], "radius": 5.3666887899576325, "object_center": [18.120676, 13.300397, 1.3499999999999999], "object_height": 1.7000000007868048, "occupancy_ratio": 0.2, "fov_vertical": 90.0, "sample_distance": 5.3666887899576325, "min_distance": 1.7000000007868048}, "sample_point": [18.2022700187348, 18.66646548487453, 1.5], "sample_forward": [-0.015197856521459498, -0.9994940828017463, -0.027939284197146745], "height": 1.5}, "sample_target": [18.2022700187348, 18.66646548487453, 1.5], "camera_params": {"forward": [-0.015197856521459498, -0.9994940828017463, -0.027939284197146745]}, "task_type": "screen_occupancy", "task_description": "Position where wardrobe occupies 20% of vertical FOV", "target_object": {"label": "wardrobe", "id": "92", "bbox_min": [17.945675988547617, 13.020396955195826, 0.49999999960659763], "bbox_max": [18.295676011452382, 13.580397044804176, 2.2000000003934024], "center": [18.120676, 13.300397, 1.35]}}
{"scene_id": "0313_840536", "object_label": "wardrobe", "preset": "occupancy_50", "distance": 2.0520815289668883, "init_camera": {"intrinsics": [[320.0, 0.0, 320.0], [0.0, 320.0, 240.0], [0.0, 0.0, 1.0]], "extrinsics": [[0.6427876096865384, -0.18137450425403795, 0.7442629764001891, 17.334817866802837], [-0.7660444431189788, -0.15219127962452486, 0.6245107889963017, 12.640983730276597], [0.0, -0.9715663145729434, -0.23676759995224927, 1.6], [0.0, 0.0, 0.0, 1.0]]}, "target_region": {"type": "circle", "params": {"center": [18.120676, 13.300397], "radius": 2.0520815289668883, "object_center": [18.120676, 13.300397, 1.3499999999999999], "object_height": 1.7000000007868048, "occupancy_ratio": 0.5, "fov_vertical": 90.0, "sample_distance": 2.0520815289668883, "min_distance": 1.7000000007868048}, "sample_point": [16.074275305779658, 13.147809974923844, 1.5], "sample_forward": [0.9945781465888994, 0.07415933791577256, -0.07290200907851709], "height": 1.5}, "sample_target": [16.074275305779658, 13.147809974923844, 1.5], "camera_params": {"forward": [0.9945781465888994, 0.07415933791577256, -0.07290200907851709]}, "task_type": "screen_occupancy", "task_description": "Position where wardrobe occupies 50% of vertical FOV", "target_object": {"label": "wardrobe", "id": "92", "bbox_min": [17.945675988547617, 13.020396955195826, 0.49999999960659763], "bbox_max": [18.295676011452382, 13.580397044804176, 2.2000000003934024], "center": [18.120676, 13.300397, 1.35]}}
{"scene_id": "0313_840536", "object_label": "wardrobe", "preset": "front", "distance": 1.7000000007868048, "init_camera": {"intrinsics": [[320.0, 0.0, 320.0], [0.0, 320.0, 240.0], [0.0, 0.0, 1.0]], "extrinsics": [[0.4999999999999993, -0.20504675635171898, 0.8414011098813927, 17.23225090504287], [-0.866025403784439, -0.11838379997612435, 0.48578315728647103, 12.787464532271684], [0.0, -0.9715663145729435, -0.23676759995224902, 1.6], [0.0, 0.0, 0.0, 1.0]]}, "target_region": {"type": "circle", "params": {"center": [18.120676, 13.300397], "radius": 1.7000000007868048, "object_center": [18.120676, 13.300397, 1.3499999999999999], "sample_distance": 1.7000000007868048, "min_distance": 1.7000000007868048, "requested_distance": 0.8}, "sample_point": [19.818661551457552, 13.217662063506841, 1.5], "sample_forward": [-0.994949465848172, 0.04847925873114162, -0.08789381025599192], "height": 1.5}, "sample_target": [19.818661551457552, 13.217662063506841, 1.5], "camera_params": {"forward": [-0.994949465848172, 0.04847925873114162, -0.08789381025599192]}, "task_type": "absolute_positioning", "task_description": "Move to any position 1.7m from wardrobe", "target_object": {"label": "wardrobe", "id": "92", "bbox_min": [17.945675988547617, 13.020396955195826, 0.49999999960659763], "bbox_max": [18.295676011452382, 13.580397044804176, 2.2000000003934024], "center": [18.120676, 13.300397, 1.35]}}
{"scene_id": "0313_840536", "object_label": "wardrobe", "preset": "right", "distance": 1.7000000007868048, "init_camera": {"intrinsics": [[320.0, 0.0, 320.0], [0.0, 320.0, 240.0], [0.0, 0.0, 1.0]], "extrinsics": [[0.4999999999999993, -0.20504675635171898, 0.8414011098813927, 17.23225090504287], [-0.866025403784439, -0.11838379997612435, 0.48578315728647103, 12.787464532271684], [0.0, -0.9715663145729435, -0.23676759995224902, 1.6], [0.0, 0.0, 0.0, 1.0]]}, "target_region": {"type": "circle", "params": {"center": [18.120676, 13.300397], "radius": 1.7000000007868048, "object_center": [18.120676, 13.300397, 1.3499999999999999], "sample_distance": 1.7000000007868048, "min_distance": 1.7000000007868048, "requested_distance": 1.0}, "sample_point": [17.196259401828122, 14.727090364286619, 1.5], "sample_forward": [0.5416699805147228, -0.8359834390272713, -0.0878938102559919], "height": 1.5}, "sample_target": [17.196259401828122, 14.727090364286619, 1.5], "camera_params": {"forward": [0.5416699805147228, -0.8359834390272713, -0.0878938102559919]}, "task_type": "absolute_positioning", "task_description": "Move to any position 1.7m from wardrobe", "target_object": {"label": "wardrobe", "id": "92", "bbox_min": [17.945675988547617, 13.020396955195826, 0.49999999960659763], "bbox_max": [18.295676011452382, 13.580397044804176, 2.2000000003934024], "center": [18.120676, 13.300397, 1.35]}}
{"scene_id": "0313_840536", "object_label": "wardrobe", "preset": "left", "distance": 1.7000000007868048, "init_camera": {"intrinsics": [[320.0, 0.0, 320.0], [0.0, 320.0, 240.0], [0.0, 0.0, 1.0]], "extrinsics": [[0.4999999999999993, -0.20504675635171898, 0.8414011098813927, 17.23225090504287], [-0.866025403784439, -0.11838379997612435, 0.48578315728647103, 12.787464532271684], [0.0, -0.9715663145729435, -0.23676759995224902, 1.6], [0.0, 0.0, 0.0, 1.0]]}, "target_region": {"type": "circle", "params": {"center": [18.120676, 13.300397], "radius": 1.7000000007868048, "object_center": [18.120676, 13.300397, 1.3499999999999999], "sample_distance": 1.7000000007868048, "min_distance": 1.7000000007868048, "requested_distance": 1.5}, "sample_point": [18.26642893105875, 11.60665673485811, 1.5], "sample_forward": [-0.08540520311155053, 0.9924619032487637, -0.08789381025599187], "height": 1.5}, "sample_target": [18.26642893105875, 11.60665673485811, 1.5], "camera_params": {"forward": [-0.08540520311155053, 0.9924619032487637, -0.08789381025599187]}, "task_type": "absolute_positioning", "task_description": "Move to any position 1.7m from wardrobe", "target_object": {"label": "wardrobe", "id": "92", "bbox_min": [17.945675988547617, 13.020396955195826, 0.49999999960659763], "bbox_max": [18.295676011452382, 13.580397044804176, 2.2000000003934024], "center": [18.120676, 13.300397, 1.35]}}
{"scene_id": "0313_840536", "object_label": "wardrobe", "preset": "occupancy_20", "distance": 5.3666887899576325, "init_camera": {"intrinsics": [[320.0, 0.0, 320.0], [0.0, 320.0, 240.0], [0.0, 0.0, 1.0]], "extrinsics": [[0.4999999999999993, -0.20504675635171898, 0.8414011098813927, 17.23225090504287], [-0.866025403784439, -0.11838379997612435, 0.48578315728647103, 12.787464532271684], [0.0, -0.9715663145729435, -0.23676759995224902, 1.6], [0.0, 0.0, 0.0, 1.0]]}, "target_region": {"type": "circle", "params": {"center": [18.120676, 13.300397], "radius": 5.3666887899576325, "object_center": [18.120676, 13.300397, 1.3499999999999999], "object_height": 1.7000000007868048, "occupancy_ratio": 0.2, "fov_vertical": 90.0, "sample_distance": 5.3666887899576325, "min_distance": 1.7000000007868048}, "sample_point": [14.710602618527282, 9.156395539909987, 1.5], "sample_forward": [0.6351667289206089, 0.7718695633789721, -0.027939284197146735], "height": 1.5}, "sample_target": [14.710602618527282, 9.156395539909987, 1.5], "camera_params": {"forward": [0.6351667289206089, 0.7718695633789721, -0.027939284197146735]}, "task_type": "screen_occupancy", "task_description": "Position where wardrobe occupies 20% of vertical FOV", "target_object": {"label": "wardrobe", "id": "92", "bbox_min": [17.945675988547617, 13.020396955195826, 0.49999999960659763], "bbox_max": [18.295676011452382, 13.580397044804176, 2.2000000003934024], "center": [18.120676, 13.300397, 1.35]}}
{"scene_id": "0313_840536", "object_label": "wardrobe", "preset": "occupancy_30", "distance": 3.540504806215494, "init_camera": {"intrinsics": [[320.0, 0.0, 320.0], [0.0, 320.0, 240.0], [0.0, 0.0, 1.0]], "extrinsics": [[0.4999999999999993, -0.20504675635171898, 0.8414011098813927, 17.23225090504287], [-0.866025403784439, -0.11838379997612435, 0.48578315728647103, 12.787464532271684], [0.0, -0.9715663145729435, -0.23676759995224902, 1.6], [0.0, 0.0, 0.0, 1.0]]}, "target_region": {"type": "circle", "params": {"center": [18.120676, 13.300397], "radius": 3.540504806215494, "object_center": [18.120676, 13.300397, 1.3499999999999999], "object_height": 1.7000000007868048, "occupancy_ratio": 0.3, "fov_vertical": 90.0, "sample_distance": 3.540504806215494, "min_distance": 1.7000000007868048}, "sample_point": [14.591465022494775, 13.017829912228562, 1.5], "sample_forward": [0.9959166986146123, 0.07973829929243999, -0.04232886776799981], "height": 1.5}, "sample_target": [14.591465022494775, 13.017829912228562, 1.5], "camera_params": {"forward": [0.9959166986146123, 0.07973829929243999, -0.04232886776799981]}, "task_type": "screen_occupancy", "task_description": "Position where wardrobe occupies 30% of vertical FOV", "target_object": {"label": "wardrobe", "id": "92", "bbox_min": [17.945675988547617, 13.020396955195826, 0.49999999960659763], "bbox_max": [18.295676011452382, 13.580397044804176, 2.2000000003934024], "center": [18.120676, 13.300397, 1.35]}}
{"scene_id": "0313_840536", "object_label": "wardrobe", "preset": "occupancy_50", "distance": 2.0520815289668883, "init_camera": {"intrinsics": [[320.0, 0.0, 320.0], [0.0, 320.0, 240.0], [0.0, 0.0, 1.0]], "extrinsics": [[0.4999999999999993, -0.20504675635171898, 0.8414011098813927, 17.23225090504287], [-0.866025403784439, -0.11838379997612435, 0.48578315728647103, 12.787464532271684], [0.0, -0.9715663145729435, -0.23676759995224902, 1.6], [0.0, 0.0, 0.0, 1.0]]}, "target_region": {"type": "circle", "params": {"center": [18.120676, 13.300397], "radius": 2.0520815289668883, "object_center": [18.120676, 13.300397, 1.3499999999999999], "object_height": 1.7000000007868048, "occupancy_ratio": 0.5, "fov_vertical": 90.0, "sample_distance": 2.0520815289668883, "min_distance": 1.7000000007868048}, "sample_point": [18.507166930873623, 11.285040117986414, 1.5], "sample_forward": [-0.18783976900875618, 0.979490438060042, -0.07290200907851713], "height": 1.5}, "sample_target": [18.507166930873623, 11.285040117986414, 1.5], "camera_params": {"forward": [-0.18783976900875618, 0.979490438060042, -0.07290200907851713]}, "task_type": "screen_occupancy", "task_description": "Position where wardrobe occupies 50% of vertical FOV", "target_object": {"label": "wardrobe", "id": "92", "bbox_min": [17.945675988547617, 13.020396955195826, 0.49999999960659763], "bbox_max": [18.295676011452382, 13.580397044804176, 2.2000000003934024], "center": [18.120676, 13.300397, 1.35]}}
{"scene_id": "0313_840536", "object_label": "wardrobe", "preset": "occupancy_20", "distance": 5.3666887899576325, "init_camera": {"intrinsics": [[320.0, 0.0, 320.0], [0.0, 320.0, 240.0], [0.0, 0.0, 1.0]], "extrinsics": [[0.5, -0.12843917777104646, 0.8564481172922838, 16.676985220694668], [-0.8660254037844387, -0.07415439386060788, 0.4944705510656482, 12.466881739941487], [0.0, -0.9889411021312965, -0.14830878772121575, 1.6], [0.0, 0.0, 0.0, 1.0]]}, "target_region": {"type": "circle", "params": {"center": [18.120676, 13.300397], "radius": 5.3666887899576325, "object_center": [18.120676, 13.300397, 1.3499999999999999], "object_height": 1.7000000007868048, "occupancy_ratio": 0.2, "fov_vertical": 90.0, "sample_distance": 5.3666887899576325, "min_distance": 1.7000000007868048}, "sample_point": [18.42730609482825, 18.658318850232845, 1.5], "sample_forward": [-0.057113502418696865, -0.9979766751983837, -0.02793928419714673], "height": 1.5}, "sample_target": [18.42730609482825, 18.658318850232845, 1.5], "camera_params": {"forward": [-0.057113502418696865, -0.9979766751983837, -0.02793928419714673]}, "task_type": "screen_occupancy", "task_description": "Position where wardrobe occupies 20% of vertical FOV", "target_object": {"label": "wardrobe", "id": "92", "bbox_min": [17.945675988547617, 13.020396955195826, 0.49999999960659763], "bbox_max": [18.295676011452382, 13.580397044804176, 2.2000000003934024], "center": [18.120676, 13.300397, 1.35]}}
{"scene_id": "0313_840536", "object_label": "wardrobe", "preset": "occupancy_30", "distance": 3.540504806215494, "init_camera": {"intrinsics": [[320.0, 0.0, 320.0], [0.0, 320.0, 240.0], [0.0, 0.0, 1.0]], "extrinsics": [[0.5, -0.12843917777104646, 0.8564481172922838, 16.676985220694668], [-0.8660254037844387, -0.07415439386060788, 0.4944705510656482, 12.466881739941487], [0.0, -0.9889411021312965, -0.14830878772121575, 1.6], [0.0, 0.0, 0.0, 1.0]]}, "target_region": {"type": "circle", "params": {"center": [18.120676, 13.300397], "radius": 3.540504806215494, "object_center": [18.120676, 13.300397, 1.3499999999999999], "object_height": 1.7000000007868048, "occupancy_ratio": 0.3, "fov_vertical": 90.0, "sample_distance": 3.540504806215494, "min_distance": 1.7000000007868048}, "sample_point": [17.527626885138798, 9.809914650782723, 1.5], "sample_forward": [0.16735398375259414, 0.9849877720437019, -0.042328867767999795], "height": 1.5}, "sample_target": [17.527626885138798, 9.809914650782723, 1.5], "camera_params": {"forward": [0.16735398375259414, 0.9849877720437019, -0.042328867767999795]}, "task_type": "screen_occupancy", "task_description": "Position where wardrobe occupies 30% of vertical FOV", "target_object": {"label": "wardrobe", "id": "92", "bbox_min": [17.945675988547617, 13.020396955195826, 0.49999999960659763], "bbox_max": [18.295676011452382, 13.580397044804176, 2.2000000003934024], "center": [18.120676, 13.300397, 1.35]}}
{"scene_id": "0313_840536", "object_label": "smoke lampblack machine", "preset": "occupancy_20", "distance": 1.296497312488163, "init_camera": {"intrinsics": [[320.0, 0.0, 320.0], [0.0, 320.0, 240.0], [0.0, 0.0, 1.0]], "extrinsics": [[0.9848077530122081, -0.01500888551071983, -0.17299833225430764, 11.35710117766693], [0.1736481776669301, 0.08511961952966916, 0.9811222965380404, 6.724927646987791], [-0.0, -0.9962576894191836, 0.08643272686401564, 1.6], [0.0, 0.0, 0.0, 1.0]]}, "target_region": {"type": "circle", "params": {"center": [11.183453, 7.7097354000000005], "radius": 1.296497312488163, "object_center": [11.183453, 7.7097354000000005, 1.6867573999999999], "object_height": 0.4106900024414062, "occupancy_ratio": 0.2, "fov_vertical": 90.0, "sample_distance": 1.296497312488163, "min_distance": 0.8706560058594732}, "sample_point": [9.924969030963004, 7.398089156695322, 1.5], "sample_forward": [0.9607633561491294, 0.23791982894926225, 0.1425760445299804], "height": 1.5}, "sample_target": [9.924969030963004, 7.398089156695322, 1.5], "camera_params": {"forward": [0.9607633561491294, 0.23791982894926225, 0.1425760445299804]}, "task_type": "screen_occupancy", "task_description": "Position where smoke lampblack machine occupies 20% of vertical FOV", "target_object": {"label": "smoke lampblack machine", "id": "104", "bbox_min": [10.748124997070263, 7.454777407446204, 1.4814123987792969], "bbox_max": [11.618781002929737, 7.964693392553795, 1.892102401220703], "center": [11.183453, 7.7097354, 1.6867573999999999]}}
{"scene_id": "0313_840536", "object_label": "smoke lampblack machine", "preset": "front", "distance": 1.5, "init_camera": {"intrinsics": [[320.0, 0.0, 320.0], [0.0, 320.0, 240.0], [0.0, 0.0, 1.0]], "extrinsics": [[0.939692620785908, 0.036874770282834445, 0.3400265133149177, 10.909836885339464], [-0.34202014332566977, 0.10131259869966362, 0.9342151673486195, 6.957981303371273], [0.0, -0.9941710158022659, 0.10781461560795408, 1.6], [0.0, 0.0, 0.0, 1.0]]}, "target_region": {"type": "circle", "params": {"center": [11.183453, 7.7097354000000005], "radius": 1.5, "object_center": [11.183453, 7.7097354000000005, 1.6867573999999999], "sample_distance": 1.5, "min_distance": 0.8706560058594732, "requested_distance": 1.5}, "sample_point": [12.307043547603243, 6.71598277417371, 1.5], "sample_forward": [-0.7433212317816705, 0.6574258100436654, 0.12355100433023739], "height": 1.5}, "sample_target": [12.307043547603243, 6.71598277417371, 1.5], "camera_params": {"forward": [-0.7433212317816705, 0.6574258100436654, 0.12355100433023739]}, "task_type": "absolute_positioning", "task_description": "Move to any position 1.5m from smoke lampblack machine", "target_object": {"label": "smoke lampblack machine", "id": "104", "bbox_min": [10.748124997070263, 7.454777407446204, 1.4814123987792969], "bbox_max": [11.618781002929737, 7.964693392553795, 1.892102401220703], "center": [11.183453, 7.7097354, 1.6867573999999999]}}
{"scene_id": "0313_840536", "object_label": "smoke lampblack machine", "preset": "occupancy_20", "distance": 1.296497312488163, "init_camera": {"intrinsics": [[320.0, 0.0, 320.0], [0.0, 320.0, 240.0], [0.0, 0.0, 1.0]], "extrinsics": [[0.939692620785908, 0.036874770282834445, 0.3400265133149177, 10.909836885339464], [-0.34202014332566977, 0.10131259869966362, 0.9342151673486195, 6.957981303371273], [0.0, -0.9941710158022659, 0.10781461560795408, 1.6], [0.0, 0.0, 0.0, 1.0]]}, "target_region": {"type": "circle", "params": {"center": [11.183453, 7.7097354000000005], "radius": 1.296497312488163, "object_center": [11.183453, 7.7097354000000005, 1.6867573999999999], "object_height": 0.4106900024414062, "occupancy_ratio": 0.2, "fov_vertical": 90.0, "sample_distance": 1.296497312488163, "min_distance": 0.8706560058594732}, "sample_point": [12.30029963262002, 7.051283518315124, 1.5], "sample_forward": [-0.8526332837445298, 0.502681365257561, 0.1425760445299804], "height": 1.5}, "sample_target": [12.30029963262002, 7.051283518315124, 1.5], "camera_params": {"forward": [-0.8526332837445298, 0.502681365257561, 0.1425760445299804]}, "task_type": "screen_occupancy", "task_description": "Position where smoke lampblack machine occupies 20% of vertical FOV", "target_object": {"label": "smoke lampblack machine", "id": "104", "bbox_min": [10.748124997070263, 7.454777407446204, 1.4814123987792969], "bbox_max": [11.618781002929737, 7.964693392553795, 1.892102401220703], "center": [11.183453, 7.7097354, 1.6867573999999999]}}
{"scene_id": "0313_840536", "object_label": "smoke lampblack machine", "preset": "occupancy_30", "distance": 0.8706560058594732, "init_camera": {"intrinsics": [[320.0, 0.0, 320.0], [0.0, 320.0, 240.0], [0.0, 0.0, 1.0]], "extrinsics": [[0.939692620785908, 0.036874770282834445, 0.3400265133149177, 10.909836885339464], [-0.34202014332566977, 0.10131259869966362, 0.9342151673486195, 6.957981303371273], [0.0, -0.9941710158022659, 0.10781461560795408, 1.6], [0.0, 0.0, 0.0, 1.0]]}, "target_region": {"type": "circle", "params": {"center": [11.183453, 7.7097354000000005], "radius": 0.8706560058594732, "object_center": [11.183453, 7.7097354000000005, 1.6867573999999999], "object_height": 0.4106900024414062, "occupancy_ratio": 0.3, "fov_vertical": 90.0, "sample_distance": 0.8706560058594732, "min_distance": 0.8706560058594732}, "sample_point": [12.023852990221041, 7.482205760226091, 1.5], "sample_forward": [-0.9437811431551701, 0.2555190219255284, 0.2097312167011426], "height": 1.5}, "sample_target": [12.023852990221041, 7.482205760226091, 1.5], "camera_params": {"forward": [-0.9437811431551701, 0.2555190219255284, 0.2097312167011426]}, "task_type": "screen_occupancy", "task_description": "Position where smoke lampblack machine occupies 30% of vertical FOV", "target_object": {"label": "smoke lampblack machine", "id": "104", "bbox_min": [10.748124997070263, 7.454777407446204, 1.4814123987792969], "bbox_max": [11.618781002929737, 7.964693392553795, 1.892102401220703], "center": [11.183453, 7.7097354, 1.6867573999999999]}}
{"scene_id": "0313_840536", "object_label": "smoke lampblack machine", "preset": "front", "distance": 1.5, "init_camera": {"intrinsics": [[320.0, 0.0, 320.0], [0.0, 320.0, 240.0], [0.0, 0.0, 1.0]], "extrinsics": [[1.0, 0.0, 0.0, 11.183453], [0.0, 0.1078146156079541, 0.9941710158022659, 6.9097354], [0.0, -0.9941710158022659, 0.1078146156079541, 1.6], [0.0, 0.0, 0.0, 1.0]]}, "target_region": {"type": "circle", "params": {"center": [11.183453, 7.7097354000000005], "radius": 1.5, "object_center": [11.183453, 7.7097354000000005, 1.6867573999999999], "sample_distance": 1.5, "min_distance": 0.8706560058594732, "requested_distance": 1.5}, "sample_point": [12.551441383478215, 7.09442427327738, 1.5], "sample_forward": [-0.9050047745943752, 0.40706450015983175, 0.12355100433023743], "height": 1.5}, "sample_target": [12.551441383478215, 7.09442427327738, 1.5], "camera_params": {"forward": [-0.9050047745943752, 0.40706450015983175, 0.12355100433023743]}, "task_type": "absolute_positioning", "task_description": "Move to any position 1.5m from smoke lampblack machine", "target_object": {"label": "smoke lampblack machine", "id": "104", "bbox_min": [10.748124997070263, 7.454777407446204, 1.4814123987792969], "bbox_max": [11.618781002929737, 7.964693392553795, 1.892102401220703], "center": [11.183453, 7.7097354, 1.6867573999999999]}}
{"scene_id": "0313_840536", "object_label": "smoke lampblack machine", "preset": "occupancy_30", "distance": 0.8706560058594732, "init_camera": {"intrinsics": [[320.0, 0.0, 320.0], [0.0, 320.0, 240.0], [0.0, 0.0, 1.0]], "extrinsics": [[1.0, 0.0, 0.0, 11.183453], [0.0, 0.1078146156079541, 0.9941710158022659, 6.9097354], [0.0, -0.9941710158022659, 0.1078146156079541, 1.6], [0.0, 0.0, 0.0, 1.0]]}, "target_region": {"type": "circle", "params": {"center": [11.183453, 7.7097354000000005], "radius": 0.8706560058594732, "object_center": [11.183453, 7.7097354000000005, 1.6867573999999999], "object_height": 0.4106900024414062, "occupancy_ratio": 0.3, "fov_vertical": 90.0, "sample_distance": 0.8706560058594732, "min_distance": 0.8706560058594732}, "sample_point": [10.339431442477691, 7.923439613755339, 1.5], "sample_forward": [0.9478482147489055, -0.23999287184908458, 0.20973121670114242], "height": 1.5}, "sample_target": [10.339431442477691, 7.923439613755339, 1.5], "camera_params": {"forward": [0.9478482147489055, -0.23999287184908458, 0.20973121670114242]}, "task_type": "screen_occupancy", "task_description": "Position where smoke lampblack machine occupies 30% of vertical FOV", "target_object": {"label": "smoke lampblack machine", "id": "104", "bbox_min": [10.748124997070263, 7.454777407446204, 1.4814123987792969], "bbox_max": [11.618781002929737, 7.964693392553795, 1.892102401220703], "center": [11.183453, 7.7097354, 1.6867573999999999]}}
{"scene_id": "0313_840536", "object_label": "smoke lampblack machine", "preset": "back", "distance": 1.5, "init_camera": {"intrinsics": [[320.0, 0.0, 320.0], [0.0, 320.0, 240.0], [0.0, 0.0, 1.0]], "extrinsics": [[0.9396926207859088, -0.036874770282834264, -0.3400265133149157, 11.457069114660534], [0.3420201433256678, 0.10131259869966378, 0.9342151673486202, 6.957981303371273], [-0.0, -0.9941710158022659, 0.10781461560795415, 1.6], [0.0, 0.0, 0.0, 1.0]]}, "target_region": {"type": "circle", "params": {"center": [11.183453, 7.7097354000000005], "radius": 1.5, "object_center": [11.183453, 7.7097354000000005, 1.6867573999999999], "sample_distance": 1.5, "min_distance": 0.8706560058594732, "requested_distance": 1.5}, "sample_point": [9.799863977681515, 7.130355198992251, 1.5], "sample_forward": [0.9153255147466188, 0.3832940795040106, 0.12355100433023736], "height": 1.5}, "sample_target": [9.799863977681515, 7.130355198992251, 1.5], "camera_params": {"forward": [0.9153255147466188, 0.3832940795040106, 0.12355100433023736]}, "task_type": "absolute_positioning", "task_description": "Move to any position 1.5m from smoke lampblack machine", "target_object": {"label": "smoke lampblack machine", "id": "104", "bbox_min": [10.748124997070263, 7.454777407446204, 1.4814123987792969], "bbox_max": [11.618781002929737, 7.964693392553795, 1.892102401220703], "center": [11.183453, 7.7097354, 1.6867573999999999]}}
{"scene_id": "0313_840536", "object_label": "smoke lampblack machine", "preset": "closer", "distance": 0.8706560058594733, "init_camera": {"intrinsics": [[320.0, 0.0, 320.0], [0.0, 320.0, 240.0], [0.0, 0.0, 1.0]], "extrinsics": [[0.984807753012208, 0.011562944274487865, 0.17326277132364798, 10.957710369032991], [-0.17364817766692986, 0.06557671564515591, 0.9826220050243881, 6.42948532108413], [0.0, -0.9977805333262919, 0.06658834218615557, 1.6], [0.0, 0.0, 0.0, 1.0]]}, "target_region": {"type": "point", "params": {"delta": 0.5, "start_position": [10.957710369032991, 6.42948532108413, 1.6], "sample_distance": 0.8706560058594733, "min_distance": 0.8706560058594732, "min_distance_enforced": true}, "sample_point": [11.032265171207735, 6.852306615222949, 1.6], "sample_forward": [0.17279244023848342, 0.9799546248918943, 0.09915495826945232], "height": 1.6}, "sample_target": [11.032265171207735, 6.852306615222949, 1.6], "camera_params": {"forward": [0.17279244023848342, 0.9799546248918943, 0.09915495826945232]}, "task_type": "delta_control", "task_description": "Move 0.5m toward smoke lampblack machine", "target_object": {"label": "smoke lampblack machine", "id": "104", "bbox_min": [10.748124997070263, 7.454777407446204, 1.4814123987792969], "bbox_max": [11.618781002929737, 7.964693392553795, 1.892102401220703], "center": [11.183453, 7.7097354, 1.6867573999999999]}}
{"scene_id": "0313_840536", "object_label": "smoke lampblack machine", "preset": "closer", "distance": 0.8706560058594733, "init_camera": {"intrinsics": [[320.0, 0.0, 320.0], [0.0, 320.0, 240.0], [0.0, 0.0, 1.0]], "extrinsics": [[0.984807753012208, 0.011562944274487865, 0.17326277132364798, 10.957710369032991], [-0.17364817766692986, 0.06557671564515591, 0.9826220050243881, 6.42948532108413], [0.0, -0.9977805333262919, 0.06658834218615557, 1.6], [0.0, 0.0, 0.0, 1.0]]}, "target_region": {"type": "point", "params": {"delta": 0.7, "start_position": [10.957710369032991, 6.42948532108413, 1.6], "sample_distance": 0.8706560058594733, "min_distance": 0.8706560058594732, "min_distance_enforced": true}, "sample_point": [11.032265171207735, 6.852306615222949, 1.6], "sample_forward": [0.17279244023848342, 0.9799546248918943, 0.09915495826945232], "height": 1.6}, "sample_target": [11.032265171207735, 6.852306615222949, 1.6], "camera_params": {"forward": [0.17279244023848342, 0.9799546248918943, 0.09915495826945232]}, "task_type": "delta_control", "task_description": "Move 0.7m toward smoke lampblack machine", "target_object": {"label": "smoke lampblack machine", "id": "104", "bbox_min": [10.748124997070263, 7.454777407446204, 1.4814123987792969], "bbox_max": [11.618781002929737, 7.964693392553795, 1.892102401220703], "center": [11.183453, 7.7097354, 1.6867573999999999]}}
{"scene_id": "0313_840536", "object_label": "smoke lampblack machine", "preset": "closer", "distance": 0.8706560058594733, "init_camera": {"intrinsics": [[320.0, 0.0, 320.0], [0.0, 320.0, 240.0], [0.0, 0.0, 1.0]], "extrinsics": [[0.984807753012208, 0.011562944274487865, 0.17326277132364798, 10.957710369032991], [-0.17364817766692986, 0.06557671564515591, 0.9826220050243881, 6.42948532108413], [0.0, -0.9977805333262919, 0.06658834218615557, 1.6], [0.0, 0.0, 0.0, 1.0]]}, "target_region": {"type": "point", "params": {"delta": 1.0, "start_position": [10.957710369032991, 6.42948532108413, 1.6], "sample_distance": 0.8706560058594733, "min_distance": 0.8706560058594732, "min_distance_enforced": true}, "sample_point": [11.032265171207735, 6.852306615222949, 1.6], "sample_forward": [0.17279244023848342, 0.9799546248918943, 0.09915495826945232], "height": 1.6}, "sample_target": [11.032265171207735, 6.852306615222949, 1.6], "camera_params": {"forward": [0.17279244023848342, 0.9799546248918943, 0.09915495826945232]}, "task_type": "delta_control", "task_description": "Move 1.0m toward smoke lampblack machine", "target_object": {"label": "smoke lampblack machine", "id": "104", "bbox_min": [10.748124997070263, 7.454777407446204, 1.4814123987792969], "bbox_max": [11.618781002929737, 7.964693392553795, 1.892102401220703], "center": [11.183453, 7.7097354, 1.6867573999999999]}}
{"scene_id": "0313_840536", "object_label": "smoke lampblack machine", "preset": "closer", "distance": 0.8706560058594733, "init_camera": {"intrinsics": [[320.0, 0.0, 320.0], [0.0, 320.0, 240.0], [0.0, 0.0, 1.0]], "extrinsics": [[0.984807753012208, 0.011562944274487865, 0.17326277132364798, 10.957710369032991], [-0.17364817766692986, 0.06557671564515591, 0.9826220050243881, 6.42948532108413], [0.0, -0.9977805333262919, 0.06658834218615557, 1.6], [0.0, 0.0, 0.0, 1.0]]}, "target_region": {"type": "point", "params": {"delta": 1.5, "start_position": [10.957710369032991, 6.42948532108413, 1.6], "sample_distance": 0.8706560058594733, "min_distance": 0.8706560058594732, "min_distance_enforced": true}, "sample_point": [11.032265171207735, 6.852306615222949, 1.6], "sample_forward": [0.17279244023848342, 0.9799546248918943, 0.09915495826945232], "height": 1.6}, "sample_target": [11.032265171207735, 6.852306615222949, 1.6], "camera_params": {"forward": [0.17279244023848342, 0.9799546248918943, 0.09915495826945232]}, "task_type": "delta_control", "task_description": "Move 1.5m toward smoke lampblack machine", "target_object": {"label": "smoke lampblack machine", "id": "104", "bbox_min": [10.748124997070263, 7.454777407446204, 1.4814123987792969], "bbox_max": [11.618781002929737, 7.964693392553795, 1.892102401220703], "center": [11.183453, 7.7097354, 1.6867573999999999]}}
