{"scene_id": "0059_839917", "object_label": "door", "preset": "occupancy_30", "distance": 5.255567498969703, "init_camera": {"intrinsics": [[320.0, 0.0, 320.0], [0.0, 320.0, 240.0], [0.0, 0.0, 1.0]], "extrinsics": [[0.6427876096865396, 0.14049828487053312, -0.7530500121385719, 2.6071614412572037], [0.7660444431189779, -0.11789205901590484, 0.6318839874435224, 1.2473019660296807], [-0.0, -0.983036975077453, -0.18340748520867697, 1.6], [0.0, 0.0, 0.0, 1.0]]}, "target_region": {"type": "circle", "params": {"center": [1.2183453899999952, 2.4126570024126917], "radius": 5.255567498969703, "object_center": [1.2183453899999952, 2.4126570024126917, 1.2617498768041218], "object_height": 2.5235002468288705, "occupancy_ratio": 0.3, "fov_vertical": 90.0, "sample_distance": 5.255567498969703, "min_distance": 2.5235002468288705}, "sample_point": [2.6603500781893477, 7.466528015355799, 1.5], "sample_forward": [-0.27409509185135034, -0.9606357391506755, -0.04528639187918832], "height": 1.5}, "sample_target": [2.6603500781893477, 7.466528015355799, 1.5], "camera_params": {"forward": [-0.27409509185135034, -0.9606357391506755, -0.04528639187918832]}, "task_type": "screen_occupancy", "task_description": "Position where door occupies 30% of vertical FOV", "target_object": {"label": "door", "id": "12", "bbox_min": [0.22648559999999043, 2.2669591894015064, -2.46610313297424e-07], "bbox_max": [2.21020518, 2.558354815423877, 2.523500000218557], "center": [1.2183453899999952, 2.4126570024126917, 1.2617498768041218]}}
{"scene_id": "0059_839917", "object_label": "door", "preset": "occupancy_50", "distance": 3.0461342602730563, "init_camera": {"intrinsics": [[320.0, 0.0, 320.0], [0.0, 320.0, 240.0], [0.0, 0.0, 1.0]], "extrinsics": [[0.6427876096865396, 0.14049828487053312, -0.7530500121385719, 2.6071614412572037], [0.7660444431189779, -0.11789205901590484, 0.6318839874435224, 1.2473019660296807], [-0.0, -0.983036975077453, -0.18340748520867697, 1.6], [0.0, 0.0, 0.0, 1.0]]}, "target_region": {"type": "circle", "params": {"center": [1.2183453899999952, 2.4126570024126917], "radius": 3.0461342602730563, "object_center": [1.2183453899999952, 2.4126570024126917, 1.2617498768041218], "object_height": 2.5235002468288705, "occupancy_ratio": 0.5, "fov_vertical": 90.0, "sample_distance": 3.0461342602730563, "min_distance": 2.5235002468288705}, "sample_point": [3.1576478228965126, 4.761707875716828, 1.5], "sample_forward": [-0.6347053618801192, -0.7688100418604851, -0.0779757855690227], "height": 1.5}, "sample_target": [3.1576478228965126, 4.761707875716828, 1.5], "camera_params": {"forward": [-0.6347053618801192, -0.7688100418604851, -0.0779757855690227]}, "task_type": "screen_occupancy", "task_description": "Position where door occupies 50% of vertical FOV", "target_object": {"label": "door", "id": "12", "bbox_min": [0.22648559999999043, 2.2669591894015064, -2.46610313297424e-07], "bbox_max": [2.21020518, 2.558354815423877, 2.523500000218557], "center": [1.2183453899999952, 2.4126570024126917, 1.2617498768041218]}}
{"scene_id": "0059_839917", "object_label": "door", "preset": "occupancy_30", "distance": 5.255567498969703, "init_camera": {"intrinsics": [[320.0, 0.0, 320.0], [0.0, 320.0, 240.0], [0.0, 0.0, 1.0]], "extrinsics": [[1.0, -2.8928249182364115e-17, 1.9381391753288048e-16, 1.2183453899999948], [-1.9596090995450892e-16, -0.14762254976811254, 0.9890437719332552, 0.14644375634665163], [0.0, -0.9890437719332553, -0.1476225497681125, 1.6], [0.0, 0.0, 0.0, 1.0]]}, "target_region": {"type": "circle", "params": {"center": [1.2183453899999952, 2.4126570024126917], "radius": 5.255567498969703, "object_center": [1.2183453899999952, 2.4126570024126917, 1.2617498768041218], "object_height": 2.5235002468288705, "occupancy_ratio": 0.3, "fov_vertical": 90.0, "sample_distance": 5.255567498969703, "min_distance": 2.5235002468288705}, "sample_point": [-3.8060763347802666, 0.8711719821212833, 1.5], "sample_forward": [0.9550380421320287, 0.2930042334014749, -0.045286391879188315], "height": 1.5}, "sample_target": [-3.8060763347802666, 0.8711719821212833, 1.5], "camera_params": {"forward": [0.9550380421320287, 0.2930042334014749, -0.045286391879188315]}, "task_type": "screen_occupancy", "task_description": "Position where door occupies 30% of vertical FOV", "target_object": {"label": "door", "id": "12", "bbox_min": [0.22648559999999043, 2.2669591894015064, -2.46610313297424e-07], "bbox_max": [2.21020518, 2.558354815423877, 2.523500000218557], "center": [1.2183453899999952, 2.4126570024126917, 1.2617498768041218]}}
{"scene_id": "0059_839917", "object_label": "door", "preset": "closer", "distance": 2.5235002468288705, "init_camera": {"intrinsics": [[320.0, 0.0, 320.0], [0.0, 320.0, 240.0], [0.0, 0.0, 1.0]], "extrinsics": [[1.0, -1.7193969752330924e-17, 1.497553411899711e-16, 1.2183453899999948], [-1.507391615034684e-16, -0.11406438500014679, 0.993473359519287, -0.5334202174731604], [0.0, -0.993473359519287, -0.11406438500014679, 1.6], [0.0, 0.0, 0.0, 1.0]]}, "target_region": {"type": "point", "params": {"delta": 0.5, "start_position": [1.2183453899999948, -0.5334202174731604, 1.6], "sample_distance": 2.5235002468288705, "min_distance": 2.5235002468288705, "min_distance_enforced": true}, "sample_point": [1.2183453899999948, -0.11084324441617888, 1.6], "sample_forward": [1.7442152361541082e-16, 0.9911358982227133, -0.13285191475569735], "height": 1.6}, "sample_target": [1.2183453899999948, -0.11084324441617888, 1.6], "camera_params": {"forward": [1.7442152361541082e-16, 0.9911358982227133, -0.13285191475569735]}, "task_type": "delta_control", "task_description": "Move 0.5m toward door", "target_object": {"label": "door", "id": "12", "bbox_min": [0.22648559999999043, 2.2669591894015064, -2.46610313297424e-07], "bbox_max": [2.21020518, 2.558354815423877, 2.523500000218557], "center": [1.2183453899999952, 2.4126570024126917, 1.2617498768041218]}}
{"scene_id": "0059_839917", "object_label": "door", "preset": "closer", "distance": 2.5235002468288705, "init_camera": {"intrinsics": [[320.0, 0.0, 320.0], [0.0, 320.0, 240.0], [0.0, 0.0, 1.0]], "extrinsics": [[1.0, -1.7193969752330924e-17, 1.497553411899711e-16, 1.2183453899999948], [-1.507391615034684e-16, -0.11406438500014679, 0.993473359519287, -0.5334202174731604], [0.0, -0.993473359519287, -0.11406438500014679, 1.6], [0.0, 0.0, 0.0, 1.0]]}, "target_region": {"type": "point", "params": {"delta": 0.7, "start_position": [1.2183453899999948, -0.5334202174731604, 1.6], "sample_distance": 2.5235002468288705, "min_distance": 2.5235002468288705, "min_distance_enforced": true}, "sample_point": [1.2183453899999948, -0.11084324441617888, 1.6], "sample_forward": [1.7442152361541082e-16, 0.9911358982227133, -0.13285191475569735], "height": 1.6}, "sample_target": [1.2183453899999948, -0.11084324441617888, 1.6], "camera_params": {"forward": [1.7442152361541082e-16, 0.9911358982227133, -0.13285191475569735]}, "task_type": "delta_control", "task_description": "Move 0.7m toward door", "target_object": {"label": "door", "id": "12", "bbox_min": [0.22648559999999043, 2.2669591894015064, -2.46610313297424e-07], "bbox_max": [2.21020518, 2.558354815423877, 2.523500000218557], "center": [1.2183453899999952, 2.4126570024126917, 1.2617498768041218]}}
{"scene_id": "0059_839917", "object_label": "door", "preset": "closer", "distance": 2.5235002468288705, "init_camera": {"intrinsics": [[320.0, 0.0, 320.0], [0.0, 320.0, 240.0], [0.0, 0.0, 1.0]], "extrinsics": [[1.0, -1.7193969752330924e-17, 1.497553411899711e-16, 1.2183453899999948], [-1.507391615034684e-16, -0.11406438500014679, 0.993473359519287, -0.5334202174731604], [0.0, -0.993473359519287, -0.11406438500014679, 1.6], [0.0, 0.0, 0.0, 1.0]]}, "target_region": {"type": "point", "params": {"delta": 1.0, "start_position": [1.2183453899999948, -0.5334202174731604, 1.6], "sample_distance": 2.5235002468288705, "min_distance": 2.5235002468288705, "min_distance_enforced": true}, "sample_point": [1.2183453899999948, -0.11084324441617888, 1.6], "sample_forward": [1.7442152361541082e-16, 0.9911358982227133, -0.13285191475569735], "height": 1.6}, "sample_target": [1.2183453899999948, -0.11084324441617888, 1.6], "camera_params": {"forward": [1.7442152361541082e-16, 0.9911358982227133, -0.13285191475569735]}, "task_type": "delta_control", "task_description": "Move 1.0m toward door", "target_object": {"label": "door", "id": "12", "bbox_min": [0.22648559999999043, 2.2669591894015064, -2.46610313297424e-07], "bbox_max": [2.21020518, 2.558354815423877, 2.523500000218557], "center": [1.2183453899999952, 2.4126570024126917, 1.2617498768041218]}}
{"scene_id": "0059_839917", "object_label": "door", "preset": "closer", "distance": 2.5235002468288705, "init_camera": {"intrinsics": [[320.0, 0.0, 320.0], [0.0, 320.0, 240.0], [0.0, 0.0, 1.0]], "extrinsics": [[1.0, -1.7193969752330924e-17, 1.497553411899711e-16, 1.2183453899999948], [-1.507391615034684e-16, -0.11406438500014679, 0.993473359519287, -0.5334202174731604], [0.0, -0.993473359519287, -0.11406438500014679, 1.6], [0.0, 0.0, 0.0, 1.0]]}, "target_region": {"type": "point", "params": {"delta": 1.5, "start_position": [1.2183453899999948, -0.5334202174731604, 1.6], "sample_distance": 2.5235002468288705, "min_distance": 2.5235002468288705, "min_distance_enforced": true}, "sample_point": [1.2183453899999948, -0.11084324441617888, 1.6], "sample_forward": [1.7442152361541082e-16, 0.9911358982227133, -0.13285191475569735], "height": 1.6}, "sample_target": [1.2183453899999948, -0.11084324441617888, 1.6], "camera_params": {"forward": [1.7442152361541082e-16, 0.9911358982227133, -0.13285191475569735]}, "task_type": "delta_control", "task_description": "Move 1.5m toward door", "target_object": {"label": "door", "id": "12", "bbox_min": [0.22648559999999043, 2.2669591894015064, -2.46610313297424e-07], "bbox_max": [2.21020518, 2.558354815423877, 2.523500000218557], "center": [1.2183453899999952, 2.4126570024126917, 1.2617498768041218]}}
{"scene_id": "0059_839917", "object_label": "door", "preset": "occupancy_30", "distance": 5.255567498969703, "init_camera": {"intrinsics": [[320.0, 0.0, 320.0], [0.0, 320.0, 240.0], [0.0, 0.0, 1.0]], "extrinsics": [[1.0, -1.7193969752330924e-17, 1.497553411899711e-16, 1.2183453899999948], [-1.507391615034684e-16, -0.11406438500014679, 0.993473359519287, -0.5334202174731604], [0.0, -0.993473359519287, -0.11406438500014679, 1.6], [0.0, 0.0, 0.0, 1.0]]}, "target_region": {"type": "circle", "params": {"center": [1.2183453899999952, 2.4126570024126917], "radius": 5.255567498969703, "object_center": [1.2183453899999952, 2.4126570024126917, 1.2617498768041218], "object_height": 2.5235002468288705, "occupancy_ratio": 0.3, "fov_vertical": 90.0, "sample_distance": 5.255567498969703, "min_distance": 2.5235002468288705}, "sample_point": [3.7634494035607013, -2.1855421338126897, 1.5], "sample_forward": [-0.4837713247965244, 0.8740219951552595, -0.04528639187918832], "height": 1.5}, "sample_target": [3.7634494035607013, -2.1855421338126897, 1.5], "camera_params": {"forward": [-0.4837713247965244, 0.8740219951552595, -0.04528639187918832]}, "task_type": "screen_occupancy", "task_description": "Position where door occupies 30% of vertical FOV", "target_object": {"label": "door", "id": "12", "bbox_min": [0.22648559999999043, 2.2669591894015064, -2.46610313297424e-07], "bbox_max": [2.21020518, 2.558354815423877, 2.523500000218557], "center": [1.2183453899999952, 2.4126570024126917, 1.2617498768041218]}}
{"scene_id": "0059_839917", "object_label": "door", "preset": "occupancy_50", "distance": 3.0461342602730563, "init_camera": {"intrinsics": [[320.0, 0.0, 320.0], [0.0, 320.0, 240.0], [0.0, 0.0, 1.0]], "extrinsics": [[1.0, -1.7193969752330924e-17, 1.497553411899711e-16, 1.2183453899999948], [-1.507391615034684e-16, -0.11406438500014679, 0.993473359519287, -0.5334202174731604], [0.0, -0.993473359519287, -0.11406438500014679, 1.6], [0.0, 0.0, 0.0, 1.0]]}, "target_region": {"type": "circle", "params": {"center": [1.2183453899999952, 2.4126570024126917], "radius": 3.0461342602730563, "object_center": [1.2183453899999952, 2.4126570024126917, 1.2617498768041218], "object_height": 2.5235002468288705, "occupancy_ratio": 0.5, "fov_vertical": 90.0, "sample_distance": 3.0461342602730563, "min_distance": 2.5235002468288705}, "sample_point": [3.333208738239959, 4.604981556369183, 1.5], "sample_forward": [-0.692163885323849, -0.7175158065982151, -0.07797578556902268], "height": 1.5}, "sample_target": [3.333208738239959, 4.604981556369183, 1.5], "camera_params": {"forward": [-0.692163885323849, -0.7175158065982151, -0.07797578556902268]}, "task_type": "screen_occupancy", "task_description": "Position where door occupies 50% of vertical FOV", "target_object": {"label": "door", "id": "12", "bbox_min": [0.22648559999999043, 2.2669591894015064, -2.46610313297424e-07], "bbox_max": [2.21020518, 2.558354815423877, 2.523500000218557], "center": [1.2183453899999952, 2.4126570024126917, 1.2617498768041218]}}
{"scene_id": "0059_839917", "object_label": "door", "preset": "front", "distance": 2.5235002468288705, "init_camera": {"intrinsics": [[320.0, 0.0, 320.0], [0.0, 320.0, 240.0], [0.0, 0.0, 1.0]], "extrinsics": [[1.0, -1.5122812483744777e-17, 1.722440778317207e-16, 1.2183453899999945], [-1.7290668525397844e-16, -0.0874622774795043, 0.9961678322542332, -1.4399055158995764], [0.0, -0.9961678322542333, -0.08746227747950429, 1.6], [0.0, 0.0, 0.0, 1.0]]}, "target_region": {"type": "circle", "params": {"center": [1.2183453899999952, 2.4126570024126917], "radius": 2.5235002468288705, "object_center": [1.2183453899999952, 2.4126570024126917, 1.2617498768041218], "sample_distance": 2.5235002468288705, "min_distance": 2.5235002468288705, "requested_distance": 1.2}, "sample_point": [3.463229852548923, 3.565283240857653, 1.5], "sample_forward": [-0.8856530569835338, -0.4547347396574367, -0.09399457007936511], "height": 1.5}, "sample_target": [3.463229852548923, 3.565283240857653, 1.5], "camera_params": {"forward": [-0.8856530569835338, -0.4547347396574367, -0.09399457007936511]}, "task_type": "absolute_positioning", "task_description": "Move to any position 2.5m from door", "target_object": {"label": "door", "id": "12", "bbox_min": [0.22648559999999043, 2.2669591894015064, -2.46610313297424e-07], "bbox_max": [2.21020518, 2.558354815423877, 2.523500000218557], "center": [1.2183453899999952, 2.4126570024126917, 1.2617498768041218]}}
{"scene_id": "0059_839917", "object_label": "door", "preset": "back", "distance": 2.5235002468288705, "init_camera": {"intrinsics": [[320.0, 0.0, 320.0], [0.0, 320.0, 240.0], [0.0, 0.0, 1.0]], "extrinsics": [[1.0, -1.5122812483744777e-17, 1.722440778317207e-16, 1.2183453899999945], [-1.7290668525397844e-16, -0.0874622774795043, 0.9961678322542332, -1.4399055158995764], [0.0, -0.9961678322542333, -0.08746227747950429, 1.6], [0.0, 0.0, 0.0, 1.0]]}, "target_region": {"type": "circle", "params": {"center": [1.2183453899999952, 2.4126570024126917], "radius": 2.5235002468288705, "object_center": [1.2183453899999952, 2.4126570024126917, 1.2617498768041218], "sample_distance": 2.5235002468288705, "min_distance": 2.5235002468288705, "requested_distance": 1.5}, "sample_point": [-1.2469089022635398, 1.8736071251085722, 1.5], "sample_forward": [0.9725934838115932, 0.21266625506371106, -0.09399457007936511], "height": 1.5}, "sample_target": [-1.2469089022635398, 1.8736071251085722, 1.5], "camera_params": {"forward": [0.9725934838115932, 0.21266625506371106, -0.09399457007936511]}, "task_type": "absolute_positioning", "task_description": "Move to any position 2.5m from door", "target_object": {"label": "door", "id": "12", "bbox_min": [0.22648559999999043, 2.2669591894015064, -2.46610313297424e-07], "bbox_max": [2.21020518, 2.558354815423877, 2.523500000218557], "center": [1.2183453899999952, 2.4126570024126917, 1.2617498768041218]}}
{"scene_id": "0059_839917", "object_label": "door", "preset": "closer", "distance": 3.352562518312268, "init_camera": {"intrinsics": [[320.0, 0.0, 320.0], [0.0, 320.0, 240.0], [0.0, 0.0, 1.0]], "extrinsics": [[1.0, -1.5122812483744777e-17, 1.722440778317207e-16, 1.2183453899999945], [-1.7290668525397844e-16, -0.0874622774795043, 0.9961678322542332, -1.4399055158995764], [0.0, -0.9961678322542333, -0.08746227747950429, 1.6], [0.0, 0.0, 0.0, 1.0]]}, "target_region": {"type": "point", "params": {"delta": 0.5, "start_position": [1.2183453899999945, -1.4399055158995764, 1.6], "sample_distance": 3.352562518312268, "min_distance": 2.5235002468288705, "min_distance_enforced": false}, "sample_point": [1.2183453899999945, -0.9399055158995764, 1.6], "sample_forward": [1.9769029116343949e-16, 0.9949488311332104, -0.1003833822236442], "height": 1.6}, "sample_target": [1.2183453899999945, -0.9399055158995764, 1.6], "camera_params": {"forward": [1.9769029116343949e-16, 0.9949488311332104, -0.1003833822236442]}, "task_type": "delta_control", "task_description": "Move 0.5m toward door", "target_object": {"label": "door", "id": "12", "bbox_min": [0.22648559999999043, 2.2669591894015064, -2.46610313297424e-07], "bbox_max": [2.21020518, 2.558354815423877, 2.523500000218557], "center": [1.2183453899999952, 2.4126570024126917, 1.2617498768041218]}}
{"scene_id": "0059_839917", "object_label": "door", "preset": "closer", "distance": 3.1525625183122683, "init_camera": {"intrinsics": [[320.0, 0.0, 320.0], [0.0, 320.0, 240.0], [0.0, 0.0, 1.0]], "extrinsics": [[1.0, -1.5122812483744777e-17, 1.722440778317207e-16, 1.2183453899999945], [-1.7290668525397844e-16, -0.0874622774795043, 0.9961678322542332, -1.4399055158995764], [0.0, -0.9961678322542333, -0.08746227747950429, 1.6], [0.0, 0.0, 0.0, 1.0]]}, "target_region": {"type": "point", "params": {"delta": 0.7, "start_position": [1.2183453899999945, -1.4399055158995764, 1.6], "sample_distance": 3.1525625183122683, "min_distance": 2.5235002468288705, "min_distance_enforced": false}, "sample_point": [1.2183453899999948, -0.7399055158995764, 1.6], "sample_forward": [1.4006222028799043e-16, 0.9942932548633563, -0.10668141043889931], "height": 1.6}, "sample_target": [1.2183453899999948, -0.7399055158995764, 1.6], "camera_params": {"forward": [1.4006222028799043e-16, 0.9942932548633563, -0.10668141043889931]}, "task_type": "delta_control", "task_description": "Move 0.7m toward door", "target_object": {"label": "door", "id": "12", "bbox_min": [0.22648559999999043, 2.2669591894015064, -2.46610313297424e-07], "bbox_max": [2.21020518, 2.558354815423877, 2.523500000218557], "center": [1.2183453899999952, 2.4126570024126917, 1.2617498768041218]}}
{"scene_id": "0059_839917", "object_label": "door", "preset": "closer", "distance": 2.852562518312268, "init_camera": {"intrinsics": [[320.0, 0.0, 320.0], [0.0, 320.0, 240.0], [0.0, 0.0, 1.0]], "extrinsics": [[1.0, -1.5122812483744777e-17, 1.722440778317207e-16, 1.2183453899999945], [-1.7290668525397844e-16, -0.0874622774795043, 0.9961678322542332, -1.4399055158995764], [0.0, -0.9961678322542333, -0.08746227747950429, 1.6], [0.0, 0.0, 0.0, 1.0]]}, "target_region": {"type": "point", "params": {"delta": 1.0, "start_position": [1.2183453899999945, -1.4399055158995764, 1.6], "sample_distance": 2.852562518312268, "min_distance": 2.5235002468288705, "min_distance_enforced": false}, "sample_point": [1.2183453899999948, -0.4399055158995764, 1.6], "sample_forward": [1.545977194611855e-16, 0.9930429521141193, -0.117752686833358], "height": 1.6}, "sample_target": [1.2183453899999948, -0.4399055158995764, 1.6], "camera_params": {"forward": [1.545977194611855e-16, 0.9930429521141193, -0.117752686833358]}, "task_type": "delta_control", "task_description": "Move 1.0m toward door", "target_object": {"label": "door", "id": "12", "bbox_min": [0.22648559999999043, 2.2669591894015064, -2.46610313297424e-07], "bbox_max": [2.21020518, 2.558354815423877, 2.523500000218557], "center": [1.2183453899999952, 2.4126570024126917, 1.2617498768041218]}}
{"scene_id": "0059_839917", "object_label": "door", "preset": "occupancy_30", "distance": 5.255567498969703, "init_camera": {"intrinsics": [[320.0, 0.0, 320.0], [0.0, 320.0, 240.0], [0.0, 0.0, 1.0]], "extrinsics": [[1.0, -1.5122812483744777e-17, 1.722440778317207e-16, 1.2183453899999945], [-1.7290668525397844e-16, -0.0874622774795043, 0.9961678322542332, -1.4399055158995764], [0.0, -0.9961678322542333, -0.08746227747950429, 1.6], [0.0, 0.0, 0.0, 1.0]]}, "target_region": {"type": "circle", "params": {"center": [1.2183453899999952, 2.4126570024126917], "radius": 5.255567498969703, "object_center": [1.2183453899999952, 2.4126570024126917, 1.2617498768041218], "object_height": 2.5235002468288705, "occupancy_ratio": 0.3, "fov_vertical": 90.0, "sample_distance": 5.255567498969703, "min_distance": 2.5235002468288705}, "sample_point": [6.009235768952427, 4.573295591600545, 1.5], "sample_forward": [-0.9106485916613636, -0.41069244601738153, -0.04528639187918832], "height": 1.5}, "sample_target": [6.009235768952427, 4.573295591600545, 1.5], "camera_params": {"forward": [-0.9106485916613636, -0.41069244601738153, -0.04528639187918832]}, "task_type": "screen_occupancy", "task_description": "Position where door occupies 30% of vertical FOV", "target_object": {"label": "door", "id": "12", "bbox_min": [0.22648559999999043, 2.2669591894015064, -2.46610313297424e-07], "bbox_max": [2.21020518, 2.558354815423877, 2.523500000218557], "center": [1.2183453899999952, 2.4126570024126917, 1.2617498768041218]}}
{"scene_id": "0059_839917", "object_label": "door", "preset": "occupancy_50", "distance": 3.0461342602730563, "init_camera": {"intrinsics": [[320.0, 0.0, 320.0], [0.0, 320.0, 240.0], [0.0, 0.0, 1.0]], "extrinsics": [[1.0, -1.5122812483744777e-17, 1.722440778317207e-16, 1.2183453899999945], [-1.7290668525397844e-16, -0.0874622774795043, 0.9961678322542332, -1.4399055158995764], [0.0, -0.9961678322542333, -0.08746227747950429, 1.6], [0.0, 0.0, 0.0, 1.0]]}, "target_region": {"type": "circle", "params": {"center": [1.2183453899999952, 2.4126570024126917], "radius": 3.0461342602730563, "object_center": [1.2183453899999952, 2.4126570024126917, 1.2617498768041218], "object_height": 2.5235002468288705, "occupancy_ratio": 0.5, "fov_vertical": 90.0, "sample_distance": 3.0461342602730563, "min_distance": 2.5235002468288705}, "sample_point": [0.6266554208125645, -0.5754589444629072, 1.5], "sample_forward": [0.19365148501001458, 0.9779667066001327, -0.0779757855690227], "height": 1.5}, "sample_target": [0.6266554208125645, -0.5754589444629072, 1.5], "camera_params": {"forward": [0.19365148501001458, 0.9779667066001327, -0.0779757855690227]}, "task_type": "screen_occupancy", "task_description": "Position where door occupies 50% of vertical FOV", "target_object": {"label": "door", "id": "12", "bbox_min": [0.22648559999999043, 2.2669591894015064, -2.46610313297424e-07], "bbox_max": [2.21020518, 2.558354815423877, 2.523500000218557], "center": [1.2183453899999952, 2.4126570024126917, 1.2617498768041218]}}
{"scene_id": "0059_839917", "object_label": "door", "preset": "back", "distance": 2.5235002468288705, "init_camera": {"intrinsics": [[320.0, 0.0, 320.0], [0.0, 320.0, 240.0], [0.0, 0.0, 1.0]], "extrinsics": [[1.0, -1.2574668634961144e-17, 1.8149282282867872e-16, 1.2183453899999943], [-1.8192791712544074e-16, -0.06911896114487372, 0.9976084247891321, -2.4693777822087313], [0.0, -0.9976084247891321, -0.06911896114487372, 1.6], [0.0, 0.0, 0.0, 1.0]]}, "target_region": {"type": "circle", "params": {"center": [1.2183453899999952, 2.4126570024126917], "radius": 2.5235002468288705, "object_center": [1.2183453899999952, 2.4126570024126917, 1.2617498768041218], "sample_distance": 2.5235002468288705, "min_distance": 2.5235002468288705, "requested_distance": 0.8}, "sample_point": [-0.6896227691300887, 0.761078666549954, 1.5], "sample_forward": [0.752732651034585, 0.6515815964727986, -0.0939945700793651], "height": 1.5}, "sample_target": [-0.6896227691300887, 0.761078666549954, 1.5], "camera_params": {"forward": [0.752732651034585, 0.6515815964727986, -0.0939945700793651]}, "task_type": "absolute_positioning", "task_description": "Move to any position 2.5m from door", "target_object": {"label": "door", "id": "12", "bbox_min": [0.22648559999999043, 2.2669591894015064, -2.46610313297424e-07], "bbox_max": [2.21020518, 2.558354815423877, 2.523500000218557], "center": [1.2183453899999952, 2.4126570024126917, 1.2617498768041218]}}
{"scene_id": "0059_839917", "object_label": "door", "preset": "back", "distance": 2.5235002468288705, "init_camera": {"intrinsics": [[320.0, 0.0, 320.0], [0.0, 320.0, 240.0], [0.0, 0.0, 1.0]], "extrinsics": [[1.0, -1.2574668634961144e-17, 1.8149282282867872e-16, 1.2183453899999943], [-1.8192791712544074e-16, -0.06911896114487372, 0.9976084247891321, -2.4693777822087313], [0.0, -0.9976084247891321, -0.06911896114487372, 1.6], [0.0, 0.0, 0.0, 1.0]]}, "target_region": {"type": "circle", "params": {"center": [1.2183453899999952, 2.4126570024126917], "radius": 2.5235002468288705, "object_center": [1.2183453899999952, 2.4126570024126917, 1.2617498768041218], "sample_distance": 2.5235002468288705, "min_distance": 2.5235002468288705, "requested_distance": 1.2}, "sample_point": [-0.8139061862076638, 0.9166600014976307, 1.5], "sample_forward": [0.8017650133246843, 0.5902015623531203, -0.0939945700793651], "height": 1.5}, "sample_target": [-0.8139061862076638, 0.9166600014976307, 1.5], "camera_params": {"forward": [0.8017650133246843, 0.5902015623531203, -0.0939945700793651]}, "task_type": "absolute_positioning", "task_description": "Move to any position 2.5m from door", "target_object": {"label": "door", "id": "12", "bbox_min": [0.22648559999999043, 2.2669591894015064, -2.46610313297424e-07], "bbox_max": [2.21020518, 2.558354815423877, 2.523500000218557], "center": [1.2183453899999952, 2.4126570024126917, 1.2617498768041218]}}
{"scene_id": "0059_839917", "object_label": "door", "preset": "front", "distance": 2.5235002468288705, "init_camera": {"intrinsics": [[320.0, 0.0, 320.0], [0.0, 320.0, 240.0], [0.0, 0.0, 1.0]], "extrinsics": [[1.0, -1.2574668634961144e-17, 1.8149282282867872e-16, 1.2183453899999943], [-1.8192791712544074e-16, -0.06911896114487372, 0.9976084247891321, -2.4693777822087313], [0.0, -0.9976084247891321, -0.06911896114487372, 1.6], [0.0, 0.0, 0.0, 1.0]]}, "target_region": {"type": "circle", "params": {"center": [1.2183453899999952, 2.4126570024126917], "radius": 2.5235002468288705, "object_center": [1.2183453899999952, 2.4126570024126917, 1.2617498768041218], "sample_distance": 2.5235002468288705, "min_distance": 2.5235002468288705, "requested_distance": 1.5}, "sample_point": [3.348272495889321, 3.7659729371978004, 1.5], "sample_forward": [-0.8403000171960332, -0.5339109494063046, -0.0939945700793651], "height": 1.5}, "sample_target": [3.348272495889321, 3.7659729371978004, 1.5], "camera_params": {"forward": [-0.8403000171960332, -0.5339109494063046, -0.0939945700793651]}, "task_type": "absolute_positioning", "task_description": "Move to any position 2.5m from door", "target_object": {"label": "door", "id": "12", "bbox_min": [0.22648559999999043, 2.2669591894015064, -2.46610313297424e-07], "bbox_max": [2.21020518, 2.558354815423877, 2.523500000218557], "center": [1.2183453899999952, 2.4126570024126917, 1.2617498768041218]}}
{"scene_id": "0059_839917", "object_label": "door", "preset": "closer", "distance": 4.382034784621423, "init_camera": {"intrinsics": [[320.0, 0.0, 320.0], [0.0, 320.0, 240.0], [0.0, 0.0, 1.0]], "extrinsics": [[1.0, -1.2574668634961144e-17, 1.8149282282867872e-16, 1.2183453899999943], [-1.8192791712544074e-16, -0.06911896114487372, 0.9976084247891321, -2.4693777822087313], [0.0, -0.9976084247891321, -0.06911896114487372, 1.6], [0.0, 0.0, 0.0, 1.0]]}, "target_region": {"type": "point", "params": {"delta": 0.5, "start_position": [1.2183453899999943, -2.4693777822087313, 1.6], "sample_distance": 4.382034784621423, "min_distance": 2.5235002468288705, "min_distance_enforced": false}, "sample_point": [1.2183453899999943, -1.9693777822087313, 1.6], "sample_forward": [2.0208515012090798e-16, 0.9970340841925052, -0.07696125621644063], "height": 1.6}, "sample_target": [1.2183453899999943, -1.9693777822087313, 1.6], "camera_params": {"forward": [2.0208515012090798e-16, 0.9970340841925052, -0.07696125621644063]}, "task_type": "delta_control", "task_description": "Move 0.5m toward door", "target_object": {"label": "door", "id": "12", "bbox_min": [0.22648559999999043, 2.2669591894015064, -2.46610313297424e-07], "bbox_max": [2.21020518, 2.558354815423877, 2.523500000218557], "center": [1.2183453899999952, 2.4126570024126917, 1.2617498768041218]}}
{"scene_id": "0059_839917", "object_label": "door", "preset": "closer", "distance": 4.182034784621423, "init_camera": {"intrinsics": [[320.0, 0.0, 320.0], [0.0, 320.0, 240.0], [0.0, 0.0, 1.0]], "extrinsics": [[1.0, -1.2574668634961144e-17, 1.8149282282867872e-16, 1.2183453899999943], [-1.8192791712544074e-16, -0.06911896114487372, 0.9976084247891321, -2.4693777822087313], [0.0, -0.9976084247891321, -0.06911896114487372, 1.6], [0.0, 0.0, 0.0, 1.0]]}, "target_region": {"type": "point", "params": {"delta": 0.7, "start_position": [1.2183453899999943, -2.4693777822087313, 1.6], "sample_distance": 4.182034784621423, "min_distance": 2.5235002468288705, "min_distance_enforced": false}, "sample_point": [1.2183453899999945, -1.7693777822087313, 1.6], "sample_forward": [1.587661526883344e-16, 0.9967450359614374, -0.08061844259369466], "height": 1.6}, "sample_target": [1.2183453899999945, -1.7693777822087313, 1.6], "camera_params": {"forward": [1.587661526883344e-16, 0.9967450359614374, -0.08061844259369466]}, "task_type": "delta_control", "task_description": "Move 0.7m toward door", "target_object": {"label": "door", "id": "12", "bbox_min": [0.22648559999999043, 2.2669591894015064, -2.46610313297424e-07], "bbox_max": [2.21020518, 2.558354815423877, 2.523500000218557], "center": [1.2183453899999952, 2.4126570024126917, 1.2617498768041218]}}
{"scene_id": "0059_839917", "object_label": "door", "preset": "closer", "distance": 3.882034784621423, "init_camera": {"intrinsics": [[320.0, 0.0, 320.0], [0.0, 320.0, 240.0], [0.0, 0.0, 1.0]], "extrinsics": [[1.0, -1.2574668634961144e-17, 1.8149282282867872e-16, 1.2183453899999943], [-1.8192791712544074e-16, -0.06911896114487372, 0.9976084247891321, -2.4693777822087313], [0.0, -0.9976084247891321, -0.06911896114487372, 1.6], [0.0, 0.0, 0.0, 1.0]]}, "target_region": {"type": "point", "params": {"delta": 1.0, "start_position": [1.2183453899999943, -2.4693777822087313, 1.6], "sample_distance": 3.882034784621423, "min_distance": 2.5235002468288705, "min_distance_enforced": false}, "sample_point": [1.2183453899999945, -1.4693777822087313, 1.6], "sample_forward": [1.7094629753731408e-16, 0.9962254709530906, -0.08680328924811953], "height": 1.6}, "sample_target": [1.2183453899999945, -1.4693777822087313, 1.6], "camera_params": {"forward": [1.7094629753731408e-16, 0.9962254709530906, -0.08680328924811953]}, "task_type": "delta_control", "task_description": "Move 1.0m toward door", "target_object": {"label": "door", "id": "12", "bbox_min": [0.22648559999999043, 2.2669591894015064, -2.46610313297424e-07], "bbox_max": [2.21020518, 2.558354815423877, 2.523500000218557], "center": [1.2183453899999952, 2.4126570024126917, 1.2617498768041218]}}
{"scene_id": "0059_839917", "object_label": "door", "preset": "occupancy_30", "distance": 5.255567498969703, "init_camera": {"intrinsics": [[320.0, 0.0, 320.0], [0.0, 320.0, 240.0], [0.0, 0.0, 1.0]], "extrinsics": [[1.0, -1.2574668634961144e-17, 1.8149282282867872e-16, 1.2183453899999943], [-1.8192791712544074e-16, -0.06911896114487372, 0.9976084247891321, -2.4693777822087313], [0.0, -0.9976084247891321, -0.06911896114487372, 1.6], [0.0, 0.0, 0.0, 1.0]]}, "target_region": {"type": "circle", "params": {"center": [1.2183453899999952, 2.4126570024126917], "radius": 5.255567498969703, "object_center": [1.2183453899999952, 2.4126570024126917, 1.2617498768041218], "object_height": 2.5235002468288705, "occupancy_ratio": 0.3, "fov_vertical": 90.0, "sample_distance": 5.255567498969703, "min_distance": 2.5235002468288705}, "sample_point": [-3.9589313644950463, 3.316424197873972, 1.5], "sample_forward": [0.9840926032945317, -0.17178734194217027, -0.04528639187918832], "height": 1.5}, "sample_target": [-3.9589313644950463, 3.316424197873972, 1.5], "camera_params": {"forward": [0.9840926032945317, -0.17178734194217027, -0.04528639187918832]}, "task_type": "screen_occupancy", "task_description": "Position where door occupies 30% of vertical FOV", "target_object": {"label": "door", "id": "12", "bbox_min": [0.22648559999999043, 2.2669591894015064, -2.46610313297424e-07], "bbox_max": [2.21020518, 2.558354815423877, 2.523500000218557], "center": [1.2183453899999952, 2.4126570024126917, 1.2617498768041218]}}
{"scene_id": "0059_839917", "object_label": "door", "preset": "occupancy_50", "distance": 3.0461342602730563, "init_camera": {"intrinsics": [[320.0, 0.0, 320.0], [0.0, 320.0, 240.0], [0.0, 0.0, 1.0]], "extrinsics": [[1.0, -1.2574668634961144e-17, 1.8149282282867872e-16, 1.2183453899999943], [-1.8192791712544074e-16, -0.06911896114487372, 0.9976084247891321, -2.4693777822087313], [0.0, -0.9976084247891321, -0.06911896114487372, 1.6], [0.0, 0.0, 0.0, 1.0]]}, "target_region": {"type": "circle", "params": {"center": [1.2183453899999952, 2.4126570024126917], "radius": 3.0461342602730563, "object_center": [1.2183453899999952, 2.4126570024126917, 1.2617498768041218], "object_height": 2.5235002468288705, "occupancy_ratio": 0.5, "fov_vertical": 90.0, "sample_distance": 3.0461342602730563, "min_distance": 2.5235002468288705}, "sample_point": [-1.5381302638361163, 1.1162095868118656, 1.5], "sample_forward": [0.902154221901677, 0.42430830391340824, -0.07797578556902268], "height": 1.5}, "sample_target": [-1.5381302638361163, 1.1162095868118656, 1.5], "camera_params": {"forward": [0.902154221901677, 0.42430830391340824, -0.07797578556902268]}, "task_type": "screen_occupancy", "task_description": "Position where door occupies 50% of vertical FOV", "target_object": {"label": "door", "id": "12", "bbox_min": [0.22648559999999043, 2.2669591894015064, -2.46610313297424e-07], "bbox_max": [2.21020518, 2.558354815423877, 2.523500000218557], "center": [1.2183453899999952, 2.4126570024126917, 1.2617498768041218]}}
{"scene_id": "0059_839917", "object_label": "desk", "preset": "right", "distance": 2.845860178324039, "init_camera": {"intrinsics": [[320.0, 0.0, 320.0], [0.0, 320.0, 240.0], [0.0, 0.0, 1.0]], "extrinsics": [[0.6427876096865396, 0.19186021410739945, -0.7416291169284871, 0.4020799530367578], [0.7660444431189778, -0.16098983489511298, 0.6223007184850259, -1.7055983400705], [-0.0, -0.9681280552195083, -0.25045572202865096, 0.888], [0.0, 0.0, 0.0, 1.0]]}, "target_region": {"type": "circle", "params": {"center": [-1.0488681999999998, -0.48810827999999995], "radius": 2.845860178324039, "object_center": [-1.0488681999999998, -0.48810827999999995, 0.398], "sample_distance": 2.845860178324039, "min_distance": 2.845860178324039, "requested_distance": 0.8}, "sample_point": [0.07345248882193389, 2.1271003973358624, 1.5], "sample_forward": [-0.36776010034549095, -0.8569470519259303, -0.36110145221160667], "height": 1.5}, "sample_target": [0.07345248882193389, 2.1271003973358624, 1.5], "camera_params": {"forward": [-0.36776010034549095, -0.8569470519259303, -0.36110145221160667]}, "task_type": "absolute_positioning", "task_description": "Move to any position 2.8m from desk", "target_object": {"label": "desk", "id": "20", "bbox_min": [-1.8598944708818834, -1.9110383691620194, 0.008], "bbox_max": [-0.23784192911811652, 0.9348218091620195, 0.788], "center": [-1.0488682, -0.48810827999999995, 0.398]}}
{"scene_id": "0059_839917", "object_label": "desk", "preset": "back", "distance": 2.845860178324039, "init_camera": {"intrinsics": [[320.0, 0.0, 320.0], [0.0, 320.0, 240.0], [0.0, 0.0, 1.0]], "extrinsics": [[0.6427876096865396, 0.19186021410739945, -0.7416291169284871, 0.4020799530367578], [0.7660444431189778, -0.16098983489511298, 0.6223007184850259, -1.7055983400705], [-0.0, -0.9681280552195083, -0.25045572202865096, 0.888], [0.0, 0.0, 0.0, 1.0]]}, "target_region": {"type": "circle", "params": {"center": [-1.0488681999999998, -0.48810827999999995], "radius": 2.845860178324039, "object_center": [-1.0488681999999998, -0.48810827999999995, 0.398], "sample_distance": 2.845860178324039, "min_distance": 2.845860178324039, "requested_distance": 1.0}, "sample_point": [-3.8943979629093284, -0.5314732770334684, 1.5], "sample_forward": [0.9324182665135275, 0.01420976715420822, -0.3611014522116066], "height": 1.5}, "sample_target": [-3.8943979629093284, -0.5314732770334684, 1.5], "camera_params": {"forward": [0.9324182665135275, 0.01420976715420822, -0.3611014522116066]}, "task_type": "absolute_positioning", "task_description": "Move to any position 2.8m from desk", "target_object": {"label": "desk", "id": "20", "bbox_min": [-1.8598944708818834, -1.9110383691620194, 0.008], "bbox_max": [-0.23784192911811652, 0.9348218091620195, 0.788], "center": [-1.0488682, -0.48810827999999995, 0.398]}}
{"scene_id": "0059_839917", "object_label": "desk", "preset": "left", "distance": 2.845860178324039, "init_camera": {"intrinsics": [[320.0, 0.0, 320.0], [0.0, 320.0, 240.0], [0.0, 0.0, 1.0]], "extrinsics": [[0.6427876096865396, 0.19186021410739945, -0.7416291169284871, 0.4020799530367578], [0.7660444431189778, -0.16098983489511298, 0.6223007184850259, -1.7055983400705], [-0.0, -0.9681280552195083, -0.25045572202865096, 0.888], [0.0, 0.0, 0.0, 1.0]]}, "target_region": {"type": "circle", "params": {"center": [-1.0488681999999998, -0.48810827999999995], "radius": 2.845860178324039, "object_center": [-1.0488681999999998, -0.48810827999999995, 0.398], "sample_distance": 2.845860178324039, "min_distance": 2.845860178324039, "requested_distance": 1.2}, "sample_point": [-1.0655182776869367, -3.333919751177167, 1.5], "sample_forward": [0.005455868631750452, 0.9325105761910382, -0.36110145221160667], "height": 1.5}, "sample_target": [-1.0655182776869367, -3.333919751177167, 1.5], "camera_params": {"forward": [0.005455868631750452, 0.9325105761910382, -0.36110145221160667]}, "task_type": "absolute_positioning", "task_description": "Move to any position 2.8m from desk", "target_object": {"label": "desk", "id": "20", "bbox_min": [-1.8598944708818834, -1.9110383691620194, 0.008], "bbox_max": [-0.23784192911811652, 0.9348218091620195, 0.788], "center": [-1.0488682, -0.48810827999999995, 0.398]}}
{"scene_id": "0059_839917", "object_label": "desk", "preset": "left", "distance": 2.845860178324039, "init_camera": {"intrinsics": [[320.0, 0.0, 320.0], [0.0, 320.0, 240.0], [0.0, 0.0, 1.0]], "extrinsics": [[0.6427876096865396, 0.19186021410739945, -0.7416291169284871, 0.4020799530367578], [0.7660444431189778, -0.16098983489511298, 0.6223007184850259, -1.7055983400705], [-0.0, -0.9681280552195083, -0.25045572202865096, 0.888], [0.0, 0.0, 0.0, 1.0]]}, "target_region": {"type": "circle", "params": {"center": [-1.0488681999999998, -0.48810827999999995], "radius": 2.845860178324039, "object_center": [-1.0488681999999998, -0.48810827999999995, 0.398], "sample_distance": 2.845860178324039, "min_distance": 2.845860178324039, "requested_distance": 1.5}, "sample_point": [-1.2898578371664664, -3.323746506105176, 1.5], "sample_forward": [0.07896706710413727, 0.9291770248578252, -0.3611014522116066], "height": 1.5}, "sample_target": [-1.2898578371664664, -3.323746506105176, 1.5], "camera_params": {"forward": [0.07896706710413727, 0.9291770248578252, -0.3611014522116066]}, "task_type": "absolute_positioning", "task_description": "Move to any position 2.8m from desk", "target_object": {"label": "desk", "id": "20", "bbox_min": [-1.8598944708818834, -1.9110383691620194, 0.008], "bbox_max": [-0.23784192911811652, 0.9348218091620195, 0.788], "center": [-1.0488682, -0.48810827999999995, 0.398]}}
