{"scene_id": "0226_840298", "object_label": "washing_machine", "preset": "back", "distance": 1.5, "init_camera": {"intrinsics": [[320.0, 0.0, 320.0], [0.0, 320.0, 240.0], [0.0, 0.0, 1.0]], "extrinsics": [[0.0, 0.52999894000318, -0.8479983040050879, -0.75], [1.0, -0.0, 0.0, -5.0921769999999995], [-0.0, -0.847998304005088, -0.5299989400031799, 0.9], [0.0, 0.0, 0.0, 1.0]]}, "target_region": {"type": "circle", "params": {"center": [-1.55, -5.0921769999999995], "radius": 1.5, "object_center": [-1.55, -5.0921769999999995, 0.4], "sample_distance": 1.5, "min_distance": 0.8, "requested_distance": 1.5}, "sample_point": [-2.8390810083177644, -5.85916471436996, 1.5], "sample_forward": [0.6930142434467703, 0.41233514975192354, -0.5913636636275174], "height": 1.5}, "sample_target": [-2.8390810083177644, -5.85916471436996, 1.5], "camera_params": {"forward": [0.6930142434467703, 0.41233514975192354, -0.5913636636275174]}, "task_type": "absolute_positioning", "task_description": "Move to any position 1.5m from washing_machine", "target_object": {"label": "washing_machine", "id": "90", "bbox_min": [-1.8000000109278476, -5.342177010927847, 0.0], "bbox_max": [-1.2999999890721525, -4.842176989072152, 0.8], "center": [-1.55, -5.0921769999999995, 0.4]}}
{"scene_id": "0226_840298", "object_label": "washing_machine", "preset": "occupancy_20", "distance": 2.525500605870018, "init_camera": {"intrinsics": [[320.0, 0.0, 320.0], [0.0, 320.0, 240.0], [0.0, 0.0, 1.0]], "extrinsics": [[0.0, 0.52999894000318, -0.8479983040050879, -0.75], [1.0, -0.0, 0.0, -5.0921769999999995], [-0.0, -0.847998304005088, -0.5299989400031799, 0.9], [0.0, 0.0, 0.0, 1.0]]}, "target_region": {"type": "circle", "params": {"center": [-1.55, -5.0921769999999995], "radius": 2.525500605870018, "object_center": [-1.55, -5.0921769999999995, 0.4], "object_height": 0.8, "occupancy_ratio": 0.2, "fov_vertical": 90.0, "sample_distance": 2.525500605870018, "min_distance": 0.8}, "sample_point": [0.16969371417464174, -3.242634667508512, 1.5], "sample_forward": [-0.624285223395222, -0.671423020681641, -0.3993232865099638], "height": 1.5}, "sample_target": [0.16969371417464174, -3.242634667508512, 1.5], "camera_params": {"forward": [-0.624285223395222, -0.671423020681641, -0.3993232865099638]}, "task_type": "screen_occupancy", "task_description": "Position where washing_machine occupies 20% of vertical FOV", "target_object": {"label": "washing_machine", "id": "90", "bbox_min": [-1.8000000109278476, -5.342177010927847, 0.0], "bbox_max": [-1.2999999890721525, -4.842176989072152, 0.8], "center": [-1.55, -5.0921769999999995, 0.4]}}
{"scene_id": "0226_840298", "object_label": "washing_machine", "preset": "occupancy_30", "distance": 1.666119908036167, "init_camera": {"intrinsics": [[320.0, 0.0, 320.0], [0.0, 320.0, 240.0], [0.0, 0.0, 1.0]], "extrinsics": [[0.0, 0.52999894000318, -0.8479983040050879, -0.75], [1.0, -0.0, 0.0, -5.0921769999999995], [-0.0, -0.847998304005088, -0.5299989400031799, 0.9], [0.0, 0.0, 0.0, 1.0]]}, "target_region": {"type": "circle", "params": {"center": [-1.55, -5.0921769999999995], "radius": 1.666119908036167, "object_center": [-1.55, -5.0921769999999995, 0.4], "object_height": 0.8, "occupancy_ratio": 0.3, "fov_vertical": 90.0, "sample_distance": 1.666119908036167, "min_distance": 0.8}, "sample_point": [-1.8971123206720144, -3.462616143575136, 1.5], "sample_forward": [0.17386165268179532, -0.8162145990527812, -0.5509681061730002], "height": 1.5}, "sample_target": [-1.8971123206720144, -3.462616143575136, 1.5], "camera_params": {"forward": [0.17386165268179532, -0.8162145990527812, -0.5509681061730002]}, "task_type": "screen_occupancy", "task_description": "Position where washing_machine occupies 30% of vertical FOV", "target_object": {"label": "washing_machine", "id": "90", "bbox_min": [-1.8000000109278476, -5.342177010927847, 0.0], "bbox_max": [-1.2999999890721525, -4.842176989072152, 0.8], "center": [-1.55, -5.0921769999999995, 0.4]}}
{"scene_id": "0226_840298", "object_label": "washing_machine", "preset": "occupancy_50", "distance": 0.9656854249492381, "init_camera": {"intrinsics": [[320.0, 0.0, 320.0], [0.0, 320.0, 240.0], [0.0, 0.0, 1.0]], "extrinsics": [[0.0, 0.52999894000318, -0.8479983040050879, -0.75], [1.0, -0.0, 0.0, -5.0921769999999995], [-0.0, -0.847998304005088, -0.5299989400031799, 0.9], [0.0, 0.0, 0.0, 1.0]]}, "target_region": {"type": "circle", "params": {"center": [-1.55, -5.0921769999999995], "radius": 0.9656854249492381, "object_center": [-1.55, -5.0921769999999995, 0.4], "object_height": 0.8, "occupancy_ratio": 0.5, "fov_vertical": 90.0, "sample_distance": 0.9656854249492381, "min_distance": 0.8}, "sample_point": [-1.955969888731502, -5.968382905825065, 1.5], "sample_forward": [0.27735021573468155, 0.5986057186849846, -0.7514972065081538], "height": 1.5}, "sample_target": [-1.955969888731502, -5.968382905825065, 1.5], "camera_params": {"forward": [0.27735021573468155, 0.5986057186849846, -0.7514972065081538]}, "task_type": "screen_occupancy", "task_description": "Position where washing_machine occupies 50% of vertical FOV", "target_object": {"label": "washing_machine", "id": "90", "bbox_min": [-1.8000000109278476, -5.342177010927847, 0.0], "bbox_max": [-1.2999999890721525, -4.842176989072152, 0.8], "center": [-1.55, -5.0921769999999995, 0.4]}}
{"scene_id": "0226_840298", "object_label": "dining table", "preset": "left", "distance": 1.9744667203770523, "init_camera": {"intrinsics": [[320.0, 0.0, 320.0], [0.0, 320.0, 240.0], [0.0, 0.0, 1.0]], "extrinsics": [[0.8660254037844383, -0.17444009120613063, 0.4685836687081587, -4.284275673592142], [-0.5000000000000006, -0.30213910084596673, 0.8116107217995522, -0.7654879210169758], [0.0, -0.9371673374163163, -0.3488801824122608, 0.8512760004882811], [0.0, 0.0, 0.0, 1.0]]}, "target_region": {"type": "circle", "params": {"center": [-3.6454426000000004, 0.34100342000000006], "radius": 1.9744667203770523, "object_center": [-3.6454426000000004, 0.34100342000000006, 0.37563799999999997], "sample_distance": 1.9744667203770523, "min_distance": 1.9744667203770523, "requested_distance": 0.8}, "sample_point": [-2.7106902080540993, -1.3981793753461158, 1.5], "sample_forward": [-0.4113938291139293, 0.7654316542769701, -0.49484290436238465], "height": 1.5}, "sample_target": [-2.7106902080540993, -1.3981793753461158, 1.5], "camera_params": {"forward": [-0.4113938291139293, 0.7654316542769701, -0.49484290436238465]}, "task_type": "absolute_positioning", "task_description": "Move to any position 2.0m from dining table", "target_object": {"label": "dining table", "id": "96", "bbox_min": [-4.062681427144194, -0.6462299401885262, -4.882812731921149e-10], "bbox_max": [-3.2282037728558053, 1.3282367801885262, 0.7512760004882811], "center": [-3.6454426, 0.34100342, 0.3756379999999999]}}
{"scene_id": "0226_840298", "object_label": "dining table", "preset": "right", "distance": 1.9744667203770523, "init_camera": {"intrinsics": [[320.0, 0.0, 320.0], [0.0, 320.0, 240.0], [0.0, 0.0, 1.0]], "extrinsics": [[0.8660254037844383, -0.17444009120613063, 0.4685836687081587, -4.284275673592142], [-0.5000000000000006, -0.30213910084596673, 0.8116107217995522, -0.7654879210169758], [0.0, -0.9371673374163163, -0.3488801824122608, 0.8512760004882811], [0.0, 0.0, 0.0, 1.0]]}, "target_region": {"type": "circle", "params": {"center": [-3.6454426000000004, 0.34100342000000006], "radius": 1.9744667203770523, "object_center": [-3.6454426000000004, 0.34100342000000006, 0.37563799999999997], "sample_distance": 1.9744667203770523, "min_distance": 1.9744667203770523, "requested_distance": 1.0}, "sample_point": [-4.155190531043221, 2.248534776668526, 1.5], "sample_forward": [0.22434513678881346, -0.839523531297014, -0.49484290436238465], "height": 1.5}, "sample_target": [-4.155190531043221, 2.248534776668526, 1.5], "camera_params": {"forward": [0.22434513678881346, -0.839523531297014, -0.49484290436238465]}, "task_type": "absolute_positioning", "task_description": "Move to any position 2.0m from dining table", "target_object": {"label": "dining table", "id": "96", "bbox_min": [-4.062681427144194, -0.6462299401885262, -4.882812731921149e-10], "bbox_max": [-3.2282037728558053, 1.3282367801885262, 0.7512760004882811], "center": [-3.6454426, 0.34100342, 0.3756379999999999]}}
{"scene_id": "0226_840298", "object_label": "dining table", "preset": "back", "distance": 1.9744667203770523, "init_camera": {"intrinsics": [[320.0, 0.0, 320.0], [0.0, 320.0, 240.0], [0.0, 0.0, 1.0]], "extrinsics": [[0.8660254037844383, -0.17444009120613063, 0.4685836687081587, -4.284275673592142], [-0.5000000000000006, -0.30213910084596673, 0.8116107217995522, -0.7654879210169758], [0.0, -0.9371673374163163, -0.3488801824122608, 0.8512760004882811], [0.0, 0.0, 0.0, 1.0]]}, "target_region": {"type": "circle", "params": {"center": [-3.6454426000000004, 0.34100342000000006], "radius": 1.9744667203770523, "object_center": [-3.6454426000000004, 0.34100342000000006, 0.37563799999999997], "sample_distance": 1.9744667203770523, "min_distance": 1.9744667203770523, "requested_distance": 1.2}, "sample_point": [-5.559090933804016, -0.14527724423170396, 1.5], "sample_forward": [0.8422156738024026, 0.21401695914988764, -0.49484290436238465], "height": 1.5}, "sample_target": [-5.559090933804016, -0.14527724423170396, 1.5], "camera_params": {"forward": [0.8422156738024026, 0.21401695914988764, -0.49484290436238465]}, "task_type": "absolute_positioning", "task_description": "Move to any position 2.0m from dining table", "target_object": {"label": "dining table", "id": "96", "bbox_min": [-4.062681427144194, -0.6462299401885262, -4.882812731921149e-10], "bbox_max": [-3.2282037728558053, 1.3282367801885262, 0.7512760004882811], "center": [-3.6454426, 0.34100342, 0.3756379999999999]}}
{"scene_id": "0226_840298", "object_label": "dining table", "preset": "right", "distance": 1.9744667203770523, "init_camera": {"intrinsics": [[320.0, 0.0, 320.0], [0.0, 320.0, 240.0], [0.0, 0.0, 1.0]], "extrinsics": [[0.8660254037844383, -0.17444009120613063, 0.4685836687081587, -4.284275673592142], [-0.5000000000000006, -0.30213910084596673, 0.8116107217995522, -0.7654879210169758], [0.0, -0.9371673374163163, -0.3488801824122608, 0.8512760004882811], [0.0, 0.0, 0.0, 1.0]]}, "target_region": {"type": "circle", "params": {"center": [-3.6454426000000004, 0.34100342000000006], "radius": 1.9744667203770523, "object_center": [-3.6454426000000004, 0.34100342000000006, 0.37563799999999997], "sample_distance": 1.9744667203770523, "min_distance": 1.9744667203770523, "requested_distance": 1.5}, "sample_point": [-3.9701726922768894, 2.288583764182585, 1.5], "sample_forward": [0.14291694489511464, -0.8571494892164648, -0.49484290436238465], "height": 1.5}, "sample_target": [-3.9701726922768894, 2.288583764182585, 1.5], "camera_params": {"forward": [0.14291694489511464, -0.8571494892164648, -0.49484290436238465]}, "task_type": "absolute_positioning", "task_description": "Move to any position 2.0m from dining table", "target_object": {"label": "dining table", "id": "96", "bbox_min": [-4.062681427144194, -0.6462299401885262, -4.882812731921149e-10], "bbox_max": [-3.2282037728558053, 1.3282367801885262, 0.7512760004882811], "center": [-3.6454426, 0.34100342, 0.3756379999999999]}}
{"scene_id": "0226_840298", "object_label": "dining table", "preset": "occupancy_20", "distance": 2.3716849945523903, "init_camera": {"intrinsics": [[320.0, 0.0, 320.0], [0.0, 320.0, 240.0], [0.0, 0.0, 1.0]], "extrinsics": [[0.8660254037844383, -0.17444009120613063, 0.4685836687081587, -4.284275673592142], [-0.5000000000000006, -0.30213910084596673, 0.8116107217995522, -0.7654879210169758], [0.0, -0.9371673374163163, -0.3488801824122608, 0.8512760004882811], [0.0, 0.0, 0.0, 1.0]]}, "target_region": {"type": "circle", "params": {"center": [-3.6454426000000004, 0.34100342000000006], "radius": 2.3716849945523903, "object_center": [-3.6454426000000004, 0.34100342000000006, 0.37563799999999997], "object_height": 0.7512760009765624, "occupancy_ratio": 0.2, "fov_vertical": 90.0, "sample_distance": 2.3716849945523903, "min_distance": 1.9744667203770523}, "sample_point": [-4.833278568959677, 2.393790653064011, 1.5], "sample_forward": [0.45255969181009487, -0.78210189102186, -0.42837642022966527], "height": 1.5}, "sample_target": [-4.833278568959677, 2.393790653064011, 1.5], "camera_params": {"forward": [0.45255969181009487, -0.78210189102186, -0.42837642022966527]}, "task_type": "screen_occupancy", "task_description": "Position where dining table occupies 20% of vertical FOV", "target_object": {"label": "dining table", "id": "96", "bbox_min": [-4.062681427144194, -0.6462299401885262, -4.882812731921149e-10], "bbox_max": [-3.2282037728558053, 1.3282367801885262, 0.7512760004882811], "center": [-3.6454426, 0.34100342, 0.3756379999999999]}}
{"scene_id": "0226_840298", "object_label": "dining table", "preset": "front", "distance": 1.9744667203770523, "init_camera": {"intrinsics": [[320.0, 0.0, 320.0], [0.0, 320.0, 240.0], [0.0, 0.0, 1.0]], "extrinsics": [[-0.984807753012208, 0.06058240789999533, -0.1627374003113125, -3.4235782018747214], [0.1736481776669303, 0.34357990851190795, -0.9229296597573963, 1.5992589475083183], [0.0, -0.9371673374163163, -0.3488801824122609, 0.8512760004882811], [0.0, 0.0, 0.0, 1.0]]}, "target_region": {"type": "circle", "params": {"center": [-3.6454426000000004, 0.34100342000000006], "radius": 1.9744667203770523, "object_center": [-3.6454426000000004, 0.34100342000000006, 0.37563799999999997], "sample_distance": 1.9744667203770523, "min_distance": 1.9744667203770523, "requested_distance": 0.8}, "sample_point": [-1.8407202148000874, 1.1419378381859393, 1.5], "sample_forward": [-0.7942762799348743, -0.35249920728282075, -0.49484290436238465], "height": 1.5}, "sample_target": [-1.8407202148000874, 1.1419378381859393, 1.5], "camera_params": {"forward": [-0.7942762799348743, -0.35249920728282075, -0.49484290436238465]}, "task_type": "absolute_positioning", "task_description": "Move to any position 2.0m from dining table", "target_object": {"label": "dining table", "id": "96", "bbox_min": [-4.062681427144194, -0.6462299401885262, -4.882812731921149e-10], "bbox_max": [-3.2282037728558053, 1.3282367801885262, 0.7512760004882811], "center": [-3.6454426, 0.34100342, 0.3756379999999999]}}
{"scene_id": "0226_840298", "object_label": "dining table", "preset": "right", "distance": 1.9744667203770523, "init_camera": {"intrinsics": [[320.0, 0.0, 320.0], [0.0, 320.0, 240.0], [0.0, 0.0, 1.0]], "extrinsics": [[-0.984807753012208, 0.06058240789999533, -0.1627374003113125, -3.4235782018747214], [0.1736481776669303, 0.34357990851190795, -0.9229296597573963, 1.5992589475083183], [0.0, -0.9371673374163163, -0.3488801824122609, 0.8512760004882811], [0.0, 0.0, 0.0, 1.0]]}, "target_region": {"type": "circle", "params": {"center": [-3.6454426000000004, 0.34100342000000006], "radius": 1.9744667203770523, "object_center": [-3.6454426000000004, 0.34100342000000006, 0.37563799999999997], "sample_distance": 1.9744667203770523, "min_distance": 1.9744667203770523, "requested_distance": 1.0}, "sample_point": [-2.2891936620565154, 1.775962530289796, 1.5], "sample_forward": [-0.5968986531831861, -0.6315397832522496, -0.49484290436238454], "height": 1.5}, "sample_target": [-2.2891936620565154, 1.775962530289796, 1.5], "camera_params": {"forward": [-0.5968986531831861, -0.6315397832522496, -0.49484290436238454]}, "task_type": "absolute_positioning", "task_description": "Move to any position 2.0m from dining table", "target_object": {"label": "dining table", "id": "96", "bbox_min": [-4.062681427144194, -0.6462299401885262, -4.882812731921149e-10], "bbox_max": [-3.2282037728558053, 1.3282367801885262, 0.7512760004882811], "center": [-3.6454426, 0.34100342, 0.3756379999999999]}}
{"scene_id": "0226_840298", "object_label": "dining table", "preset": "right", "distance": 1.9744667203770523, "init_camera": {"intrinsics": [[320.0, 0.0, 320.0], [0.0, 320.0, 240.0], [0.0, 0.0, 1.0]], "extrinsics": [[-0.984807753012208, 0.06058240789999533, -0.1627374003113125, -3.4235782018747214], [0.1736481776669303, 0.34357990851190795, -0.9229296597573963, 1.5992589475083183], [0.0, -0.9371673374163163, -0.3488801824122609, 0.8512760004882811], [0.0, 0.0, 0.0, 1.0]]}, "target_region": {"type": "circle", "params": {"center": [-3.6454426000000004, 0.34100342000000006], "radius": 1.9744667203770523, "object_center": [-3.6454426000000004, 0.34100342000000006, 0.37563799999999997], "sample_distance": 1.9744667203770523, "min_distance": 1.9744667203770523, "requested_distance": 1.2}, "sample_point": [-4.769247173970406, 1.9644510198318237, 1.5], "sample_forward": [0.494597575619994, -0.7144954430876548, -0.49484290436238454], "height": 1.5}, "sample_target": [-4.769247173970406, 1.9644510198318237, 1.5], "camera_params": {"forward": [0.494597575619994, -0.7144954430876548, -0.49484290436238454]}, "task_type": "absolute_positioning", "task_description": "Move to any position 2.0m from dining table", "target_object": {"label": "dining table", "id": "96", "bbox_min": [-4.062681427144194, -0.6462299401885262, -4.882812731921149e-10], "bbox_max": [-3.2282037728558053, 1.3282367801885262, 0.7512760004882811], "center": [-3.6454426, 0.34100342, 0.3756379999999999]}}
{"scene_id": "0226_840298", "object_label": "dining table", "preset": "back", "distance": 1.9744667203770523, "init_camera": {"intrinsics": [[320.0, 0.0, 320.0], [0.0, 320.0, 240.0], [0.0, 0.0, 1.0]], "extrinsics": [[-0.984807753012208, 0.06058240789999533, -0.1627374003113125, -3.4235782018747214], [0.1736481776669303, 0.34357990851190795, -0.9229296597573963, 1.5992589475083183], [0.0, -0.9371673374163163, -0.3488801824122609, 0.8512760004882811], [0.0, 0.0, 0.0, 1.0]]}, "target_region": {"type": "circle", "params": {"center": [-3.6454426000000004, 0.34100342000000006], "radius": 1.9744667203770523, "object_center": [-3.6454426000000004, 0.34100342000000006, 0.37563799999999997], "sample_distance": 1.9744667203770523, "min_distance": 1.9744667203770523, "requested_distance": 1.5}, "sample_point": [-5.483602895505702, 1.061895615756692, 1.5], "sample_forward": [0.8089926369902758, -0.3172718287174576, -0.49484290436238465], "height": 1.5}, "sample_target": [-5.483602895505702, 1.061895615756692, 1.5], "camera_params": {"forward": [0.8089926369902758, -0.3172718287174576, -0.49484290436238465]}, "task_type": "absolute_positioning", "task_description": "Move to any position 2.0m from dining table", "target_object": {"label": "dining table", "id": "96", "bbox_min": [-4.062681427144194, -0.6462299401885262, -4.882812731921149e-10], "bbox_max": [-3.2282037728558053, 1.3282367801885262, 0.7512760004882811], "center": [-3.6454426, 0.34100342, 0.3756379999999999]}}
{"scene_id": "0226_840298", "object_label": "dining table", "preset": "front", "distance": 1.9744667203770523, "init_camera": {"intrinsics": [[320.0, 0.0, 320.0], [0.0, 320.0, 240.0], [0.0, 0.0, 1.0]], "extrinsics": [[0.984807753012208, -0.06058240789999533, 0.1627374003113125, -3.8673069981252786], [-0.1736481776669303, -0.34357990851190795, 0.9229296597573963, -0.9172521075083182], [0.0, -0.9371673374163163, -0.3488801824122609, 0.8512760004882811], [0.0, 0.0, 0.0, 1.0]]}, "target_region": {"type": "circle", "params": {"center": [-3.6454426000000004, 0.34100342000000006], "radius": 1.9744667203770523, "object_center": [-3.6454426000000004, 0.34100342000000006, 0.37563799999999997], "sample_distance": 1.9744667203770523, "min_distance": 1.9744667203770523, "requested_distance": 1.0}, "sample_point": [-1.9608115597325444, 1.3708272340788459, 1.5], "sample_forward": [-0.7414228840399918, -0.45323570801959195, -0.49484290436238465], "height": 1.5}, "sample_target": [-1.9608115597325444, 1.3708272340788459, 1.5], "camera_params": {"forward": [-0.7414228840399918, -0.45323570801959195, -0.49484290436238465]}, "task_type": "absolute_positioning", "task_description": "Move to any position 2.0m from dining table", "target_object": {"label": "dining table", "id": "96", "bbox_min": [-4.062681427144194, -0.6462299401885262, -4.882812731921149e-10], "bbox_max": [-3.2282037728558053, 1.3282367801885262, 0.7512760004882811], "center": [-3.6454426, 0.34100342, 0.3756379999999999]}}
{"scene_id": "0226_840298", "object_label": "dining table", "preset": "back", "distance": 1.9744667203770523, "init_camera": {"intrinsics": [[320.0, 0.0, 320.0], [0.0, 320.0, 240.0], [0.0, 0.0, 1.0]], "extrinsics": [[0.984807753012208, -0.06058240789999533, 0.1627374003113125, -3.8673069981252786], [-0.1736481776669303, -0.34357990851190795, 0.9229296597573963, -0.9172521075083182], [0.0, -0.9371673374163163, -0.3488801824122609, 0.8512760004882811], [0.0, 0.0, 0.0, 1.0]]}, "target_region": {"type": "circle", "params": {"center": [-3.6454426000000004, 0.34100342000000006], "radius": 1.9744667203770523, "object_center": [-3.6454426000000004, 0.34100342000000006, 0.37563799999999997], "sample_distance": 1.9744667203770523, "min_distance": 1.9744667203770523, "requested_distance": 1.2}, "sample_point": [-5.448817106028072, -0.46296126882937993, 1.5], "sample_forward": [0.7936830648990373, 0.3538328595462415, -0.49484290436238465], "height": 1.5}, "sample_target": [-5.448817106028072, -0.46296126882937993, 1.5], "camera_params": {"forward": [0.7936830648990373, 0.3538328595462415, -0.49484290436238465]}, "task_type": "absolute_positioning", "task_description": "Move to any position 2.0m from dining table", "target_object": {"label": "dining table", "id": "96", "bbox_min": [-4.062681427144194, -0.6462299401885262, -4.882812731921149e-10], "bbox_max": [-3.2282037728558053, 1.3282367801885262, 0.7512760004882811], "center": [-3.6454426, 0.34100342, 0.3756379999999999]}}
{"scene_id": "0226_840298", "object_label": "dining table", "preset": "front", "distance": 1.9744667203770523, "init_camera": {"intrinsics": [[320.0, 0.0, 320.0], [0.0, 320.0, 240.0], [0.0, 0.0, 1.0]], "extrinsics": [[0.984807753012208, -0.06058240789999533, 0.1627374003113125, -3.8673069981252786], [-0.1736481776669303, -0.34357990851190795, 0.9229296597573963, -0.9172521075083182], [0.0, -0.9371673374163163, -0.3488801824122609, 0.8512760004882811], [0.0, 0.0, 0.0, 1.0]]}, "target_region": {"type": "circle", "params": {"center": [-3.6454426000000004, 0.34100342000000006], "radius": 1.9744667203770523, "object_center": [-3.6454426000000004, 0.34100342000000006, 0.37563799999999997], "sample_distance": 1.9744667203770523, "min_distance": 1.9744667203770523, "requested_distance": 1.5}, "sample_point": [-1.7678083131270086, -0.2697406463939883, 1.5], "sample_forward": [-0.8263655333839334, 0.2687945409365438, -0.49484290436238465], "height": 1.5}, "sample_target": [-1.7678083131270086, -0.2697406463939883, 1.5], "camera_params": {"forward": [-0.8263655333839334, 0.2687945409365438, -0.49484290436238465]}, "task_type": "absolute_positioning", "task_description": "Move to any position 2.0m from dining table", "target_object": {"label": "dining table", "id": "96", "bbox_min": [-4.062681427144194, -0.6462299401885262, -4.882812731921149e-10], "bbox_max": [-3.2282037728558053, 1.3282367801885262, 0.7512760004882811], "center": [-3.6454426, 0.34100342, 0.3756379999999999]}}
{"scene_id": "0226_840298", "object_label": "dining table", "preset": "occupancy_20", "distance": 2.3716849945523903, "init_camera": {"intrinsics": [[320.0, 0.0, 320.0], [0.0, 320.0, 240.0], [0.0, 0.0, 1.0]], "extrinsics": [[0.984807753012208, -0.06058240789999533, 0.1627374003113125, -3.8673069981252786], [-0.1736481776669303, -0.34357990851190795, 0.9229296597573963, -0.9172521075083182], [0.0, -0.9371673374163163, -0.3488801824122609, 0.8512760004882811], [0.0, 0.0, 0.0, 1.0]]}, "target_region": {"type": "circle", "params": {"center": [-3.6454426000000004, 0.34100342000000006], "radius": 2.3716849945523903, "object_center": [-3.6454426000000004, 0.34100342000000006, 0.37563799999999997], "object_height": 0.7512760009765624, "occupancy_ratio": 0.2, "fov_vertical": 90.0, "sample_distance": 2.3716849945523903, "min_distance": 1.9744667203770523}, "sample_point": [-3.749863643125229, -2.0283817236897317, 1.5], "sample_forward": [0.03978390647374504, 0.9027241457814815, -0.42837642022966527], "height": 1.5}, "sample_target": [-3.749863643125229, -2.0283817236897317, 1.5], "camera_params": {"forward": [0.03978390647374504, 0.9027241457814815, -0.42837642022966527]}, "task_type": "screen_occupancy", "task_description": "Position where dining table occupies 20% of vertical FOV", "target_object": {"label": "dining table", "id": "96", "bbox_min": [-4.062681427144194, -0.6462299401885262, -4.882812731921149e-10], "bbox_max": [-3.2282037728558053, 1.3282367801885262, 0.7512760004882811], "center": [-3.6454426, 0.34100342, 0.3756379999999999]}}
{"scene_id": "0226_840298", "object_label": "dining table", "preset": "left", "distance": 1.9744667203770523, "init_camera": {"intrinsics": [[320.0, 0.0, 320.0], [0.0, 320.0, 240.0], [0.0, 0.0, 1.0]], "extrinsics": [[0.9396926207859085, 0.11932404999212673, -0.32053010706326324, -3.2084550412176776], [0.3420201433256681, -0.3278401329512433, 0.88064923141169, -0.8596100303370326], [-0.0, -0.9371673374163163, -0.3488801824122609, 0.8512760004882811], [0.0, 0.0, 0.0, 1.0]]}, "target_region": {"type": "circle", "params": {"center": [-3.6454426000000004, 0.34100342000000006], "radius": 1.9744667203770523, "object_center": [-3.6454426000000004, 0.34100342000000006, 0.37563799999999997], "sample_distance": 1.9744667203770523, "min_distance": 1.9744667203770523, "requested_distance": 0.8}, "sample_point": [-3.997137583965863, -1.601888617178022, 1.5], "sample_forward": [0.15478446204634255, 0.8550861186519311, -0.49484290436238465], "height": 1.5}, "sample_target": [-3.997137583965863, -1.601888617178022, 1.5], "camera_params": {"forward": [0.15478446204634255, 0.8550861186519311, -0.49484290436238465]}, "task_type": "absolute_positioning", "task_description": "Move to any position 2.0m from dining table", "target_object": {"label": "dining table", "id": "96", "bbox_min": [-4.062681427144194, -0.6462299401885262, -4.882812731921149e-10], "bbox_max": [-3.2282037728558053, 1.3282367801885262, 0.7512760004882811], "center": [-3.6454426, 0.34100342, 0.3756379999999999]}}
{"scene_id": "0226_840298", "object_label": "dining table", "preset": "right", "distance": 1.9744667203770523, "init_camera": {"intrinsics": [[320.0, 0.0, 320.0], [0.0, 320.0, 240.0], [0.0, 0.0, 1.0]], "extrinsics": [[0.9396926207859085, 0.11932404999212673, -0.32053010706326324, -3.2084550412176776], [0.3420201433256681, -0.3278401329512433, 0.88064923141169, -0.8596100303370326], [-0.0, -0.9371673374163163, -0.3488801824122609, 0.8512760004882811], [0.0, 0.0, 0.0, 1.0]]}, "target_region": {"type": "circle", "params": {"center": [-3.6454426000000004, 0.34100342000000006], "radius": 1.9744667203770523, "object_center": [-3.6454426000000004, 0.34100342000000006, 0.37563799999999997], "sample_distance": 1.9744667203770523, "min_distance": 1.9744667203770523, "requested_distance": 1.0}, "sample_point": [-2.8816926054432974, 2.1617737997269852, 1.5], "sample_forward": [-0.33613397243342824, -0.8013391620146385, -0.49484290436238454], "height": 1.5}, "sample_target": [-2.8816926054432974, 2.1617737997269852, 1.5], "camera_params": {"forward": [-0.33613397243342824, -0.8013391620146385, -0.49484290436238454]}, "task_type": "absolute_positioning", "task_description": "Move to any position 2.0m from dining table", "target_object": {"label": "dining table", "id": "96", "bbox_min": [-4.062681427144194, -0.6462299401885262, -4.882812731921149e-10], "bbox_max": [-3.2282037728558053, 1.3282367801885262, 0.7512760004882811], "center": [-3.6454426, 0.34100342, 0.3756379999999999]}}
{"scene_id": "0226_840298", "object_label": "dining table", "preset": "back", "distance": 1.9744667203770523, "init_camera": {"intrinsics": [[320.0, 0.0, 320.0], [0.0, 320.0, 240.0], [0.0, 0.0, 1.0]], "extrinsics": [[0.9396926207859085, 0.11932404999212673, -0.32053010706326324, -3.2084550412176776], [0.3420201433256681, -0.3278401329512433, 0.88064923141169, -0.8596100303370326], [-0.0, -0.9371673374163163, -0.3488801824122609, 0.8512760004882811], [0.0, 0.0, 0.0, 1.0]]}, "target_region": {"type": "circle", "params": {"center": [-3.6454426000000004, 0.34100342000000006], "radius": 1.9744667203770523, "object_center": [-3.6454426000000004, 0.34100342000000006, 0.37563799999999997], "sample_distance": 1.9744667203770523, "min_distance": 1.9744667203770523, "requested_distance": 1.2}, "sample_point": [-5.5808239300796565, 0.731922768530633, 1.5], "sample_forward": [0.8517805817213245, -0.1720474952002555, -0.49484290436238465], "height": 1.5}, "sample_target": [-5.5808239300796565, 0.731922768530633, 1.5], "camera_params": {"forward": [0.8517805817213245, -0.1720474952002555, -0.49484290436238465]}, "task_type": "absolute_positioning", "task_description": "Move to any position 2.0m from dining table", "target_object": {"label": "dining table", "id": "96", "bbox_min": [-4.062681427144194, -0.6462299401885262, -4.882812731921149e-10], "bbox_max": [-3.2282037728558053, 1.3282367801885262, 0.7512760004882811], "center": [-3.6454426, 0.34100342, 0.3756379999999999]}}
{"scene_id": "0226_840298", "object_label": "dining table", "preset": "occupancy_20", "distance": 2.3716849945523903, "init_camera": {"intrinsics": [[320.0, 0.0, 320.0], [0.0, 320.0, 240.0], [0.0, 0.0, 1.0]], "extrinsics": [[0.9396926207859085, 0.11932404999212673, -0.32053010706326324, -3.2084550412176776], [0.3420201433256681, -0.3278401329512433, 0.88064923141169, -0.8596100303370326], [-0.0, -0.9371673374163163, -0.3488801824122609, 0.8512760004882811], [0.0, 0.0, 0.0, 1.0]]}, "target_region": {"type": "circle", "params": {"center": [-3.6454426000000004, 0.34100342000000006], "radius": 2.3716849945523903, "object_center": [-3.6454426000000004, 0.34100342000000006, 0.37563799999999997], "object_height": 0.7512760009765624, "occupancy_ratio": 0.2, "fov_vertical": 90.0, "sample_distance": 2.3716849945523903, "min_distance": 1.9744667203770523}, "sample_point": [-1.5266742290602817, -0.7246936775330759, 1.5], "sample_forward": [-0.8072403816911244, 0.4060253794510695, -0.4283764202296652], "height": 1.5}, "sample_target": [-1.5266742290602817, -0.7246936775330759, 1.5], "camera_params": {"forward": [-0.8072403816911244, 0.4060253794510695, -0.4283764202296652]}, "task_type": "screen_occupancy", "task_description": "Position where dining table occupies 20% of vertical FOV", "target_object": {"label": "dining table", "id": "96", "bbox_min": [-4.062681427144194, -0.6462299401885262, -4.882812731921149e-10], "bbox_max": [-3.2282037728558053, 1.3282367801885262, 0.7512760004882811], "center": [-3.6454426, 0.34100342, 0.3756379999999999]}}
{"scene_id": "0226_840298", "object_label": "dining table", "preset": "back", "distance": 1.9744667203770523, "init_camera": {"intrinsics": [[320.0, 0.0, 320.0], [0.0, 320.0, 240.0], [0.0, 0.0, 1.0]], "extrinsics": [[0.8660254037844386, 0.17444009120613047, -0.46858366870815815, -3.0066095264078587], [0.5, -0.30213910084596685, 0.8116107217995525, -0.765487921016976], [-0.0, -0.9371673374163163, -0.3488801824122609, 0.8512760004882811], [0.0, 0.0, 0.0, 1.0]]}, "target_region": {"type": "circle", "params": {"center": [-3.6454426000000004, 0.34100342000000006], "radius": 1.9744667203770523, "object_center": [-3.6454426000000004, 0.34100342000000006, 0.37563799999999997], "sample_distance": 1.9744667203770523, "min_distance": 1.9744667203770523, "requested_distance": 0.8}, "sample_point": [-5.565604038467973, 0.8008934939275827, 1.5], "sample_forward": [0.845082155974807, -0.20240219775282048, -0.49484290436238465], "height": 1.5}, "sample_target": [-5.565604038467973, 0.8008934939275827, 1.5], "camera_params": {"forward": [0.845082155974807, -0.20240219775282048, -0.49484290436238465]}, "task_type": "absolute_positioning", "task_description": "Move to any position 2.0m from dining table", "target_object": {"label": "dining table", "id": "96", "bbox_min": [-4.062681427144194, -0.6462299401885262, -4.882812731921149e-10], "bbox_max": [-3.2282037728558053, 1.3282367801885262, 0.7512760004882811], "center": [-3.6454426, 0.34100342, 0.3756379999999999]}}
{"scene_id": "0226_840298", "object_label": "dining table", "preset": "back", "distance": 1.9744667203770523, "init_camera": {"intrinsics": [[320.0, 0.0, 320.0], [0.0, 320.0, 240.0], [0.0, 0.0, 1.0]], "extrinsics": [[0.8660254037844386, 0.17444009120613047, -0.46858366870815815, -3.0066095264078587], [0.5, -0.30213910084596685, 0.8116107217995525, -0.765487921016976], [-0.0, -0.9371673374163163, -0.3488801824122609, 0.8512760004882811], [0.0, 0.0, 0.0, 1.0]]}, "target_region": {"type": "circle", "params": {"center": [-3.6454426000000004, 0.34100342000000006], "radius": 1.9744667203770523, "object_center": [-3.6454426000000004, 0.34100342000000006, 0.37563799999999997], "sample_distance": 1.9744667203770523, "min_distance": 1.9744667203770523, "requested_distance": 1.0}, "sample_point": [-5.619319996479599, 0.2927659496741821, 1.5], "sample_forward": [0.8687230836058376, 0.021229790685848585, -0.49484290436238465], "height": 1.5}, "sample_target": [-5.619319996479599, 0.2927659496741821, 1.5], "camera_params": {"forward": [0.8687230836058376, 0.021229790685848585, -0.49484290436238465]}, "task_type": "absolute_positioning", "task_description": "Move to any position 2.0m from dining table", "target_object": {"label": "dining table", "id": "96", "bbox_min": [-4.062681427144194, -0.6462299401885262, -4.882812731921149e-10], "bbox_max": [-3.2282037728558053, 1.3282367801885262, 0.7512760004882811], "center": [-3.6454426, 0.34100342, 0.3756379999999999]}}
{"scene_id": "0226_840298", "object_label": "dining table", "preset": "right", "distance": 1.9744667203770523, "init_camera": {"intrinsics": [[320.0, 0.0, 320.0], [0.0, 320.0, 240.0], [0.0, 0.0, 1.0]], "extrinsics": [[0.8660254037844386, 0.17444009120613047, -0.46858366870815815, -3.0066095264078587], [0.5, -0.30213910084596685, 0.8116107217995525, -0.765487921016976], [-0.0, -0.9371673374163163, -0.3488801824122609, 0.8512760004882811], [0.0, 0.0, 0.0, 1.0]]}, "target_region": {"type": "circle", "params": {"center": [-3.6454426000000004, 0.34100342000000006], "radius": 1.9744667203770523, "object_center": [-3.6454426000000004, 0.34100342000000006, 0.37563799999999997], "sample_distance": 1.9744667203770523, "min_distance": 1.9744667203770523, "requested_distance": 1.2}, "sample_point": [-2.8048311683015497, 2.127589900071534, 1.5], "sample_forward": [-0.3699614557427978, -0.7862944876233522, -0.49484290436238465], "height": 1.5}, "sample_target": [-2.8048311683015497, 2.127589900071534, 1.5], "camera_params": {"forward": [-0.3699614557427978, -0.7862944876233522, -0.49484290436238465]}, "task_type": "absolute_positioning", "task_description": "Move to any position 2.0m from dining table", "target_object": {"label": "dining table", "id": "96", "bbox_min": [-4.062681427144194, -0.6462299401885262, -4.882812731921149e-10], "bbox_max": [-3.2282037728558053, 1.3282367801885262, 0.7512760004882811], "center": [-3.6454426, 0.34100342, 0.3756379999999999]}}
{"scene_id": "0226_840298", "object_label": "dining table", "preset": "left", "distance": 1.9744667203770523, "init_camera": {"intrinsics": [[320.0, 0.0, 320.0], [0.0, 320.0, 240.0], [0.0, 0.0, 1.0]], "extrinsics": [[0.8660254037844386, 0.17444009120613047, -0.46858366870815815, -3.0066095264078587], [0.5, -0.30213910084596685, 0.8116107217995525, -0.765487921016976], [-0.0, -0.9371673374163163, -0.3488801824122609, 0.8512760004882811], [0.0, 0.0, 0.0, 1.0]]}, "target_region": {"type": "circle", "params": {"center": [-3.6454426000000004, 0.34100342000000006], "radius": 1.9744667203770523, "object_center": [-3.6454426000000004, 0.34100342000000006, 0.37563799999999997], "sample_distance": 1.9744667203770523, "min_distance": 1.9744667203770523, "requested_distance": 1.5}, "sample_point": [-3.975605196091679, -1.6056633439887715, 1.5], "sample_forward": [0.14530784388109097, 0.8567474134824268, -0.49484290436238465], "height": 1.5}, "sample_target": [-3.975605196091679, -1.6056633439887715, 1.5], "camera_params": {"forward": [0.14530784388109097, 0.8567474134824268, -0.49484290436238465]}, "task_type": "absolute_positioning", "task_description": "Move to any position 2.0m from dining table", "target_object": {"label": "dining table", "id": "96", "bbox_min": [-4.062681427144194, -0.6462299401885262, -4.882812731921149e-10], "bbox_max": [-3.2282037728558053, 1.3282367801885262, 0.7512760004882811], "center": [-3.6454426, 0.34100342, 0.3756379999999999]}}
{"scene_id": "0226_840298", "object_label": "dining table", "preset": "occupancy_20", "distance": 2.3716849945523903, "init_camera": {"intrinsics": [[320.0, 0.0, 320.0], [0.0, 320.0, 240.0], [0.0, 0.0, 1.0]], "extrinsics": [[0.8660254037844386, 0.17444009120613047, -0.46858366870815815, -3.0066095264078587], [0.5, -0.30213910084596685, 0.8116107217995525, -0.765487921016976], [-0.0, -0.9371673374163163, -0.3488801824122609, 0.8512760004882811], [0.0, 0.0, 0.0, 1.0]]}, "target_region": {"type": "circle", "params": {"center": [-3.6454426000000004, 0.34100342000000006], "radius": 2.3716849945523903, "object_center": [-3.6454426000000004, 0.34100342000000006, 0.37563799999999997], "object_height": 0.7512760009765624, "occupancy_ratio": 0.2, "fov_vertical": 90.0, "sample_distance": 2.3716849945523903, "min_distance": 1.9744667203770523}, "sample_point": [-5.0336473042665535, -1.5819571652531623, 1.5], "sample_forward": [0.5288991995101996, 0.7326385734785519, -0.4283764202296652], "height": 1.5}, "sample_target": [-5.0336473042665535, -1.5819571652531623, 1.5], "camera_params": {"forward": [0.5288991995101996, 0.7326385734785519, -0.4283764202296652]}, "task_type": "screen_occupancy", "task_description": "Position where dining table occupies 20% of vertical FOV", "target_object": {"label": "dining table", "id": "96", "bbox_min": [-4.062681427144194, -0.6462299401885262, -4.882812731921149e-10], "bbox_max": [-3.2282037728558053, 1.3282367801885262, 0.7512760004882811], "center": [-3.6454426, 0.34100342, 0.3756379999999999]}}
{"scene_id": "0226_840298", "object_label": "person", "preset": "right", "distance": 1.75, "init_camera": {"intrinsics": [[320.0, 0.0, 320.0], [0.0, 320.0, 240.0], [0.0, 0.0, 1.0]], "extrinsics": [[-0.49999999999999994, -0.48989218347607405, 0.714146797632703, -0.5094434445898482], [-0.8660254037844388, 0.28283938400380476, -0.4123128458541501, 1.0058767804392648], [0.0, -0.8246256917083005, -0.5656787680076096, 1.6], [0.0, 0.0, 0.0, 1.0]]}, "target_region": {"type": "circle", "params": {"center": [0.40584003, 0.47743761999999995], "radius": 1.75, "object_center": [0.40584003, 0.47743761999999995, 0.875], "sample_distance": 1.75, "min_distance": 1.75, "requested_distance": 1.0}, "sample_point": [1.2236443220333084, 2.0245950586376775, 1.5], "sample_forward": [-0.44009175845137743, -0.832584573600468, -0.3363363969981562], "height": 1.5}, "sample_target": [1.2236443220333084, 2.0245950586376775, 1.5], "camera_params": {"forward": [-0.44009175845137743, -0.832584573600468, -0.3363363969981562]}, "task_type": "absolute_positioning", "task_description": "Move to any position 1.8m from person", "target_object": {"label": "person", "id": "98", "bbox_min": [0.16939101407462875, 0.23039860819964156, 0.0], "bbox_max": [0.6422890459253713, 0.7244766318003584, 1.75], "center": [0.40584003, 0.47743761999999995, 0.875]}}
