{"scene_id": "0320_840518", "object_label": "wardrobe", "preset": "occupancy_20", "distance": 7.576501820093901, "init_camera": {"intrinsics": [[320.0, 0.0, 320.0], [0.0, 320.0, 240.0], [0.0, 0.0, 1.0]], "extrinsics": [[0.9848077530122081, -0.03993385980418593, 0.16899401305426587, -2.0771523570116606], [-0.17364817766693022, -0.22647617309464224, 0.9584126738588966, -3.6205135976381637], [0.0, -0.973197734204897, -0.22996993311834205, 1.6], [0.0, 0.0, 0.0, 1.0]]}, "target_region": {"type": "circle", "params": {"center": [-1.7832113, -1.9534910249687196], "radius": 7.576501820093901, "object_center": [-1.7832113, -1.9534910249687196, 1.2000000000000002], "object_height": 2.4000000007868056, "occupancy_ratio": 0.2, "fov_vertical": 90.0, "sample_distance": 7.576501820093901, "min_distance": 2.4000000007868056}, "sample_point": [-7.101550240388514, -7.349661032023109, 1.5], "sample_forward": [0.7014021482054789, 0.7116667962409762, -0.03956510610176942], "height": 1.5}, "sample_target": [-7.101550240388514, -7.349661032023109, 1.5], "camera_params": {"forward": [0.7014021482054789, 0.7116667962409762, -0.03956510610176942]}, "task_type": "screen_occupancy", "task_description": "Position where wardrobe occupies 20% of vertical FOV", "target_object": {"label": "wardrobe", "id": "95", "bbox_min": [-2.6388613524536684, -2.256567849937439, -3.9340284274658187e-10], "bbox_max": [-0.9275612475463317, -1.6504142000000002, 2.400000000393403], "center": [-1.7832113, -1.9534910249687196, 1.2000000000000002]}}
{"scene_id": "0320_840518", "object_label": "wardrobe", "preset": "occupancy_30", "distance": 4.998359725747141, "init_camera": {"intrinsics": [[320.0, 0.0, 320.0], [0.0, 320.0, 240.0], [0.0, 0.0, 1.0]], "extrinsics": [[0.9848077530122081, -0.03993385980418593, 0.16899401305426587, -2.0771523570116606], [-0.17364817766693022, -0.22647617309464224, 0.9584126738588966, -3.6205135976381637], [0.0, -0.973197734204897, -0.22996993311834205, 1.6], [0.0, 0.0, 0.0, 1.0]]}, "target_region": {"type": "circle", "params": {"center": [-1.7832113, -1.9534910249687196], "radius": 4.998359725747141, "object_center": [-1.7832113, -1.9534910249687196, 1.2000000000000002], "object_height": 2.4000000007868056, "occupancy_ratio": 0.3, "fov_vertical": 90.0, "sample_distance": 4.998359725747141, "min_distance": 2.4000000007868056}, "sample_point": [-2.923712496676762, 2.9130125421058914, 1.5], "sample_forward": [0.22776521557114143, -0.9718711714308031, -0.05991187459552327], "height": 1.5}, "sample_target": [-2.923712496676762, 2.9130125421058914, 1.5], "camera_params": {"forward": [0.22776521557114143, -0.9718711714308031, -0.05991187459552327]}, "task_type": "screen_occupancy", "task_description": "Position where wardrobe occupies 30% of vertical FOV", "target_object": {"label": "wardrobe", "id": "95", "bbox_min": [-2.6388613524536684, -2.256567849937439, -3.9340284274658187e-10], "bbox_max": [-0.9275612475463317, -1.6504142000000002, 2.400000000393403], "center": [-1.7832113, -1.9534910249687196, 1.2000000000000002]}}
{"scene_id": "0320_840518", "object_label": "wardrobe", "preset": "occupancy_50", "distance": 2.8970562757974725, "init_camera": {"intrinsics": [[320.0, 0.0, 320.0], [0.0, 320.0, 240.0], [0.0, 0.0, 1.0]], "extrinsics": [[0.9848077530122081, -0.03993385980418593, 0.16899401305426587, -2.0771523570116606], [-0.17364817766693022, -0.22647617309464224, 0.9584126738588966, -3.6205135976381637], [0.0, -0.973197734204897, -0.22996993311834205, 1.6], [0.0, 0.0, 0.0, 1.0]]}, "target_region": {"type": "circle", "params": {"center": [-1.7832113, -1.9534910249687196], "radius": 2.8970562757974725, "object_center": [-1.7832113, -1.9534910249687196, 1.2000000000000002], "object_height": 2.4000000007868056, "occupancy_ratio": 0.5, "fov_vertical": 90.0, "sample_distance": 2.8970562757974725, "min_distance": 2.4000000007868056}, "sample_point": [0.9410731867007631, -2.9389904418427633, 1.5], "sample_forward": [-0.9353612757968448, 0.33836333773668875, -0.10300259907102553], "height": 1.5}, "sample_target": [0.9410731867007631, -2.9389904418427633, 1.5], "camera_params": {"forward": [-0.9353612757968448, 0.33836333773668875, -0.10300259907102553]}, "task_type": "screen_occupancy", "task_description": "Position where wardrobe occupies 50% of vertical FOV", "target_object": {"label": "wardrobe", "id": "95", "bbox_min": [-2.6388613524536684, -2.256567849937439, -3.9340284274658187e-10], "bbox_max": [-0.9275612475463317, -1.6504142000000002, 2.400000000393403], "center": [-1.7832113, -1.9534910249687196, 1.2000000000000002]}}
{"scene_id": "0320_840518", "object_label": "wardrobe", "preset": "occupancy_20", "distance": 7.576501820093901, "init_camera": {"intrinsics": [[320.0, 0.0, 320.0], [0.0, 320.0, 240.0], [0.0, 0.0, 1.0]], "extrinsics": [[0.7660444431189779, -0.14782182360891247, 0.6255594453219219, -2.8712830089220702], [-0.6427876096865395, -0.17616718934974898, 0.7455127163436414, -3.250204393076718], [0.0, -0.973197734204897, -0.2299699331183421, 1.6], [0.0, 0.0, 0.0, 1.0]]}, "target_region": {"type": "circle", "params": {"center": [-1.7832113, -1.9534910249687196], "radius": 7.576501820093901, "object_center": [-1.7832113, -1.9534910249687196, 1.2000000000000002], "object_height": 2.4000000007868056, "occupancy_ratio": 0.2, "fov_vertical": 90.0, "sample_distance": 7.576501820093901, "min_distance": 2.4000000007868056}, "sample_point": [-8.72601205916782, 1.0798070890294644, 1.5], "sample_forward": [0.9156421622664007, -0.4000425390621176, -0.039565106101769415], "height": 1.5}, "sample_target": [-8.72601205916782, 1.0798070890294644, 1.5], "camera_params": {"forward": [0.9156421622664007, -0.4000425390621176, -0.039565106101769415]}, "task_type": "screen_occupancy", "task_description": "Position where wardrobe occupies 20% of vertical FOV", "target_object": {"label": "wardrobe", "id": "95", "bbox_min": [-2.6388613524536684, -2.256567849937439, -3.9340284274658187e-10], "bbox_max": [-0.9275612475463317, -1.6504142000000002, 2.400000000393403], "center": [-1.7832113, -1.9534910249687196, 1.2000000000000002]}}
{"scene_id": "0320_840518", "object_label": "wardrobe", "preset": "occupancy_30", "distance": 4.998359725747141, "init_camera": {"intrinsics": [[320.0, 0.0, 320.0], [0.0, 320.0, 240.0], [0.0, 0.0, 1.0]], "extrinsics": [[0.7660444431189779, -0.14782182360891247, 0.6255594453219219, -2.8712830089220702], [-0.6427876096865395, -0.17616718934974898, 0.7455127163436414, -3.250204393076718], [0.0, -0.973197734204897, -0.2299699331183421, 1.6], [0.0, 0.0, 0.0, 1.0]]}, "target_region": {"type": "circle", "params": {"center": [-1.7832113, -1.9534910249687196], "radius": 4.998359725747141, "object_center": [-1.7832113, -1.9534910249687196, 1.2000000000000002], "object_height": 2.4000000007868056, "occupancy_ratio": 0.3, "fov_vertical": 90.0, "sample_distance": 4.998359725747141, "min_distance": 2.4000000007868056}, "sample_point": [1.4039867329402198, -5.803863558476747, 1.5], "sample_forward": [-0.6365033628687101, 0.7689434545786012, -0.05991187459552328], "height": 1.5}, "sample_target": [1.4039867329402198, -5.803863558476747, 1.5], "camera_params": {"forward": [-0.6365033628687101, 0.7689434545786012, -0.05991187459552328]}, "task_type": "screen_occupancy", "task_description": "Position where wardrobe occupies 30% of vertical FOV", "target_object": {"label": "wardrobe", "id": "95", "bbox_min": [-2.6388613524536684, -2.256567849937439, -3.9340284274658187e-10], "bbox_max": [-0.9275612475463317, -1.6504142000000002, 2.400000000393403], "center": [-1.7832113, -1.9534910249687196, 1.2000000000000002]}}
{"scene_id": "0320_840518", "object_label": "wardrobe", "preset": "occupancy_50", "distance": 2.8970562757974725, "init_camera": {"intrinsics": [[320.0, 0.0, 320.0], [0.0, 320.0, 240.0], [0.0, 0.0, 1.0]], "extrinsics": [[0.7660444431189779, -0.14782182360891247, 0.6255594453219219, -2.8712830089220702], [-0.6427876096865395, -0.17616718934974898, 0.7455127163436414, -3.250204393076718], [0.0, -0.973197734204897, -0.2299699331183421, 1.6], [0.0, 0.0, 0.0, 1.0]]}, "target_region": {"type": "circle", "params": {"center": [-1.7832113, -1.9534910249687196], "radius": 2.8970562757974725, "object_center": [-1.7832113, -1.9534910249687196, 1.2000000000000002], "object_height": 2.4000000007868056, "occupancy_ratio": 0.5, "fov_vertical": 90.0, "sample_distance": 2.8970562757974725, "min_distance": 2.4000000007868056}, "sample_point": [-4.664266664607986, -2.257555247134148, 1.5], "sample_forward": [0.9891873020738126, 0.10439801722516281, -0.10300259907102552], "height": 1.5}, "sample_target": [-4.664266664607986, -2.257555247134148, 1.5], "camera_params": {"forward": [0.9891873020738126, 0.10439801722516281, -0.10300259907102552]}, "task_type": "screen_occupancy", "task_description": "Position where wardrobe occupies 50% of vertical FOV", "target_object": {"label": "wardrobe", "id": "95", "bbox_min": [-2.6388613524536684, -2.256567849937439, -3.9340284274658187e-10], "bbox_max": [-0.9275612475463317, -1.6504142000000002, 2.400000000393403], "center": [-1.7832113, -1.9534910249687196, 1.2000000000000002]}}
{"scene_id": "0320_840518", "object_label": "wardrobe", "preset": "occupancy_20", "distance": 7.576501820093901, "init_camera": {"intrinsics": [[320.0, 0.0, 320.0], [0.0, 320.0, 240.0], [0.0, 0.0, 1.0]], "extrinsics": [[0.9396926207859082, -0.07865434948572995, 0.3328532285369755, -2.362162163747375], [-0.3420201433256693, -0.2161010491539349, 0.9145067293979073, -3.5441454500883784], [0.0, -0.973197734204897, -0.2299699331183421, 1.6], [0.0, 0.0, 0.0, 1.0]]}, "target_region": {"type": "circle", "params": {"center": [-1.7832113, -1.9534910249687196], "radius": 7.576501820093901, "object_center": [-1.7832113, -1.9534910249687196, 1.2000000000000002], "object_height": 2.4000000007868056, "occupancy_ratio": 0.2, "fov_vertical": 90.0, "sample_distance": 7.576501820093901, "min_distance": 2.4000000007868056}, "sample_point": [-4.66975117468005, 5.051597652683283, 1.5], "sample_forward": [0.3806875213623481, -0.9238569226120176, -0.039565106101769415], "height": 1.5}, "sample_target": [-4.66975117468005, 5.051597652683283, 1.5], "camera_params": {"forward": [0.3806875213623481, -0.9238569226120176, -0.039565106101769415]}, "task_type": "screen_occupancy", "task_description": "Position where wardrobe occupies 20% of vertical FOV", "target_object": {"label": "wardrobe", "id": "95", "bbox_min": [-2.6388613524536684, -2.256567849937439, -3.9340284274658187e-10], "bbox_max": [-0.9275612475463317, -1.6504142000000002, 2.400000000393403], "center": [-1.7832113, -1.9534910249687196, 1.2000000000000002]}}
{"scene_id": "0320_840518", "object_label": "wardrobe", "preset": "occupancy_30", "distance": 4.998359725747141, "init_camera": {"intrinsics": [[320.0, 0.0, 320.0], [0.0, 320.0, 240.0], [0.0, 0.0, 1.0]], "extrinsics": [[0.9396926207859082, -0.07865434948572995, 0.3328532285369755, -2.362162163747375], [-0.3420201433256693, -0.2161010491539349, 0.9145067293979073, -3.5441454500883784], [0.0, -0.973197734204897, -0.2299699331183421, 1.6], [0.0, 0.0, 0.0, 1.0]]}, "target_region": {"type": "circle", "params": {"center": [-1.7832113, -1.9534910249687196], "radius": 4.998359725747141, "object_center": [-1.7832113, -1.9534910249687196, 1.2000000000000002], "object_height": 2.4000000007868056, "occupancy_ratio": 0.3, "fov_vertical": 90.0, "sample_distance": 4.998359725747141, "min_distance": 2.4000000007868056}, "sample_point": [3.1685093161380506, -2.6347126391916116, 1.5], "sample_forward": [-0.9888895486204345, 0.13604421307693956, -0.05991187459552328], "height": 1.5}, "sample_target": [3.1685093161380506, -2.6347126391916116, 1.5], "camera_params": {"forward": [-0.9888895486204345, 0.13604421307693956, -0.05991187459552328]}, "task_type": "screen_occupancy", "task_description": "Position where wardrobe occupies 30% of vertical FOV", "target_object": {"label": "wardrobe", "id": "95", "bbox_min": [-2.6388613524536684, -2.256567849937439, -3.9340284274658187e-10], "bbox_max": [-0.9275612475463317, -1.6504142000000002, 2.400000000393403], "center": [-1.7832113, -1.9534910249687196, 1.2000000000000002]}}
{"scene_id": "0320_840518", "object_label": "wardrobe", "preset": "occupancy_50", "distance": 2.8970562757974725, "init_camera": {"intrinsics": [[320.0, 0.0, 320.0], [0.0, 320.0, 240.0], [0.0, 0.0, 1.0]], "extrinsics": [[0.9396926207859082, -0.07865434948572995, 0.3328532285369755, -2.362162163747375], [-0.3420201433256693, -0.2161010491539349, 0.9145067293979073, -3.5441454500883784], [0.0, -0.973197734204897, -0.2299699331183421, 1.6], [0.0, 0.0, 0.0, 1.0]]}, "target_region": {"type": "circle", "params": {"center": [-1.7832113, -1.9534910249687196], "radius": 2.8970562757974725, "object_center": [-1.7832113, -1.9534910249687196, 1.2000000000000002], "object_height": 2.4000000007868056, "occupancy_ratio": 0.5, "fov_vertical": 90.0, "sample_distance": 2.8970562757974725, "min_distance": 2.4000000007868056}, "sample_point": [-2.4062277973806045, -4.782763989730007, 1.5], "sample_forward": [0.21390772831443017, 0.9714082295059958, -0.10300259907102549], "height": 1.5}, "sample_target": [-2.4062277973806045, -4.782763989730007, 1.5], "camera_params": {"forward": [0.21390772831443017, 0.9714082295059958, -0.10300259907102549]}, "task_type": "screen_occupancy", "task_description": "Position where wardrobe occupies 50% of vertical FOV", "target_object": {"label": "wardrobe", "id": "95", "bbox_min": [-2.6388613524536684, -2.256567849937439, -3.9340284274658187e-10], "bbox_max": [-0.9275612475463317, -1.6504142000000002, 2.400000000393403], "center": [-1.7832113, -1.9534910249687196, 1.2000000000000002]}}
{"scene_id": "0320_840518", "object_label": "wardrobe", "preset": "occupancy_30", "distance": 4.998359725747141, "init_camera": {"intrinsics": [[320.0, 0.0, 320.0], [0.0, 320.0, 240.0], [0.0, 0.0, 1.0]], "extrinsics": [[0.9848077530122081, 0.039933859804185866, -0.16899401305426565, -1.48927024298834], [0.17364817766692997, -0.22647617309464224, 0.9584126738588967, -3.6205135976381637], [-0.0, -0.973197734204897, -0.22996993311834207, 1.6], [0.0, 0.0, 0.0, 1.0]]}, "target_region": {"type": "circle", "params": {"center": [-1.7832113, -1.9534910249687196], "radius": 4.998359725747141, "object_center": [-1.7832113, -1.9534910249687196, 1.2000000000000002], "object_height": 2.4000000007868056, "occupancy_ratio": 0.3, "fov_vertical": 90.0, "sample_distance": 4.998359725747141, "min_distance": 2.4000000007868056}, "sample_point": [-6.110345372588586, 0.5484103851220046, 1.5], "sample_forward": [0.8641557130498115, -0.499645345105728, -0.05991187459552327], "height": 1.5}, "sample_target": [-6.110345372588586, 0.5484103851220046, 1.5], "camera_params": {"forward": [0.8641557130498115, -0.499645345105728, -0.05991187459552327]}, "task_type": "screen_occupancy", "task_description": "Position where wardrobe occupies 30% of vertical FOV", "target_object": {"label": "wardrobe", "id": "95", "bbox_min": [-2.6388613524536684, -2.256567849937439, -3.9340284274658187e-10], "bbox_max": [-0.9275612475463317, -1.6504142000000002, 2.400000000393403], "center": [-1.7832113, -1.9534910249687196, 1.2000000000000002]}}
{"scene_id": "0320_840518", "object_label": "wardrobe", "preset": "occupancy_50", "distance": 2.8970562757974725, "init_camera": {"intrinsics": [[320.0, 0.0, 320.0], [0.0, 320.0, 240.0], [0.0, 0.0, 1.0]], "extrinsics": [[0.9848077530122081, 0.039933859804185866, -0.16899401305426565, -1.48927024298834], [0.17364817766692997, -0.22647617309464224, 0.9584126738588967, -3.6205135976381637], [-0.0, -0.973197734204897, -0.22996993311834207, 1.6], [0.0, 0.0, 0.0, 1.0]]}, "target_region": {"type": "circle", "params": {"center": [-1.7832113, -1.9534910249687196], "radius": 2.8970562757974725, "object_center": [-1.7832113, -1.9534910249687196, 1.2000000000000002], "object_height": 2.4000000007868056, "occupancy_ratio": 0.5, "fov_vertical": 90.0, "sample_distance": 2.8970562757974725, "min_distance": 2.4000000007868056}, "sample_point": [-4.504637653416777, -2.946855846203185, 1.5], "sample_forward": [0.934379958607705, 0.34106386137624883, -0.10300259907102553], "height": 1.5}, "sample_target": [-4.504637653416777, -2.946855846203185, 1.5], "camera_params": {"forward": [0.934379958607705, 0.34106386137624883, -0.10300259907102553]}, "task_type": "screen_occupancy", "task_description": "Position where wardrobe occupies 50% of vertical FOV", "target_object": {"label": "wardrobe", "id": "95", "bbox_min": [-2.6388613524536684, -2.256567849937439, -3.9340284274658187e-10], "bbox_max": [-0.9275612475463317, -1.6504142000000002, 2.400000000393403], "center": [-1.7832113, -1.9534910249687196, 1.2000000000000002]}}
{"scene_id": "0320_840518", "object_label": "wardrobe", "preset": "occupancy_30", "distance": 4.998359725747141, "init_camera": {"intrinsics": [[320.0, 0.0, 320.0], [0.0, 320.0, 240.0], [0.0, 0.0, 1.0]], "extrinsics": [[0.8660254037844384, -0.11498496655917116, 0.48659886710244904, -2.629580841451397], [-0.5000000000000006, -0.19915980418709248, 0.8428139607268964, -3.4194460727413096], [0.0, -0.973197734204897, -0.22996993311834207, 1.6], [0.0, 0.0, 0.0, 1.0]]}, "target_region": {"type": "circle", "params": {"center": [-1.7832113, -1.9534910249687196], "radius": 4.998359725747141, "object_center": [-1.7832113, -1.9534910249687196, 1.2000000000000002], "object_height": 2.4000000007868056, "occupancy_ratio": 0.3, "fov_vertical": 90.0, "sample_distance": 4.998359725747141, "min_distance": 2.4000000007868056}, "sample_point": [-6.465963068323553, -3.701471523782614, 1.5], "sample_forward": [0.9351747890192192, 0.34908262813452773, -0.05991187459552327], "height": 1.5}, "sample_target": [-6.465963068323553, -3.701471523782614, 1.5], "camera_params": {"forward": [0.9351747890192192, 0.34908262813452773, -0.05991187459552327]}, "task_type": "screen_occupancy", "task_description": "Position where wardrobe occupies 30% of vertical FOV", "target_object": {"label": "wardrobe", "id": "95", "bbox_min": [-2.6388613524536684, -2.256567849937439, -3.9340284274658187e-10], "bbox_max": [-0.9275612475463317, -1.6504142000000002, 2.400000000393403], "center": [-1.7832113, -1.9534910249687196, 1.2000000000000002]}}
{"scene_id": "0320_840518", "object_label": "wardrobe", "preset": "occupancy_50", "distance": 2.8970562757974725, "init_camera": {"intrinsics": [[320.0, 0.0, 320.0], [0.0, 320.0, 240.0], [0.0, 0.0, 1.0]], "extrinsics": [[0.8660254037844384, -0.11498496655917116, 0.48659886710244904, -2.629580841451397], [-0.5000000000000006, -0.19915980418709248, 0.8428139607268964, -3.4194460727413096], [0.0, -0.973197734204897, -0.22996993311834207, 1.6], [0.0, 0.0, 0.0, 1.0]]}, "target_region": {"type": "circle", "params": {"center": [-1.7832113, -1.9534910249687196], "radius": 2.8970562757974725, "object_center": [-1.7832113, -1.9534910249687196, 1.2000000000000002], "object_height": 2.4000000007868056, "occupancy_ratio": 0.5, "fov_vertical": 90.0, "sample_distance": 2.8970562757974725, "min_distance": 2.4000000007868056}, "sample_point": [-4.359584738421344, -3.2783438360139696, 1.5], "sample_forward": [0.8845772011165111, 0.4548776097473836, -0.10300259907102552], "height": 1.5}, "sample_target": [-4.359584738421344, -3.2783438360139696, 1.5], "camera_params": {"forward": [0.8845772011165111, 0.4548776097473836, -0.10300259907102552]}, "task_type": "screen_occupancy", "task_description": "Position where wardrobe occupies 50% of vertical FOV", "target_object": {"label": "wardrobe", "id": "95", "bbox_min": [-2.6388613524536684, -2.256567849937439, -3.9340284274658187e-10], "bbox_max": [-0.9275612475463317, -1.6504142000000002, 2.400000000393403], "center": [-1.7832113, -1.9534910249687196, 1.2000000000000002]}}
{"scene_id": "0320_840518", "object_label": "wardrobe", "preset": "occupancy_20", "distance": 7.576501820093899, "init_camera": {"intrinsics": [[320.0, 0.0, 320.0], [0.0, 320.0, 240.0], [0.0, 0.0, 1.0]], "extrinsics": [[-0.9848077530122081, -0.022226538185939004, 0.17221983221253812, -0.8482196896289742], [-0.1736481776669303, 0.1260529619269547, -0.9767072034045801, 2.8652291786937427], [0.0, -0.991774486357514, -0.1279975320476504, 1.6], [0.0, 0.0, 0.0, 1.0]]}, "target_region": {"type": "circle", "params": {"center": [-0.310022337047442, -0.1870396823682843], "radius": 7.576501820093899, "object_center": [-0.310022337047442, -0.1870396823682843, 1.2], "object_height": 2.400000000786805, "occupancy_ratio": 0.2, "fov_vertical": 90.0, "sample_distance": 7.576501820093899, "min_distance": 2.686705364736569}, "sample_point": [4.207533613222422, -6.269396796684042, 1.5], "sample_forward": [-0.5957919349770238, 0.8021636819225174, -0.03956510610176946], "height": 1.5}, "sample_target": [4.207533613222422, -6.269396796684042, 1.5], "camera_params": {"forward": [-0.5957919349770238, 0.8021636819225174, -0.03956510610176946]}, "task_type": "screen_occupancy", "task_description": "Position where wardrobe occupies 20% of vertical FOV", "target_object": {"label": "wardrobe", "id": "98", "bbox_min": [-1.580044764692857, -1.5303923647365687, -3.9340284274658187e-10], "bbox_max": [0.9600000905979731, 1.1563130000000001, 2.4000000003934026], "center": [-0.310022337047442, -0.18703968236828428, 1.2]}}
{"scene_id": "0320_840518", "object_label": "wardrobe", "preset": "occupancy_30", "distance": 4.99835972574714, "init_camera": {"intrinsics": [[320.0, 0.0, 320.0], [0.0, 320.0, 240.0], [0.0, 0.0, 1.0]], "extrinsics": [[-0.9848077530122081, -0.022226538185939004, 0.17221983221253812, -0.8482196896289742], [-0.1736481776669303, 0.1260529619269547, -0.9767072034045801, 2.8652291786937427], [0.0, -0.991774486357514, -0.1279975320476504, 1.6], [0.0, 0.0, 0.0, 1.0]]}, "target_region": {"type": "circle", "params": {"center": [-0.310022337047442, -0.1870396823682843], "radius": 4.99835972574714, "object_center": [-0.310022337047442, -0.1870396823682843, 1.2], "object_height": 2.400000000786805, "occupancy_ratio": 0.3, "fov_vertical": 90.0, "sample_distance": 4.99835972574714, "min_distance": 2.686705364736569}, "sample_point": [0.5748704293480613, 4.732367267656479, 1.5], "sample_forward": [-0.1767186148359104, -0.9824363075807651, -0.059911874595523336], "height": 1.5}, "sample_target": [0.5748704293480613, 4.732367267656479, 1.5], "camera_params": {"forward": [-0.1767186148359104, -0.9824363075807651, -0.059911874595523336]}, "task_type": "screen_occupancy", "task_description": "Position where wardrobe occupies 30% of vertical FOV", "target_object": {"label": "wardrobe", "id": "98", "bbox_min": [-1.580044764692857, -1.5303923647365687, -3.9340284274658187e-10], "bbox_max": [0.9600000905979731, 1.1563130000000001, 2.4000000003934026], "center": [-0.310022337047442, -0.18703968236828428, 1.2]}}
{"scene_id": "0320_840518", "object_label": "wardrobe", "preset": "occupancy_50", "distance": 2.897056275797472, "init_camera": {"intrinsics": [[320.0, 0.0, 320.0], [0.0, 320.0, 240.0], [0.0, 0.0, 1.0]], "extrinsics": [[-0.9848077530122081, -0.022226538185939004, 0.17221983221253812, -0.8482196896289742], [-0.1736481776669303, 0.1260529619269547, -0.9767072034045801, 2.8652291786937427], [0.0, -0.991774486357514, -0.1279975320476504, 1.6], [0.0, 0.0, 0.0, 1.0]]}, "target_region": {"type": "circle", "params": {"center": [-0.310022337047442, -0.1870396823682843], "radius": 2.897056275797472, "object_center": [-0.310022337047442, -0.1870396823682843, 1.2], "object_height": 2.400000000786805, "occupancy_ratio": 0.5, "fov_vertical": 90.0, "sample_distance": 2.897056275797472, "min_distance": 2.686705364736569}, "sample_point": [-3.2026766536058706, -0.027396110517081546, 1.5], "sample_forward": [0.9931697093984644, -0.05481234275218634, -0.10300259907102559], "height": 1.5}, "sample_target": [-3.2026766536058706, -0.027396110517081546, 1.5], "camera_params": {"forward": [0.9931697093984644, -0.05481234275218634, -0.10300259907102559]}, "task_type": "screen_occupancy", "task_description": "Position where wardrobe occupies 50% of vertical FOV", "target_object": {"label": "wardrobe", "id": "98", "bbox_min": [-1.580044764692857, -1.5303923647365687, -3.9340284274658187e-10], "bbox_max": [0.9600000905979731, 1.1563130000000001, 2.4000000003934026], "center": [-0.310022337047442, -0.18703968236828428, 1.2]}}
{"scene_id": "0320_840518", "object_label": "wardrobe", "preset": "occupancy_20", "distance": 7.576501820093899, "init_camera": {"intrinsics": [[320.0, 0.0, 320.0], [0.0, 320.0, 240.0], [0.0, 0.0, 1.0]], "extrinsics": [[-0.9396926207859084, -0.05447174731131762, 0.33765456784317743, -1.1580558178041427], [-0.3420201433256687, 0.1496598957360832, -0.9276983007248389, 2.1429131569522575], [0.0, -0.987235911195048, -0.15926473447340225, 1.6], [0.0, 0.0, 0.0, 1.0]]}, "target_region": {"type": "circle", "params": {"center": [-0.310022337047442, -0.1870396823682843], "radius": 7.576501820093899, "object_center": [-0.310022337047442, -0.1870396823682843, 1.2], "object_height": 2.400000000786805, "occupancy_ratio": 0.2, "fov_vertical": 90.0, "sample_distance": 7.576501820093899, "min_distance": 2.686705364736569}, "sample_point": [5.837003027163602, 4.242120396205558, 1.5], "sample_forward": [-0.8106923691509266, -0.5841339615016519, -0.03956510610176946], "height": 1.5}, "sample_target": [5.837003027163602, 4.242120396205558, 1.5], "camera_params": {"forward": [-0.8106923691509266, -0.5841339615016519, -0.03956510610176946]}, "task_type": "screen_occupancy", "task_description": "Position where wardrobe occupies 20% of vertical FOV", "target_object": {"label": "wardrobe", "id": "98", "bbox_min": [-1.580044764692857, -1.5303923647365687, -3.9340284274658187e-10], "bbox_max": [0.9600000905979731, 1.1563130000000001, 2.4000000003934026], "center": [-0.310022337047442, -0.18703968236828428, 1.2]}}
{"scene_id": "0320_840518", "object_label": "wardrobe", "preset": "occupancy_30", "distance": 4.99835972574714, "init_camera": {"intrinsics": [[320.0, 0.0, 320.0], [0.0, 320.0, 240.0], [0.0, 0.0, 1.0]], "extrinsics": [[-0.9396926207859084, -0.05447174731131762, 0.33765456784317743, -1.1580558178041427], [-0.3420201433256687, 0.1496598957360832, -0.9276983007248389, 2.1429131569522575], [0.0, -0.987235911195048, -0.15926473447340225, 1.6], [0.0, 0.0, 0.0, 1.0]]}, "target_region": {"type": "circle", "params": {"center": [-0.310022337047442, -0.1870396823682843], "radius": 4.99835972574714, "object_center": [-0.310022337047442, -0.1870396823682843, 1.2], "object_height": 2.400000000786805, "occupancy_ratio": 0.3, "fov_vertical": 90.0, "sample_distance": 4.99835972574714, "min_distance": 2.686705364736569}, "sample_point": [-3.8392146121983046, 3.3525085703027404, 1.5], "sample_forward": [0.7048017500410938, -0.7068699034627672, -0.059911874595523336], "height": 1.5}, "sample_target": [-3.8392146121983046, 3.3525085703027404, 1.5], "camera_params": {"forward": [0.7048017500410938, -0.7068699034627672, -0.059911874595523336]}, "task_type": "screen_occupancy", "task_description": "Position where wardrobe occupies 30% of vertical FOV", "target_object": {"label": "wardrobe", "id": "98", "bbox_min": [-1.580044764692857, -1.5303923647365687, -3.9340284274658187e-10], "bbox_max": [0.9600000905979731, 1.1563130000000001, 2.4000000003934026], "center": [-0.310022337047442, -0.18703968236828428, 1.2]}}
{"scene_id": "0320_840518", "object_label": "wardrobe", "preset": "occupancy_50", "distance": 2.897056275797472, "init_camera": {"intrinsics": [[320.0, 0.0, 320.0], [0.0, 320.0, 240.0], [0.0, 0.0, 1.0]], "extrinsics": [[-0.9396926207859084, -0.05447174731131762, 0.33765456784317743, -1.1580558178041427], [-0.3420201433256687, 0.1496598957360832, -0.9276983007248389, 2.1429131569522575], [0.0, -0.987235911195048, -0.15926473447340225, 1.6], [0.0, 0.0, 0.0, 1.0]]}, "target_region": {"type": "circle", "params": {"center": [-0.310022337047442, -0.1870396823682843], "radius": 2.897056275797472, "object_center": [-0.310022337047442, -0.1870396823682843, 1.2], "object_height": 2.400000000786805, "occupancy_ratio": 0.5, "fov_vertical": 90.0, "sample_distance": 2.897056275797472, "min_distance": 2.686705364736569}, "sample_point": [-0.19824724746776434, 2.70785952045156, 1.5], "sample_forward": [-0.03837708246034502, -0.9939404731302801, -0.1030025990710256], "height": 1.5}, "sample_target": [-0.19824724746776434, 2.70785952045156, 1.5], "camera_params": {"forward": [-0.03837708246034502, -0.9939404731302801, -0.1030025990710256]}, "task_type": "screen_occupancy", "task_description": "Position where wardrobe occupies 50% of vertical FOV", "target_object": {"label": "wardrobe", "id": "98", "bbox_min": [-1.580044764692857, -1.5303923647365687, -3.9340284274658187e-10], "bbox_max": [0.9600000905979731, 1.1563130000000001, 2.4000000003934026], "center": [-0.310022337047442, -0.18703968236828428, 1.2]}}
{"scene_id": "0320_840518", "object_label": "wardrobe", "preset": "occupancy_20", "distance": 7.576501820093899, "init_camera": {"intrinsics": [[320.0, 0.0, 320.0], [0.0, 320.0, 240.0], [0.0, 0.0, 1.0]], "extrinsics": [[-0.9848077530122081, 0.02765603090791386, -0.17143171690637163, 0.12053554501778407], [0.17364817766693044, 0.15684514529083726, -0.9722375793969549, 2.254775406481337], [0.0, -0.9872359111950479, -0.15926473447340228, 1.6], [0.0, 0.0, 0.0, 1.0]]}, "target_region": {"type": "circle", "params": {"center": [-0.310022337047442, -0.1870396823682843], "radius": 7.576501820093899, "object_center": [-0.310022337047442, -0.1870396823682843, 1.2], "object_height": 2.400000000786805, "occupancy_ratio": 0.2, "fov_vertical": 90.0, "sample_distance": 7.576501820093899, "min_distance": 2.686705364736569}, "sample_point": [2.7937894295442662, -7.098604797988119, 1.5], "sample_forward": [-0.40934213955040477, 0.9115226904292908, -0.03956510610176946], "height": 1.5}, "sample_target": [2.7937894295442662, -7.098604797988119, 1.5], "camera_params": {"forward": [-0.40934213955040477, 0.9115226904292908, -0.03956510610176946]}, "task_type": "screen_occupancy", "task_description": "Position where wardrobe occupies 20% of vertical FOV", "target_object": {"label": "wardrobe", "id": "98", "bbox_min": [-1.580044764692857, -1.5303923647365687, -3.9340284274658187e-10], "bbox_max": [0.9600000905979731, 1.1563130000000001, 2.4000000003934026], "center": [-0.310022337047442, -0.18703968236828428, 1.2]}}
{"scene_id": "0320_840518", "object_label": "wardrobe", "preset": "occupancy_30", "distance": 4.99835972574714, "init_camera": {"intrinsics": [[320.0, 0.0, 320.0], [0.0, 320.0, 240.0], [0.0, 0.0, 1.0]], "extrinsics": [[-0.9848077530122081, 0.02765603090791386, -0.17143171690637163, 0.12053554501778407], [0.17364817766693044, 0.15684514529083726, -0.9722375793969549, 2.254775406481337], [0.0, -0.9872359111950479, -0.15926473447340228, 1.6], [0.0, 0.0, 0.0, 1.0]]}, "target_region": {"type": "circle", "params": {"center": [-0.310022337047442, -0.1870396823682843], "radius": 4.99835972574714, "object_center": [-0.310022337047442, -0.1870396823682843, 1.2], "object_height": 2.400000000786805, "occupancy_ratio": 0.3, "fov_vertical": 90.0, "sample_distance": 4.99835972574714, "min_distance": 2.686705364736569}, "sample_point": [1.1417371264861267, -4.9699252557446485, 1.5], "sample_forward": [-0.28992543640695795, 0.9551721355895415, -0.059911874595523336], "height": 1.5}, "sample_target": [1.1417371264861267, -4.9699252557446485, 1.5], "camera_params": {"forward": [-0.28992543640695795, 0.9551721355895415, -0.059911874595523336]}, "task_type": "screen_occupancy", "task_description": "Position where wardrobe occupies 30% of vertical FOV", "target_object": {"label": "wardrobe", "id": "98", "bbox_min": [-1.580044764692857, -1.5303923647365687, -3.9340284274658187e-10], "bbox_max": [0.9600000905979731, 1.1563130000000001, 2.4000000003934026], "center": [-0.310022337047442, -0.18703968236828428, 1.2]}}
{"scene_id": "0320_840518", "object_label": "wardrobe", "preset": "occupancy_50", "distance": 2.897056275797472, "init_camera": {"intrinsics": [[320.0, 0.0, 320.0], [0.0, 320.0, 240.0], [0.0, 0.0, 1.0]], "extrinsics": [[-0.9848077530122081, 0.02765603090791386, -0.17143171690637163, 0.12053554501778407], [0.17364817766693044, 0.15684514529083726, -0.9722375793969549, 2.254775406481337], [0.0, -0.9872359111950479, -0.15926473447340228, 1.6], [0.0, 0.0, 0.0, 1.0]]}, "target_region": {"type": "circle", "params": {"center": [-0.310022337047442, -0.1870396823682843], "radius": 2.897056275797472, "object_center": [-0.310022337047442, -0.1870396823682843, 1.2], "object_height": 2.400000000786805, "occupancy_ratio": 0.5, "fov_vertical": 90.0, "sample_distance": 2.897056275797472, "min_distance": 2.686705364736569}, "sample_point": [-3.0719888496082977, 0.6873035274926622, 1.5], "sample_forward": [0.9482990978030152, -0.3001987436526022, -0.1030025990710256], "height": 1.5}, "sample_target": [-3.0719888496082977, 0.6873035274926622, 1.5], "camera_params": {"forward": [0.9482990978030152, -0.3001987436526022, -0.1030025990710256]}, "task_type": "screen_occupancy", "task_description": "Position where wardrobe occupies 50% of vertical FOV", "target_object": {"label": "wardrobe", "id": "98", "bbox_min": [-1.580044764692857, -1.5303923647365687, -3.9340284274658187e-10], "bbox_max": [0.9600000905979731, 1.1563130000000001, 2.4000000003934026], "center": [-0.310022337047442, -0.18703968236828428, 1.2]}}
{"scene_id": "0320_840518", "object_label": "wardrobe", "preset": "occupancy_20", "distance": 7.576501820093899, "init_camera": {"intrinsics": [[320.0, 0.0, 320.0], [0.0, 320.0, 240.0], [0.0, 0.0, 1.0]], "extrinsics": [[-0.7660444431189779, -0.10237339797951964, 0.6345830115537776, -1.9038039451403628], [-0.6427876096865394, 0.12200386482816933, -0.7562665838184673, 1.712355274887031], [0.0, -0.9872359111950479, -0.15926473447340228, 1.6], [0.0, 0.0, 0.0, 1.0]]}, "target_region": {"type": "circle", "params": {"center": [-0.310022337047442, -0.1870396823682843], "radius": 7.576501820093899, "object_center": [-0.310022337047442, -0.1870396823682843, 1.2], "object_height": 2.400000000786805, "occupancy_ratio": 0.2, "fov_vertical": 90.0, "sample_distance": 7.576501820093899, "min_distance": 2.686705364736569}, "sample_point": [7.212926844820409, -1.0862701516696802, 1.5], "sample_forward": [-0.9921542752627374, 0.11859382975951221, -0.03956510610176946], "height": 1.5}, "sample_target": [7.212926844820409, -1.0862701516696802, 1.5], "camera_params": {"forward": [-0.9921542752627374, 0.11859382975951221, -0.03956510610176946]}, "task_type": "screen_occupancy", "task_description": "Position where wardrobe occupies 20% of vertical FOV", "target_object": {"label": "wardrobe", "id": "98", "bbox_min": [-1.580044764692857, -1.5303923647365687, -3.9340284274658187e-10], "bbox_max": [0.9600000905979731, 1.1563130000000001, 2.4000000003934026], "center": [-0.310022337047442, -0.18703968236828428, 1.2]}}
{"scene_id": "0320_840518", "object_label": "wardrobe", "preset": "occupancy_30", "distance": 4.99835972574714, "init_camera": {"intrinsics": [[320.0, 0.0, 320.0], [0.0, 320.0, 240.0], [0.0, 0.0, 1.0]], "extrinsics": [[-0.7660444431189779, -0.10237339797951964, 0.6345830115537776, -1.9038039451403628], [-0.6427876096865394, 0.12200386482816933, -0.7562665838184673, 1.712355274887031], [0.0, -0.9872359111950479, -0.15926473447340228, 1.6], [0.0, 0.0, 0.0, 1.0]]}, "target_region": {"type": "circle", "params": {"center": [-0.310022337047442, -0.1870396823682843], "radius": 4.99835972574714, "object_center": [-0.310022337047442, -0.1870396823682843, 1.2], "object_height": 2.400000000786805, "occupancy_ratio": 0.3, "fov_vertical": 90.0, "sample_distance": 4.99835972574714, "min_distance": 2.686705364736569}, "sample_point": [-1.9056044765196947, -4.923886479993069, 1.5], "sample_forward": [0.3186477234897281, 0.9459779043916746, -0.059911874595523336], "height": 1.5}, "sample_target": [-1.9056044765196947, -4.923886479993069, 1.5], "camera_params": {"forward": [0.3186477234897281, 0.9459779043916746, -0.059911874595523336]}, "task_type": "screen_occupancy", "task_description": "Position where wardrobe occupies 30% of vertical FOV", "target_object": {"label": "wardrobe", "id": "98", "bbox_min": [-1.580044764692857, -1.5303923647365687, -3.9340284274658187e-10], "bbox_max": [0.9600000905979731, 1.1563130000000001, 2.4000000003934026], "center": [-0.310022337047442, -0.18703968236828428, 1.2]}}
{"scene_id": "0320_840518", "object_label": "wardrobe", "preset": "occupancy_20", "distance": 7.576501820093899, "init_camera": {"intrinsics": [[320.0, 0.0, 320.0], [0.0, 320.0, 240.0], [0.0, 0.0, 1.0]], "extrinsics": [[-0.984807753012208, -0.027656030907913846, 0.17143171690637157, -0.7405802191126678], [-0.17364817766693033, 0.15684514529083726, -0.972237579396955, 2.254775406481337], [0.0, -0.9872359111950479, -0.1592647344734023, 1.6], [0.0, 0.0, 0.0, 1.0]]}, "target_region": {"type": "circle", "params": {"center": [-0.310022337047442, -0.1870396823682843], "radius": 7.576501820093899, "object_center": [-0.310022337047442, -0.1870396823682843, 1.2], "object_height": 2.400000000786805, "occupancy_ratio": 0.2, "fov_vertical": 90.0, "sample_distance": 7.576501820093899, "min_distance": 2.686705364736569}, "sample_point": [1.807805662999232, 7.087448917671204, 1.5], "sample_forward": [-0.27930696509048286, -0.9593863776555823, -0.03956510610176946], "height": 1.5}, "sample_target": [1.807805662999232, 7.087448917671204, 1.5], "camera_params": {"forward": [-0.27930696509048286, -0.9593863776555823, -0.03956510610176946]}, "task_type": "screen_occupancy", "task_description": "Position where wardrobe occupies 20% of vertical FOV", "target_object": {"label": "wardrobe", "id": "98", "bbox_min": [-1.580044764692857, -1.5303923647365687, -3.9340284274658187e-10], "bbox_max": [0.9600000905979731, 1.1563130000000001, 2.4000000003934026], "center": [-0.310022337047442, -0.18703968236828428, 1.2]}}
{"scene_id": "0320_840518", "object_label": "wardrobe", "preset": "occupancy_30", "distance": 4.99835972574714, "init_camera": {"intrinsics": [[320.0, 0.0, 320.0], [0.0, 320.0, 240.0], [0.0, 0.0, 1.0]], "extrinsics": [[-0.984807753012208, -0.027656030907913846, 0.17143171690637157, -0.7405802191126678], [-0.17364817766693033, 0.15684514529083726, -0.972237579396955, 2.254775406481337], [0.0, -0.9872359111950479, -0.1592647344734023, 1.6], [0.0, 0.0, 0.0, 1.0]]}, "target_region": {"type": "circle", "params": {"center": [-0.310022337047442, -0.1870396823682843], "radius": 4.99835972574714, "object_center": [-0.310022337047442, -0.1870396823682843, 1.2], "object_height": 2.400000000786805, "occupancy_ratio": 0.3, "fov_vertical": 90.0, "sample_distance": 4.99835972574714, "min_distance": 2.686705364736569}, "sample_point": [-5.22779032882265, 0.7069166516001473, 1.5], "sample_forward": [0.9821089973770493, -0.17852866591530145, -0.05991187459552333], "height": 1.5}, "sample_target": [-5.22779032882265, 0.7069166516001473, 1.5], "camera_params": {"forward": [0.9821089973770493, -0.17852866591530145, -0.05991187459552333]}, "task_type": "screen_occupancy", "task_description": "Position where wardrobe occupies 30% of vertical FOV", "target_object": {"label": "wardrobe", "id": "98", "bbox_min": [-1.580044764692857, -1.5303923647365687, -3.9340284274658187e-10], "bbox_max": [0.9600000905979731, 1.1563130000000001, 2.4000000003934026], "center": [-0.310022337047442, -0.18703968236828428, 1.2]}}
