{"scene_id": "0295_840492", "object_label": "wardrobe", "preset": "occupancy_30", "distance": 5.2066247689640095, "init_camera": {"intrinsics": [[320.0, 0.0, 320.0], [0.0, 320.0, 240.0], [0.0, 0.0, 1.0]], "extrinsics": [[-0.34202014332566855, 0.15491563434991767, -0.9268351351742399, 4.2682461632802795], [0.9396926207859084, 0.05638467972583685, -0.33734040127551523, 5.65317674601507], [0.0, -0.9863173496021337, -0.16485777468418825, 1.6], [0.0, 0.0, 0.0, 1.0]]}, "target_region": {"type": "circle", "params": {"center": [2.300536056149195, 4.936988837354596], "radius": 5.2066247689640095, "object_center": [2.300536056149195, 4.936988837354596, 1.2499999868647271], "object_height": 2.5000000270573506, "occupancy_ratio": 0.3, "fov_vertical": 90.0, "sample_distance": 5.2066247689640095, "min_distance": 2.689992366816629}, "sample_point": [2.2791661968543613, 10.143569751342511, 1.5], "sample_forward": [0.004099636235785603, -0.9988408199156776, -0.04796049888096404], "height": 1.5}, "sample_target": [2.2791661968543613, 10.143569751342511, 1.5], "camera_params": {"forward": [0.004099636235785603, -0.9988408199156776, -0.04796049888096404]}, "task_type": "screen_occupancy", "task_description": "Position where wardrobe occupies 30% of vertical FOV", "target_object": {"label": "wardrobe", "id": "154", "bbox_min": [1.9955360000000002, 3.5919926539462814, -2.6663948119676206e-08], "bbox_max": [2.6055361122983904, 6.28198502076291, 2.5000000003934026], "center": [2.300536056149195, 4.936988837354596, 1.2499999868647274]}}
{"scene_id": "0295_840492", "object_label": "wardrobe", "preset": "occupancy_50", "distance": 3.0177669856274805, "init_camera": {"intrinsics": [[320.0, 0.0, 320.0], [0.0, 320.0, 240.0], [0.0, 0.0, 1.0]], "extrinsics": [[-0.34202014332566855, 0.15491563434991767, -0.9268351351742399, 4.2682461632802795], [0.9396926207859084, 0.05638467972583685, -0.33734040127551523, 5.65317674601507], [0.0, -0.9863173496021337, -0.16485777468418825, 1.6], [0.0, 0.0, 0.0, 1.0]]}, "target_region": {"type": "circle", "params": {"center": [2.300536056149195, 4.936988837354596], "radius": 3.0177669856274805, "object_center": [2.300536056149195, 4.936988837354596, 1.2499999868647271], "object_height": 2.5000000270573506, "occupancy_ratio": 0.5, "fov_vertical": 90.0, "sample_distance": 3.0177669856274805, "min_distance": 2.689992366816629}, "sample_point": [4.192841781036622, 7.2877539517591465, 1.5], "sample_forward": [-0.6249142492488268, -0.7763156858365711, -0.0825598995267638], "height": 1.5}, "sample_target": [4.192841781036622, 7.2877539517591465, 1.5], "camera_params": {"forward": [-0.6249142492488268, -0.7763156858365711, -0.0825598995267638]}, "task_type": "screen_occupancy", "task_description": "Position where wardrobe occupies 50% of vertical FOV", "target_object": {"label": "wardrobe", "id": "154", "bbox_min": [1.9955360000000002, 3.5919926539462814, -2.6663948119676206e-08], "bbox_max": [2.6055361122983904, 6.28198502076291, 2.5000000003934026], "center": [2.300536056149195, 4.936988837354596, 1.2499999868647274]}}
{"scene_id": "0295_840492", "object_label": "wardrobe", "preset": "occupancy_20", "distance": 7.892189478760499, "init_camera": {"intrinsics": [[320.0, 0.0, 320.0], [0.0, 320.0, 240.0], [0.0, 0.0, 1.0]], "extrinsics": [[-0.6427876096865391, 0.12628838220178304, -0.7555629248145529, 3.9046280324979574], [0.7660444431189782, 0.10596853492749146, -0.6339925715431179, 6.282981823083276], [0.0, -0.9863173496021336, -0.16485777468418833, 1.6], [0.0, 0.0, 0.0, 1.0]]}, "target_region": {"type": "circle", "params": {"center": [2.300536056149195, 4.936988837354596], "radius": 7.892189478760499, "object_center": [2.300536056149195, 4.936988837354596, 1.2499999868647271], "object_height": 2.5000000270573506, "occupancy_ratio": 0.2, "fov_vertical": 90.0, "sample_distance": 7.892189478760499, "min_distance": 2.689992366816629}, "sample_point": [-5.53870873367365, 4.024357535078978, 1.5], "sample_forward": [0.9927935359339858, 0.11557930411441134, -0.03166100864031309], "height": 1.5}, "sample_target": [-5.53870873367365, 4.024357535078978, 1.5], "camera_params": {"forward": [0.9927935359339858, 0.11557930411441134, -0.03166100864031309]}, "task_type": "screen_occupancy", "task_description": "Position where wardrobe occupies 20% of vertical FOV", "target_object": {"label": "wardrobe", "id": "154", "bbox_min": [1.9955360000000002, 3.5919926539462814, -2.6663948119676206e-08], "bbox_max": [2.6055361122983904, 6.28198502076291, 2.5000000003934026], "center": [2.300536056149195, 4.936988837354596, 1.2499999868647274]}}
{"scene_id": "0295_840492", "object_label": "wardrobe", "preset": "occupancy_30", "distance": 5.2066247689640095, "init_camera": {"intrinsics": [[320.0, 0.0, 320.0], [0.0, 320.0, 240.0], [0.0, 0.0, 1.0]], "extrinsics": [[-0.6427876096865391, 0.12628838220178304, -0.7555629248145529, 3.9046280324979574], [0.7660444431189782, 0.10596853492749146, -0.6339925715431179, 6.282981823083276], [0.0, -0.9863173496021336, -0.16485777468418833, 1.6], [0.0, 0.0, 0.0, 1.0]]}, "target_region": {"type": "circle", "params": {"center": [2.300536056149195, 4.936988837354596], "radius": 5.2066247689640095, "object_center": [2.300536056149195, 4.936988837354596, 1.2499999868647271], "object_height": 2.5000000270573506, "occupancy_ratio": 0.3, "fov_vertical": 90.0, "sample_distance": 5.2066247689640095, "min_distance": 2.689992366816629}, "sample_point": [1.729739904961856, 10.11223117357222, 1.5], "sample_forward": [0.10950266692772619, -0.9928287649352251, -0.04796049888096403], "height": 1.5}, "sample_target": [1.729739904961856, 10.11223117357222, 1.5], "camera_params": {"forward": [0.10950266692772619, -0.9928287649352251, -0.04796049888096403]}, "task_type": "screen_occupancy", "task_description": "Position where wardrobe occupies 30% of vertical FOV", "target_object": {"label": "wardrobe", "id": "154", "bbox_min": [1.9955360000000002, 3.5919926539462814, -2.6663948119676206e-08], "bbox_max": [2.6055361122983904, 6.28198502076291, 2.5000000003934026], "center": [2.300536056149195, 4.936988837354596, 1.2499999868647274]}}
{"scene_id": "0295_840492", "object_label": "wardrobe", "preset": "occupancy_20", "distance": 7.892189478760499, "init_camera": {"intrinsics": [[320.0, 0.0, 320.0], [0.0, 320.0, 240.0], [0.0, 0.0, 1.0]], "extrinsics": [[0.3420201433256695, 0.1245432777346805, -0.9314028094925368, 4.760173690063049], [0.9396926207859081, -0.04533004597337248, 0.3390028987671985, 4.041753951529], [-0.0, -0.9911781670835744, -0.1325361878765412, 1.6], [0.0, 0.0, 0.0, 1.0]]}, "target_region": {"type": "circle", "params": {"center": [2.300536056149195, 4.936988837354596], "radius": 7.892189478760499, "object_center": [2.300536056149195, 4.936988837354596, 1.2499999868647271], "object_height": 2.5000000270573506, "occupancy_ratio": 0.2, "fov_vertical": 90.0, "sample_distance": 7.892189478760499, "min_distance": 2.689992366816629}, "sample_point": [-3.1405936009052504, 10.653697927712482, 1.5], "sample_forward": [0.6890865761348975, -0.723987065576839, -0.031661008640313085], "height": 1.5}, "sample_target": [-3.1405936009052504, 10.653697927712482, 1.5], "camera_params": {"forward": [0.6890865761348975, -0.723987065576839, -0.031661008640313085]}, "task_type": "screen_occupancy", "task_description": "Position where wardrobe occupies 20% of vertical FOV", "target_object": {"label": "wardrobe", "id": "154", "bbox_min": [1.9955360000000002, 3.5919926539462814, -2.6663948119676206e-08], "bbox_max": [2.6055361122983904, 6.28198502076291, 2.5000000003934026], "center": [2.300536056149195, 4.936988837354596, 1.2499999868647274]}}
{"scene_id": "0295_840492", "object_label": "wardrobe", "preset": "occupancy_30", "distance": 5.2066247689640095, "init_camera": {"intrinsics": [[320.0, 0.0, 320.0], [0.0, 320.0, 240.0], [0.0, 0.0, 1.0]], "extrinsics": [[0.3420201433256695, 0.1245432777346805, -0.9314028094925368, 4.760173690063049], [0.9396926207859081, -0.04533004597337248, 0.3390028987671985, 4.041753951529], [-0.0, -0.9911781670835744, -0.1325361878765412, 1.6], [0.0, 0.0, 0.0, 1.0]]}, "target_region": {"type": "circle", "params": {"center": [2.300536056149195, 4.936988837354596], "radius": 5.2066247689640095, "object_center": [2.300536056149195, 4.936988837354596, 1.2499999868647271], "object_height": 2.5000000270573506, "occupancy_ratio": 0.3, "fov_vertical": 90.0, "sample_distance": 5.2066247689640095, "min_distance": 2.689992366816629}, "sample_point": [7.165132520661206, 3.0810139662297855, 1.5], "sample_forward": [-0.933233844137155, 0.3560539042112546, -0.04796049888096404], "height": 1.5}, "sample_target": [7.165132520661206, 3.0810139662297855, 1.5], "camera_params": {"forward": [-0.933233844137155, 0.3560539042112546, -0.04796049888096404]}, "task_type": "screen_occupancy", "task_description": "Position where wardrobe occupies 30% of vertical FOV", "target_object": {"label": "wardrobe", "id": "154", "bbox_min": [1.9955360000000002, 3.5919926539462814, -2.6663948119676206e-08], "bbox_max": [2.6055361122983904, 6.28198502076291, 2.5000000003934026], "center": [2.300536056149195, 4.936988837354596, 1.2499999868647274]}}
{"scene_id": "0295_840492", "object_label": "wardrobe", "preset": "occupancy_20", "distance": 7.892189478760499, "init_camera": {"intrinsics": [[320.0, 0.0, 320.0], [0.0, 320.0, 240.0], [0.0, 0.0, 1.0]], "extrinsics": [[0.0, 0.16485777468418836, -0.9863173496021337, 4.39452941483429], [1.0, -0.0, 0.0, 4.936988837354596], [-0.0, -0.9863173496021337, -0.16485777468418836, 1.6], [0.0, 0.0, 0.0, 1.0]]}, "target_region": {"type": "circle", "params": {"center": [2.300536056149195, 4.936988837354596], "radius": 7.892189478760499, "object_center": [2.300536056149195, 4.936988837354596, 1.2499999868647271], "object_height": 2.5000000270573506, "occupancy_ratio": 0.2, "fov_vertical": 90.0, "sample_distance": 7.892189478760499, "min_distance": 2.689992366816629}, "sample_point": [8.572803700762968, 0.14686218318467592, 1.5], "sample_forward": [-0.7943452386261256, 0.6066409336698946, -0.031661008640313085], "height": 1.5}, "sample_target": [8.572803700762968, 0.14686218318467592, 1.5], "camera_params": {"forward": [-0.7943452386261256, 0.6066409336698946, -0.031661008640313085]}, "task_type": "screen_occupancy", "task_description": "Position where wardrobe occupies 20% of vertical FOV", "target_object": {"label": "wardrobe", "id": "154", "bbox_min": [1.9955360000000002, 3.5919926539462814, -2.6663948119676206e-08], "bbox_max": [2.6055361122983904, 6.28198502076291, 2.5000000003934026], "center": [2.300536056149195, 4.936988837354596, 1.2499999868647274]}}
{"scene_id": "0295_840492", "object_label": "wardrobe", "preset": "occupancy_30", "distance": 5.2066247689640095, "init_camera": {"intrinsics": [[320.0, 0.0, 320.0], [0.0, 320.0, 240.0], [0.0, 0.0, 1.0]], "extrinsics": [[0.0, 0.16485777468418836, -0.9863173496021337, 4.39452941483429], [1.0, -0.0, 0.0, 4.936988837354596], [-0.0, -0.9863173496021337, -0.16485777468418836, 1.6], [0.0, 0.0, 0.0, 1.0]]}, "target_region": {"type": "circle", "params": {"center": [2.300536056149195, 4.936988837354596], "radius": 5.2066247689640095, "object_center": [2.300536056149195, 4.936988837354596, 1.2499999868647271], "object_height": 2.5000000270573506, "occupancy_ratio": 0.3, "fov_vertical": 90.0, "sample_distance": 5.2066247689640095, "min_distance": 2.689992366816629}, "sample_point": [3.4678960918693673, 10.011061366575372, 1.5], "sample_forward": [-0.2239486669808504, -0.9734201482939365, -0.04796049888096403], "height": 1.5}, "sample_target": [3.4678960918693673, 10.011061366575372, 1.5], "camera_params": {"forward": [-0.2239486669808504, -0.9734201482939365, -0.04796049888096403]}, "task_type": "screen_occupancy", "task_description": "Position where wardrobe occupies 30% of vertical FOV", "target_object": {"label": "wardrobe", "id": "154", "bbox_min": [1.9955360000000002, 3.5919926539462814, -2.6663948119676206e-08], "bbox_max": [2.6055361122983904, 6.28198502076291, 2.5000000003934026], "center": [2.300536056149195, 4.936988837354596, 1.2499999868647274]}}
{"scene_id": "0295_840492", "object_label": "wardrobe", "preset": "occupancy_50", "distance": 3.0177669856274805, "init_camera": {"intrinsics": [[320.0, 0.0, 320.0], [0.0, 320.0, 240.0], [0.0, 0.0, 1.0]], "extrinsics": [[0.0, 0.16485777468418836, -0.9863173496021337, 4.39452941483429], [1.0, -0.0, 0.0, 4.936988837354596], [-0.0, -0.9863173496021337, -0.16485777468418836, 1.6], [0.0, 0.0, 0.0, 1.0]]}, "target_region": {"type": "circle", "params": {"center": [2.300536056149195, 4.936988837354596], "radius": 3.0177669856274805, "object_center": [2.300536056149195, 4.936988837354596, 1.2499999868647271], "object_height": 2.5000000270573506, "occupancy_ratio": 0.5, "fov_vertical": 90.0, "sample_distance": 3.0177669856274805, "min_distance": 2.689992366816629}, "sample_point": [5.252925471783978, 5.561740242307698, 1.5], "sample_forward": [-0.9749958428474086, -0.20631764204837638, -0.08255989952676379], "height": 1.5}, "sample_target": [5.252925471783978, 5.561740242307698, 1.5], "camera_params": {"forward": [-0.9749958428474086, -0.20631764204837638, -0.08255989952676379]}, "task_type": "screen_occupancy", "task_description": "Position where wardrobe occupies 50% of vertical FOV", "target_object": {"label": "wardrobe", "id": "154", "bbox_min": [1.9955360000000002, 3.5919926539462814, -2.6663948119676206e-08], "bbox_max": [2.6055361122983904, 6.28198502076291, 2.5000000003934026], "center": [2.300536056149195, 4.936988837354596, 1.2499999868647274]}}
{"scene_id": "0295_840492", "object_label": "wardrobe", "preset": "occupancy_20", "distance": 7.892189478760499, "init_camera": {"intrinsics": [[320.0, 0.0, 320.0], [0.0, 320.0, 240.0], [0.0, 0.0, 1.0]], "extrinsics": [[-0.34202014332566877, 0.12454327773468052, -0.931402809492537, 4.76017369006305], [0.9396926207859083, 0.04533004597337238, -0.3390028987671978, 5.8322237231801894], [0.0, -0.9911781670835744, -0.13253618787654117, 1.6], [0.0, 0.0, 0.0, 1.0]]}, "target_region": {"type": "circle", "params": {"center": [2.300536056149195, 4.936988837354596], "radius": 7.892189478760499, "object_center": [2.300536056149195, 4.936988837354596, 1.2499999868647271], "object_height": 2.5000000270573506, "occupancy_ratio": 0.2, "fov_vertical": 90.0, "sample_distance": 7.892189478760499, "min_distance": 2.689992366816629}, "sample_point": [-0.5324963038824775, 12.303167114838198, 1.5], "sample_forward": [0.35878662926595634, -0.9328824873433155, -0.031661008640313085], "height": 1.5}, "sample_target": [-0.5324963038824775, 12.303167114838198, 1.5], "camera_params": {"forward": [0.35878662926595634, -0.9328824873433155, -0.031661008640313085]}, "task_type": "screen_occupancy", "task_description": "Position where wardrobe occupies 20% of vertical FOV", "target_object": {"label": "wardrobe", "id": "154", "bbox_min": [1.9955360000000002, 3.5919926539462814, -2.6663948119676206e-08], "bbox_max": [2.6055361122983904, 6.28198502076291, 2.5000000003934026], "center": [2.300536056149195, 4.936988837354596, 1.2499999868647274]}}
{"scene_id": "0295_840492", "object_label": "wardrobe", "preset": "occupancy_30", "distance": 5.2066247689640095, "init_camera": {"intrinsics": [[320.0, 0.0, 320.0], [0.0, 320.0, 240.0], [0.0, 0.0, 1.0]], "extrinsics": [[-0.34202014332566877, 0.12454327773468052, -0.931402809492537, 4.76017369006305], [0.9396926207859083, 0.04533004597337238, -0.3390028987671978, 5.8322237231801894], [0.0, -0.9911781670835744, -0.13253618787654117, 1.6], [0.0, 0.0, 0.0, 1.0]]}, "target_region": {"type": "circle", "params": {"center": [2.300536056149195, 4.936988837354596], "radius": 5.2066247689640095, "object_center": [2.300536056149195, 4.936988837354596, 1.2499999868647271], "object_height": 2.5000000270573506, "occupancy_ratio": 0.3, "fov_vertical": 90.0, "sample_distance": 5.2066247689640095, "min_distance": 2.689992366816629}, "sample_point": [1.4319225597795864, -0.19666990458707012, 1.5], "sample_forward": [0.16663653772723394, 0.9848512856474164, -0.04796049888096403], "height": 1.5}, "sample_target": [1.4319225597795864, -0.19666990458707012, 1.5], "camera_params": {"forward": [0.16663653772723394, 0.9848512856474164, -0.04796049888096403]}, "task_type": "screen_occupancy", "task_description": "Position where wardrobe occupies 30% of vertical FOV", "target_object": {"label": "wardrobe", "id": "154", "bbox_min": [1.9955360000000002, 3.5919926539462814, -2.6663948119676206e-08], "bbox_max": [2.6055361122983904, 6.28198502076291, 2.5000000003934026], "center": [2.300536056149195, 4.936988837354596, 1.2499999868647274]}}
{"scene_id": "0295_840492", "object_label": "cabinet", "preset": "left", "distance": 1.5, "init_camera": {"intrinsics": [[320.0, 0.0, 320.0], [0.0, 320.0, 240.0], [0.0, 0.0, 1.0]], "extrinsics": [[-0.34202014332566866, 0.42024331560644457, 0.8404866312128892, 0.8097818943339435], [-0.9396926207859084, -0.1529560580300832, -0.30591211606016644, 7.055608814660535], [0.0, -0.894427190999916, 0.44721359549995787, 1.6], [0.0, 0.0, 0.0, 1.0]]}, "target_region": {"type": "circle", "params": {"center": [1.56153599096267, 6.7819927], "radius": 1.5, "object_center": [1.56153599096267, 6.7819927, 2.0], "sample_distance": 1.5, "min_distance": 0.8000000007868049, "requested_distance": 1.5}, "sample_point": [1.0682025888059292, 5.365439787357322, 1.5], "sample_forward": [0.31201143933102493, 0.8959067260192782, 0.31622776601683794], "height": 1.5}, "sample_target": [1.0682025888059292, 5.365439787357322, 1.5], "camera_params": {"forward": [0.31201143933102493, 0.8959067260192782, 0.31622776601683794]}, "task_type": "absolute_positioning", "task_description": "Move to any position 1.5m from cabinet", "target_object": {"label": "cabinet", "id": "160", "bbox_min": [1.4275359695987284, 6.481992677051521, 1.5999999996065977], "bbox_max": [1.695536012326612, 7.081992722948479, 2.4000000003934026], "center": [1.5615359909626703, 6.7819927, 2.0]}}
{"scene_id": "0295_840492", "object_label": "cabinet", "preset": "occupancy_20", "distance": 2.525500608353863, "init_camera": {"intrinsics": [[320.0, 0.0, 320.0], [0.0, 320.0, 240.0], [0.0, 0.0, 1.0]], "extrinsics": [[-0.34202014332566866, 0.42024331560644457, 0.8404866312128892, 0.8097818943339435], [-0.9396926207859084, -0.1529560580300832, -0.30591211606016644, 7.055608814660535], [0.0, -0.894427190999916, 0.44721359549995787, 1.6], [0.0, 0.0, 0.0, 1.0]]}, "target_region": {"type": "circle", "params": {"center": [1.56153599096267, 6.7819927], "radius": 2.525500608353863, "object_center": [1.56153599096267, 6.7819927, 2.0], "object_height": 0.8000000007868049, "occupancy_ratio": 0.2, "fov_vertical": 90.0, "sample_distance": 2.525500608353863, "min_distance": 0.8000000007868049}, "sample_point": [2.3596408320444033, 4.3859163269606025, 1.5], "sample_forward": [-0.3100014121152627, 0.9306885774198204, 0.19421095835923874], "height": 1.5}, "sample_target": [2.3596408320444033, 4.3859163269606025, 1.5], "camera_params": {"forward": [-0.3100014121152627, 0.9306885774198204, 0.19421095835923874]}, "task_type": "screen_occupancy", "task_description": "Position where cabinet occupies 20% of vertical FOV", "target_object": {"label": "cabinet", "id": "160", "bbox_min": [1.4275359695987284, 6.481992677051521, 1.5999999996065977], "bbox_max": [1.695536012326612, 7.081992722948479, 2.4000000003934026], "center": [1.5615359909626703, 6.7819927, 2.0]}}
{"scene_id": "0295_840492", "object_label": "cabinet", "preset": "occupancy_30", "distance": 1.666119909674806, "init_camera": {"intrinsics": [[320.0, 0.0, 320.0], [0.0, 320.0, 240.0], [0.0, 0.0, 1.0]], "extrinsics": [[-0.34202014332566866, 0.42024331560644457, 0.8404866312128892, 0.8097818943339435], [-0.9396926207859084, -0.1529560580300832, -0.30591211606016644, 7.055608814660535], [0.0, -0.894427190999916, 0.44721359549995787, 1.6], [0.0, 0.0, 0.0, 1.0]]}, "target_region": {"type": "circle", "params": {"center": [1.56153599096267, 6.7819927], "radius": 1.666119909674806, "object_center": [1.56153599096267, 6.7819927, 2.0], "object_height": 0.8000000007868049, "occupancy_ratio": 0.3, "fov_vertical": 90.0, "sample_distance": 1.666119909674806, "min_distance": 0.8000000007868049}, "sample_point": [2.596925134596663, 5.476647965970077, 1.5], "sample_forward": [-0.5952128994271099, 0.7504019417925367, 0.2874343927047761], "height": 1.5}, "sample_target": [2.596925134596663, 5.476647965970077, 1.5], "camera_params": {"forward": [-0.5952128994271099, 0.7504019417925367, 0.2874343927047761]}, "task_type": "screen_occupancy", "task_description": "Position where cabinet occupies 30% of vertical FOV", "target_object": {"label": "cabinet", "id": "160", "bbox_min": [1.4275359695987284, 6.481992677051521, 1.5999999996065977], "bbox_max": [1.695536012326612, 7.081992722948479, 2.4000000003934026], "center": [1.5615359909626703, 6.7819927, 2.0]}}
{"scene_id": "0295_840492", "object_label": "cabinet", "preset": "occupancy_50", "distance": 0.9656854258989955, "init_camera": {"intrinsics": [[320.0, 0.0, 320.0], [0.0, 320.0, 240.0], [0.0, 0.0, 1.0]], "extrinsics": [[-0.34202014332566866, 0.42024331560644457, 0.8404866312128892, 0.8097818943339435], [-0.9396926207859084, -0.1529560580300832, -0.30591211606016644, 7.055608814660535], [0.0, -0.894427190999916, 0.44721359549995787, 1.6], [0.0, 0.0, 0.0, 1.0]]}, "target_region": {"type": "circle", "params": {"center": [1.56153599096267, 6.7819927], "radius": 0.9656854258989955, "object_center": [1.56153599096267, 6.7819927, 2.0], "object_height": 0.8000000007868049, "occupancy_ratio": 0.5, "fov_vertical": 90.0, "sample_distance": 0.9656854258989955, "min_distance": 0.8000000007868049}, "sample_point": [1.069954371686618, 5.950791248254601, 1.5], "sample_forward": [0.4520496986805303, 0.7643580456846263, 0.4597910916057642], "height": 1.5}, "sample_target": [1.069954371686618, 5.950791248254601, 1.5], "camera_params": {"forward": [0.4520496986805303, 0.7643580456846263, 0.4597910916057642]}, "task_type": "screen_occupancy", "task_description": "Position where cabinet occupies 50% of vertical FOV", "target_object": {"label": "cabinet", "id": "160", "bbox_min": [1.4275359695987284, 6.481992677051521, 1.5999999996065977], "bbox_max": [1.695536012326612, 7.081992722948479, 2.4000000003934026], "center": [1.5615359909626703, 6.7819927, 2.0]}}
{"scene_id": "0295_840492", "object_label": "cabinet", "preset": "occupancy_20", "distance": 2.525500608353863, "init_camera": {"intrinsics": [[320.0, 0.0, 320.0], [0.0, 320.0, 240.0], [0.0, 0.0, 1.0]], "extrinsics": [[-0.6427876096865396, 0.2845017638472599, 0.7112544096181498, 0.7954915478436924], [-0.7660444431189778, -0.2387253251135215, -0.5968133127838039, 7.42478030968654], [0.0, -0.9284766908852594, 0.3713906763541036, 1.6], [0.0, 0.0, 0.0, 1.0]]}, "target_region": {"type": "circle", "params": {"center": [1.56153599096267, 6.7819927], "radius": 2.525500608353863, "object_center": [1.56153599096267, 6.7819927, 2.0], "object_height": 0.8000000007868049, "occupancy_ratio": 0.2, "fov_vertical": 90.0, "sample_distance": 2.525500608353863, "min_distance": 0.8000000007868049}, "sample_point": [4.087030408310797, 6.77640067539565, 1.5], "sample_forward": [-0.9809573822481741, 0.0021720649151584005, 0.19421095835923877], "height": 1.5}, "sample_target": [4.087030408310797, 6.77640067539565, 1.5], "camera_params": {"forward": [-0.9809573822481741, 0.0021720649151584005, 0.19421095835923877]}, "task_type": "screen_occupancy", "task_description": "Position where cabinet occupies 20% of vertical FOV", "target_object": {"label": "cabinet", "id": "160", "bbox_min": [1.4275359695987284, 6.481992677051521, 1.5999999996065977], "bbox_max": [1.695536012326612, 7.081992722948479, 2.4000000003934026], "center": [1.5615359909626703, 6.7819927, 2.0]}}
{"scene_id": "0295_840492", "object_label": "wardrobe", "preset": "occupancy_20", "distance": 7.892189532673748, "init_camera": {"intrinsics": [[320.0, 0.0, 320.0], [0.0, 320.0, 240.0], [0.0, 0.0, 1.0]], "extrinsics": [[-0.9848077530122081, -0.029362247053167184, 0.17114773751070897, -7.218722456898652], [-0.17364817766693022, 0.16652157789575087, -0.9706270522131885, 6.0260924040350154], [0.0, -0.9856005390334861, -0.16909044164855044, 1.6], [0.0, 0.0, 0.0, 1.0]]}, "target_region": {"type": "circle", "params": {"center": [-6.864464050595932, 4.0169931449236485], "radius": 7.892189532673748, "object_center": [-6.864464050595932, 4.0169931449236485, 1.2499999868494285], "object_height": 2.50000004413539, "occupancy_ratio": 0.2, "fov_vertical": 90.0, "sample_distance": 7.892189532673748, "min_distance": 2.50000004413539}, "sample_point": [-1.603069641688414, 9.899542294192337, 1.5], "sample_forward": [-0.6663241758053817, -0.7449897135415469, -0.03166100842618226], "height": 1.5}, "sample_target": [-1.603069641688414, 9.899542294192337, 1.5], "camera_params": {"forward": [-0.6663241758053817, -0.7449897135415469, -0.03166100842618226]}, "task_type": "screen_occupancy", "task_description": "Position where wardrobe occupies 20% of vertical FOV", "target_object": {"label": "wardrobe", "id": "163", "bbox_min": [-7.574464109278475, 3.8219925898472966, -3.521826647556736e-08], "bbox_max": [-6.154463991913388, 4.2119937, 2.5000000089171235], "center": [-6.864464050595931, 4.0169931449236485, 1.2499999868494285]}}
{"scene_id": "0295_840492", "object_label": "wardrobe", "preset": "occupancy_30", "distance": 5.206624804531587, "init_camera": {"intrinsics": [[320.0, 0.0, 320.0], [0.0, 320.0, 240.0], [0.0, 0.0, 1.0]], "extrinsics": [[-0.9848077530122081, -0.029362247053167184, 0.17114773751070897, -7.218722456898652], [-0.17364817766693022, 0.16652157789575087, -0.9706270522131885, 6.0260924040350154], [0.0, -0.9856005390334861, -0.16909044164855044, 1.6], [0.0, 0.0, 0.0, 1.0]]}, "target_region": {"type": "circle", "params": {"center": [-6.864464050595932, 4.0169931449236485], "radius": 5.206624804531587, "object_center": [-6.864464050595932, 4.0169931449236485, 1.2499999868494285], "object_height": 2.50000004413539, "occupancy_ratio": 0.3, "fov_vertical": 90.0, "sample_distance": 5.206624804531587, "min_distance": 2.50000004413539}, "sample_point": [-12.051568899890057, 3.566565417543387, 1.5], "sample_forward": [0.9951044862139027, 0.08641094893083297, -0.04796049855701731], "height": 1.5}, "sample_target": [-12.051568899890057, 3.566565417543387, 1.5], "camera_params": {"forward": [0.9951044862139027, 0.08641094893083297, -0.04796049855701731]}, "task_type": "screen_occupancy", "task_description": "Position where wardrobe occupies 30% of vertical FOV", "target_object": {"label": "wardrobe", "id": "163", "bbox_min": [-7.574464109278475, 3.8219925898472966, -3.521826647556736e-08], "bbox_max": [-6.154463991913388, 4.2119937, 2.5000000089171235], "center": [-6.864464050595931, 4.0169931449236485, 1.2499999868494285]}}
{"scene_id": "0295_840492", "object_label": "wardrobe", "preset": "occupancy_50", "distance": 3.0177670062424973, "init_camera": {"intrinsics": [[320.0, 0.0, 320.0], [0.0, 320.0, 240.0], [0.0, 0.0, 1.0]], "extrinsics": [[-0.9848077530122081, -0.029362247053167184, 0.17114773751070897, -7.218722456898652], [-0.17364817766693022, 0.16652157789575087, -0.9706270522131885, 6.0260924040350154], [0.0, -0.9856005390334861, -0.16909044164855044, 1.6], [0.0, 0.0, 0.0, 1.0]]}, "target_region": {"type": "circle", "params": {"center": [-6.864464050595932, 4.0169931449236485], "radius": 3.0177670062424973, "object_center": [-6.864464050595932, 4.0169931449236485, 1.2499999868494285], "object_height": 2.50000004413539, "occupancy_ratio": 0.5, "fov_vertical": 90.0, "sample_distance": 3.0177670062424973, "min_distance": 2.50000004413539}, "sample_point": [-8.84071529154539, 1.7363465838336736, 1.5], "sample_forward": [0.6526363768513069, 0.7531597590765131, -0.08255989897164133], "height": 1.5}, "sample_target": [-8.84071529154539, 1.7363465838336736, 1.5], "camera_params": {"forward": [0.6526363768513069, 0.7531597590765131, -0.08255989897164133]}, "task_type": "screen_occupancy", "task_description": "Position where wardrobe occupies 50% of vertical FOV", "target_object": {"label": "wardrobe", "id": "163", "bbox_min": [-7.574464109278475, 3.8219925898472966, -3.521826647556736e-08], "bbox_max": [-6.154463991913388, 4.2119937, 2.5000000089171235], "center": [-6.864464050595931, 4.0169931449236485, 1.2499999868494285]}}
{"scene_id": "0295_840492", "object_label": "wardrobe", "preset": "front", "distance": 2.50000004413539, "init_camera": {"intrinsics": [[320.0, 0.0, 320.0], [0.0, 320.0, 240.0], [0.0, 0.0, 1.0]], "extrinsics": [[-0.9848077530122082, 0.036411180505820824, -0.1697878545162117, -6.581057325553754], [0.17364817766693014, 0.20649806603348067, -0.9629147725096893, 5.624272552212743], [0.0, -0.9777692849842465, -0.20968363155333614, 1.6], [0.0, 0.0, 0.0, 1.0]]}, "target_region": {"type": "circle", "params": {"center": [-6.864464050595932, 4.0169931449236485], "radius": 2.50000004413539, "object_center": [-6.864464050595932, 4.0169931449236485, 1.2499999868494285], "sample_distance": 2.50000004413539, "min_distance": 2.50000004413539, "requested_distance": 1.0}, "sample_point": [-4.5349760725755495, 3.1095318614875644, 1.5], "sample_forward": [-0.9271708522217004, 0.3611830837764771, -0.09950372246403737], "height": 1.5}, "sample_target": [-4.5349760725755495, 3.1095318614875644, 1.5], "camera_params": {"forward": [-0.9271708522217004, 0.3611830837764771, -0.09950372246403737]}, "task_type": "absolute_positioning", "task_description": "Move to any position 2.5m from wardrobe", "target_object": {"label": "wardrobe", "id": "163", "bbox_min": [-7.574464109278475, 3.8219925898472966, -3.521826647556736e-08], "bbox_max": [-6.154463991913388, 4.2119937, 2.5000000089171235], "center": [-6.864464050595931, 4.0169931449236485, 1.2499999868494285]}}
{"scene_id": "0295_840492", "object_label": "wardrobe", "preset": "back", "distance": 2.50000004413539, "init_camera": {"intrinsics": [[320.0, 0.0, 320.0], [0.0, 320.0, 240.0], [0.0, 0.0, 1.0]], "extrinsics": [[-0.9848077530122082, 0.036411180505820824, -0.1697878545162117, -6.581057325553754], [0.17364817766693014, 0.20649806603348067, -0.9629147725096893, 5.624272552212743], [0.0, -0.9777692849842465, -0.20968363155333614, 1.6], [0.0, 0.0, 0.0, 1.0]]}, "target_region": {"type": "circle", "params": {"center": [-6.864464050595932, 4.0169931449236485], "radius": 2.50000004413539, "object_center": [-6.864464050595932, 4.0169931449236485, 1.2499999868494285], "sample_distance": 2.50000004413539, "min_distance": 2.50000004413539, "requested_distance": 1.5}, "sample_point": [-9.288135963029431, 3.4039558854051926, 1.5], "sample_forward": [0.9646574585314747, 0.24399794449010426, -0.09950372246403737], "height": 1.5}, "sample_target": [-9.288135963029431, 3.4039558854051926, 1.5], "camera_params": {"forward": [0.9646574585314747, 0.24399794449010426, -0.09950372246403737]}, "task_type": "absolute_positioning", "task_description": "Move to any position 2.5m from wardrobe", "target_object": {"label": "wardrobe", "id": "163", "bbox_min": [-7.574464109278475, 3.8219925898472966, -3.521826647556736e-08], "bbox_max": [-6.154463991913388, 4.2119937, 2.5000000089171235], "center": [-6.864464050595931, 4.0169931449236485, 1.2499999868494285]}}
{"scene_id": "0295_840492", "object_label": "wardrobe", "preset": "occupancy_20", "distance": 7.892189532673748, "init_camera": {"intrinsics": [[320.0, 0.0, 320.0], [0.0, 320.0, 240.0], [0.0, 0.0, 1.0]], "extrinsics": [[-0.9848077530122082, 0.036411180505820824, -0.1697878545162117, -6.581057325553754], [0.17364817766693014, 0.20649806603348067, -0.9629147725096893, 5.624272552212743], [0.0, -0.9777692849842465, -0.20968363155333614, 1.6], [0.0, 0.0, 0.0, 1.0]]}, "target_region": {"type": "circle", "params": {"center": [-6.864464050595932, 4.0169931449236485], "radius": 7.892189532673748, "object_center": [-6.864464050595932, 4.0169931449236485, 1.2499999868494285], "object_height": 2.50000004413539, "occupancy_ratio": 0.2, "fov_vertical": 90.0, "sample_distance": 7.892189532673748, "min_distance": 2.50000004413539}, "sample_point": [0.8803154771060671, 2.4987554537392045, 1.5], "sample_forward": [-0.9808300679480835, 0.19227573522000949, -0.03166100842618226], "height": 1.5}, "sample_target": [0.8803154771060671, 2.4987554537392045, 1.5], "camera_params": {"forward": [-0.9808300679480835, 0.19227573522000949, -0.03166100842618226]}, "task_type": "screen_occupancy", "task_description": "Position where wardrobe occupies 20% of vertical FOV", "target_object": {"label": "wardrobe", "id": "163", "bbox_min": [-7.574464109278475, 3.8219925898472966, -3.521826647556736e-08], "bbox_max": [-6.154463991913388, 4.2119937, 2.5000000089171235], "center": [-6.864464050595931, 4.0169931449236485, 1.2499999868494285]}}
{"scene_id": "0295_840492", "object_label": "wardrobe", "preset": "occupancy_30", "distance": 5.206624804531587, "init_camera": {"intrinsics": [[320.0, 0.0, 320.0], [0.0, 320.0, 240.0], [0.0, 0.0, 1.0]], "extrinsics": [[-0.9848077530122082, 0.036411180505820824, -0.1697878545162117, -6.581057325553754], [0.17364817766693014, 0.20649806603348067, -0.9629147725096893, 5.624272552212743], [0.0, -0.9777692849842465, -0.20968363155333614, 1.6], [0.0, 0.0, 0.0, 1.0]]}, "target_region": {"type": "circle", "params": {"center": [-6.864464050595932, 4.0169931449236485], "radius": 5.206624804531587, "object_center": [-6.864464050595932, 4.0169931449236485, 1.2499999868494285], "object_height": 2.50000004413539, "occupancy_ratio": 0.3, "fov_vertical": 90.0, "sample_distance": 5.206624804531587, "min_distance": 2.50000004413539}, "sample_point": [-8.514242056530064, 8.955330353569853, 1.5], "sample_forward": [0.316496686043562, -0.9473804084429892, -0.047960498557017305], "height": 1.5}, "sample_target": [-8.514242056530064, 8.955330353569853, 1.5], "camera_params": {"forward": [0.316496686043562, -0.9473804084429892, -0.047960498557017305]}, "task_type": "screen_occupancy", "task_description": "Position where wardrobe occupies 30% of vertical FOV", "target_object": {"label": "wardrobe", "id": "163", "bbox_min": [-7.574464109278475, 3.8219925898472966, -3.521826647556736e-08], "bbox_max": [-6.154463991913388, 4.2119937, 2.5000000089171235], "center": [-6.864464050595931, 4.0169931449236485, 1.2499999868494285]}}
{"scene_id": "0295_840492", "object_label": "wardrobe", "preset": "occupancy_50", "distance": 3.0177670062424973, "init_camera": {"intrinsics": [[320.0, 0.0, 320.0], [0.0, 320.0, 240.0], [0.0, 0.0, 1.0]], "extrinsics": [[-0.9848077530122082, 0.036411180505820824, -0.1697878545162117, -6.581057325553754], [0.17364817766693014, 0.20649806603348067, -0.9629147725096893, 5.624272552212743], [0.0, -0.9777692849842465, -0.20968363155333614, 1.6], [0.0, 0.0, 0.0, 1.0]]}, "target_region": {"type": "circle", "params": {"center": [-6.864464050595932, 4.0169931449236485], "radius": 3.0177670062424973, "object_center": [-6.864464050595932, 4.0169931449236485, 1.2499999868494285], "object_height": 2.50000004413539, "occupancy_ratio": 0.5, "fov_vertical": 90.0, "sample_distance": 3.0177670062424973, "min_distance": 2.50000004413539}, "sample_point": [-9.751910634919387, 4.894244492397457, 1.5], "sample_forward": [0.9535491429921564, -0.28970311524164916, -0.08255989897164133], "height": 1.5}, "sample_target": [-9.751910634919387, 4.894244492397457, 1.5], "camera_params": {"forward": [0.9535491429921564, -0.28970311524164916, -0.08255989897164133]}, "task_type": "screen_occupancy", "task_description": "Position where wardrobe occupies 50% of vertical FOV", "target_object": {"label": "wardrobe", "id": "163", "bbox_min": [-7.574464109278475, 3.8219925898472966, -3.521826647556736e-08], "bbox_max": [-6.154463991913388, 4.2119937, 2.5000000089171235], "center": [-6.864464050595931, 4.0169931449236485, 1.2499999868494285]}}
{"scene_id": "0295_840492", "object_label": "wardrobe", "preset": "occupancy_20", "distance": 7.892189532673748, "init_camera": {"intrinsics": [[320.0, 0.0, 320.0], [0.0, 320.0, 240.0], [0.0, 0.0, 1.0]], "extrinsics": [[-0.984807753012208, 0.02936224705316726, -0.1711477375107094, -6.510205644293209], [0.17364817766693066, 0.16652157789575084, -0.9706270522131885, 6.0260924040350154], [0.0, -0.9856005390334861, -0.16909044164855044, 1.6], [0.0, 0.0, 0.0, 1.0]]}, "target_region": {"type": "circle", "params": {"center": [-6.864464050595932, 4.0169931449236485], "radius": 7.892189532673748, "object_center": [-6.864464050595932, 4.0169931449236485, 1.2499999868494285], "object_height": 2.50000004413539, "occupancy_ratio": 0.2, "fov_vertical": 90.0, "sample_distance": 7.892189532673748, "min_distance": 2.50000004413539}, "sample_point": [-13.870317397690403, 7.650816819601639, 1.5], "sample_forward": [0.88724948074847, -0.4602020637252811, -0.03166100842618226], "height": 1.5}, "sample_target": [-13.870317397690403, 7.650816819601639, 1.5], "camera_params": {"forward": [0.88724948074847, -0.4602020637252811, -0.03166100842618226]}, "task_type": "screen_occupancy", "task_description": "Position where wardrobe occupies 20% of vertical FOV", "target_object": {"label": "wardrobe", "id": "163", "bbox_min": [-7.574464109278475, 3.8219925898472966, -3.521826647556736e-08], "bbox_max": [-6.154463991913388, 4.2119937, 2.5000000089171235], "center": [-6.864464050595931, 4.0169931449236485, 1.2499999868494285]}}
{"scene_id": "0295_840492", "object_label": "wardrobe", "preset": "occupancy_30", "distance": 5.206624804531587, "init_camera": {"intrinsics": [[320.0, 0.0, 320.0], [0.0, 320.0, 240.0], [0.0, 0.0, 1.0]], "extrinsics": [[-0.984807753012208, 0.02936224705316726, -0.1711477375107094, -6.510205644293209], [0.17364817766693066, 0.16652157789575084, -0.9706270522131885, 6.0260924040350154], [0.0, -0.9856005390334861, -0.16909044164855044, 1.6], [0.0, 0.0, 0.0, 1.0]]}, "target_region": {"type": "circle", "params": {"center": [-6.864464050595932, 4.0169931449236485], "radius": 5.206624804531587, "object_center": [-6.864464050595932, 4.0169931449236485, 1.2499999868494285], "object_height": 2.50000004413539, "occupancy_ratio": 0.3, "fov_vertical": 90.0, "sample_distance": 5.206624804531587, "min_distance": 2.50000004413539}, "sample_point": [-6.6499745311748235, 9.219198071800529, 1.5], "sample_forward": [-0.04114809498228173, -0.9980013150579969, -0.047960498557017305], "height": 1.5}, "sample_target": [-6.6499745311748235, 9.219198071800529, 1.5], "camera_params": {"forward": [-0.04114809498228173, -0.9980013150579969, -0.047960498557017305]}, "task_type": "screen_occupancy", "task_description": "Position where wardrobe occupies 30% of vertical FOV", "target_object": {"label": "wardrobe", "id": "163", "bbox_min": [-7.574464109278475, 3.8219925898472966, -3.521826647556736e-08], "bbox_max": [-6.154463991913388, 4.2119937, 2.5000000089171235], "center": [-6.864464050595931, 4.0169931449236485, 1.2499999868494285]}}
