{"scene_id": "0238_840875", "object_label": "cabinet", "preset": "occupancy_20", "distance": 7.892189403471587, "init_camera": {"intrinsics": [[320.0, 0.0, 320.0], [0.0, 320.0, 240.0], [0.0, 0.0, 1.0]], "extrinsics": [[-0.6427876096865395, -0.1218889170195584, 0.756285118682937, -6.4578240604378845], [-0.7660444431189779, 0.10227694531570958, -0.6345985641517182, -0.6543810488416499], [0.0, -0.9872601067422336, -0.1591146807661488, 1.6], [0.0, 0.0, 0.0, 1.0]]}, "target_region": {"type": "circle", "params": {"center": [-4.7942453668967016, -2.0502893170264387], "radius": 7.892189403471587, "object_center": [-4.7942453668967016, -2.0502893170264387, 1.249999998395917], "object_height": 2.500000003208166, "occupancy_ratio": 0.2, "fov_vertical": 90.0, "sample_distance": 7.892189403471587, "min_distance": 2.500000003208166}, "sample_point": [-12.082263950206396, -5.078727645538633, 1.5], "sample_forward": [0.9229840376919499, 0.3835336318642955, -0.03166100748315357], "height": 1.5}, "sample_target": [-12.082263950206396, -5.078727645538633, 1.5], "camera_params": {"forward": [0.9229840376919499, 0.3835336318642955, -0.03166100748315357]}, "task_type": "screen_occupancy", "task_description": "Position where cabinet occupies 20% of vertical FOV", "target_object": {"label": "cabinet", "id": "79", "bbox_min": [-5.655272394425001, -2.3347923291872474, -3.2081661629490556e-09], "bbox_max": [-3.9332183393684015, -1.7657863048656297, 2.5], "center": [-4.7942453668967016, -2.0502893170264387, 1.249999998395917]}}
{"scene_id": "0238_840875", "object_label": "cabinet", "preset": "occupancy_30", "distance": 5.206624719294509, "init_camera": {"intrinsics": [[320.0, 0.0, 320.0], [0.0, 320.0, 240.0], [0.0, 0.0, 1.0]], "extrinsics": [[-0.6427876096865395, -0.1218889170195584, 0.756285118682937, -6.4578240604378845], [-0.7660444431189779, 0.10227694531570958, -0.6345985641517182, -0.6543810488416499], [0.0, -0.9872601067422336, -0.1591146807661488, 1.6], [0.0, 0.0, 0.0, 1.0]]}, "target_region": {"type": "circle", "params": {"center": [-4.7942453668967016, -2.0502893170264387], "radius": 5.206624719294509, "object_center": [-4.7942453668967016, -2.0502893170264387, 1.249999998395917], "object_height": 2.500000003208166, "occupancy_ratio": 0.3, "fov_vertical": 90.0, "sample_distance": 5.206624719294509, "min_distance": 2.500000003208166}, "sample_point": [-10.000190278374097, -2.1344234137484888, 1.5], "sample_forward": [0.998718817542809, 0.016140452314051156, -0.04796049713036122], "height": 1.5}, "sample_target": [-10.000190278374097, -2.1344234137484888, 1.5], "camera_params": {"forward": [0.998718817542809, 0.016140452314051156, -0.04796049713036122]}, "task_type": "screen_occupancy", "task_description": "Position where cabinet occupies 30% of vertical FOV", "target_object": {"label": "cabinet", "id": "79", "bbox_min": [-5.655272394425001, -2.3347923291872474, -3.2081661629490556e-09], "bbox_max": [-3.9332183393684015, -1.7657863048656297, 2.5], "center": [-4.7942453668967016, -2.0502893170264387, 1.249999998395917]}}
{"scene_id": "0238_840875", "object_label": "cabinet", "preset": "occupancy_50", "distance": 3.017766956838968, "init_camera": {"intrinsics": [[320.0, 0.0, 320.0], [0.0, 320.0, 240.0], [0.0, 0.0, 1.0]], "extrinsics": [[-0.6427876096865395, -0.1218889170195584, 0.756285118682937, -6.4578240604378845], [-0.7660444431189779, 0.10227694531570958, -0.6345985641517182, -0.6543810488416499], [0.0, -0.9872601067422336, -0.1591146807661488, 1.6], [0.0, 0.0, 0.0, 1.0]]}, "target_region": {"type": "circle", "params": {"center": [-4.7942453668967016, -2.0502893170264387], "radius": 3.017766956838968, "object_center": [-4.7942453668967016, -2.0502893170264387, 1.249999998395917], "object_height": 2.500000003208166, "occupancy_ratio": 0.5, "fov_vertical": 90.0, "sample_distance": 3.017766956838968, "min_distance": 2.500000003208166}, "sample_point": [-5.40922351200563, 0.9041512876951234, 1.5], "sample_forward": [0.20309012680287583, -0.9756732362223846, -0.08255989652689087], "height": 1.5}, "sample_target": [-5.40922351200563, 0.9041512876951234, 1.5], "camera_params": {"forward": [0.20309012680287583, -0.9756732362223846, -0.08255989652689087]}, "task_type": "screen_occupancy", "task_description": "Position where cabinet occupies 50% of vertical FOV", "target_object": {"label": "cabinet", "id": "79", "bbox_min": [-5.655272394425001, -2.3347923291872474, -3.2081661629490556e-09], "bbox_max": [-3.9332183393684015, -1.7657863048656297, 2.5], "center": [-4.7942453668967016, -2.0502893170264387, 1.249999998395917]}}
{"scene_id": "0238_840875", "object_label": "cabinet", "preset": "left", "distance": 2.500000003208166, "init_camera": {"intrinsics": [[320.0, 0.0, 320.0], [0.0, 320.0, 240.0], [0.0, 0.0, 1.0]], "extrinsics": [[-0.6427876096865395, -0.15128770410165907, 0.7509568026332232, -6.125108321729648], [-0.7660444431189779, 0.12694545671335966, -0.6301275761196072, -0.9335627024786077], [0.0, -0.9803044841310711, -0.1974920717206506, 1.6], [0.0, 0.0, 0.0, 1.0]]}, "target_region": {"type": "circle", "params": {"center": [-4.7942453668967016, -2.0502893170264387], "radius": 2.500000003208166, "object_center": [-4.7942453668967016, -2.0502893170264387, 1.249999998395917], "sample_distance": 2.500000003208166, "min_distance": 2.500000003208166, "requested_distance": 1.2}, "sample_point": [-4.389894509197429, -4.517372696225182, 1.5], "sample_forward": [-0.1609376563069282, 0.9819358841506836, -0.09950371952670105], "height": 1.5}, "sample_target": [-4.389894509197429, -4.517372696225182, 1.5], "camera_params": {"forward": [-0.1609376563069282, 0.9819358841506836, -0.09950371952670105]}, "task_type": "absolute_positioning", "task_description": "Move to any position 2.5m from cabinet", "target_object": {"label": "cabinet", "id": "79", "bbox_min": [-5.655272394425001, -2.3347923291872474, -3.2081661629490556e-09], "bbox_max": [-3.9332183393684015, -1.7657863048656297, 2.5], "center": [-4.7942453668967016, -2.0502893170264387, 1.249999998395917]}}
{"scene_id": "0238_840875", "object_label": "cabinet", "preset": "back", "distance": 2.500000003208166, "init_camera": {"intrinsics": [[320.0, 0.0, 320.0], [0.0, 320.0, 240.0], [0.0, 0.0, 1.0]], "extrinsics": [[-0.6427876096865395, -0.15128770410165907, 0.7509568026332232, -6.125108321729648], [-0.7660444431189779, 0.12694545671335966, -0.6301275761196072, -0.9335627024786077], [0.0, -0.9803044841310711, -0.1974920717206506, 1.6], [0.0, 0.0, 0.0, 1.0]]}, "target_region": {"type": "circle", "params": {"center": [-4.7942453668967016, -2.0502893170264387], "radius": 2.500000003208166, "object_center": [-4.7942453668967016, -2.0502893170264387, 1.249999998395917], "sample_distance": 2.500000003208166, "min_distance": 2.500000003208166, "requested_distance": 1.5}, "sample_point": [-7.134854911324869, -2.9286667851872523, 1.5], "sample_forward": [0.9315974165437605, 0.3496072986785928, -0.09950371952670102], "height": 1.5}, "sample_target": [-7.134854911324869, -2.9286667851872523, 1.5], "camera_params": {"forward": [0.9315974165437605, 0.3496072986785928, -0.09950371952670102]}, "task_type": "absolute_positioning", "task_description": "Move to any position 2.5m from cabinet", "target_object": {"label": "cabinet", "id": "79", "bbox_min": [-5.655272394425001, -2.3347923291872474, -3.2081661629490556e-09], "bbox_max": [-3.9332183393684015, -1.7657863048656297, 2.5], "center": [-4.7942453668967016, -2.0502893170264387, 1.249999998395917]}}
{"scene_id": "0238_840875", "object_label": "cabinet", "preset": "occupancy_20", "distance": 7.892189403471587, "init_camera": {"intrinsics": [[320.0, 0.0, 320.0], [0.0, 320.0, 240.0], [0.0, 0.0, 1.0]], "extrinsics": [[-0.6427876096865395, -0.15128770410165907, 0.7509568026332232, -6.125108321729648], [-0.7660444431189779, 0.12694545671335966, -0.6301275761196072, -0.9335627024786077], [0.0, -0.9803044841310711, -0.1974920717206506, 1.6], [0.0, 0.0, 0.0, 1.0]]}, "target_region": {"type": "circle", "params": {"center": [-4.7942453668967016, -2.0502893170264387], "radius": 7.892189403471587, "object_center": [-4.7942453668967016, -2.0502893170264387, 1.249999998395917], "object_height": 2.500000003208166, "occupancy_ratio": 0.2, "fov_vertical": 90.0, "sample_distance": 7.892189403471587, "min_distance": 2.500000003208166}, "sample_point": [-0.5441347266321719, 4.599764301237059, 1.5], "sample_forward": [-0.5382511356889853, -0.8421895840810838, -0.031661007483153564], "height": 1.5}, "sample_target": [-0.5441347266321719, 4.599764301237059, 1.5], "camera_params": {"forward": [-0.5382511356889853, -0.8421895840810838, -0.031661007483153564]}, "task_type": "screen_occupancy", "task_description": "Position where cabinet occupies 20% of vertical FOV", "target_object": {"label": "cabinet", "id": "79", "bbox_min": [-5.655272394425001, -2.3347923291872474, -3.2081661629490556e-09], "bbox_max": [-3.9332183393684015, -1.7657863048656297, 2.5], "center": [-4.7942453668967016, -2.0502893170264387, 1.249999998395917]}}
{"scene_id": "0238_840875", "object_label": "cabinet", "preset": "occupancy_30", "distance": 5.206624719294509, "init_camera": {"intrinsics": [[320.0, 0.0, 320.0], [0.0, 320.0, 240.0], [0.0, 0.0, 1.0]], "extrinsics": [[-0.6427876096865395, -0.15128770410165907, 0.7509568026332232, -6.125108321729648], [-0.7660444431189779, 0.12694545671335966, -0.6301275761196072, -0.9335627024786077], [0.0, -0.9803044841310711, -0.1974920717206506, 1.6], [0.0, 0.0, 0.0, 1.0]]}, "target_region": {"type": "circle", "params": {"center": [-4.7942453668967016, -2.0502893170264387], "radius": 5.206624719294509, "object_center": [-4.7942453668967016, -2.0502893170264387, 1.249999998395917], "object_height": 2.500000003208166, "occupancy_ratio": 0.3, "fov_vertical": 90.0, "sample_distance": 5.206624719294509, "min_distance": 2.500000003208166}, "sample_point": [-0.5252919865897727, 0.9304787055366517, 1.5], "sample_forward": [-0.8189645001286765, -0.5718364611005454, -0.047960497130361206], "height": 1.5}, "sample_target": [-0.5252919865897727, 0.9304787055366517, 1.5], "camera_params": {"forward": [-0.8189645001286765, -0.5718364611005454, -0.047960497130361206]}, "task_type": "screen_occupancy", "task_description": "Position where cabinet occupies 30% of vertical FOV", "target_object": {"label": "cabinet", "id": "79", "bbox_min": [-5.655272394425001, -2.3347923291872474, -3.2081661629490556e-09], "bbox_max": [-3.9332183393684015, -1.7657863048656297, 2.5], "center": [-4.7942453668967016, -2.0502893170264387, 1.249999998395917]}}
{"scene_id": "0238_840875", "object_label": "cabinet", "preset": "occupancy_50", "distance": 3.017766956838968, "init_camera": {"intrinsics": [[320.0, 0.0, 320.0], [0.0, 320.0, 240.0], [0.0, 0.0, 1.0]], "extrinsics": [[-0.6427876096865395, -0.15128770410165907, 0.7509568026332232, -6.125108321729648], [-0.7660444431189779, 0.12694545671335966, -0.6301275761196072, -0.9335627024786077], [0.0, -0.9803044841310711, -0.1974920717206506, 1.6], [0.0, 0.0, 0.0, 1.0]]}, "target_region": {"type": "circle", "params": {"center": [-4.7942453668967016, -2.0502893170264387], "radius": 3.017766956838968, "object_center": [-4.7942453668967016, -2.0502893170264387, 1.249999998395917], "object_height": 2.500000003208166, "occupancy_ratio": 0.5, "fov_vertical": 90.0, "sample_distance": 3.017766956838968, "min_distance": 2.500000003208166}, "sample_point": [-5.808598552161471, -4.892472460550505, 1.5], "sample_forward": [0.33497957391938593, 0.938601378936903, -0.08255989652689087], "height": 1.5}, "sample_target": [-5.808598552161471, -4.892472460550505, 1.5], "camera_params": {"forward": [0.33497957391938593, 0.938601378936903, -0.08255989652689087]}, "task_type": "screen_occupancy", "task_description": "Position where cabinet occupies 50% of vertical FOV", "target_object": {"label": "cabinet", "id": "79", "bbox_min": [-5.655272394425001, -2.3347923291872474, -3.2081661629490556e-09], "bbox_max": [-3.9332183393684015, -1.7657863048656297, 2.5], "center": [-4.7942453668967016, -2.0502893170264387, 1.249999998395917]}}
{"scene_id": "0238_840875", "object_label": "cabinet", "preset": "right", "distance": 2.500000003208166, "init_camera": {"intrinsics": [[320.0, 0.0, 320.0], [0.0, 320.0, 240.0], [0.0, 0.0, 1.0]], "extrinsics": [[-0.6427876096865394, 0.1512877041016591, -0.7509568026332234, -3.463382412063755], [0.766044443118978, 0.12694545671335963, -0.6301275761196072, -0.933562702478608], [0.0, -0.9803044841310711, -0.19749207172065064, 1.6], [0.0, 0.0, 0.0, 1.0]]}, "target_region": {"type": "circle", "params": {"center": [-4.7942453668967016, -2.0502893170264387], "radius": 2.500000003208166, "object_center": [-4.7942453668967016, -2.0502893170264387, 1.249999998395917], "sample_distance": 2.500000003208166, "min_distance": 2.500000003208166, "requested_distance": 0.8}, "sample_point": [-5.115665168243909, 0.4289624506128935, 1.5], "sample_forward": [0.1279298622334816, -0.986779083761545, -0.09950371952670103], "height": 1.5}, "sample_target": [-5.115665168243909, 0.4289624506128935, 1.5], "camera_params": {"forward": [0.1279298622334816, -0.986779083761545, -0.09950371952670103]}, "task_type": "absolute_positioning", "task_description": "Move to any position 2.5m from cabinet", "target_object": {"label": "cabinet", "id": "79", "bbox_min": [-5.655272394425001, -2.3347923291872474, -3.2081661629490556e-09], "bbox_max": [-3.9332183393684015, -1.7657863048656297, 2.5], "center": [-4.7942453668967016, -2.0502893170264387, 1.249999998395917]}}
{"scene_id": "0238_840875", "object_label": "cabinet", "preset": "right", "distance": 2.500000003208166, "init_camera": {"intrinsics": [[320.0, 0.0, 320.0], [0.0, 320.0, 240.0], [0.0, 0.0, 1.0]], "extrinsics": [[-0.6427876096865394, 0.1512877041016591, -0.7509568026332234, -3.463382412063755], [0.766044443118978, 0.12694545671335963, -0.6301275761196072, -0.933562702478608], [0.0, -0.9803044841310711, -0.19749207172065064, 1.6], [0.0, 0.0, 0.0, 1.0]]}, "target_region": {"type": "circle", "params": {"center": [-4.7942453668967016, -2.0502893170264387], "radius": 2.500000003208166, "object_center": [-4.7942453668967016, -2.0502893170264387, 1.249999998395917], "sample_distance": 2.500000003208166, "min_distance": 2.500000003208166, "requested_distance": 1.0}, "sample_point": [-6.261307332905881, -0.02600445467872259, 1.5], "sample_forward": [0.5839124858296955, -0.805695487571165, -0.09950371952670103], "height": 1.5}, "sample_target": [-6.261307332905881, -0.02600445467872259, 1.5], "camera_params": {"forward": [0.5839124858296955, -0.805695487571165, -0.09950371952670103]}, "task_type": "absolute_positioning", "task_description": "Move to any position 2.5m from cabinet", "target_object": {"label": "cabinet", "id": "79", "bbox_min": [-5.655272394425001, -2.3347923291872474, -3.2081661629490556e-09], "bbox_max": [-3.9332183393684015, -1.7657863048656297, 2.5], "center": [-4.7942453668967016, -2.0502893170264387, 1.249999998395917]}}
{"scene_id": "0238_840875", "object_label": "cabinet", "preset": "right", "distance": 2.500000003208166, "init_camera": {"intrinsics": [[320.0, 0.0, 320.0], [0.0, 320.0, 240.0], [0.0, 0.0, 1.0]], "extrinsics": [[-0.6427876096865394, 0.1512877041016591, -0.7509568026332234, -3.463382412063755], [0.766044443118978, 0.12694545671335963, -0.6301275761196072, -0.933562702478608], [0.0, -0.9803044841310711, -0.19749207172065064, 1.6], [0.0, 0.0, 0.0, 1.0]]}, "target_region": {"type": "circle", "params": {"center": [-4.7942453668967016, -2.0502893170264387], "radius": 2.500000003208166, "object_center": [-4.7942453668967016, -2.0502893170264387, 1.249999998395917], "sample_distance": 2.500000003208166, "min_distance": 2.500000003208166, "requested_distance": 1.5}, "sample_point": [-4.00723100400917, 0.3226009898882243, 1.5], "sample_forward": [-0.31324342370311115, -0.9444456402075795, -0.09950371952670103], "height": 1.5}, "sample_target": [-4.00723100400917, 0.3226009898882243, 1.5], "camera_params": {"forward": [-0.31324342370311115, -0.9444456402075795, -0.09950371952670103]}, "task_type": "absolute_positioning", "task_description": "Move to any position 2.5m from cabinet", "target_object": {"label": "cabinet", "id": "79", "bbox_min": [-5.655272394425001, -2.3347923291872474, -3.2081661629490556e-09], "bbox_max": [-3.9332183393684015, -1.7657863048656297, 2.5], "center": [-4.7942453668967016, -2.0502893170264387, 1.249999998395917]}}
{"scene_id": "0238_840875", "object_label": "cabinet", "preset": "occupancy_20", "distance": 7.892189403471587, "init_camera": {"intrinsics": [[320.0, 0.0, 320.0], [0.0, 320.0, 240.0], [0.0, 0.0, 1.0]], "extrinsics": [[-0.6427876096865394, 0.1512877041016591, -0.7509568026332234, -3.463382412063755], [0.766044443118978, 0.12694545671335963, -0.6301275761196072, -0.933562702478608], [0.0, -0.9803044841310711, -0.19749207172065064, 1.6], [0.0, 0.0, 0.0, 1.0]]}, "target_region": {"type": "circle", "params": {"center": [-4.7942453668967016, -2.0502893170264387], "radius": 7.892189403471587, "object_center": [-4.7942453668967016, -2.0502893170264387, 1.249999998395917], "object_height": 2.500000003208166, "occupancy_ratio": 0.2, "fov_vertical": 90.0, "sample_distance": 7.892189403471587, "min_distance": 2.500000003208166}, "sample_point": [3.0819307073211224, -1.5477915277895886, 1.5], "sample_forward": [-0.997470672097679, -0.06363834465285936, -0.031661007483153564], "height": 1.5}, "sample_target": [3.0819307073211224, -1.5477915277895886, 1.5], "camera_params": {"forward": [-0.997470672097679, -0.06363834465285936, -0.031661007483153564]}, "task_type": "screen_occupancy", "task_description": "Position where cabinet occupies 20% of vertical FOV", "target_object": {"label": "cabinet", "id": "79", "bbox_min": [-5.655272394425001, -2.3347923291872474, -3.2081661629490556e-09], "bbox_max": [-3.9332183393684015, -1.7657863048656297, 2.5], "center": [-4.7942453668967016, -2.0502893170264387, 1.249999998395917]}}
{"scene_id": "0238_840875", "object_label": "cabinet", "preset": "occupancy_30", "distance": 5.206624719294509, "init_camera": {"intrinsics": [[320.0, 0.0, 320.0], [0.0, 320.0, 240.0], [0.0, 0.0, 1.0]], "extrinsics": [[-0.6427876096865394, 0.1512877041016591, -0.7509568026332234, -3.463382412063755], [0.766044443118978, 0.12694545671335963, -0.6301275761196072, -0.933562702478608], [0.0, -0.9803044841310711, -0.19749207172065064, 1.6], [0.0, 0.0, 0.0, 1.0]]}, "target_region": {"type": "circle", "params": {"center": [-4.7942453668967016, -2.0502893170264387], "radius": 5.206624719294509, "object_center": [-4.7942453668967016, -2.0502893170264387, 1.249999998395917], "object_height": 2.500000003208166, "occupancy_ratio": 0.3, "fov_vertical": 90.0, "sample_distance": 5.206624719294509, "min_distance": 2.500000003208166}, "sample_point": [-4.228351056404207, 3.125491261487381, 1.5], "sample_forward": [-0.10856228912128045, -0.9929320319617835, -0.04796049713036122], "height": 1.5}, "sample_target": [-4.228351056404207, 3.125491261487381, 1.5], "camera_params": {"forward": [-0.10856228912128045, -0.9929320319617835, -0.04796049713036122]}, "task_type": "screen_occupancy", "task_description": "Position where cabinet occupies 30% of vertical FOV", "target_object": {"label": "cabinet", "id": "79", "bbox_min": [-5.655272394425001, -2.3347923291872474, -3.2081661629490556e-09], "bbox_max": [-3.9332183393684015, -1.7657863048656297, 2.5], "center": [-4.7942453668967016, -2.0502893170264387, 1.249999998395917]}}
{"scene_id": "0238_840875", "object_label": "cabinet", "preset": "occupancy_20", "distance": 7.892189403471587, "init_camera": {"intrinsics": [[320.0, 0.0, 320.0], [0.0, 320.0, 240.0], [0.0, 0.0, 1.0]], "extrinsics": [[-0.49999999999999994, 0.13779735565853607, -0.8549923325817109, -2.913543244790935], [0.8660254037844387, 0.07955734038307438, -0.49363005337111676, -0.9644654405631741], [0.0, -0.9872601067422336, -0.1591146807661488, 1.6], [0.0, 0.0, 0.0, 1.0]]}, "target_region": {"type": "circle", "params": {"center": [-4.7942453668967016, -2.0502893170264387], "radius": 7.892189403471587, "object_center": [-4.7942453668967016, -2.0502893170264387, 1.249999998395917], "object_height": 2.500000003208166, "occupancy_ratio": 0.2, "fov_vertical": 90.0, "sample_distance": 7.892189403471587, "min_distance": 2.500000003208166}, "sample_point": [-9.435340206720493, 4.333039929380188, 1.5], "sample_forward": [0.5877669500434378, -0.8084105349646222, -0.031661007483153564], "height": 1.5}, "sample_target": [-9.435340206720493, 4.333039929380188, 1.5], "camera_params": {"forward": [0.5877669500434378, -0.8084105349646222, -0.031661007483153564]}, "task_type": "screen_occupancy", "task_description": "Position where cabinet occupies 20% of vertical FOV", "target_object": {"label": "cabinet", "id": "79", "bbox_min": [-5.655272394425001, -2.3347923291872474, -3.2081661629490556e-09], "bbox_max": [-3.9332183393684015, -1.7657863048656297, 2.5], "center": [-4.7942453668967016, -2.0502893170264387, 1.249999998395917]}}
{"scene_id": "0238_840875", "object_label": "cabinet", "preset": "occupancy_30", "distance": 5.206624719294509, "init_camera": {"intrinsics": [[320.0, 0.0, 320.0], [0.0, 320.0, 240.0], [0.0, 0.0, 1.0]], "extrinsics": [[-0.49999999999999994, 0.13779735565853607, -0.8549923325817109, -2.913543244790935], [0.8660254037844387, 0.07955734038307438, -0.49363005337111676, -0.9644654405631741], [0.0, -0.9872601067422336, -0.1591146807661488, 1.6], [0.0, 0.0, 0.0, 1.0]]}, "target_region": {"type": "circle", "params": {"center": [-4.7942453668967016, -2.0502893170264387], "radius": 5.206624719294509, "object_center": [-4.7942453668967016, -2.0502893170264387, 1.249999998395917], "object_height": 2.500000003208166, "occupancy_ratio": 0.3, "fov_vertical": 90.0, "sample_distance": 5.206624719294509, "min_distance": 2.500000003208166}, "sample_point": [-5.133198103856043, 3.145290728519621, 1.5], "sample_forward": [0.06502536665584194, -0.9967304010645416, -0.047960497130361206], "height": 1.5}, "sample_target": [-5.133198103856043, 3.145290728519621, 1.5], "camera_params": {"forward": [0.06502536665584194, -0.9967304010645416, -0.047960497130361206]}, "task_type": "screen_occupancy", "task_description": "Position where cabinet occupies 30% of vertical FOV", "target_object": {"label": "cabinet", "id": "79", "bbox_min": [-5.655272394425001, -2.3347923291872474, -3.2081661629490556e-09], "bbox_max": [-3.9332183393684015, -1.7657863048656297, 2.5], "center": [-4.7942453668967016, -2.0502893170264387, 1.249999998395917]}}
{"scene_id": "0238_840875", "object_label": "cabinet", "preset": "occupancy_50", "distance": 3.017766956838968, "init_camera": {"intrinsics": [[320.0, 0.0, 320.0], [0.0, 320.0, 240.0], [0.0, 0.0, 1.0]], "extrinsics": [[-0.49999999999999994, 0.13779735565853607, -0.8549923325817109, -2.913543244790935], [0.8660254037844387, 0.07955734038307438, -0.49363005337111676, -0.9644654405631741], [0.0, -0.9872601067422336, -0.1591146807661488, 1.6], [0.0, 0.0, 0.0, 1.0]]}, "target_region": {"type": "circle", "params": {"center": [-4.7942453668967016, -2.0502893170264387], "radius": 3.017766956838968, "object_center": [-4.7942453668967016, -2.0502893170264387, 1.249999998395917], "object_height": 2.500000003208166, "occupancy_ratio": 0.5, "fov_vertical": 90.0, "sample_distance": 3.017766956838968, "min_distance": 2.500000003208166}, "sample_point": [-5.31099254854098, -5.023484526906177, 1.5], "sample_forward": [0.17065037429350705, 0.9818667492276918, -0.08255989652689087], "height": 1.5}, "sample_target": [-5.31099254854098, -5.023484526906177, 1.5], "camera_params": {"forward": [0.17065037429350705, 0.9818667492276918, -0.08255989652689087]}, "task_type": "screen_occupancy", "task_description": "Position where cabinet occupies 50% of vertical FOV", "target_object": {"label": "cabinet", "id": "79", "bbox_min": [-5.655272394425001, -2.3347923291872474, -3.2081661629490556e-09], "bbox_max": [-3.9332183393684015, -1.7657863048656297, 2.5], "center": [-4.7942453668967016, -2.0502893170264387, 1.249999998395917]}}
{"scene_id": "0238_840875", "object_label": "cabinet", "preset": "right", "distance": 2.500000003208166, "init_camera": {"intrinsics": [[320.0, 0.0, 320.0], [0.0, 320.0, 240.0], [0.0, 0.0, 1.0]], "extrinsics": [[-0.4999999999999999, -0.17103315115610176, 0.8489685867013067, -6.2988070645813155], [-0.8660254037844387, 0.09874603586032527, -0.4901522420655354, -1.1816302158558267], [0.0, -0.9803044841310711, -0.19749207172065059, 1.6], [0.0, 0.0, 0.0, 1.0]]}, "target_region": {"type": "circle", "params": {"center": [-4.7942453668967016, -2.0502893170264387], "radius": 2.500000003208166, "object_center": [-4.7942453668967016, -2.0502893170264387, 1.249999998395917], "sample_distance": 2.500000003208166, "min_distance": 2.500000003208166, "requested_distance": 0.8}, "sample_point": [-3.456125744146222, 0.06144833032726238, 1.5], "sample_forward": [-0.5325915151240708, -0.8405029969120863, -0.09950371952670105], "height": 1.5}, "sample_target": [-3.456125744146222, 0.06144833032726238, 1.5], "camera_params": {"forward": [-0.5325915151240708, -0.8405029969120863, -0.09950371952670105]}, "task_type": "absolute_positioning", "task_description": "Move to any position 2.5m from cabinet", "target_object": {"label": "cabinet", "id": "79", "bbox_min": [-5.655272394425001, -2.3347923291872474, -3.2081661629490556e-09], "bbox_max": [-3.9332183393684015, -1.7657863048656297, 2.5], "center": [-4.7942453668967016, -2.0502893170264387, 1.249999998395917]}}
{"scene_id": "0238_840875", "object_label": "cabinet", "preset": "back", "distance": 2.500000003208166, "init_camera": {"intrinsics": [[320.0, 0.0, 320.0], [0.0, 320.0, 240.0], [0.0, 0.0, 1.0]], "extrinsics": [[-0.4999999999999999, -0.17103315115610176, 0.8489685867013067, -6.2988070645813155], [-0.8660254037844387, 0.09874603586032527, -0.4901522420655354, -1.1816302158558267], [0.0, -0.9803044841310711, -0.19749207172065059, 1.6], [0.0, 0.0, 0.0, 1.0]]}, "target_region": {"type": "circle", "params": {"center": [-4.7942453668967016, -2.0502893170264387], "radius": 2.500000003208166, "object_center": [-4.7942453668967016, -2.0502893170264387, 1.249999998395917], "sample_distance": 2.500000003208166, "min_distance": 2.500000003208166, "requested_distance": 1.2}, "sample_point": [-7.119488455285088, -2.968572822237584, 1.5], "sample_forward": [0.9254813384553967, 0.3654904950489943, -0.09950371952670103], "height": 1.5}, "sample_target": [-7.119488455285088, -2.968572822237584, 1.5], "camera_params": {"forward": [0.9254813384553967, 0.3654904950489943, -0.09950371952670103]}, "task_type": "absolute_positioning", "task_description": "Move to any position 2.5m from cabinet", "target_object": {"label": "cabinet", "id": "79", "bbox_min": [-5.655272394425001, -2.3347923291872474, -3.2081661629490556e-09], "bbox_max": [-3.9332183393684015, -1.7657863048656297, 2.5], "center": [-4.7942453668967016, -2.0502893170264387, 1.249999998395917]}}
{"scene_id": "0238_840875", "object_label": "cabinet", "preset": "right", "distance": 2.500000003208166, "init_camera": {"intrinsics": [[320.0, 0.0, 320.0], [0.0, 320.0, 240.0], [0.0, 0.0, 1.0]], "extrinsics": [[-0.4999999999999999, -0.17103315115610176, 0.8489685867013067, -6.2988070645813155], [-0.8660254037844387, 0.09874603586032527, -0.4901522420655354, -1.1816302158558267], [0.0, -0.9803044841310711, -0.19749207172065059, 1.6], [0.0, 0.0, 0.0, 1.0]]}, "target_region": {"type": "circle", "params": {"center": [-4.7942453668967016, -2.0502893170264387], "radius": 2.500000003208166, "object_center": [-4.7942453668967016, -2.0502893170264387, 1.249999998395917], "sample_distance": 2.500000003208166, "min_distance": 2.500000003208166, "requested_distance": 1.5}, "sample_point": [-3.666451210277669, 0.1808718955121793, 1.5], "sample_forward": [-0.44887885089613433, -0.8880353523472574, -0.09950371952670103], "height": 1.5}, "sample_target": [-3.666451210277669, 0.1808718955121793, 1.5], "camera_params": {"forward": [-0.44887885089613433, -0.8880353523472574, -0.09950371952670103]}, "task_type": "absolute_positioning", "task_description": "Move to any position 2.5m from cabinet", "target_object": {"label": "cabinet", "id": "79", "bbox_min": [-5.655272394425001, -2.3347923291872474, -3.2081661629490556e-09], "bbox_max": [-3.9332183393684015, -1.7657863048656297, 2.5], "center": [-4.7942453668967016, -2.0502893170264387, 1.249999998395917]}}
{"scene_id": "0238_840875", "object_label": "cabinet", "preset": "occupancy_20", "distance": 7.892189403471587, "init_camera": {"intrinsics": [[320.0, 0.0, 320.0], [0.0, 320.0, 240.0], [0.0, 0.0, 1.0]], "extrinsics": [[-0.4999999999999999, -0.17103315115610176, 0.8489685867013067, -6.2988070645813155], [-0.8660254037844387, 0.09874603586032527, -0.4901522420655354, -1.1816302158558267], [0.0, -0.9803044841310711, -0.19749207172065059, 1.6], [0.0, 0.0, 0.0, 1.0]]}, "target_region": {"type": "circle", "params": {"center": [-4.7942453668967016, -2.0502893170264387], "radius": 7.892189403471587, "object_center": [-4.7942453668967016, -2.0502893170264387, 1.249999998395917], "object_height": 2.500000003208166, "occupancy_ratio": 0.2, "fov_vertical": 90.0, "sample_distance": 7.892189403471587, "min_distance": 2.500000003208166}, "sample_point": [-2.718157189702008, 5.563941534529194, 1.5], "sample_forward": [-0.2629241715683825, -0.9642968736909974, -0.03166100748315357], "height": 1.5}, "sample_target": [-2.718157189702008, 5.563941534529194, 1.5], "camera_params": {"forward": [-0.2629241715683825, -0.9642968736909974, -0.03166100748315357]}, "task_type": "screen_occupancy", "task_description": "Position where cabinet occupies 20% of vertical FOV", "target_object": {"label": "cabinet", "id": "79", "bbox_min": [-5.655272394425001, -2.3347923291872474, -3.2081661629490556e-09], "bbox_max": [-3.9332183393684015, -1.7657863048656297, 2.5], "center": [-4.7942453668967016, -2.0502893170264387, 1.249999998395917]}}
{"scene_id": "0238_840875", "object_label": "cabinet", "preset": "occupancy_30", "distance": 5.206624719294509, "init_camera": {"intrinsics": [[320.0, 0.0, 320.0], [0.0, 320.0, 240.0], [0.0, 0.0, 1.0]], "extrinsics": [[-0.4999999999999999, -0.17103315115610176, 0.8489685867013067, -6.2988070645813155], [-0.8660254037844387, 0.09874603586032527, -0.4901522420655354, -1.1816302158558267], [0.0, -0.9803044841310711, -0.19749207172065059, 1.6], [0.0, 0.0, 0.0, 1.0]]}, "target_region": {"type": "circle", "params": {"center": [-4.7942453668967016, -2.0502893170264387], "radius": 5.206624719294509, "object_center": [-4.7942453668967016, -2.0502893170264387, 1.249999998395917], "object_height": 2.500000003208166, "occupancy_ratio": 0.3, "fov_vertical": 90.0, "sample_distance": 5.206624719294509, "min_distance": 2.500000003208166}, "sample_point": [-6.708915895332951, -6.892084204783073, 1.5], "sample_forward": [0.3673141991818057, 0.928859553320327, -0.047960497130361206], "height": 1.5}, "sample_target": [-6.708915895332951, -6.892084204783073, 1.5], "camera_params": {"forward": [0.3673141991818057, 0.928859553320327, -0.047960497130361206]}, "task_type": "screen_occupancy", "task_description": "Position where cabinet occupies 30% of vertical FOV", "target_object": {"label": "cabinet", "id": "79", "bbox_min": [-5.655272394425001, -2.3347923291872474, -3.2081661629490556e-09], "bbox_max": [-3.9332183393684015, -1.7657863048656297, 2.5], "center": [-4.7942453668967016, -2.0502893170264387, 1.249999998395917]}}
{"scene_id": "0238_840875", "object_label": "wardrobe", "preset": "right", "distance": 2.5070000007868054, "init_camera": {"intrinsics": [[320.0, 0.0, 320.0], [0.0, 320.0, 240.0], [0.0, 0.0, 1.0]], "extrinsics": [[-0.9396926207859083, 0.07558775531148858, -0.333562992083177, -0.3844867660298107], [0.3420201433256688, 0.20767565090557596, -0.9164567887142494, -0.637927463331881], [0.0, -0.9752729439843576, -0.221003811578181, 1.6], [0.0, 0.0, 0.0, 1.0]]}, "target_region": {"type": "circle", "params": {"center": [-0.9074622565042549, -2.0747908143386216], "radius": 2.5070000007868054, "object_center": [-0.9074622565042549, -2.0747908143386216, 1.2534999999999998], "sample_distance": 2.5070000007868054, "min_distance": 2.5070000007868054, "requested_distance": 0.8}, "sample_point": [0.5595635221072239, -0.04184114235103742, 1.5], "sample_forward": [-0.5823635302876388, -0.8070176851263976, -0.09785282052219543], "height": 1.5}, "sample_target": [0.5595635221072239, -0.04184114235103742, 1.5], "camera_params": {"forward": [-0.5823635302876388, -0.8070176851263976, -0.09785282052219543]}, "task_type": "absolute_positioning", "task_description": "Move to any position 2.5m from wardrobe", "target_object": {"label": "wardrobe", "id": "84", "bbox_min": [-1.1212622499009228, -2.554789657668437, -3.9340284274658187e-10], "bbox_max": [-0.6936622631075868, -1.5947919710088063, 2.5070000003934028], "center": [-0.9074622565042548, -2.0747908143386216, 1.2535]}}
{"scene_id": "0238_840875", "object_label": "wardrobe", "preset": "front", "distance": 2.5070000007868054, "init_camera": {"intrinsics": [[320.0, 0.0, 320.0], [0.0, 320.0, 240.0], [0.0, 0.0, 1.0]], "extrinsics": [[-0.9396926207859083, 0.07558775531148858, -0.333562992083177, -0.3844867660298107], [0.3420201433256688, 0.20767565090557596, -0.9164567887142494, -0.637927463331881], [0.0, -0.9752729439843576, -0.221003811578181, 1.6], [0.0, 0.0, 0.0, 1.0]]}, "target_region": {"type": "circle", "params": {"center": [-0.9074622565042549, -2.0747908143386216], "radius": 2.5070000007868054, "object_center": [-0.9074622565042549, -2.0747908143386216, 1.2534999999999998], "sample_distance": 2.5070000007868054, "min_distance": 2.5070000007868054, "requested_distance": 1.0}, "sample_point": [1.114027611551975, -0.592013785486661, 1.5], "sample_forward": [-0.8024684999851629, -0.5886162859175862, -0.09785282052219543], "height": 1.5}, "sample_target": [1.114027611551975, -0.592013785486661, 1.5], "camera_params": {"forward": [-0.8024684999851629, -0.5886162859175862, -0.09785282052219543]}, "task_type": "absolute_positioning", "task_description": "Move to any position 2.5m from wardrobe", "target_object": {"label": "wardrobe", "id": "84", "bbox_min": [-1.1212622499009228, -2.554789657668437, -3.9340284274658187e-10], "bbox_max": [-0.6936622631075868, -1.5947919710088063, 2.5070000003934028], "center": [-0.9074622565042548, -2.0747908143386216, 1.2535]}}
{"scene_id": "0238_840875", "object_label": "wardrobe", "preset": "back", "distance": 2.5070000007868054, "init_camera": {"intrinsics": [[320.0, 0.0, 320.0], [0.0, 320.0, 240.0], [0.0, 0.0, 1.0]], "extrinsics": [[-0.9396926207859083, 0.07558775531148858, -0.333562992083177, -0.3844867660298107], [0.3420201433256688, 0.20767565090557596, -0.9164567887142494, -0.637927463331881], [0.0, -0.9752729439843576, -0.221003811578181, 1.6], [0.0, 0.0, 0.0, 1.0]]}, "target_region": {"type": "circle", "params": {"center": [-0.9074622565042549, -2.0747908143386216], "radius": 2.5070000007868054, "object_center": [-0.9074622565042549, -2.0747908143386216, 1.2534999999999998], "sample_distance": 2.5070000007868054, "min_distance": 2.5070000007868054, "requested_distance": 1.2}, "sample_point": [-3.1811024619989374, -3.1310148530269766, 1.5], "sample_forward": [0.9025643284394262, 0.41928803768356976, -0.09785282052219543], "height": 1.5}, "sample_target": [-3.1811024619989374, -3.1310148530269766, 1.5], "camera_params": {"forward": [0.9025643284394262, 0.41928803768356976, -0.09785282052219543]}, "task_type": "absolute_positioning", "task_description": "Move to any position 2.5m from wardrobe", "target_object": {"label": "wardrobe", "id": "84", "bbox_min": [-1.1212622499009228, -2.554789657668437, -3.9340284274658187e-10], "bbox_max": [-0.6936622631075868, -1.5947919710088063, 2.5070000003934028], "center": [-0.9074622565042548, -2.0747908143386216, 1.2535]}}
{"scene_id": "0238_840875", "object_label": "wardrobe", "preset": "left", "distance": 2.5070000007868054, "init_camera": {"intrinsics": [[320.0, 0.0, 320.0], [0.0, 320.0, 240.0], [0.0, 0.0, 1.0]], "extrinsics": [[-0.9396926207859083, 0.07558775531148858, -0.333562992083177, -0.3844867660298107], [0.3420201433256688, 0.20767565090557596, -0.9164567887142494, -0.637927463331881], [0.0, -0.9752729439843576, -0.221003811578181, 1.6], [0.0, 0.0, 0.0, 1.0]]}, "target_region": {"type": "circle", "params": {"center": [-0.9074622565042549, -2.0747908143386216], "radius": 2.5070000007868054, "object_center": [-0.9074622565042549, -2.0747908143386216, 1.2534999999999998], "sample_distance": 2.5070000007868054, "min_distance": 2.5070000007868054, "requested_distance": 1.5}, "sample_point": [-0.12030063061941465, -4.455006262292731, 1.5], "sample_forward": [-0.31247864218932553, 0.9448713794434491, -0.0978528205221954], "height": 1.5}, "sample_target": [-0.12030063061941465, -4.455006262292731, 1.5], "camera_params": {"forward": [-0.31247864218932553, 0.9448713794434491, -0.0978528205221954]}, "task_type": "absolute_positioning", "task_description": "Move to any position 2.5m from wardrobe", "target_object": {"label": "wardrobe", "id": "84", "bbox_min": [-1.1212622499009228, -2.554789657668437, -3.9340284274658187e-10], "bbox_max": [-0.6936622631075868, -1.5947919710088063, 2.5070000003934028], "center": [-0.9074622565042548, -2.0747908143386216, 1.2535]}}
{"scene_id": "0238_840875", "object_label": "wardrobe", "preset": "occupancy_50", "distance": 3.026216701384433, "init_camera": {"intrinsics": [[320.0, 0.0, 320.0], [0.0, 320.0, 240.0], [0.0, 0.0, 1.0]], "extrinsics": [[-0.9396926207859083, 0.07558775531148858, -0.333562992083177, -0.3844867660298107], [0.3420201433256688, 0.20767565090557596, -0.9164567887142494, -0.637927463331881], [0.0, -0.9752729439843576, -0.221003811578181, 1.6], [0.0, 0.0, 0.0, 1.0]]}, "target_region": {"type": "circle", "params": {"center": [-0.9074622565042549, -2.0747908143386216], "radius": 3.026216701384433, "object_center": [-0.9074622565042549, -2.0747908143386216, 1.2534999999999998], "object_height": 2.5070000007868054, "occupancy_ratio": 0.5, "fov_vertical": 90.0, "sample_distance": 3.026216701384433, "min_distance": 2.5070000007868054}, "sample_point": [-0.6898303211809562, -5.09317181488602, 1.5], "sample_forward": [-0.07167812076459298, 0.9941182462463162, -0.08118595619813272], "height": 1.5}, "sample_target": [-0.6898303211809562, -5.09317181488602, 1.5], "camera_params": {"forward": [-0.07167812076459298, 0.9941182462463162, -0.08118595619813272]}, "task_type": "screen_occupancy", "task_description": "Position where wardrobe occupies 50% of vertical FOV", "target_object": {"label": "wardrobe", "id": "84", "bbox_min": [-1.1212622499009228, -2.554789657668437, -3.9340284274658187e-10], "bbox_max": [-0.6936622631075868, -1.5947919710088063, 2.5070000003934028], "center": [-0.9074622565042548, -2.0747908143386216, 1.2535]}}
