{"scene_id": "0259_840804", "object_label": "plant", "preset": "left", "distance": 1.5, "init_camera": {"intrinsics": [[320.0, 0.0, 320.0], [0.0, 320.0, 240.0], [0.0, 0.0, 1.0]], "extrinsics": [[-0.6427876096865391, 0.2897012943098851, -0.7091524863586413, -4.955018262461517], [0.7660444431189782, 0.2430882492070051, -0.5950495897519866, -10.91379208639569], [0.0, -0.9257328249406793, -0.3781781813211197, 1.18512264751136], [0.0, 0.0, 0.0, 1.0]]}, "target_region": {"type": "circle", "params": {"center": [-5.567853816956699, -11.42802217414492], "radius": 1.5, "object_center": [-5.567853816956699, -11.42802217414492, 0.8583085420741001], "sample_distance": 1.5, "min_distance": 0.76229485773516, "requested_distance": 1.5}, "sample_point": [-5.608806521285517, -12.927463028599725, 1.5], "sample_forward": [0.02510137385114305, 0.9190608061715162, -0.3933155928642391], "height": 1.5}, "sample_target": [-5.608806521285517, -12.927463028599725, 1.5], "camera_params": {"forward": [0.02510137385114305, 0.9190608061715162, -0.3933155928642391]}, "task_type": "absolute_positioning", "task_description": "Move to any position 1.5m from plant", "target_object": {"label": "plant", "id": "89", "bbox_min": [-5.94900124582428, -11.58210807793804, 0.63149443663684], "bbox_max": [-5.18670638808912, -11.2739362703518, 1.08512264751136], "center": [-5.5678538169567, -11.428022174144921, 0.8583085420741]}}
{"scene_id": "0259_840804", "object_label": "plant", "preset": "occupancy_30", "distance": 0.9447487412310828, "init_camera": {"intrinsics": [[320.0, 0.0, 320.0], [0.0, 320.0, 240.0], [0.0, 0.0, 1.0]], "extrinsics": [[-0.6427876096865391, 0.2897012943098851, -0.7091524863586413, -4.955018262461517], [0.7660444431189782, 0.2430882492070051, -0.5950495897519866, -10.91379208639569], [0.0, -0.9257328249406793, -0.3781781813211197, 1.18512264751136], [0.0, 0.0, 0.0, 1.0]]}, "target_region": {"type": "circle", "params": {"center": [-5.567853816956699, -11.42802217414492], "radius": 0.9447487412310828, "object_center": [-5.567853816956699, -11.42802217414492, 0.8583085420741001], "object_height": 0.45362821087452, "occupancy_ratio": 0.3, "fov_vertical": 90.0, "sample_distance": 0.9447487412310828, "min_distance": 0.76229485773516}, "sample_point": [-5.127397865146375, -12.263814456098142, 1.5], "sample_forward": [-0.3856654379029204, 0.7318239090436457, -0.561868255162388], "height": 1.5}, "sample_target": [-5.127397865146375, -12.263814456098142, 1.5], "camera_params": {"forward": [-0.3856654379029204, 0.7318239090436457, -0.561868255162388]}, "task_type": "screen_occupancy", "task_description": "Position where plant occupies 30% of vertical FOV", "target_object": {"label": "plant", "id": "89", "bbox_min": [-5.94900124582428, -11.58210807793804, 0.63149443663684], "bbox_max": [-5.18670638808912, -11.2739362703518, 1.08512264751136], "center": [-5.5678538169567, -11.428022174144921, 0.8583085420741]}}
{"scene_id": "0259_840804", "object_label": "plant", "preset": "back", "distance": 1.5, "init_camera": {"intrinsics": [[320.0, 0.0, 320.0], [0.0, 320.0, 240.0], [0.0, 0.0, 1.0]], "extrinsics": [[-0.9396926207859084, -0.12934455577809018, 0.31661927346748736, -5.841469931617235], [-0.34202014332566877, 0.3553712463296916, -0.8699043044160494, -10.676268077516195], [0.0, -0.9257328249406793, -0.37817818132111986, 1.18512264751136], [0.0, 0.0, 0.0, 1.0]]}, "target_region": {"type": "circle", "params": {"center": [-5.567853816956699, -11.42802217414492], "radius": 1.5, "object_center": [-5.567853816956699, -11.42802217414492, 0.8583085420741001], "sample_distance": 1.5, "min_distance": 0.76229485773516, "requested_distance": 1.5}, "sample_point": [-7.065820925199379, -11.506089725810527, 1.5], "sample_forward": [0.9181574945285235, 0.04785038820068575, -0.3933155928642393], "height": 1.5}, "sample_target": [-7.065820925199379, -11.506089725810527, 1.5], "camera_params": {"forward": [0.9181574945285235, 0.04785038820068575, -0.3933155928642393]}, "task_type": "absolute_positioning", "task_description": "Move to any position 1.5m from plant", "target_object": {"label": "plant", "id": "89", "bbox_min": [-5.94900124582428, -11.58210807793804, 0.63149443663684], "bbox_max": [-5.18670638808912, -11.2739362703518, 1.08512264751136], "center": [-5.5678538169567, -11.428022174144921, 0.8583085420741]}}
{"scene_id": "0259_840804", "object_label": "plant", "preset": "occupancy_20", "distance": 1.4320479017541654, "init_camera": {"intrinsics": [[320.0, 0.0, 320.0], [0.0, 320.0, 240.0], [0.0, 0.0, 1.0]], "extrinsics": [[-0.9396926207859084, -0.12934455577809018, 0.31661927346748736, -5.841469931617235], [-0.34202014332566877, 0.3553712463296916, -0.8699043044160494, -10.676268077516195], [0.0, -0.9257328249406793, -0.37817818132111986, 1.18512264751136], [0.0, 0.0, 0.0, 1.0]]}, "target_region": {"type": "circle", "params": {"center": [-5.567853816956699, -11.42802217414492], "radius": 1.4320479017541654, "object_center": [-5.567853816956699, -11.42802217414492, 0.8583085420741001], "object_height": 0.45362821087452, "occupancy_ratio": 0.2, "fov_vertical": 90.0, "sample_distance": 1.4320479017541654, "min_distance": 0.76229485773516}, "sample_point": [-6.865934457313158, -10.823251272025551, 1.5], "sample_forward": [0.8272008755887622, -0.38538978566568177, -0.4089173810560578], "height": 1.5}, "sample_target": [-6.865934457313158, -10.823251272025551, 1.5], "camera_params": {"forward": [0.8272008755887622, -0.38538978566568177, -0.4089173810560578]}, "task_type": "screen_occupancy", "task_description": "Position where plant occupies 20% of vertical FOV", "target_object": {"label": "plant", "id": "89", "bbox_min": [-5.94900124582428, -11.58210807793804, 0.63149443663684], "bbox_max": [-5.18670638808912, -11.2739362703518, 1.08512264751136], "center": [-5.5678538169567, -11.428022174144921, 0.8583085420741]}}
{"scene_id": "0259_840804", "object_label": "plant", "preset": "occupancy_30", "distance": 0.9447487412310828, "init_camera": {"intrinsics": [[320.0, 0.0, 320.0], [0.0, 320.0, 240.0], [0.0, 0.0, 1.0]], "extrinsics": [[-0.9396926207859084, -0.12934455577809018, 0.31661927346748736, -5.841469931617235], [-0.34202014332566877, 0.3553712463296916, -0.8699043044160494, -10.676268077516195], [0.0, -0.9257328249406793, -0.37817818132111986, 1.18512264751136], [0.0, 0.0, 0.0, 1.0]]}, "target_region": {"type": "circle", "params": {"center": [-5.567853816956699, -11.42802217414492], "radius": 0.9447487412310828, "object_center": [-5.567853816956699, -11.42802217414492, 0.8583085420741001], "object_height": 0.45362821087452, "occupancy_ratio": 0.3, "fov_vertical": 90.0, "sample_distance": 0.9447487412310828, "min_distance": 0.76229485773516}, "sample_point": [-4.676563342071917, -11.114730818634788, 1.5], "sample_forward": [-0.7804184047969632, -0.2743194803416938, -0.5618682551623878], "height": 1.5}, "sample_target": [-4.676563342071917, -11.114730818634788, 1.5], "camera_params": {"forward": [-0.7804184047969632, -0.2743194803416938, -0.5618682551623878]}, "task_type": "screen_occupancy", "task_description": "Position where plant occupies 30% of vertical FOV", "target_object": {"label": "plant", "id": "89", "bbox_min": [-5.94900124582428, -11.58210807793804, 0.63149443663684], "bbox_max": [-5.18670638808912, -11.2739362703518, 1.08512264751136], "center": [-5.5678538169567, -11.428022174144921, 0.8583085420741]}}
{"scene_id": "0259_840804", "object_label": "plant", "preset": "back", "distance": 1.5, "init_camera": {"intrinsics": [[320.0, 0.0, 320.0], [0.0, 320.0, 240.0], [0.0, 0.0, 1.0]], "extrinsics": [[-0.984807753012208, -0.06566995201980642, 0.16075181805740862, -5.706772359090245], [-0.17364817766693058, 0.37243280498509496, -0.9116688632194742, -10.640175971735154], [0.0, -0.9257328249406794, -0.37817818132111936, 1.18512264751136], [0.0, 0.0, 0.0, 1.0]]}, "target_region": {"type": "circle", "params": {"center": [-5.567853816956699, -11.42802217414492], "radius": 1.5, "object_center": [-5.567853816956699, -11.42802217414492, 0.8583085420741001], "sample_distance": 1.5, "min_distance": 0.76229485773516, "requested_distance": 1.5}, "sample_point": [-7.037143759784277, -11.126050215337923, 1.5], "sample_forward": [0.9005802365214371, -0.18508938920652512, -0.39331559286423917], "height": 1.5}, "sample_target": [-7.037143759784277, -11.126050215337923, 1.5], "camera_params": {"forward": [0.9005802365214371, -0.18508938920652512, -0.39331559286423917]}, "task_type": "absolute_positioning", "task_description": "Move to any position 1.5m from plant", "target_object": {"label": "plant", "id": "89", "bbox_min": [-5.94900124582428, -11.58210807793804, 0.63149443663684], "bbox_max": [-5.18670638808912, -11.2739362703518, 1.08512264751136], "center": [-5.5678538169567, -11.428022174144921, 0.8583085420741]}}
{"scene_id": "0259_840804", "object_label": "plant", "preset": "occupancy_20", "distance": 1.4320479017541654, "init_camera": {"intrinsics": [[320.0, 0.0, 320.0], [0.0, 320.0, 240.0], [0.0, 0.0, 1.0]], "extrinsics": [[-0.984807753012208, -0.06566995201980642, 0.16075181805740862, -5.706772359090245], [-0.17364817766693058, 0.37243280498509496, -0.9116688632194742, -10.640175971735154], [0.0, -0.9257328249406794, -0.37817818132111936, 1.18512264751136], [0.0, 0.0, 0.0, 1.0]]}, "target_region": {"type": "circle", "params": {"center": [-5.567853816956699, -11.42802217414492], "radius": 1.4320479017541654, "object_center": [-5.567853816956699, -11.42802217414492, 0.8583085420741001], "object_height": 0.45362821087452, "occupancy_ratio": 0.2, "fov_vertical": 90.0, "sample_distance": 1.4320479017541654, "min_distance": 0.76229485773516}, "sample_point": [-6.939279321252118, -11.840276075383663, 1.5], "sample_forward": [0.8739398329262553, 0.26270847701412997, -0.4089173810560578], "height": 1.5}, "sample_target": [-6.939279321252118, -11.840276075383663, 1.5], "camera_params": {"forward": [0.8739398329262553, 0.26270847701412997, -0.4089173810560578]}, "task_type": "screen_occupancy", "task_description": "Position where plant occupies 20% of vertical FOV", "target_object": {"label": "plant", "id": "89", "bbox_min": [-5.94900124582428, -11.58210807793804, 0.63149443663684], "bbox_max": [-5.18670638808912, -11.2739362703518, 1.08512264751136], "center": [-5.5678538169567, -11.428022174144921, 0.8583085420741]}}
{"scene_id": "0259_840804", "object_label": "plant", "preset": "left", "distance": 1.5, "init_camera": {"intrinsics": [[320.0, 0.0, 320.0], [0.0, 320.0, 240.0], [0.0, 0.0, 1.0]], "extrinsics": [[-0.9396926207859084, 0.12934455577809018, -0.31661927346748736, -5.294237702296165], [0.34202014332566877, 0.3553712463296916, -0.8699043044160494, -10.676268077516195], [0.0, -0.9257328249406793, -0.37817818132111986, 1.18512264751136], [0.0, 0.0, 0.0, 1.0]]}, "target_region": {"type": "circle", "params": {"center": [-5.567853816956699, -11.42802217414492], "radius": 1.5, "object_center": [-5.567853816956699, -11.42802217414492, 0.8583085420741001], "sample_distance": 1.5, "min_distance": 0.76229485773516, "requested_distance": 1.5}, "sample_point": [-5.356362106534267, -12.91303774861631, 1.5], "sample_forward": [-0.1296308162485727, 0.9102190373138658, -0.3933155928642392], "height": 1.5}, "sample_target": [-5.356362106534267, -12.91303774861631, 1.5], "camera_params": {"forward": [-0.1296308162485727, 0.9102190373138658, -0.3933155928642392]}, "task_type": "absolute_positioning", "task_description": "Move to any position 1.5m from plant", "target_object": {"label": "plant", "id": "89", "bbox_min": [-5.94900124582428, -11.58210807793804, 0.63149443663684], "bbox_max": [-5.18670638808912, -11.2739362703518, 1.08512264751136], "center": [-5.5678538169567, -11.428022174144921, 0.8583085420741]}}
{"scene_id": "0259_840804", "object_label": "plant", "preset": "occupancy_20", "distance": 1.4320479017541654, "init_camera": {"intrinsics": [[320.0, 0.0, 320.0], [0.0, 320.0, 240.0], [0.0, 0.0, 1.0]], "extrinsics": [[-0.9396926207859084, 0.12934455577809018, -0.31661927346748736, -5.294237702296165], [0.34202014332566877, 0.3553712463296916, -0.8699043044160494, -10.676268077516195], [0.0, -0.9257328249406793, -0.37817818132111986, 1.18512264751136], [0.0, 0.0, 0.0, 1.0]]}, "target_region": {"type": "circle", "params": {"center": [-5.567853816956699, -11.42802217414492], "radius": 1.4320479017541654, "object_center": [-5.567853816956699, -11.42802217414492, 0.8583085420741001], "object_height": 0.45362821087452, "occupancy_ratio": 0.2, "fov_vertical": 90.0, "sample_distance": 1.4320479017541654, "min_distance": 0.76229485773516}, "sample_point": [-4.409629073571074, -12.270207804945999, 1.5], "sample_forward": [-0.7380778143290571, 0.5366821363390966, -0.4089173810560578], "height": 1.5}, "sample_target": [-4.409629073571074, -12.270207804945999, 1.5], "camera_params": {"forward": [-0.7380778143290571, 0.5366821363390966, -0.4089173810560578]}, "task_type": "screen_occupancy", "task_description": "Position where plant occupies 20% of vertical FOV", "target_object": {"label": "plant", "id": "89", "bbox_min": [-5.94900124582428, -11.58210807793804, 0.63149443663684], "bbox_max": [-5.18670638808912, -11.2739362703518, 1.08512264751136], "center": [-5.5678538169567, -11.428022174144921, 0.8583085420741]}}
{"scene_id": "0259_840804", "object_label": "plant", "preset": "right", "distance": 1.5, "init_camera": {"intrinsics": [[320.0, 0.0, 320.0], [0.0, 320.0, 240.0], [0.0, 0.0, 1.0]], "extrinsics": [[-0.7660444431189782, -0.2430882492070051, 0.5950495897519866, -6.082083904705931], [-0.6427876096865391, 0.2897012943098851, -0.7091524863586413, -10.815186619649738], [0.0, -0.9257328249406793, -0.3781781813211197, 1.18512264751136], [0.0, 0.0, 0.0, 1.0]]}, "target_region": {"type": "circle", "params": {"center": [-5.567853816956699, -11.42802217414492], "radius": 1.5, "object_center": [-5.567853816956699, -11.42802217414492, 0.8583085420741001], "sample_distance": 1.5, "min_distance": 0.76229485773516, "requested_distance": 1.5}, "sample_point": [-4.802270026595513, -10.138106882377201, 1.5], "sample_forward": [-0.46925362442323965, -0.7906351120305151, -0.3933155928642394], "height": 1.5}, "sample_target": [-4.802270026595513, -10.138106882377201, 1.5], "camera_params": {"forward": [-0.46925362442323965, -0.7906351120305151, -0.3933155928642394]}, "task_type": "absolute_positioning", "task_description": "Move to any position 1.5m from plant", "target_object": {"label": "plant", "id": "89", "bbox_min": [-5.94900124582428, -11.58210807793804, 0.63149443663684], "bbox_max": [-5.18670638808912, -11.2739362703518, 1.08512264751136], "center": [-5.5678538169567, -11.428022174144921, 0.8583085420741]}}
{"scene_id": "0259_840804", "object_label": "plant", "preset": "occupancy_20", "distance": 1.4320479017541654, "init_camera": {"intrinsics": [[320.0, 0.0, 320.0], [0.0, 320.0, 240.0], [0.0, 0.0, 1.0]], "extrinsics": [[-0.7660444431189782, -0.2430882492070051, 0.5950495897519866, -6.082083904705931], [-0.6427876096865391, 0.2897012943098851, -0.7091524863586413, -10.815186619649738], [0.0, -0.9257328249406793, -0.3781781813211197, 1.18512264751136], [0.0, 0.0, 0.0, 1.0]]}, "target_region": {"type": "circle", "params": {"center": [-5.567853816956699, -11.42802217414492], "radius": 1.4320479017541654, "object_center": [-5.567853816956699, -11.42802217414492, 0.8583085420741001], "object_height": 0.45362821087452, "occupancy_ratio": 0.2, "fov_vertical": 90.0, "sample_distance": 1.4320479017541654, "min_distance": 0.76229485773516}, "sample_point": [-6.159662297624472, -12.73206355198851, 1.5], "sample_forward": [0.3771294927060967, 0.8309993509031743, -0.40891738105605785], "height": 1.5}, "sample_target": [-6.159662297624472, -12.73206355198851, 1.5], "camera_params": {"forward": [0.3771294927060967, 0.8309993509031743, -0.40891738105605785]}, "task_type": "screen_occupancy", "task_description": "Position where plant occupies 20% of vertical FOV", "target_object": {"label": "plant", "id": "89", "bbox_min": [-5.94900124582428, -11.58210807793804, 0.63149443663684], "bbox_max": [-5.18670638808912, -11.2739362703518, 1.08512264751136], "center": [-5.5678538169567, -11.428022174144921, 0.8583085420741]}}
{"scene_id": "0259_840804", "object_label": "tea table", "preset": "occupancy_20", "distance": 1.97701838149536, "init_camera": {"intrinsics": [[320.0, 0.0, 320.0], [0.0, 320.0, 240.0], [0.0, 0.0, 1.0]], "extrinsics": [[-0.17364817766693036, 0.23849509731338875, -0.955492751908894, -4.194957759301617], [0.984807753012208, 0.04205312042304138, -0.1684791520329177, -11.217754494999967], [0.0, -0.970232767752235, -0.24217426861629535, 0.64217858995328], [0.0, 0.0, 0.0, 1.0]]}, "target_region": {"type": "circle", "params": {"center": [-5.659080359786761, -11.475918812530539], "radius": 1.97701838149536, "object_center": [-5.659080359786761, -11.475918812530539, 0.27108962122096003], "object_height": 0.5421779374646399, "occupancy_ratio": 0.2, "fov_vertical": 90.0, "sample_distance": 1.97701838149536, "min_distance": 1.97701838149536}, "sample_point": [-4.2926443358185695, -12.904713504980274, 1.5], "sample_forward": [-0.5869983010967452, 0.6137865530275018, -0.5279195600014763], "height": 1.5}, "sample_target": [-4.2926443358185695, -12.904713504980274, 1.5], "camera_params": {"forward": [-0.5869983010967452, 0.6137865530275018, -0.5279195600014763]}, "task_type": "screen_occupancy", "task_description": "Position where tea table occupies 20% of vertical FOV", "target_object": {"label": "tea table", "id": "96", "bbox_min": [-6.64758955053444, -11.734887141634479, 6.524886400711694e-07], "bbox_max": [-4.67057116903908, -11.216950483426599, 0.54217858995328], "center": [-5.65908035978676, -11.475918812530539, 0.2710896212209601]}}
{"scene_id": "0259_840804", "object_label": "tea table", "preset": "occupancy_20", "distance": 1.97701838149536, "init_camera": {"intrinsics": [[320.0, 0.0, 320.0], [0.0, 320.0, 240.0], [0.0, 0.0, 1.0]], "extrinsics": [[-0.5000000000000003, 0.20972906876462818, -0.8402462244575227, -4.371552553068375], [0.8660254037844385, 0.12108713430814771, -0.4851163838761179, -10.73256428673255], [0.0, -0.9702327677522351, -0.24217426861629526, 0.64217858995328], [0.0, 0.0, 0.0, 1.0]]}, "target_region": {"type": "circle", "params": {"center": [-5.659080359786761, -11.475918812530539], "radius": 1.97701838149536, "object_center": [-5.659080359786761, -11.475918812530539, 0.27108962122096003], "object_height": 0.5421779374646399, "occupancy_ratio": 0.2, "fov_vertical": 90.0, "sample_distance": 1.97701838149536, "min_distance": 1.97701838149536}, "sample_point": [-6.326060246775578, -13.337031251670883, 1.5], "sample_forward": [0.286523520794742, 0.7995031020572921, -0.5279195600014761], "height": 1.5}, "sample_target": [-6.326060246775578, -13.337031251670883, 1.5], "camera_params": {"forward": [0.286523520794742, 0.7995031020572921, -0.5279195600014761]}, "task_type": "screen_occupancy", "task_description": "Position where tea table occupies 20% of vertical FOV", "target_object": {"label": "tea table", "id": "96", "bbox_min": [-6.64758955053444, -11.734887141634479, 6.524886400711694e-07], "bbox_max": [-4.67057116903908, -11.216950483426599, 0.54217858995328], "center": [-5.65908035978676, -11.475918812530539, 0.2710896212209601]}}
{"scene_id": "0259_840804", "object_label": "tea table", "preset": "right", "distance": 1.97701838149536, "init_camera": {"intrinsics": [[320.0, 0.0, 320.0], [0.0, 320.0, 240.0], [0.0, 0.0, 1.0]], "extrinsics": [[-0.49999999999999994, -0.2579411569570456, 0.8267202426139455, -6.689102605161468], [-0.8660254037844387, 0.14892239640423374, -0.4773071546176741, -10.881235191892149], [0.0, -0.9546143092353483, -0.29784479280846754, 0.64217858995328], [0.0, 0.0, 0.0, 1.0]]}, "target_region": {"type": "circle", "params": {"center": [-5.659080359786761, -11.475918812530539], "radius": 1.97701838149536, "object_center": [-5.659080359786761, -11.475918812530539, 0.27108962122096003], "sample_distance": 1.97701838149536, "min_distance": 1.97701838149536, "requested_distance": 0.8}, "sample_point": [-4.584731395787781, -9.81628753290098, 1.5], "sample_forward": [-0.4615225342354777, -0.7129501304864947, -0.5279195600014763], "height": 1.5}, "sample_target": [-4.584731395787781, -9.81628753290098, 1.5], "camera_params": {"forward": [-0.4615225342354777, -0.7129501304864947, -0.5279195600014763]}, "task_type": "absolute_positioning", "task_description": "Move to any position 2.0m from tea table", "target_object": {"label": "tea table", "id": "96", "bbox_min": [-6.64758955053444, -11.734887141634479, 6.524886400711694e-07], "bbox_max": [-4.67057116903908, -11.216950483426599, 0.54217858995328], "center": [-5.65908035978676, -11.475918812530539, 0.2710896212209601]}}
{"scene_id": "0259_840804", "object_label": "tea table", "preset": "front", "distance": 1.97701838149536, "init_camera": {"intrinsics": [[320.0, 0.0, 320.0], [0.0, 320.0, 240.0], [0.0, 0.0, 1.0]], "extrinsics": [[-0.49999999999999994, -0.2579411569570456, 0.8267202426139455, -6.689102605161468], [-0.8660254037844387, 0.14892239640423374, -0.4773071546176741, -10.881235191892149], [0.0, -0.9546143092353483, -0.29784479280846754, 0.64217858995328], [0.0, 0.0, 0.0, 1.0]]}, "target_region": {"type": "circle", "params": {"center": [-5.659080359786761, -11.475918812530539], "radius": 1.97701838149536, "object_center": [-5.659080359786761, -11.475918812530539, 0.27108962122096003], "sample_distance": 1.97701838149536, "min_distance": 1.97701838149536, "requested_distance": 1.0}, "sample_point": [-4.041140049842032, -10.3397538446555, 1.5], "sample_forward": [-0.6950403799040981, -0.48807766643293027, -0.5279195600014762], "height": 1.5}, "sample_target": [-4.041140049842032, -10.3397538446555, 1.5], "camera_params": {"forward": [-0.6950403799040981, -0.48807766643293027, -0.5279195600014762]}, "task_type": "absolute_positioning", "task_description": "Move to any position 2.0m from tea table", "target_object": {"label": "tea table", "id": "96", "bbox_min": [-6.64758955053444, -11.734887141634479, 6.524886400711694e-07], "bbox_max": [-4.67057116903908, -11.216950483426599, 0.54217858995328], "center": [-5.65908035978676, -11.475918812530539, 0.2710896212209601]}}
{"scene_id": "0259_840804", "object_label": "tea table", "preset": "right", "distance": 1.97701838149536, "init_camera": {"intrinsics": [[320.0, 0.0, 320.0], [0.0, 320.0, 240.0], [0.0, 0.0, 1.0]], "extrinsics": [[-0.49999999999999994, -0.2579411569570456, 0.8267202426139455, -6.689102605161468], [-0.8660254037844387, 0.14892239640423374, -0.4773071546176741, -10.881235191892149], [0.0, -0.9546143092353483, -0.29784479280846754, 0.64217858995328], [0.0, 0.0, 0.0, 1.0]]}, "target_region": {"type": "circle", "params": {"center": [-5.659080359786761, -11.475918812530539], "radius": 1.97701838149536, "object_center": [-5.659080359786761, -11.475918812530539, 0.27108962122096003], "sample_distance": 1.97701838149536, "min_distance": 1.97701838149536, "requested_distance": 1.2}, "sample_point": [-6.948424607648486, -9.977188319320899, 1.5], "sample_forward": [0.5538809499663133, -0.6438298155819299, -0.5279195600014763], "height": 1.5}, "sample_target": [-6.948424607648486, -9.977188319320899, 1.5], "camera_params": {"forward": [0.5538809499663133, -0.6438298155819299, -0.5279195600014763]}, "task_type": "absolute_positioning", "task_description": "Move to any position 2.0m from tea table", "target_object": {"label": "tea table", "id": "96", "bbox_min": [-6.64758955053444, -11.734887141634479, 6.524886400711694e-07], "bbox_max": [-4.67057116903908, -11.216950483426599, 0.54217858995328], "center": [-5.65908035978676, -11.475918812530539, 0.2710896212209601]}}
{"scene_id": "0259_840804", "object_label": "tea table", "preset": "back", "distance": 1.97701838149536, "init_camera": {"intrinsics": [[320.0, 0.0, 320.0], [0.0, 320.0, 240.0], [0.0, 0.0, 1.0]], "extrinsics": [[-0.49999999999999994, -0.2579411569570456, 0.8267202426139455, -6.689102605161468], [-0.8660254037844387, 0.14892239640423374, -0.4773071546176741, -10.881235191892149], [0.0, -0.9546143092353483, -0.29784479280846754, 0.64217858995328], [0.0, 0.0, 0.0, 1.0]]}, "target_region": {"type": "circle", "params": {"center": [-5.659080359786761, -11.475918812530539], "radius": 1.97701838149536, "object_center": [-5.659080359786761, -11.475918812530539, 0.27108962122096003], "sample_distance": 1.97701838149536, "min_distance": 1.97701838149536, "requested_distance": 1.5}, "sample_point": [-7.400981333340513, -12.41100312910473, 1.5], "sample_forward": [0.7482918294158071, 0.40169674656062676, -0.5279195600014763], "height": 1.5}, "sample_target": [-7.400981333340513, -12.41100312910473, 1.5], "camera_params": {"forward": [0.7482918294158071, 0.40169674656062676, -0.5279195600014763]}, "task_type": "absolute_positioning", "task_description": "Move to any position 2.0m from tea table", "target_object": {"label": "tea table", "id": "96", "bbox_min": [-6.64758955053444, -11.734887141634479, 6.524886400711694e-07], "bbox_max": [-4.67057116903908, -11.216950483426599, 0.54217858995328], "center": [-5.65908035978676, -11.475918812530539, 0.2710896212209601]}}
{"scene_id": "0259_840804", "object_label": "tea table", "preset": "back", "distance": 1.97701838149536, "init_camera": {"intrinsics": [[320.0, 0.0, 320.0], [0.0, 320.0, 240.0], [0.0, 0.0, 1.0]], "extrinsics": [[-0.6427876096865391, -0.22816234844285002, 0.7312769869116004, -6.5701885257945865], [-0.7660444431189782, 0.1914509424269374, -0.6136142500059562, -10.711408286470764], [0.0, -0.9546143092353482, -0.2978447928084676, 0.64217858995328], [0.0, 0.0, 0.0, 1.0]]}, "target_region": {"type": "circle", "params": {"center": [-5.659080359786761, -11.475918812530539], "radius": 1.97701838149536, "object_center": [-5.659080359786761, -11.475918812530539, 0.27108962122096003], "sample_distance": 1.97701838149536, "min_distance": 1.97701838149536, "requested_distance": 0.8}, "sample_point": [-7.360932409686281, -10.469786971754525, 1.5], "sample_forward": [0.7310874746319532, -0.4322175871064488, -0.5279195600014763], "height": 1.5}, "sample_target": [-7.360932409686281, -10.469786971754525, 1.5], "camera_params": {"forward": [0.7310874746319532, -0.4322175871064488, -0.5279195600014763]}, "task_type": "absolute_positioning", "task_description": "Move to any position 2.0m from tea table", "target_object": {"label": "tea table", "id": "96", "bbox_min": [-6.64758955053444, -11.734887141634479, 6.524886400711694e-07], "bbox_max": [-4.67057116903908, -11.216950483426599, 0.54217858995328], "center": [-5.65908035978676, -11.475918812530539, 0.2710896212209601]}}
{"scene_id": "0259_840804", "object_label": "tea table", "preset": "front", "distance": 1.97701838149536, "init_camera": {"intrinsics": [[320.0, 0.0, 320.0], [0.0, 320.0, 240.0], [0.0, 0.0, 1.0]], "extrinsics": [[-0.6427876096865391, -0.22816234844285002, 0.7312769869116004, -6.5701885257945865], [-0.7660444431189782, 0.1914509424269374, -0.6136142500059562, -10.711408286470764], [0.0, -0.9546143092353482, -0.2978447928084676, 0.64217858995328], [0.0, 0.0, 0.0, 1.0]]}, "target_region": {"type": "circle", "params": {"center": [-5.659080359786761, -11.475918812530539], "radius": 1.97701838149536, "object_center": [-5.659080359786761, -11.475918812530539, 0.27108962122096003], "sample_distance": 1.97701838149536, "min_distance": 1.97701838149536, "requested_distance": 1.0}, "sample_point": [-4.168019832588923, -10.177712286201604, 1.5], "sample_forward": [-0.6405349251227898, -0.557688038123277, -0.5279195600014763], "height": 1.5}, "sample_target": [-4.168019832588923, -10.177712286201604, 1.5], "camera_params": {"forward": [-0.6405349251227898, -0.557688038123277, -0.5279195600014763]}, "task_type": "absolute_positioning", "task_description": "Move to any position 2.0m from tea table", "target_object": {"label": "tea table", "id": "96", "bbox_min": [-6.64758955053444, -11.734887141634479, 6.524886400711694e-07], "bbox_max": [-4.67057116903908, -11.216950483426599, 0.54217858995328], "center": [-5.65908035978676, -11.475918812530539, 0.2710896212209601]}}
{"scene_id": "0259_840804", "object_label": "chair", "preset": "closer", "distance": 0.7000000000000013, "init_camera": {"intrinsics": [[320.0, 0.0, 320.0], [0.0, 320.0, 240.0], [0.0, 0.0, 1.0]], "extrinsics": [[-0.17364817766692967, 0.4347592188263892, -0.8836462708790335, -4.931118077007254], [0.9848077530122081, 0.07665978039082773, -0.15581067895839373, -10.730522373133477], [0.0, -0.8972779389441702, -0.44146608055897346, 0.68721016498988], [0.0, 0.0, 0.0, 1.0]]}, "target_region": {"type": "point", "params": {"delta": 1.5, "start_position": [-4.931118077007254, -10.730522373133477, 0.68721016498988], "sample_distance": 0.7000000000000013, "min_distance": 0.5872095125012399, "min_distance_enforced": false}, "sample_point": [-6.408329706525566, -10.990994639633868, 0.68721016498988], "sample_forward": [0.8584104430511438, 0.15136092163182155, -0.4901238442103226], "height": 0.68721016498988}, "sample_target": [-6.408329706525566, -10.990994639633868, 0.68721016498988], "camera_params": {"forward": [0.8584104430511438, 0.15136092163182155, -0.4901238442103226]}, "task_type": "delta_control", "task_description": "Move 1.5m toward chair", "target_object": {"label": "chair", "id": "98", "bbox_min": [-5.9814104158096795, -11.0981830522396, 6.524886400711694e-07], "bbox_max": [-5.45651814302436, -10.640698778294439, 0.58721016498988], "center": [-5.71896427941702, -10.86944091526702, 0.29360540873926005]}}
{"scene_id": "0259_840804", "object_label": "chair", "preset": "occupancy_20", "distance": 1.8537474744931486, "init_camera": {"intrinsics": [[320.0, 0.0, 320.0], [0.0, 320.0, 240.0], [0.0, 0.0, 1.0]], "extrinsics": [[-0.17364817766692967, 0.4347592188263892, -0.8836462708790335, -4.931118077007254], [0.9848077530122081, 0.07665978039082773, -0.15581067895839373, -10.730522373133477], [0.0, -0.8972779389441702, -0.44146608055897346, 0.68721016498988], [0.0, 0.0, 0.0, 1.0]]}, "target_region": {"type": "circle", "params": {"center": [-5.718964279417019, -10.869440915267019], "radius": 1.8537474744931486, "object_center": [-5.718964279417019, -10.869440915267019, 0.29360540873926], "object_height": 0.5872095125012399, "occupancy_ratio": 0.2, "fov_vertical": 90.0, "sample_distance": 1.8537474744931486, "min_distance": 0.5872095125012399}, "sample_point": [-3.9929444561659113, -11.545632655037583, 1.5], "sample_forward": [-0.7803921115279976, 0.30572922308816947, -0.5454519176011556], "height": 1.5}, "sample_target": [-3.9929444561659113, -11.545632655037583, 1.5], "camera_params": {"forward": [-0.7803921115279976, 0.30572922308816947, -0.5454519176011556]}, "task_type": "screen_occupancy", "task_description": "Position where chair occupies 20% of vertical FOV", "target_object": {"label": "chair", "id": "98", "bbox_min": [-5.9814104158096795, -11.0981830522396, 6.524886400711694e-07], "bbox_max": [-5.45651814302436, -10.640698778294439, 0.58721016498988], "center": [-5.71896427941702, -10.86944091526702, 0.29360540873926005]}}
{"scene_id": "0259_840804", "object_label": "chair", "preset": "occupancy_50", "distance": 0.7088245845174934, "init_camera": {"intrinsics": [[320.0, 0.0, 320.0], [0.0, 320.0, 240.0], [0.0, 0.0, 1.0]], "extrinsics": [[-0.17364817766692967, 0.4347592188263892, -0.8836462708790335, -4.931118077007254], [0.9848077530122081, 0.07665978039082773, -0.15581067895839373, -10.730522373133477], [0.0, -0.8972779389441702, -0.44146608055897346, 0.68721016498988], [0.0, 0.0, 0.0, 1.0]]}, "target_region": {"type": "circle", "params": {"center": [-5.718964279417019, -10.869440915267019], "radius": 0.7088245845174934, "object_center": [-5.718964279417019, -10.869440915267019, 0.29360540873926], "object_height": 0.5872095125012399, "occupancy_ratio": 0.5, "fov_vertical": 90.0, "sample_distance": 0.7088245845174934, "min_distance": 0.5872095125012399}, "sample_point": [-6.098098167008433, -11.468348075765388, 1.5], "sample_forward": [0.27096063499189416, 0.42802890963077633, -0.862189994609702], "height": 1.5}, "sample_target": [-6.098098167008433, -11.468348075765388, 1.5], "camera_params": {"forward": [0.27096063499189416, 0.42802890963077633, -0.862189994609702]}, "task_type": "screen_occupancy", "task_description": "Position where chair occupies 50% of vertical FOV", "target_object": {"label": "chair", "id": "98", "bbox_min": [-5.9814104158096795, -11.0981830522396, 6.524886400711694e-07], "bbox_max": [-5.45651814302436, -10.640698778294439, 0.58721016498988], "center": [-5.71896427941702, -10.86944091526702, 0.29360540873926005]}}
{"scene_id": "0259_840804", "object_label": "chair", "preset": "closer", "distance": 0.5872095125012401, "init_camera": {"intrinsics": [[320.0, 0.0, 320.0], [0.0, 320.0, 240.0], [0.0, 0.0, 1.0]], "extrinsics": [[-0.17364817766693008, -0.3606907136759818, 0.9163779348395863, -6.703772032429228], [-0.984807753012208, 0.06359950451206722, -0.16158215443812246, -10.69579273760009], [0.0, -0.9305145415810172, -0.36625494932665353, 0.68721016498988], [0.0, 0.0, 0.0, 1.0]]}, "target_region": {"type": "point", "params": {"delta": 0.5, "start_position": [-6.703772032429228, -10.69579273760009, 0.68721016498988], "sample_distance": 0.5872095125012401, "min_distance": 0.5872095125012399, "min_distance_enforced": true}, "sample_point": [-6.2972527599707595, -10.767473053512493, 0.68721016498988], "sample_forward": [0.8180363618900854, -0.1442418818018142, -0.556786126048328], "height": 0.68721016498988}, "sample_target": [-6.2972527599707595, -10.767473053512493, 0.68721016498988], "camera_params": {"forward": [0.8180363618900854, -0.1442418818018142, -0.556786126048328]}, "task_type": "delta_control", "task_description": "Move 0.5m toward chair", "target_object": {"label": "chair", "id": "98", "bbox_min": [-5.9814104158096795, -11.0981830522396, 6.524886400711694e-07], "bbox_max": [-5.45651814302436, -10.640698778294439, 0.58721016498988], "center": [-5.71896427941702, -10.86944091526702, 0.29360540873926005]}}
{"scene_id": "0259_840804", "object_label": "chair", "preset": "closer", "distance": 0.5872095125012401, "init_camera": {"intrinsics": [[320.0, 0.0, 320.0], [0.0, 320.0, 240.0], [0.0, 0.0, 1.0]], "extrinsics": [[-0.17364817766693008, -0.3606907136759818, 0.9163779348395863, -6.703772032429228], [-0.984807753012208, 0.06359950451206722, -0.16158215443812246, -10.69579273760009], [0.0, -0.9305145415810172, -0.36625494932665353, 0.68721016498988], [0.0, 0.0, 0.0, 1.0]]}, "target_region": {"type": "point", "params": {"delta": 0.7, "start_position": [-6.703772032429228, -10.69579273760009, 0.68721016498988], "sample_distance": 0.5872095125012401, "min_distance": 0.5872095125012399, "min_distance_enforced": true}, "sample_point": [-6.2972527599707595, -10.767473053512493, 0.68721016498988], "sample_forward": [0.8180363618900854, -0.1442418818018142, -0.556786126048328], "height": 0.68721016498988}, "sample_target": [-6.2972527599707595, -10.767473053512493, 0.68721016498988], "camera_params": {"forward": [0.8180363618900854, -0.1442418818018142, -0.556786126048328]}, "task_type": "delta_control", "task_description": "Move 0.7m toward chair", "target_object": {"label": "chair", "id": "98", "bbox_min": [-5.9814104158096795, -11.0981830522396, 6.524886400711694e-07], "bbox_max": [-5.45651814302436, -10.640698778294439, 0.58721016498988], "center": [-5.71896427941702, -10.86944091526702, 0.29360540873926005]}}
{"scene_id": "0259_840804", "object_label": "chair", "preset": "closer", "distance": 0.5872095125012401, "init_camera": {"intrinsics": [[320.0, 0.0, 320.0], [0.0, 320.0, 240.0], [0.0, 0.0, 1.0]], "extrinsics": [[-0.17364817766693008, -0.3606907136759818, 0.9163779348395863, -6.703772032429228], [-0.984807753012208, 0.06359950451206722, -0.16158215443812246, -10.69579273760009], [0.0, -0.9305145415810172, -0.36625494932665353, 0.68721016498988], [0.0, 0.0, 0.0, 1.0]]}, "target_region": {"type": "point", "params": {"delta": 1.0, "start_position": [-6.703772032429228, -10.69579273760009, 0.68721016498988], "sample_distance": 0.5872095125012401, "min_distance": 0.5872095125012399, "min_distance_enforced": true}, "sample_point": [-6.2972527599707595, -10.767473053512493, 0.68721016498988], "sample_forward": [0.8180363618900854, -0.1442418818018142, -0.556786126048328], "height": 0.68721016498988}, "sample_target": [-6.2972527599707595, -10.767473053512493, 0.68721016498988], "camera_params": {"forward": [0.8180363618900854, -0.1442418818018142, -0.556786126048328]}, "task_type": "delta_control", "task_description": "Move 1.0m toward chair", "target_object": {"label": "chair", "id": "98", "bbox_min": [-5.9814104158096795, -11.0981830522396, 6.524886400711694e-07], "bbox_max": [-5.45651814302436, -10.640698778294439, 0.58721016498988], "center": [-5.71896427941702, -10.86944091526702, 0.29360540873926005]}}
{"scene_id": "0259_840804", "object_label": "chair", "preset": "closer", "distance": 0.5872095125012401, "init_camera": {"intrinsics": [[320.0, 0.0, 320.0], [0.0, 320.0, 240.0], [0.0, 0.0, 1.0]], "extrinsics": [[-0.17364817766693008, -0.3606907136759818, 0.9163779348395863, -6.703772032429228], [-0.984807753012208, 0.06359950451206722, -0.16158215443812246, -10.69579273760009], [0.0, -0.9305145415810172, -0.36625494932665353, 0.68721016498988], [0.0, 0.0, 0.0, 1.0]]}, "target_region": {"type": "point", "params": {"delta": 1.5, "start_position": [-6.703772032429228, -10.69579273760009, 0.68721016498988], "sample_distance": 0.5872095125012401, "min_distance": 0.5872095125012399, "min_distance_enforced": true}, "sample_point": [-6.2972527599707595, -10.767473053512493, 0.68721016498988], "sample_forward": [0.8180363618900854, -0.1442418818018142, -0.556786126048328], "height": 0.68721016498988}, "sample_target": [-6.2972527599707595, -10.767473053512493, 0.68721016498988], "camera_params": {"forward": [0.8180363618900854, -0.1442418818018142, -0.556786126048328]}, "task_type": "delta_control", "task_description": "Move 1.5m toward chair", "target_object": {"label": "chair", "id": "98", "bbox_min": [-5.9814104158096795, -11.0981830522396, 6.524886400711694e-07], "bbox_max": [-5.45651814302436, -10.640698778294439, 0.58721016498988], "center": [-5.71896427941702, -10.86944091526702, 0.29360540873926005]}}
{"scene_id": "0259_840804", "object_label": "chair", "preset": "occupancy_20", "distance": 1.8537474744931486, "init_camera": {"intrinsics": [[320.0, 0.0, 320.0], [0.0, 320.0, 240.0], [0.0, 0.0, 1.0]], "extrinsics": [[-0.17364817766693008, -0.3606907136759818, 0.9163779348395863, -6.703772032429228], [-0.984807753012208, 0.06359950451206722, -0.16158215443812246, -10.69579273760009], [0.0, -0.9305145415810172, -0.36625494932665353, 0.68721016498988], [0.0, 0.0, 0.0, 1.0]]}, "target_region": {"type": "circle", "params": {"center": [-5.718964279417019, -10.869440915267019], "radius": 1.8537474744931486, "object_center": [-5.718964279417019, -10.869440915267019, 0.29360540873926], "object_height": 0.5872095125012399, "occupancy_ratio": 0.2, "fov_vertical": 90.0, "sample_distance": 1.8537474744931486, "min_distance": 0.5872095125012399}, "sample_point": [-4.597420272607696, -9.393460312420283, 1.5], "sample_forward": [-0.5070880900990469, -0.6673408982408638, -0.5454519176011557], "height": 1.5}, "sample_target": [-4.597420272607696, -9.393460312420283, 1.5], "camera_params": {"forward": [-0.5070880900990469, -0.6673408982408638, -0.5454519176011557]}, "task_type": "screen_occupancy", "task_description": "Position where chair occupies 20% of vertical FOV", "target_object": {"label": "chair", "id": "98", "bbox_min": [-5.9814104158096795, -11.0981830522396, 6.524886400711694e-07], "bbox_max": [-5.45651814302436, -10.640698778294439, 0.58721016498988], "center": [-5.71896427941702, -10.86944091526702, 0.29360540873926005]}}
