{"scene_id": "0297_840578", "object_label": "wardrobe", "preset": "occupancy_20", "distance": 7.89218939582765, "init_camera": {"intrinsics": [[320.0, 0.0, 320.0], [0.0, 320.0, 240.0], [0.0, 0.0, 1.0]], "extrinsics": [[0.9396926207859086, 0.062071137843041066, -0.336340530247814, 2.4861492028576286], [0.342020143325668, -0.17053904962361102, 0.9240880121032656, 5.0245272278155175], [-0.0, -0.9833939222917467, -0.18148386594861338, 1.6], [0.0, 0.0, 0.0, 1.0]]}, "target_region": {"type": "circle", "params": {"center": [1.8375009884754931, 6.806673549999999], "radius": 7.89218939582765, "object_center": [1.8375009884754931, 6.806673549999999, 1.25], "object_height": 2.500000000786805, "occupancy_ratio": 0.2, "fov_vertical": 90.0, "sample_distance": 7.89218939582765, "min_distance": 2.500000000786805}, "sample_point": [-5.9417128097043, 8.137269710306924, 1.5], "sample_forward": [0.9851909797471563, -0.16851205903703412, -0.031661007310844015], "height": 1.5}, "sample_target": [-5.9417128097043, 8.137269710306924, 1.5], "camera_params": {"forward": [0.9851909797471563, -0.16851205903703412, -0.031661007310844015]}, "task_type": "screen_occupancy", "task_description": "Position where wardrobe occupies 20% of vertical FOV", "target_object": {"label": "wardrobe", "id": "122", "bbox_min": [1.5375009769509844, 5.716073643612306, -3.93402387999231e-10], "bbox_max": [2.137501000000002, 7.897273456387693, 2.5000000003934026], "center": [1.8375009884754934, 6.806673549999999, 1.2500000000000002]}}
{"scene_id": "0297_840578", "object_label": "wardrobe", "preset": "occupancy_30", "distance": 5.206624714251661, "init_camera": {"intrinsics": [[320.0, 0.0, 320.0], [0.0, 320.0, 240.0], [0.0, 0.0, 1.0]], "extrinsics": [[0.9396926207859086, 0.062071137843041066, -0.336340530247814, 2.4861492028576286], [0.342020143325668, -0.17053904962361102, 0.9240880121032656, 5.0245272278155175], [-0.0, -0.9833939222917467, -0.18148386594861338, 1.6], [0.0, 0.0, 0.0, 1.0]]}, "target_region": {"type": "circle", "params": {"center": [1.8375009884754931, 6.806673549999999], "radius": 5.206624714251661, "object_center": [1.8375009884754931, 6.806673549999999, 1.25], "object_height": 2.500000000786805, "occupancy_ratio": 0.3, "fov_vertical": 90.0, "sample_distance": 5.206624714251661, "min_distance": 2.500000000786805}, "sample_point": [7.035846803765721, 6.5131744874618605, 1.5], "sample_forward": [-0.9972609928070392, 0.05630544348046191, -0.047960496869683594], "height": 1.5}, "sample_target": [7.035846803765721, 6.5131744874618605, 1.5], "camera_params": {"forward": [-0.9972609928070392, 0.05630544348046191, -0.047960496869683594]}, "task_type": "screen_occupancy", "task_description": "Position where wardrobe occupies 30% of vertical FOV", "target_object": {"label": "wardrobe", "id": "122", "bbox_min": [1.5375009769509844, 5.716073643612306, -3.93402387999231e-10], "bbox_max": [2.137501000000002, 7.897273456387693, 2.5000000003934026], "center": [1.8375009884754934, 6.806673549999999, 1.2500000000000002]}}
{"scene_id": "0297_840578", "object_label": "wardrobe", "preset": "occupancy_50", "distance": 3.0177669539161265, "init_camera": {"intrinsics": [[320.0, 0.0, 320.0], [0.0, 320.0, 240.0], [0.0, 0.0, 1.0]], "extrinsics": [[0.9396926207859086, 0.062071137843041066, -0.336340530247814, 2.4861492028576286], [0.342020143325668, -0.17053904962361102, 0.9240880121032656, 5.0245272278155175], [-0.0, -0.9833939222917467, -0.18148386594861338, 1.6], [0.0, 0.0, 0.0, 1.0]]}, "target_region": {"type": "circle", "params": {"center": [1.8375009884754931, 6.806673549999999], "radius": 3.0177669539161265, "object_center": [1.8375009884754931, 6.806673549999999, 1.25], "object_height": 2.500000000786805, "occupancy_ratio": 0.5, "fov_vertical": 90.0, "sample_distance": 3.0177669539161265, "min_distance": 2.500000000786805}, "sample_point": [4.76932403479531, 6.091599418726741, 1.5], "sample_forward": [-0.9682040241186545, 0.23614578387020305, -0.08255989608018777], "height": 1.5}, "sample_target": [4.76932403479531, 6.091599418726741, 1.5], "camera_params": {"forward": [-0.9682040241186545, 0.23614578387020305, -0.08255989608018777]}, "task_type": "screen_occupancy", "task_description": "Position where wardrobe occupies 50% of vertical FOV", "target_object": {"label": "wardrobe", "id": "122", "bbox_min": [1.5375009769509844, 5.716073643612306, -3.93402387999231e-10], "bbox_max": [2.137501000000002, 7.897273456387693, 2.5000000003934026], "center": [1.8375009884754934, 6.806673549999999, 1.2500000000000002]}}
{"scene_id": "0297_840578", "object_label": "wardrobe", "preset": "occupancy_20", "distance": 7.89218939582765, "init_camera": {"intrinsics": [[320.0, 0.0, 320.0], [0.0, 320.0, 240.0], [0.0, 0.0, 1.0]], "extrinsics": [[-0.3420201433256686, 0.1372473439276988, -0.929615720684779, 4.065183891206095], [0.9396926207859085, 0.04995394792177854, -0.3383524516351834, 7.61748381797767], [0.0, -0.9892763868969178, -0.1460555727392139, 1.6], [0.0, 0.0, 0.0, 1.0]]}, "target_region": {"type": "circle", "params": {"center": [1.8375009884754931, 6.806673549999999], "radius": 7.89218939582765, "object_center": [1.8375009884754931, 6.806673549999999, 1.25], "object_height": 2.500000000786805, "occupancy_ratio": 0.2, "fov_vertical": 90.0, "sample_distance": 7.89218939582765, "min_distance": 2.500000000786805}, "sample_point": [1.274640658945791, 14.678766137683157, 1.5], "sample_forward": [0.07128290003289589, -0.9969535238811099, -0.03166100731084402], "height": 1.5}, "sample_target": [1.274640658945791, 14.678766137683157, 1.5], "camera_params": {"forward": [0.07128290003289589, -0.9969535238811099, -0.03166100731084402]}, "task_type": "screen_occupancy", "task_description": "Position where wardrobe occupies 20% of vertical FOV", "target_object": {"label": "wardrobe", "id": "122", "bbox_min": [1.5375009769509844, 5.716073643612306, -3.93402387999231e-10], "bbox_max": [2.137501000000002, 7.897273456387693, 2.5000000003934026], "center": [1.8375009884754934, 6.806673549999999, 1.2500000000000002]}}
{"scene_id": "0297_840578", "object_label": "wardrobe", "preset": "occupancy_30", "distance": 5.206624714251661, "init_camera": {"intrinsics": [[320.0, 0.0, 320.0], [0.0, 320.0, 240.0], [0.0, 0.0, 1.0]], "extrinsics": [[-0.3420201433256686, 0.1372473439276988, -0.929615720684779, 4.065183891206095], [0.9396926207859085, 0.04995394792177854, -0.3383524516351834, 7.61748381797767], [0.0, -0.9892763868969178, -0.1460555727392139, 1.6], [0.0, 0.0, 0.0, 1.0]]}, "target_region": {"type": "circle", "params": {"center": [1.8375009884754931, 6.806673549999999], "radius": 5.206624714251661, "object_center": [1.8375009884754931, 6.806673549999999, 1.25], "object_height": 2.500000000786805, "occupancy_ratio": 0.3, "fov_vertical": 90.0, "sample_distance": 5.206624714251661, "min_distance": 2.500000000786805}, "sample_point": [0.9566535236408094, 1.6750998480299595, 1.5], "sample_forward": [0.16898352831949037, 0.9844512978795392, -0.0479604968696836], "height": 1.5}, "sample_target": [0.9566535236408094, 1.6750998480299595, 1.5], "camera_params": {"forward": [0.16898352831949037, 0.9844512978795392, -0.0479604968696836]}, "task_type": "screen_occupancy", "task_description": "Position where wardrobe occupies 30% of vertical FOV", "target_object": {"label": "wardrobe", "id": "122", "bbox_min": [1.5375009769509844, 5.716073643612306, -3.93402387999231e-10], "bbox_max": [2.137501000000002, 7.897273456387693, 2.5000000003934026], "center": [1.8375009884754934, 6.806673549999999, 1.2500000000000002]}}
{"scene_id": "0297_840578", "object_label": "wardrobe", "preset": "occupancy_50", "distance": 3.0177669539161265, "init_camera": {"intrinsics": [[320.0, 0.0, 320.0], [0.0, 320.0, 240.0], [0.0, 0.0, 1.0]], "extrinsics": [[-0.3420201433256686, 0.1372473439276988, -0.929615720684779, 4.065183891206095], [0.9396926207859085, 0.04995394792177854, -0.3383524516351834, 7.61748381797767], [0.0, -0.9892763868969178, -0.1460555727392139, 1.6], [0.0, 0.0, 0.0, 1.0]]}, "target_region": {"type": "circle", "params": {"center": [1.8375009884754931, 6.806673549999999], "radius": 3.0177669539161265, "object_center": [1.8375009884754931, 6.806673549999999, 1.25], "object_height": 2.500000000786805, "occupancy_ratio": 0.5, "fov_vertical": 90.0, "sample_distance": 3.0177669539161265, "min_distance": 2.500000000786805}, "sample_point": [3.6870579555795877, 4.422128223614921, 1.5], "sample_forward": [-0.6107969239940052, 0.7874712573793979, -0.08255989608018777], "height": 1.5}, "sample_target": [3.6870579555795877, 4.422128223614921, 1.5], "camera_params": {"forward": [-0.6107969239940052, 0.7874712573793979, -0.08255989608018777]}, "task_type": "screen_occupancy", "task_description": "Position where wardrobe occupies 50% of vertical FOV", "target_object": {"label": "wardrobe", "id": "122", "bbox_min": [1.5375009769509844, 5.716073643612306, -3.93402387999231e-10], "bbox_max": [2.137501000000002, 7.897273456387693, 2.5000000003934026], "center": [1.8375009884754934, 6.806673549999999, 1.2500000000000002]}}
{"scene_id": "0297_840578", "object_label": "wardrobe", "preset": "occupancy_20", "distance": 7.89218939582765, "init_camera": {"intrinsics": [[320.0, 0.0, 320.0], [0.0, 320.0, 240.0], [0.0, 0.0, 1.0]], "extrinsics": [[-0.3420201433256687, 0.17053904962361097, -0.9240880121032653, 3.6196473106599747], [0.9396926207859084, 0.062071137843041184, -0.3363405302478147, 7.455321764382136], [0.0, -0.9833939222917466, -0.18148386594861335, 1.6], [0.0, 0.0, 0.0, 1.0]]}, "target_region": {"type": "circle", "params": {"center": [1.8375009884754931, 6.806673549999999], "radius": 7.89218939582765, "object_center": [1.8375009884754931, 6.806673549999999, 1.25], "object_height": 2.500000000786805, "occupancy_ratio": 0.2, "fov_vertical": 90.0, "sample_distance": 7.89218939582765, "min_distance": 2.500000000786805}, "sample_point": [-3.2914630064823163, 12.805038477048106, 1.5], "sample_forward": [0.6495526661656598, -0.7596571032335218, -0.03166100731084402], "height": 1.5}, "sample_target": [-3.2914630064823163, 12.805038477048106, 1.5], "camera_params": {"forward": [0.6495526661656598, -0.7596571032335218, -0.03166100731084402]}, "task_type": "screen_occupancy", "task_description": "Position where wardrobe occupies 20% of vertical FOV", "target_object": {"label": "wardrobe", "id": "122", "bbox_min": [1.5375009769509844, 5.716073643612306, -3.93402387999231e-10], "bbox_max": [2.137501000000002, 7.897273456387693, 2.5000000003934026], "center": [1.8375009884754934, 6.806673549999999, 1.2500000000000002]}}
{"scene_id": "0297_840578", "object_label": "wardrobe", "preset": "occupancy_30", "distance": 5.206624714251661, "init_camera": {"intrinsics": [[320.0, 0.0, 320.0], [0.0, 320.0, 240.0], [0.0, 0.0, 1.0]], "extrinsics": [[-0.3420201433256687, 0.17053904962361097, -0.9240880121032653, 3.6196473106599747], [0.9396926207859084, 0.062071137843041184, -0.3363405302478147, 7.455321764382136], [0.0, -0.9833939222917466, -0.18148386594861335, 1.6], [0.0, 0.0, 0.0, 1.0]]}, "target_region": {"type": "circle", "params": {"center": [1.8375009884754931, 6.806673549999999], "radius": 5.206624714251661, "object_center": [1.8375009884754931, 6.806673549999999, 1.25], "object_height": 2.500000000786805, "occupancy_ratio": 0.3, "fov_vertical": 90.0, "sample_distance": 5.206624714251661, "min_distance": 2.500000000786805}, "sample_point": [2.812946652841022, 11.921108677257621, 1.5], "sample_forward": [-0.1871314349293975, -0.981163399644156, -0.047960496869683594], "height": 1.5}, "sample_target": [2.812946652841022, 11.921108677257621, 1.5], "camera_params": {"forward": [-0.1871314349293975, -0.981163399644156, -0.047960496869683594]}, "task_type": "screen_occupancy", "task_description": "Position where wardrobe occupies 30% of vertical FOV", "target_object": {"label": "wardrobe", "id": "122", "bbox_min": [1.5375009769509844, 5.716073643612306, -3.93402387999231e-10], "bbox_max": [2.137501000000002, 7.897273456387693, 2.5000000003934026], "center": [1.8375009884754934, 6.806673549999999, 1.2500000000000002]}}
{"scene_id": "0297_840578", "object_label": "wardrobe", "preset": "occupancy_20", "distance": 7.89218939582765, "init_camera": {"intrinsics": [[320.0, 0.0, 320.0], [0.0, 320.0, 240.0], [0.0, 0.0, 1.0]], "extrinsics": [[-0.17364817766693041, 0.1787267182328227, -0.9684539589379969, 3.7052090839393292], [0.984807753012208, 0.031514342597926195, -0.17076456253469677, 7.136000879317895], [0.0, -0.9833939222917466, -0.18148386594861338, 1.6], [0.0, 0.0, 0.0, 1.0]]}, "target_region": {"type": "circle", "params": {"center": [1.8375009884754931, 6.806673549999999], "radius": 7.89218939582765, "object_center": [1.8375009884754931, 6.806673549999999, 1.25], "object_height": 2.500000000786805, "occupancy_ratio": 0.2, "fov_vertical": 90.0, "sample_distance": 7.89218939582765, "min_distance": 2.500000000786805}, "sample_point": [9.372291117094136, 4.458569809258236, 1.5], "sample_forward": [-0.9542361813914808, 0.2973733188089806, -0.03166100731084402], "height": 1.5}, "sample_target": [9.372291117094136, 4.458569809258236, 1.5], "camera_params": {"forward": [-0.9542361813914808, 0.2973733188089806, -0.03166100731084402]}, "task_type": "screen_occupancy", "task_description": "Position where wardrobe occupies 20% of vertical FOV", "target_object": {"label": "wardrobe", "id": "122", "bbox_min": [1.5375009769509844, 5.716073643612306, -3.93402387999231e-10], "bbox_max": [2.137501000000002, 7.897273456387693, 2.5000000003934026], "center": [1.8375009884754934, 6.806673549999999, 1.2500000000000002]}}
{"scene_id": "0297_840578", "object_label": "wardrobe", "preset": "occupancy_30", "distance": 5.206624714251661, "init_camera": {"intrinsics": [[320.0, 0.0, 320.0], [0.0, 320.0, 240.0], [0.0, 0.0, 1.0]], "extrinsics": [[-0.17364817766693041, 0.1787267182328227, -0.9684539589379969, 3.7052090839393292], [0.984807753012208, 0.031514342597926195, -0.17076456253469677, 7.136000879317895], [0.0, -0.9833939222917466, -0.18148386594861338, 1.6], [0.0, 0.0, 0.0, 1.0]]}, "target_region": {"type": "circle", "params": {"center": [1.8375009884754931, 6.806673549999999], "radius": 5.206624714251661, "object_center": [1.8375009884754931, 6.806673549999999, 1.25], "object_height": 2.500000000786805, "occupancy_ratio": 0.3, "fov_vertical": 90.0, "sample_distance": 5.206624714251661, "min_distance": 2.500000000786805}, "sample_point": [6.990275910063469, 7.553568135942505, 1.5], "sample_forward": [-0.988518581988017, -0.1432857418043166, -0.047960496869683594], "height": 1.5}, "sample_target": [6.990275910063469, 7.553568135942505, 1.5], "camera_params": {"forward": [-0.988518581988017, -0.1432857418043166, -0.047960496869683594]}, "task_type": "screen_occupancy", "task_description": "Position where wardrobe occupies 30% of vertical FOV", "target_object": {"label": "wardrobe", "id": "122", "bbox_min": [1.5375009769509844, 5.716073643612306, -3.93402387999231e-10], "bbox_max": [2.137501000000002, 7.897273456387693, 2.5000000003934026], "center": [1.8375009884754934, 6.806673549999999, 1.2500000000000002]}}
{"scene_id": "0297_840578", "object_label": "wardrobe", "preset": "occupancy_50", "distance": 3.0177669539161265, "init_camera": {"intrinsics": [[320.0, 0.0, 320.0], [0.0, 320.0, 240.0], [0.0, 0.0, 1.0]], "extrinsics": [[-0.17364817766693041, 0.1787267182328227, -0.9684539589379969, 3.7052090839393292], [0.984807753012208, 0.031514342597926195, -0.17076456253469677, 7.136000879317895], [0.0, -0.9833939222917466, -0.18148386594861338, 1.6], [0.0, 0.0, 0.0, 1.0]]}, "target_region": {"type": "circle", "params": {"center": [1.8375009884754931, 6.806673549999999], "radius": 3.0177669539161265, "object_center": [1.8375009884754931, 6.806673549999999, 1.25], "object_height": 2.500000000786805, "occupancy_ratio": 0.5, "fov_vertical": 90.0, "sample_distance": 3.0177669539161265, "min_distance": 2.500000000786805}, "sample_point": [4.778035085290139, 7.485036737104584, 1.5], "sample_forward": [-0.9710807578130639, -0.22402237692791777, -0.08255989608018775], "height": 1.5}, "sample_target": [4.778035085290139, 7.485036737104584, 1.5], "camera_params": {"forward": [-0.9710807578130639, -0.22402237692791777, -0.08255989608018775]}, "task_type": "screen_occupancy", "task_description": "Position where wardrobe occupies 50% of vertical FOV", "target_object": {"label": "wardrobe", "id": "122", "bbox_min": [1.5375009769509844, 5.716073643612306, -3.93402387999231e-10], "bbox_max": [2.137501000000002, 7.897273456387693, 2.5000000003934026], "center": [1.8375009884754934, 6.806673549999999, 1.2500000000000002]}}
{"scene_id": "0297_840578", "object_label": "wardrobe", "preset": "occupancy_20", "distance": 7.89218939582765, "init_camera": {"intrinsics": [[320.0, 0.0, 320.0], [0.0, 320.0, 240.0], [0.0, 0.0, 1.0]], "extrinsics": [[0.8660254037844386, 0.09074193297430667, -0.49169696114587325, 2.7857612401597036], [0.49999999999999994, -0.15716963828850883, 0.8516441186318727, 5.164238615284896], [-0.0, -0.9833939222917467, -0.18148386594861335, 1.6], [0.0, 0.0, 0.0, 1.0]]}, "target_region": {"type": "circle", "params": {"center": [1.8375009884754931, 6.806673549999999], "radius": 7.89218939582765, "object_center": [1.8375009884754931, 6.806673549999999, 1.25], "object_height": 2.500000000786805, "occupancy_ratio": 0.2, "fov_vertical": 90.0, "sample_distance": 7.89218939582765, "min_distance": 2.500000000786805}, "sample_point": [3.491886896664269, 14.523516215650298, 1.5], "sample_forward": [-0.2095180973364886, -0.9772920482151486, -0.031661007310844015], "height": 1.5}, "sample_target": [3.491886896664269, 14.523516215650298, 1.5], "camera_params": {"forward": [-0.2095180973364886, -0.9772920482151486, -0.031661007310844015]}, "task_type": "screen_occupancy", "task_description": "Position where wardrobe occupies 20% of vertical FOV", "target_object": {"label": "wardrobe", "id": "122", "bbox_min": [1.5375009769509844, 5.716073643612306, -3.93402387999231e-10], "bbox_max": [2.137501000000002, 7.897273456387693, 2.5000000003934026], "center": [1.8375009884754934, 6.806673549999999, 1.2500000000000002]}}
{"scene_id": "0297_840578", "object_label": "wardrobe", "preset": "occupancy_30", "distance": 5.206624714251661, "init_camera": {"intrinsics": [[320.0, 0.0, 320.0], [0.0, 320.0, 240.0], [0.0, 0.0, 1.0]], "extrinsics": [[0.8660254037844386, 0.09074193297430667, -0.49169696114587325, 2.7857612401597036], [0.49999999999999994, -0.15716963828850883, 0.8516441186318727, 5.164238615284896], [-0.0, -0.9833939222917467, -0.18148386594861335, 1.6], [0.0, 0.0, 0.0, 1.0]]}, "target_region": {"type": "circle", "params": {"center": [1.8375009884754931, 6.806673549999999], "radius": 5.206624714251661, "object_center": [1.8375009884754931, 6.806673549999999, 1.25], "object_height": 2.500000000786805, "occupancy_ratio": 0.3, "fov_vertical": 90.0, "sample_distance": 5.206624714251661, "min_distance": 2.500000000786805}, "sample_point": [6.12524645991572, 3.8530013123947486, 1.5], "sample_forward": [-0.8225696130440363, 0.566638352422952, -0.0479604968696836], "height": 1.5}, "sample_target": [6.12524645991572, 3.8530013123947486, 1.5], "camera_params": {"forward": [-0.8225696130440363, 0.566638352422952, -0.0479604968696836]}, "task_type": "screen_occupancy", "task_description": "Position where wardrobe occupies 30% of vertical FOV", "target_object": {"label": "wardrobe", "id": "122", "bbox_min": [1.5375009769509844, 5.716073643612306, -3.93402387999231e-10], "bbox_max": [2.137501000000002, 7.897273456387693, 2.5000000003934026], "center": [1.8375009884754934, 6.806673549999999, 1.2500000000000002]}}
{"scene_id": "0297_840578", "object_label": "wardrobe", "preset": "occupancy_50", "distance": 3.0177669539161265, "init_camera": {"intrinsics": [[320.0, 0.0, 320.0], [0.0, 320.0, 240.0], [0.0, 0.0, 1.0]], "extrinsics": [[0.8660254037844386, 0.09074193297430667, -0.49169696114587325, 2.7857612401597036], [0.49999999999999994, -0.15716963828850883, 0.8516441186318727, 5.164238615284896], [-0.0, -0.9833939222917467, -0.18148386594861335, 1.6], [0.0, 0.0, 0.0, 1.0]]}, "target_region": {"type": "circle", "params": {"center": [1.8375009884754931, 6.806673549999999], "radius": 3.0177669539161265, "object_center": [1.8375009884754931, 6.806673549999999, 1.25], "object_height": 2.500000000786805, "occupancy_ratio": 0.5, "fov_vertical": 90.0, "sample_distance": 3.0177669539161265, "min_distance": 2.500000000786805}, "sample_point": [4.78499008108335, 7.454149755822212, 1.5], "sample_forward": [-0.9733775727327663, -0.21382227306830454, -0.08255989608018774], "height": 1.5}, "sample_target": [4.78499008108335, 7.454149755822212, 1.5], "camera_params": {"forward": [-0.9733775727327663, -0.21382227306830454, -0.08255989608018774]}, "task_type": "screen_occupancy", "task_description": "Position where wardrobe occupies 50% of vertical FOV", "target_object": {"label": "wardrobe", "id": "122", "bbox_min": [1.5375009769509844, 5.716073643612306, -3.93402387999231e-10], "bbox_max": [2.137501000000002, 7.897273456387693, 2.5000000003934026], "center": [1.8375009884754934, 6.806673549999999, 1.2500000000000002]}}
{"scene_id": "0297_840578", "object_label": "wardrobe", "preset": "occupancy_20", "distance": 7.89218939582765, "init_camera": {"intrinsics": [[320.0, 0.0, 320.0], [0.0, 320.0, 240.0], [0.0, 0.0, 1.0]], "extrinsics": [[-0.984807753012208, -0.02397767245658945, 0.1719847691820711, -6.253620498360971], [-0.1736481776669302, 0.13598413787980415, -0.9753740947134288, 1.2995807996298288], [0.0, -0.9904208123159828, -0.13808191239749354, 1.6], [0.0, 0.0, 0.0, 1.0]]}, "target_region": {"type": "circle", "params": {"center": [-5.817685999999999, -1.1727265954689132], "radius": 7.89218939582765, "object_center": [-5.817685999999999, -1.1727265954689132, 1.25], "object_height": 2.500000000786805, "occupancy_ratio": 0.2, "fov_vertical": 90.0, "sample_distance": 7.89218939582765, "min_distance": 2.500000000786805}, "sample_point": [-1.1282196618175098, 5.175151705401995, 1.5], "sample_forward": [-0.5938929120686108, -0.8039208851688877, -0.031661007310844015], "height": 1.5}, "sample_target": [-1.1282196618175098, 5.175151705401995, 1.5], "camera_params": {"forward": [-0.5938929120686108, -0.8039208851688877, -0.031661007310844015]}, "task_type": "screen_occupancy", "task_description": "Position where wardrobe occupies 20% of vertical FOV", "target_object": {"label": "wardrobe", "id": "123", "bbox_min": [-6.312536050923769, -1.4527266416875528, -3.93402387999231e-10], "bbox_max": [-5.3228359490762305, -0.8927265492502738, 2.5000000003934026], "center": [-5.817686, -1.1727265954689132, 1.2500000000000002]}}
{"scene_id": "0297_840578", "object_label": "wardrobe", "preset": "occupancy_30", "distance": 5.206624714251661, "init_camera": {"intrinsics": [[320.0, 0.0, 320.0], [0.0, 320.0, 240.0], [0.0, 0.0, 1.0]], "extrinsics": [[-0.984807753012208, -0.02397767245658945, 0.1719847691820711, -6.253620498360971], [-0.1736481776669302, 0.13598413787980415, -0.9753740947134288, 1.2995807996298288], [0.0, -0.9904208123159828, -0.13808191239749354, 1.6], [0.0, 0.0, 0.0, 1.0]]}, "target_region": {"type": "circle", "params": {"center": [-5.817685999999999, -1.1727265954689132], "radius": 5.206624714251661, "object_center": [-5.817685999999999, -1.1727265954689132, 1.25], "object_height": 2.500000000786805, "occupancy_ratio": 0.3, "fov_vertical": 90.0, "sample_distance": 5.206624714251661, "min_distance": 2.500000000786805}, "sample_point": [-9.250516782904903, 2.7419398949229183, 1.5], "sample_forward": [0.6585610800706565, -0.7509973998331708, -0.047960496869683594], "height": 1.5}, "sample_target": [-9.250516782904903, 2.7419398949229183, 1.5], "camera_params": {"forward": [0.6585610800706565, -0.7509973998331708, -0.047960496869683594]}, "task_type": "screen_occupancy", "task_description": "Position where wardrobe occupies 30% of vertical FOV", "target_object": {"label": "wardrobe", "id": "123", "bbox_min": [-6.312536050923769, -1.4527266416875528, -3.93402387999231e-10], "bbox_max": [-5.3228359490762305, -0.8927265492502738, 2.5000000003934026], "center": [-5.817686, -1.1727265954689132, 1.2500000000000002]}}
{"scene_id": "0297_840578", "object_label": "wardrobe", "preset": "back", "distance": 2.500000000786805, "init_camera": {"intrinsics": [[320.0, 0.0, 320.0], [0.0, 320.0, 240.0], [0.0, 0.0, 1.0]], "extrinsics": [[-0.9396926207859084, -0.07557067482212916, 0.3335668621842388, -6.346069598512458], [-0.3420201433256687, 0.20762872264674784, -0.9164674217295282, 0.27899541025424246], [0.0, -0.9752842594028718, -0.22095387156823507, 1.6], [0.0, 0.0, 0.0, 1.0]]}, "target_region": {"type": "circle", "params": {"center": [-5.817685999999999, -1.1727265954689132], "radius": 2.500000000786805, "object_center": [-5.817685999999999, -1.1727265954689132, 1.25], "sample_distance": 2.500000000786805, "min_distance": 2.500000000786805, "requested_distance": 0.8}, "sample_point": [-8.159225137751784, -2.0486229765041633, 1.5], "sample_forward": [0.9319674094676965, 0.3486197894515334, -0.099503718989993], "height": 1.5}, "sample_target": [-8.159225137751784, -2.0486229765041633, 1.5], "camera_params": {"forward": [0.9319674094676965, 0.3486197894515334, -0.099503718989993]}, "task_type": "absolute_positioning", "task_description": "Move to any position 2.5m from wardrobe", "target_object": {"label": "wardrobe", "id": "123", "bbox_min": [-6.312536050923769, -1.4527266416875528, -3.93402387999231e-10], "bbox_max": [-5.3228359490762305, -0.8927265492502738, 2.5000000003934026], "center": [-5.817686, -1.1727265954689132, 1.2500000000000002]}}
{"scene_id": "0297_840578", "object_label": "wardrobe", "preset": "back", "distance": 2.500000000786805, "init_camera": {"intrinsics": [[320.0, 0.0, 320.0], [0.0, 320.0, 240.0], [0.0, 0.0, 1.0]], "extrinsics": [[-0.9396926207859084, -0.07557067482212916, 0.3335668621842388, -6.346069598512458], [-0.3420201433256687, 0.20762872264674784, -0.9164674217295282, 0.27899541025424246], [0.0, -0.9752842594028718, -0.22095387156823507, 1.6], [0.0, 0.0, 0.0, 1.0]]}, "target_region": {"type": "circle", "params": {"center": [-5.817685999999999, -1.1727265954689132], "radius": 2.500000000786805, "object_center": [-5.817685999999999, -1.1727265954689132, 1.25], "sample_distance": 2.500000000786805, "min_distance": 2.500000000786805, "requested_distance": 1.0}, "sample_point": [-8.146685601539282, -2.0814404447987727, 1.5], "sample_forward": [0.9269764875174813, 0.3616816300241325, -0.09950371898999294], "height": 1.5}, "sample_target": [-8.146685601539282, -2.0814404447987727, 1.5], "camera_params": {"forward": [0.9269764875174813, 0.3616816300241325, -0.09950371898999294]}, "task_type": "absolute_positioning", "task_description": "Move to any position 2.5m from wardrobe", "target_object": {"label": "wardrobe", "id": "123", "bbox_min": [-6.312536050923769, -1.4527266416875528, -3.93402387999231e-10], "bbox_max": [-5.3228359490762305, -0.8927265492502738, 2.5000000003934026], "center": [-5.817686, -1.1727265954689132, 1.2500000000000002]}}
{"scene_id": "0297_840578", "object_label": "wardrobe", "preset": "right", "distance": 2.500000000786805, "init_camera": {"intrinsics": [[320.0, 0.0, 320.0], [0.0, 320.0, 240.0], [0.0, 0.0, 1.0]], "extrinsics": [[-0.9396926207859084, -0.07557067482212916, 0.3335668621842388, -6.346069598512458], [-0.3420201433256687, 0.20762872264674784, -0.9164674217295282, 0.27899541025424246], [0.0, -0.9752842594028718, -0.22095387156823507, 1.6], [0.0, 0.0, 0.0, 1.0]]}, "target_region": {"type": "circle", "params": {"center": [-5.817685999999999, -1.1727265954689132], "radius": 2.500000000786805, "object_center": [-5.817685999999999, -1.1727265954689132, 1.25], "sample_distance": 2.500000000786805, "min_distance": 2.500000000786805, "requested_distance": 1.2}, "sample_point": [-4.39189026275377, 0.8808328800721545, 1.5], "sample_forward": [-0.5674879135043146, -0.8173472199339029, -0.09950371898999295], "height": 1.5}, "sample_target": [-4.39189026275377, 0.8808328800721545, 1.5], "camera_params": {"forward": [-0.5674879135043146, -0.8173472199339029, -0.09950371898999295]}, "task_type": "absolute_positioning", "task_description": "Move to any position 2.5m from wardrobe", "target_object": {"label": "wardrobe", "id": "123", "bbox_min": [-6.312536050923769, -1.4527266416875528, -3.93402387999231e-10], "bbox_max": [-5.3228359490762305, -0.8927265492502738, 2.5000000003934026], "center": [-5.817686, -1.1727265954689132, 1.2500000000000002]}}
{"scene_id": "0297_840578", "object_label": "wardrobe", "preset": "right", "distance": 2.500000000786805, "init_camera": {"intrinsics": [[320.0, 0.0, 320.0], [0.0, 320.0, 240.0], [0.0, 0.0, 1.0]], "extrinsics": [[-0.9396926207859084, -0.07557067482212916, 0.3335668621842388, -6.346069598512458], [-0.3420201433256687, 0.20762872264674784, -0.9164674217295282, 0.27899541025424246], [0.0, -0.9752842594028718, -0.22095387156823507, 1.6], [0.0, 0.0, 0.0, 1.0]]}, "target_region": {"type": "circle", "params": {"center": [-5.817685999999999, -1.1727265954689132], "radius": 2.500000000786805, "object_center": [-5.817685999999999, -1.1727265954689132, 1.25], "sample_distance": 2.500000000786805, "min_distance": 2.500000000786805, "requested_distance": 1.5}, "sample_point": [-6.689312607438716, 1.170405296068329, 1.5], "sample_forward": [0.34692035604313215, -0.9326013491680498, -0.09950371898999298], "height": 1.5}, "sample_target": [-6.689312607438716, 1.170405296068329, 1.5], "camera_params": {"forward": [0.34692035604313215, -0.9326013491680498, -0.09950371898999298]}, "task_type": "absolute_positioning", "task_description": "Move to any position 2.5m from wardrobe", "target_object": {"label": "wardrobe", "id": "123", "bbox_min": [-6.312536050923769, -1.4527266416875528, -3.93402387999231e-10], "bbox_max": [-5.3228359490762305, -0.8927265492502738, 2.5000000003934026], "center": [-5.817686, -1.1727265954689132, 1.2500000000000002]}}
{"scene_id": "0297_840578", "object_label": "wardrobe", "preset": "occupancy_20", "distance": 7.89218939582765, "init_camera": {"intrinsics": [[320.0, 0.0, 320.0], [0.0, 320.0, 240.0], [0.0, 0.0, 1.0]], "extrinsics": [[-0.9396926207859084, -0.07557067482212916, 0.3335668621842388, -6.346069598512458], [-0.3420201433256687, 0.20762872264674784, -0.9164674217295282, 0.27899541025424246], [0.0, -0.9752842594028718, -0.22095387156823507, 1.6], [0.0, 0.0, 0.0, 1.0]]}, "target_region": {"type": "circle", "params": {"center": [-5.817685999999999, -1.1727265954689132], "radius": 7.89218939582765, "object_center": [-5.817685999999999, -1.1727265954689132, 1.25], "object_height": 2.500000000786805, "occupancy_ratio": 0.2, "fov_vertical": 90.0, "sample_distance": 7.89218939582765, "min_distance": 2.500000000786805}, "sample_point": [-9.71131948358914, 5.692131141956378, 1.5], "sample_forward": [0.4931054327586514, -0.8693932440501051, -0.03166100731084402], "height": 1.5}, "sample_target": [-9.71131948358914, 5.692131141956378, 1.5], "camera_params": {"forward": [0.4931054327586514, -0.8693932440501051, -0.03166100731084402]}, "task_type": "screen_occupancy", "task_description": "Position where wardrobe occupies 20% of vertical FOV", "target_object": {"label": "wardrobe", "id": "123", "bbox_min": [-6.312536050923769, -1.4527266416875528, -3.93402387999231e-10], "bbox_max": [-5.3228359490762305, -0.8927265492502738, 2.5000000003934026], "center": [-5.817686, -1.1727265954689132, 1.2500000000000002]}}
{"scene_id": "0297_840578", "object_label": "wardrobe", "preset": "occupancy_30", "distance": 5.206624714251661, "init_camera": {"intrinsics": [[320.0, 0.0, 320.0], [0.0, 320.0, 240.0], [0.0, 0.0, 1.0]], "extrinsics": [[-0.9396926207859084, -0.07557067482212916, 0.3335668621842388, -6.346069598512458], [-0.3420201433256687, 0.20762872264674784, -0.9164674217295282, 0.27899541025424246], [0.0, -0.9752842594028718, -0.22095387156823507, 1.6], [0.0, 0.0, 0.0, 1.0]]}, "target_region": {"type": "circle", "params": {"center": [-5.817685999999999, -1.1727265954689132], "radius": 5.206624714251661, "object_center": [-5.817685999999999, -1.1727265954689132, 1.25], "object_height": 2.500000000786805, "occupancy_ratio": 0.3, "fov_vertical": 90.0, "sample_distance": 5.206624714251661, "min_distance": 2.500000000786805}, "sample_point": [-8.677648144055464, -5.523537720951822, 1.5], "sample_forward": [0.5486608218295429, 0.8346682534572306, -0.0479604968696836], "height": 1.5}, "sample_target": [-8.677648144055464, -5.523537720951822, 1.5], "camera_params": {"forward": [0.5486608218295429, 0.8346682534572306, -0.0479604968696836]}, "task_type": "screen_occupancy", "task_description": "Position where wardrobe occupies 30% of vertical FOV", "target_object": {"label": "wardrobe", "id": "123", "bbox_min": [-6.312536050923769, -1.4527266416875528, -3.93402387999231e-10], "bbox_max": [-5.3228359490762305, -0.8927265492502738, 2.5000000003934026], "center": [-5.817686, -1.1727265954689132, 1.2500000000000002]}}
{"scene_id": "0297_840578", "object_label": "wardrobe", "preset": "occupancy_50", "distance": 3.0177669539161265, "init_camera": {"intrinsics": [[320.0, 0.0, 320.0], [0.0, 320.0, 240.0], [0.0, 0.0, 1.0]], "extrinsics": [[-0.9396926207859084, -0.07557067482212916, 0.3335668621842388, -6.346069598512458], [-0.3420201433256687, 0.20762872264674784, -0.9164674217295282, 0.27899541025424246], [0.0, -0.9752842594028718, -0.22095387156823507, 1.6], [0.0, 0.0, 0.0, 1.0]]}, "target_region": {"type": "circle", "params": {"center": [-5.817685999999999, -1.1727265954689132], "radius": 3.0177669539161265, "object_center": [-5.817685999999999, -1.1727265954689132, 1.25], "object_height": 2.500000000786805, "occupancy_ratio": 0.5, "fov_vertical": 90.0, "sample_distance": 3.0177669539161265, "min_distance": 2.500000000786805}, "sample_point": [-6.52691550825878, -4.105968981083035, 1.5], "sample_forward": [0.23421565799539035, 0.9686727461372158, -0.08255989608018777], "height": 1.5}, "sample_target": [-6.52691550825878, -4.105968981083035, 1.5], "camera_params": {"forward": [0.23421565799539035, 0.9686727461372158, -0.08255989608018777]}, "task_type": "screen_occupancy", "task_description": "Position where wardrobe occupies 50% of vertical FOV", "target_object": {"label": "wardrobe", "id": "123", "bbox_min": [-6.312536050923769, -1.4527266416875528, -3.93402387999231e-10], "bbox_max": [-5.3228359490762305, -0.8927265492502738, 2.5000000003934026], "center": [-5.817686, -1.1727265954689132, 1.2500000000000002]}}
{"scene_id": "0297_840578", "object_label": "wardrobe", "preset": "occupancy_20", "distance": 7.89218939582765, "init_camera": {"intrinsics": [[320.0, 0.0, 320.0], [0.0, 320.0, 240.0], [0.0, 0.0, 1.0]], "extrinsics": [[-1.0, -0.0, 0.0, -5.817686], [-0.0, 0.17833722022879628, -0.9839694283264423, 0.7583862674120003], [0.0, -0.9839694283264424, -0.17833722022879625, 1.6], [0.0, 0.0, 0.0, 1.0]]}, "target_region": {"type": "circle", "params": {"center": [-5.817685999999999, -1.1727265954689132], "radius": 7.89218939582765, "object_center": [-5.817685999999999, -1.1727265954689132, 1.25], "object_height": 2.500000000786805, "occupancy_ratio": 0.2, "fov_vertical": 90.0, "sample_distance": 7.89218939582765, "min_distance": 2.500000000786805}, "sample_point": [-13.301361743045778, 1.3335157775993087, 1.5], "sample_forward": [0.9477628496502337, -0.3174006323858401, -0.031661007310844015], "height": 1.5}, "sample_target": [-13.301361743045778, 1.3335157775993087, 1.5], "camera_params": {"forward": [0.9477628496502337, -0.3174006323858401, -0.031661007310844015]}, "task_type": "screen_occupancy", "task_description": "Position where wardrobe occupies 20% of vertical FOV", "target_object": {"label": "wardrobe", "id": "123", "bbox_min": [-6.312536050923769, -1.4527266416875528, -3.93402387999231e-10], "bbox_max": [-5.3228359490762305, -0.8927265492502738, 2.5000000003934026], "center": [-5.817686, -1.1727265954689132, 1.2500000000000002]}}
{"scene_id": "0297_840578", "object_label": "wardrobe", "preset": "occupancy_30", "distance": 5.206624714251661, "init_camera": {"intrinsics": [[320.0, 0.0, 320.0], [0.0, 320.0, 240.0], [0.0, 0.0, 1.0]], "extrinsics": [[-1.0, -0.0, 0.0, -5.817686], [-0.0, 0.17833722022879628, -0.9839694283264423, 0.7583862674120003], [0.0, -0.9839694283264424, -0.17833722022879625, 1.6], [0.0, 0.0, 0.0, 1.0]]}, "target_region": {"type": "circle", "params": {"center": [-5.817685999999999, -1.1727265954689132], "radius": 5.206624714251661, "object_center": [-5.817685999999999, -1.1727265954689132, 1.25], "object_height": 2.500000000786805, "occupancy_ratio": 0.3, "fov_vertical": 90.0, "sample_distance": 5.206624714251661, "min_distance": 2.500000000786805}, "sample_point": [-0.6112028633213828, -1.211122722062446, 1.5], "sample_forward": [-0.9988220727149408, 0.007365989237188432, -0.047960496869683594], "height": 1.5}, "sample_target": [-0.6112028633213828, -1.211122722062446, 1.5], "camera_params": {"forward": [-0.9988220727149408, 0.007365989237188432, -0.047960496869683594]}, "task_type": "screen_occupancy", "task_description": "Position where wardrobe occupies 30% of vertical FOV", "target_object": {"label": "wardrobe", "id": "123", "bbox_min": [-6.312536050923769, -1.4527266416875528, -3.93402387999231e-10], "bbox_max": [-5.3228359490762305, -0.8927265492502738, 2.5000000003934026], "center": [-5.817686, -1.1727265954689132, 1.2500000000000002]}}
{"scene_id": "0297_840578", "object_label": "wardrobe", "preset": "occupancy_50", "distance": 3.0177669539161265, "init_camera": {"intrinsics": [[320.0, 0.0, 320.0], [0.0, 320.0, 240.0], [0.0, 0.0, 1.0]], "extrinsics": [[-1.0, -0.0, 0.0, -5.817686], [-0.0, 0.17833722022879628, -0.9839694283264423, 0.7583862674120003], [0.0, -0.9839694283264424, -0.17833722022879625, 1.6], [0.0, 0.0, 0.0, 1.0]]}, "target_region": {"type": "circle", "params": {"center": [-5.817685999999999, -1.1727265954689132], "radius": 3.0177669539161265, "object_center": [-5.817685999999999, -1.1727265954689132, 1.25], "object_height": 2.500000000786805, "occupancy_ratio": 0.5, "fov_vertical": 90.0, "sample_distance": 3.0177669539161265, "min_distance": 2.500000000786805}, "sample_point": [-2.8677289282555853, -0.5365892965991337, 1.5], "sample_forward": [-0.9741925971369353, -0.21007771714968138, -0.08255989608018777], "height": 1.5}, "sample_target": [-2.8677289282555853, -0.5365892965991337, 1.5], "camera_params": {"forward": [-0.9741925971369353, -0.21007771714968138, -0.08255989608018777]}, "task_type": "screen_occupancy", "task_description": "Position where wardrobe occupies 50% of vertical FOV", "target_object": {"label": "wardrobe", "id": "123", "bbox_min": [-6.312536050923769, -1.4527266416875528, -3.93402387999231e-10], "bbox_max": [-5.3228359490762305, -0.8927265492502738, 2.5000000003934026], "center": [-5.817686, -1.1727265954689132, 1.2500000000000002]}}
