{"scene_id": "0288_840769", "object_label": "wardrobe", "preset": "back", "distance": 2.6000000007868054, "init_camera": {"intrinsics": [[320.0, 0.0, 320.0], [0.0, 320.0, 240.0], [0.0, 0.0, 1.0]], "extrinsics": [[-0.6427876096865394, -0.14121084468168507, 0.7529167192842446, 3.169667062853893], [-0.7660444431189779, 0.11848996769063412, -0.6317721414586175, -4.164823574798315], [0.0, -0.982862973613798, -0.1843376659802399, 1.6], [0.0, 0.0, 0.0, 1.0]]}, "target_region": {"type": "circle", "params": {"center": [4.395000011408673, -5.1930000000000005], "radius": 2.6000000007868054, "object_center": [4.395000011408673, -5.1930000000000005, 1.2999999999999998], "sample_distance": 2.6000000007868054, "min_distance": 2.6000000007868054, "requested_distance": 0.8}, "sample_point": [2.4359807543683534, -3.4835429064651606, 1.5], "sample_forward": [0.7512495910878524, -0.6555468701417905, -0.07669649886166395], "height": 1.5}, "sample_target": [2.4359807543683534, -3.4835429064651606, 1.5], "camera_params": {"forward": [0.7512495910878524, -0.6555468701417905, -0.07669649886166395]}, "task_type": "absolute_positioning", "task_description": "Move to any position 2.6m from wardrobe", "target_object": {"label": "wardrobe", "id": "88", "bbox_min": [4.195, -5.733000065173683, -3.9340284274658187e-10], "bbox_max": [4.595000022817345, -4.652999934826317, 2.6000000003934027], "center": [4.395000011408673, -5.193, 1.3]}}
{"scene_id": "0288_840769", "object_label": "wardrobe", "preset": "back", "distance": 2.6000000007868054, "init_camera": {"intrinsics": [[320.0, 0.0, 320.0], [0.0, 320.0, 240.0], [0.0, 0.0, 1.0]], "extrinsics": [[-0.6427876096865394, -0.14121084468168507, 0.7529167192842446, 3.169667062853893], [-0.7660444431189779, 0.11848996769063412, -0.6317721414586175, -4.164823574798315], [0.0, -0.982862973613798, -0.1843376659802399, 1.6], [0.0, 0.0, 0.0, 1.0]]}, "target_region": {"type": "circle", "params": {"center": [4.395000011408673, -5.1930000000000005], "radius": 2.6000000007868054, "object_center": [4.395000011408673, -5.1930000000000005, 1.2999999999999998], "sample_distance": 2.6000000007868054, "min_distance": 2.6000000007868054, "requested_distance": 1.0}, "sample_point": [1.8070913720215422, -5.443457338237151, 1.5], "sample_forward": [0.9924176600742258, 0.09604600478500479, -0.07669649886166395], "height": 1.5}, "sample_target": [1.8070913720215422, -5.443457338237151, 1.5], "camera_params": {"forward": [0.9924176600742258, 0.09604600478500479, -0.07669649886166395]}, "task_type": "absolute_positioning", "task_description": "Move to any position 2.6m from wardrobe", "target_object": {"label": "wardrobe", "id": "88", "bbox_min": [4.195, -5.733000065173683, -3.9340284274658187e-10], "bbox_max": [4.595000022817345, -4.652999934826317, 2.6000000003934027], "center": [4.395000011408673, -5.193, 1.3]}}
{"scene_id": "0288_840769", "object_label": "wardrobe", "preset": "front", "distance": 2.6000000007868054, "init_camera": {"intrinsics": [[320.0, 0.0, 320.0], [0.0, 320.0, 240.0], [0.0, 0.0, 1.0]], "extrinsics": [[-0.6427876096865394, -0.14121084468168507, 0.7529167192842446, 3.169667062853893], [-0.7660444431189779, 0.11848996769063412, -0.6317721414586175, -4.164823574798315], [0.0, -0.982862973613798, -0.1843376659802399, 1.6], [0.0, 0.0, 0.0, 1.0]]}, "target_region": {"type": "circle", "params": {"center": [4.395000011408673, -5.1930000000000005], "radius": 2.6000000007868054, "object_center": [4.395000011408673, -5.1930000000000005, 1.2999999999999998], "sample_distance": 2.6000000007868054, "min_distance": 2.6000000007868054, "requested_distance": 1.2}, "sample_point": [6.970819611003134, -4.8392297434260225, 1.5], "sample_forward": [-0.9877817249407403, -0.13566470040308318, -0.07669649886166394], "height": 1.5}, "sample_target": [6.970819611003134, -4.8392297434260225, 1.5], "camera_params": {"forward": [-0.9877817249407403, -0.13566470040308318, -0.07669649886166394]}, "task_type": "absolute_positioning", "task_description": "Move to any position 2.6m from wardrobe", "target_object": {"label": "wardrobe", "id": "88", "bbox_min": [4.195, -5.733000065173683, -3.9340284274658187e-10], "bbox_max": [4.595000022817345, -4.652999934826317, 2.6000000003934027], "center": [4.395000011408673, -5.193, 1.3]}}
{"scene_id": "0288_840769", "object_label": "wardrobe", "preset": "front", "distance": 2.6000000007868054, "init_camera": {"intrinsics": [[320.0, 0.0, 320.0], [0.0, 320.0, 240.0], [0.0, 0.0, 1.0]], "extrinsics": [[-0.6427876096865394, -0.14121084468168507, 0.7529167192842446, 3.169667062853893], [-0.7660444431189779, 0.11848996769063412, -0.6317721414586175, -4.164823574798315], [0.0, -0.982862973613798, -0.1843376659802399, 1.6], [0.0, 0.0, 0.0, 1.0]]}, "target_region": {"type": "circle", "params": {"center": [4.395000011408673, -5.1930000000000005], "radius": 2.6000000007868054, "object_center": [4.395000011408673, -5.1930000000000005, 1.2999999999999998], "sample_distance": 2.6000000007868054, "min_distance": 2.6000000007868054, "requested_distance": 1.5}, "sample_point": [6.915168047976556, -4.553662005232782, 1.5], "sample_forward": [-0.9664403247391516, -0.2451749289394121, -0.07669649886166395], "height": 1.5}, "sample_target": [6.915168047976556, -4.553662005232782, 1.5], "camera_params": {"forward": [-0.9664403247391516, -0.2451749289394121, -0.07669649886166395]}, "task_type": "absolute_positioning", "task_description": "Move to any position 2.6m from wardrobe", "target_object": {"label": "wardrobe", "id": "88", "bbox_min": [4.195, -5.733000065173683, -3.9340284274658187e-10], "bbox_max": [4.595000022817345, -4.652999934826317, 2.6000000003934027], "center": [4.395000011408673, -5.193, 1.3]}}
{"scene_id": "0288_840769", "object_label": "wardrobe", "preset": "occupancy_20", "distance": 8.207876971561404, "init_camera": {"intrinsics": [[320.0, 0.0, 320.0], [0.0, 320.0, 240.0], [0.0, 0.0, 1.0]], "extrinsics": [[-0.6427876096865394, -0.14121084468168507, 0.7529167192842446, 3.169667062853893], [-0.7660444431189779, 0.11848996769063412, -0.6317721414586175, -4.164823574798315], [0.0, -0.982862973613798, -0.1843376659802399, 1.6], [0.0, 0.0, 0.0, 1.0]]}, "target_region": {"type": "circle", "params": {"center": [4.395000011408673, -5.1930000000000005], "radius": 8.207876971561404, "object_center": [4.395000011408673, -5.1930000000000005, 1.2999999999999998], "object_height": 2.6000000007868054, "occupancy_ratio": 0.2, "fov_vertical": 90.0, "sample_distance": 8.207876971561404, "min_distance": 2.6000000007868054}, "sample_point": [0.7055581440819365, -12.524934471059096, 1.5], "sample_forward": [0.44936675804676196, 0.8930151881911589, -0.024359606368990473], "height": 1.5}, "sample_target": [0.7055581440819365, -12.524934471059096, 1.5], "camera_params": {"forward": [0.44936675804676196, 0.8930151881911589, -0.024359606368990473]}, "task_type": "screen_occupancy", "task_description": "Position where wardrobe occupies 20% of vertical FOV", "target_object": {"label": "wardrobe", "id": "88", "bbox_min": [4.195, -5.733000065173683, -3.9340284274658187e-10], "bbox_max": [4.595000022817345, -4.652999934826317, 2.6000000003934027], "center": [4.395000011408673, -5.193, 1.3]}}
{"scene_id": "0288_840769", "object_label": "wardrobe", "preset": "occupancy_30", "distance": 5.414889702756183, "init_camera": {"intrinsics": [[320.0, 0.0, 320.0], [0.0, 320.0, 240.0], [0.0, 0.0, 1.0]], "extrinsics": [[-0.6427876096865394, -0.14121084468168507, 0.7529167192842446, 3.169667062853893], [-0.7660444431189779, 0.11848996769063412, -0.6317721414586175, -4.164823574798315], [0.0, -0.982862973613798, -0.1843376659802399, 1.6], [0.0, 0.0, 0.0, 1.0]]}, "target_region": {"type": "circle", "params": {"center": [4.395000011408673, -5.1930000000000005], "radius": 5.414889702756183, "object_center": [4.395000011408673, -5.1930000000000005, 1.2999999999999998], "object_height": 2.6000000007868054, "occupancy_ratio": 0.3, "fov_vertical": 90.0, "sample_distance": 5.414889702756183, "min_distance": 2.6000000007868054}, "sample_point": [-0.2061223539249628, -8.047943689854767, 1.5], "sample_forward": [0.8491377257916972, 0.5268802260795442, -0.036910025788028586], "height": 1.5}, "sample_target": [-0.2061223539249628, -8.047943689854767, 1.5], "camera_params": {"forward": [0.8491377257916972, 0.5268802260795442, -0.036910025788028586]}, "task_type": "screen_occupancy", "task_description": "Position where wardrobe occupies 30% of vertical FOV", "target_object": {"label": "wardrobe", "id": "88", "bbox_min": [4.195, -5.733000065173683, -3.9340284274658187e-10], "bbox_max": [4.595000022817345, -4.652999934826317, 2.6000000003934027], "center": [4.395000011408673, -5.193, 1.3]}}
{"scene_id": "0288_840769", "object_label": "wardrobe", "preset": "occupancy_50", "distance": 3.138477632034782, "init_camera": {"intrinsics": [[320.0, 0.0, 320.0], [0.0, 320.0, 240.0], [0.0, 0.0, 1.0]], "extrinsics": [[-0.6427876096865394, -0.14121084468168507, 0.7529167192842446, 3.169667062853893], [-0.7660444431189779, 0.11848996769063412, -0.6317721414586175, -4.164823574798315], [0.0, -0.982862973613798, -0.1843376659802399, 1.6], [0.0, 0.0, 0.0, 1.0]]}, "target_region": {"type": "circle", "params": {"center": [4.395000011408673, -5.1930000000000005], "radius": 3.138477632034782, "object_center": [4.395000011408673, -5.1930000000000005, 1.2999999999999998], "object_height": 2.6000000007868054, "occupancy_ratio": 0.5, "fov_vertical": 90.0, "sample_distance": 3.138477632034782, "min_distance": 2.6000000007868054}, "sample_point": [7.532312801651825, -5.10749969029663, 1.5], "sample_forward": [-0.997605317643056, -0.02718745924393455, -0.06359616553029379], "height": 1.5}, "sample_target": [7.532312801651825, -5.10749969029663, 1.5], "camera_params": {"forward": [-0.997605317643056, -0.02718745924393455, -0.06359616553029379]}, "task_type": "screen_occupancy", "task_description": "Position where wardrobe occupies 50% of vertical FOV", "target_object": {"label": "wardrobe", "id": "88", "bbox_min": [4.195, -5.733000065173683, -3.9340284274658187e-10], "bbox_max": [4.595000022817345, -4.652999934826317, 2.6000000003934027], "center": [4.395000011408673, -5.193, 1.3]}}
{"scene_id": "0288_840769", "object_label": "wardrobe", "preset": "occupancy_20", "distance": 8.207876971561404, "init_camera": {"intrinsics": [[320.0, 0.0, 320.0], [0.0, 320.0, 240.0], [0.0, 0.0, 1.0]], "extrinsics": [[-0.4999999999999999, -0.09929442456755798, 0.8603142549381578, 2.143955192147728], [-0.8660254037844387, 0.05732766275310857, -0.4967026666762176, -3.893358667641781], [0.0, -0.9934053333524355, -0.11465532550621715, 1.6], [0.0, 0.0, 0.0, 1.0]]}, "target_region": {"type": "circle", "params": {"center": [4.395000011408673, -5.1930000000000005], "radius": 8.207876971561404, "object_center": [4.395000011408673, -5.1930000000000005, 1.2999999999999998], "object_height": 2.6000000007868054, "occupancy_ratio": 0.2, "fov_vertical": 90.0, "sample_distance": 8.207876971561404, "min_distance": 2.6000000007868054}, "sample_point": [11.840268951795185, -1.7379725347540411, 1.5], "sample_forward": [-0.9068191034954302, -0.42081554523721193, -0.02435960636899047], "height": 1.5}, "sample_target": [11.840268951795185, -1.7379725347540411, 1.5], "camera_params": {"forward": [-0.9068191034954302, -0.42081554523721193, -0.02435960636899047]}, "task_type": "screen_occupancy", "task_description": "Position where wardrobe occupies 20% of vertical FOV", "target_object": {"label": "wardrobe", "id": "88", "bbox_min": [4.195, -5.733000065173683, -3.9340284274658187e-10], "bbox_max": [4.595000022817345, -4.652999934826317, 2.6000000003934027], "center": [4.395000011408673, -5.193, 1.3]}}
{"scene_id": "0288_840769", "object_label": "wardrobe", "preset": "occupancy_30", "distance": 5.414889702756183, "init_camera": {"intrinsics": [[320.0, 0.0, 320.0], [0.0, 320.0, 240.0], [0.0, 0.0, 1.0]], "extrinsics": [[-0.4999999999999999, -0.09929442456755798, 0.8603142549381578, 2.143955192147728], [-0.8660254037844387, 0.05732766275310857, -0.4967026666762176, -3.893358667641781], [0.0, -0.9934053333524355, -0.11465532550621715, 1.6], [0.0, 0.0, 0.0, 1.0]]}, "target_region": {"type": "circle", "params": {"center": [4.395000011408673, -5.1930000000000005], "radius": 5.414889702756183, "object_center": [4.395000011408673, -5.1930000000000005, 1.2999999999999998], "object_height": 2.6000000007868054, "occupancy_ratio": 0.3, "fov_vertical": 90.0, "sample_distance": 5.414889702756183, "min_distance": 2.6000000007868054}, "sample_point": [0.46366577381245877, -8.916659705896706, 1.5], "sample_forward": [0.725528240455179, 0.687201878852451, -0.036910025788028586], "height": 1.5}, "sample_target": [0.46366577381245877, -8.916659705896706, 1.5], "camera_params": {"forward": [0.725528240455179, 0.687201878852451, -0.036910025788028586]}, "task_type": "screen_occupancy", "task_description": "Position where wardrobe occupies 30% of vertical FOV", "target_object": {"label": "wardrobe", "id": "88", "bbox_min": [4.195, -5.733000065173683, -3.9340284274658187e-10], "bbox_max": [4.595000022817345, -4.652999934826317, 2.6000000003934027], "center": [4.395000011408673, -5.193, 1.3]}}
{"scene_id": "0288_840769", "object_label": "wardrobe", "preset": "occupancy_50", "distance": 3.138477632034782, "init_camera": {"intrinsics": [[320.0, 0.0, 320.0], [0.0, 320.0, 240.0], [0.0, 0.0, 1.0]], "extrinsics": [[-0.4999999999999999, -0.09929442456755798, 0.8603142549381578, 2.143955192147728], [-0.8660254037844387, 0.05732766275310857, -0.4967026666762176, -3.893358667641781], [0.0, -0.9934053333524355, -0.11465532550621715, 1.6], [0.0, 0.0, 0.0, 1.0]]}, "target_region": {"type": "circle", "params": {"center": [4.395000011408673, -5.1930000000000005], "radius": 3.138477632034782, "object_center": [4.395000011408673, -5.1930000000000005, 1.2999999999999998], "object_height": 2.6000000007868054, "occupancy_ratio": 0.5, "fov_vertical": 90.0, "sample_distance": 3.138477632034782, "min_distance": 2.6000000007868054}, "sample_point": [2.61600858367105, -2.6074185669720817, 1.5], "sample_forward": [0.5656851665768771, -0.8221653240344878, -0.06359616553029378], "height": 1.5}, "sample_target": [2.61600858367105, -2.6074185669720817, 1.5], "camera_params": {"forward": [0.5656851665768771, -0.8221653240344878, -0.06359616553029378]}, "task_type": "screen_occupancy", "task_description": "Position where wardrobe occupies 50% of vertical FOV", "target_object": {"label": "wardrobe", "id": "88", "bbox_min": [4.195, -5.733000065173683, -3.9340284274658187e-10], "bbox_max": [4.595000022817345, -4.652999934826317, 2.6000000003934027], "center": [4.395000011408673, -5.193, 1.3]}}
{"scene_id": "0288_840769", "object_label": "wardrobe", "preset": "occupancy_20", "distance": 8.207876971561404, "init_camera": {"intrinsics": [[320.0, 0.0, 320.0], [0.0, 320.0, 240.0], [0.0, 0.0, 1.0]], "extrinsics": [[0.0, -0.14838048988251012, 0.9889303464967725, 2.395551807780644], [-1.0, -0.0, 0.0, -5.193], [0.0, -0.9889303464967725, -0.14838048988251012, 1.6], [0.0, 0.0, 0.0, 1.0]]}, "target_region": {"type": "circle", "params": {"center": [4.395000011408673, -5.1930000000000005], "radius": 8.207876971561404, "object_center": [4.395000011408673, -5.1930000000000005, 1.2999999999999998], "object_height": 2.6000000007868054, "occupancy_ratio": 0.2, "fov_vertical": 90.0, "sample_distance": 8.207876971561404, "min_distance": 2.6000000007868054}, "sample_point": [3.799519708883685, -13.379247466916254, 1.5], "sample_forward": [0.07252832884998021, 0.9970688296661253, -0.02435960636899047], "height": 1.5}, "sample_target": [3.799519708883685, -13.379247466916254, 1.5], "camera_params": {"forward": [0.07252832884998021, 0.9970688296661253, -0.02435960636899047]}, "task_type": "screen_occupancy", "task_description": "Position where wardrobe occupies 20% of vertical FOV", "target_object": {"label": "wardrobe", "id": "88", "bbox_min": [4.195, -5.733000065173683, -3.9340284274658187e-10], "bbox_max": [4.595000022817345, -4.652999934826317, 2.6000000003934027], "center": [4.395000011408673, -5.193, 1.3]}}
{"scene_id": "0288_840769", "object_label": "wardrobe", "preset": "occupancy_30", "distance": 5.414889702756183, "init_camera": {"intrinsics": [[320.0, 0.0, 320.0], [0.0, 320.0, 240.0], [0.0, 0.0, 1.0]], "extrinsics": [[0.0, -0.14838048988251012, 0.9889303464967725, 2.395551807780644], [-1.0, -0.0, 0.0, -5.193], [0.0, -0.9889303464967725, -0.14838048988251012, 1.6], [0.0, 0.0, 0.0, 1.0]]}, "target_region": {"type": "circle", "params": {"center": [4.395000011408673, -5.1930000000000005], "radius": 5.414889702756183, "object_center": [4.395000011408673, -5.1930000000000005, 1.2999999999999998], "object_height": 2.6000000007868054, "occupancy_ratio": 0.3, "fov_vertical": 90.0, "sample_distance": 5.414889702756183, "min_distance": 2.6000000007868054}, "sample_point": [0.8642287883339463, -9.298445781315635, 1.5], "sample_forward": [0.6516042844765862, 0.7576605482985656, -0.036910025788028586], "height": 1.5}, "sample_target": [0.8642287883339463, -9.298445781315635, 1.5], "camera_params": {"forward": [0.6516042844765862, 0.7576605482985656, -0.036910025788028586]}, "task_type": "screen_occupancy", "task_description": "Position where wardrobe occupies 30% of vertical FOV", "target_object": {"label": "wardrobe", "id": "88", "bbox_min": [4.195, -5.733000065173683, -3.9340284274658187e-10], "bbox_max": [4.595000022817345, -4.652999934826317, 2.6000000003934027], "center": [4.395000011408673, -5.193, 1.3]}}
{"scene_id": "0288_840769", "object_label": "wardrobe", "preset": "occupancy_50", "distance": 3.138477632034782, "init_camera": {"intrinsics": [[320.0, 0.0, 320.0], [0.0, 320.0, 240.0], [0.0, 0.0, 1.0]], "extrinsics": [[0.0, -0.14838048988251012, 0.9889303464967725, 2.395551807780644], [-1.0, -0.0, 0.0, -5.193], [0.0, -0.9889303464967725, -0.14838048988251012, 1.6], [0.0, 0.0, 0.0, 1.0]]}, "target_region": {"type": "circle", "params": {"center": [4.395000011408673, -5.1930000000000005], "radius": 3.138477632034782, "object_center": [4.395000011408673, -5.1930000000000005, 1.2999999999999998], "object_height": 2.6000000007868054, "occupancy_ratio": 0.5, "fov_vertical": 90.0, "sample_distance": 3.138477632034782, "min_distance": 2.6000000007868054}, "sample_point": [6.362930416215848, -2.748149949666009, 1.5], "sample_forward": [-0.6257641388810752, -0.7774154424889371, -0.06359616553029376], "height": 1.5}, "sample_target": [6.362930416215848, -2.748149949666009, 1.5], "camera_params": {"forward": [-0.6257641388810752, -0.7774154424889371, -0.06359616553029376]}, "task_type": "screen_occupancy", "task_description": "Position where wardrobe occupies 50% of vertical FOV", "target_object": {"label": "wardrobe", "id": "88", "bbox_min": [4.195, -5.733000065173683, -3.9340284274658187e-10], "bbox_max": [4.595000022817345, -4.652999934826317, 2.6000000003934027], "center": [4.395000011408673, -5.193, 1.3]}}
{"scene_id": "0288_840769", "object_label": "wardrobe", "preset": "occupancy_20", "distance": 8.207876971561404, "init_camera": {"intrinsics": [[320.0, 0.0, 320.0], [0.0, 320.0, 240.0], [0.0, 0.0, 1.0]], "extrinsics": [[0.17364817766693022, -0.14612625683204547, 0.9739062724190709, 2.4259279187294576], [-0.9848077530122081, -0.02576600166942426, 0.1717259525086904, -5.540200536899424], [0.0, -0.9889303464967726, -0.14838048988251012, 1.6], [0.0, 0.0, 0.0, 1.0]]}, "target_region": {"type": "circle", "params": {"center": [4.395000011408673, -5.1930000000000005], "radius": 8.207876971561404, "object_center": [4.395000011408673, -5.1930000000000005, 1.2999999999999998], "object_height": 2.6000000007868054, "occupancy_ratio": 0.2, "fov_vertical": 90.0, "sample_distance": 8.207876971561404, "min_distance": 2.6000000007868054}, "sample_point": [-2.2007153925443603, -10.07826178319491, 1.5], "sample_forward": [0.8033451548109135, 0.5950152702405016, -0.02435960636899047], "height": 1.5}, "sample_target": [-2.2007153925443603, -10.07826178319491, 1.5], "camera_params": {"forward": [0.8033451548109135, 0.5950152702405016, -0.02435960636899047]}, "task_type": "screen_occupancy", "task_description": "Position where wardrobe occupies 20% of vertical FOV", "target_object": {"label": "wardrobe", "id": "88", "bbox_min": [4.195, -5.733000065173683, -3.9340284274658187e-10], "bbox_max": [4.595000022817345, -4.652999934826317, 2.6000000003934027], "center": [4.395000011408673, -5.193, 1.3]}}
{"scene_id": "0288_840769", "object_label": "wardrobe", "preset": "occupancy_30", "distance": 5.414889702756183, "init_camera": {"intrinsics": [[320.0, 0.0, 320.0], [0.0, 320.0, 240.0], [0.0, 0.0, 1.0]], "extrinsics": [[0.17364817766693022, -0.14612625683204547, 0.9739062724190709, 2.4259279187294576], [-0.9848077530122081, -0.02576600166942426, 0.1717259525086904, -5.540200536899424], [0.0, -0.9889303464967726, -0.14838048988251012, 1.6], [0.0, 0.0, 0.0, 1.0]]}, "target_region": {"type": "circle", "params": {"center": [4.395000011408673, -5.1930000000000005], "radius": 5.414889702756183, "object_center": [4.395000011408673, -5.1930000000000005, 1.2999999999999998], "object_height": 2.6000000007868054, "occupancy_ratio": 0.3, "fov_vertical": 90.0, "sample_distance": 5.414889702756183, "min_distance": 2.6000000007868054}, "sample_point": [9.614494198203648, -6.634496072498428, 1.5], "sample_forward": [-0.9632583251753385, 0.26602828604629425, -0.03691002578802859], "height": 1.5}, "sample_target": [9.614494198203648, -6.634496072498428, 1.5], "camera_params": {"forward": [-0.9632583251753385, 0.26602828604629425, -0.03691002578802859]}, "task_type": "screen_occupancy", "task_description": "Position where wardrobe occupies 30% of vertical FOV", "target_object": {"label": "wardrobe", "id": "88", "bbox_min": [4.195, -5.733000065173683, -3.9340284274658187e-10], "bbox_max": [4.595000022817345, -4.652999934826317, 2.6000000003934027], "center": [4.395000011408673, -5.193, 1.3]}}
{"scene_id": "0288_840769", "object_label": "wardrobe", "preset": "occupancy_50", "distance": 3.138477632034782, "init_camera": {"intrinsics": [[320.0, 0.0, 320.0], [0.0, 320.0, 240.0], [0.0, 0.0, 1.0]], "extrinsics": [[0.17364817766693022, -0.14612625683204547, 0.9739062724190709, 2.4259279187294576], [-0.9848077530122081, -0.02576600166942426, 0.1717259525086904, -5.540200536899424], [0.0, -0.9889303464967726, -0.14838048988251012, 1.6], [0.0, 0.0, 0.0, 1.0]]}, "target_region": {"type": "circle", "params": {"center": [4.395000011408673, -5.1930000000000005], "radius": 3.138477632034782, "object_center": [4.395000011408673, -5.1930000000000005, 1.2999999999999998], "object_height": 2.6000000007868054, "occupancy_ratio": 0.5, "fov_vertical": 90.0, "sample_distance": 3.138477632034782, "min_distance": 2.6000000007868054}, "sample_point": [6.2210658514463395, -7.745552721224419, 1.5], "sample_forward": [-0.5806539271612515, 0.8116628269189489, -0.06359616553029376], "height": 1.5}, "sample_target": [6.2210658514463395, -7.745552721224419, 1.5], "camera_params": {"forward": [-0.5806539271612515, 0.8116628269189489, -0.06359616553029376]}, "task_type": "screen_occupancy", "task_description": "Position where wardrobe occupies 50% of vertical FOV", "target_object": {"label": "wardrobe", "id": "88", "bbox_min": [4.195, -5.733000065173683, -3.9340284274658187e-10], "bbox_max": [4.595000022817345, -4.652999934826317, 2.6000000003934027], "center": [4.395000011408673, -5.193, 1.3]}}
{"scene_id": "0288_840769", "object_label": "wardrobe", "preset": "occupancy_20", "distance": 8.207876971561404, "init_camera": {"intrinsics": [[320.0, 0.0, 320.0], [0.0, 320.0, 240.0], [0.0, 0.0, 1.0]], "extrinsics": [[-0.6427876096865395, -0.08783107497803526, 0.7609926353793891, 2.403833970007156], [-0.7660444431189779, 0.07369902261997345, -0.6385486396754719, -3.522213309047262], [0.0, -0.9934053333524355, -0.11465532550621715, 1.6], [0.0, 0.0, 0.0, 1.0]]}, "target_region": {"type": "circle", "params": {"center": [4.395000011408673, -5.1930000000000005], "radius": 8.207876971561404, "object_center": [4.395000011408673, -5.1930000000000005, 1.2999999999999998], "object_height": 2.6000000007868054, "occupancy_ratio": 0.2, "fov_vertical": 90.0, "sample_distance": 8.207876971561404, "min_distance": 2.6000000007868054}, "sample_point": [7.556027970489384, -12.767770400625887, 1.5], "sample_forward": [-0.38500698402289685, 0.9225921264736333, -0.02435960636899047], "height": 1.5}, "sample_target": [7.556027970489384, -12.767770400625887, 1.5], "camera_params": {"forward": [-0.38500698402289685, 0.9225921264736333, -0.02435960636899047]}, "task_type": "screen_occupancy", "task_description": "Position where wardrobe occupies 20% of vertical FOV", "target_object": {"label": "wardrobe", "id": "88", "bbox_min": [4.195, -5.733000065173683, -3.9340284274658187e-10], "bbox_max": [4.595000022817345, -4.652999934826317, 2.6000000003934027], "center": [4.395000011408673, -5.193, 1.3]}}
{"scene_id": "0288_840769", "object_label": "wardrobe", "preset": "occupancy_30", "distance": 5.414889702756183, "init_camera": {"intrinsics": [[320.0, 0.0, 320.0], [0.0, 320.0, 240.0], [0.0, 0.0, 1.0]], "extrinsics": [[-0.6427876096865395, -0.08783107497803526, 0.7609926353793891, 2.403833970007156], [-0.7660444431189779, 0.07369902261997345, -0.6385486396754719, -3.522213309047262], [0.0, -0.9934053333524355, -0.11465532550621715, 1.6], [0.0, 0.0, 0.0, 1.0]]}, "target_region": {"type": "circle", "params": {"center": [4.395000011408673, -5.1930000000000005], "radius": 5.414889702756183, "object_center": [4.395000011408673, -5.1930000000000005, 1.2999999999999998], "object_height": 2.6000000007868054, "occupancy_ratio": 0.3, "fov_vertical": 90.0, "sample_distance": 5.414889702756183, "min_distance": 2.6000000007868054}, "sample_point": [9.714728395239659, -4.182297068729933, 1.5], "sample_forward": [-0.9817565591625459, -0.18652535628607123, -0.036910025788028586], "height": 1.5}, "sample_target": [9.714728395239659, -4.182297068729933, 1.5], "camera_params": {"forward": [-0.9817565591625459, -0.18652535628607123, -0.036910025788028586]}, "task_type": "screen_occupancy", "task_description": "Position where wardrobe occupies 30% of vertical FOV", "target_object": {"label": "wardrobe", "id": "88", "bbox_min": [4.195, -5.733000065173683, -3.9340284274658187e-10], "bbox_max": [4.595000022817345, -4.652999934826317, 2.6000000003934027], "center": [4.395000011408673, -5.193, 1.3]}}
{"scene_id": "0288_840769", "object_label": "wardrobe", "preset": "occupancy_50", "distance": 3.138477632034782, "init_camera": {"intrinsics": [[320.0, 0.0, 320.0], [0.0, 320.0, 240.0], [0.0, 0.0, 1.0]], "extrinsics": [[-0.6427876096865395, -0.08783107497803526, 0.7609926353793891, 2.403833970007156], [-0.7660444431189779, 0.07369902261997345, -0.6385486396754719, -3.522213309047262], [0.0, -0.9934053333524355, -0.11465532550621715, 1.6], [0.0, 0.0, 0.0, 1.0]]}, "target_region": {"type": "circle", "params": {"center": [4.395000011408673, -5.1930000000000005], "radius": 3.138477632034782, "object_center": [4.395000011408673, -5.1930000000000005, 1.2999999999999998], "object_height": 2.6000000007868054, "occupancy_ratio": 0.5, "fov_vertical": 90.0, "sample_distance": 3.138477632034782, "min_distance": 2.6000000007868054}, "sample_point": [2.484251001304317, -7.682795185786952, 1.5], "sample_forward": [0.6075815516672073, 0.7917071338591767, -0.06359616553029376], "height": 1.5}, "sample_target": [2.484251001304317, -7.682795185786952, 1.5], "camera_params": {"forward": [0.6075815516672073, 0.7917071338591767, -0.06359616553029376]}, "task_type": "screen_occupancy", "task_description": "Position where wardrobe occupies 50% of vertical FOV", "target_object": {"label": "wardrobe", "id": "88", "bbox_min": [4.195, -5.733000065173683, -3.9340284274658187e-10], "bbox_max": [4.595000022817345, -4.652999934826317, 2.6000000003934027], "center": [4.395000011408673, -5.193, 1.3]}}
{"scene_id": "0288_840769", "object_label": "wardrobe", "preset": "occupancy_30", "distance": 4.99835977791049, "init_camera": {"intrinsics": [[320.0, 0.0, 320.0], [0.0, 320.0, 240.0], [0.0, 0.0, 1.0]], "extrinsics": [[0.984807753012208, 0.03252327453940963, -0.17057528021457233, -0.3167054640233199], [0.17364817766692997, -0.18444865560978976, 0.9673804855571025, -3.9390140344298707], [-0.0, -0.9823038888536355, -0.1872940734327294, 1.6], [0.0, 0.0, 0.0, 1.0]]}, "target_region": {"type": "circle", "params": {"center": [-0.6809994787731659, -1.8730000115835186], "radius": 4.99835977791049, "object_center": [-0.6809994787731659, -1.8730000115835186, 1.2000000125233121], "object_height": 2.4000000258334295, "occupancy_ratio": 0.3, "fov_vertical": 90.0, "sample_distance": 4.99835977791049, "min_distance": 2.4000000258334295}, "sample_point": [-5.114762699411305, 0.4346707129241867, 1.5], "sample_forward": [0.8854502111289215, -0.46085625879166564, -0.05991187148051515], "height": 1.5}, "sample_target": [-5.114762699411305, 0.4346707129241867, 1.5], "camera_params": {"forward": [0.8854502111289215, -0.46085625879166564, -0.05991187148051515]}, "task_type": "screen_occupancy", "task_description": "Position where wardrobe occupies 30% of vertical FOV", "target_object": {"label": "wardrobe", "id": "93", "bbox_min": [-1.5149994999999998, -2.173000023953842, -3.9340284274658187e-10], "bbox_max": [0.153000542453668, -1.5729999992131953, 2.400000025440027], "center": [-0.6809994787731659, -1.8730000115835188, 1.2000000125233121]}}
{"scene_id": "0288_840769", "object_label": "wardrobe", "preset": "occupancy_30", "distance": 4.99835977791049, "init_camera": {"intrinsics": [[320.0, 0.0, 320.0], [0.0, 320.0, 240.0], [0.0, 0.0, 1.0]], "extrinsics": [[0.984807753012208, -0.032523274539409695, 0.17057528021457266, -1.0452934935230127], [-0.17364817766693033, -0.18444865560978974, 0.9673804855571024, -3.9390140344298707], [0.0, -0.9823038888536355, -0.18729407343272939, 1.6], [0.0, 0.0, 0.0, 1.0]]}, "target_region": {"type": "circle", "params": {"center": [-0.6809994787731659, -1.8730000115835186], "radius": 4.99835977791049, "object_center": [-0.6809994787731659, -1.8730000115835186, 1.2000000125233121], "object_height": 2.4000000258334295, "occupancy_ratio": 0.3, "fov_vertical": 90.0, "sample_distance": 4.99835977791049, "min_distance": 2.4000000258334295}, "sample_point": [-2.580308044784945, 2.7504432334999205, 1.5], "sample_forward": [0.37930378486292965, -0.9233304968668361, -0.05991187148051513], "height": 1.5}, "sample_target": [-2.580308044784945, 2.7504432334999205, 1.5], "camera_params": {"forward": [0.37930378486292965, -0.9233304968668361, -0.05991187148051513]}, "task_type": "screen_occupancy", "task_description": "Position where wardrobe occupies 30% of vertical FOV", "target_object": {"label": "wardrobe", "id": "93", "bbox_min": [-1.5149994999999998, -2.173000023953842, -3.9340284274658187e-10], "bbox_max": [0.153000542453668, -1.5729999992131953, 2.400000025440027], "center": [-0.6809994787731659, -1.8730000115835188, 1.2000000125233121]}}
{"scene_id": "0288_840769", "object_label": "wardrobe", "preset": "occupancy_30", "distance": 4.99835977791049, "init_camera": {"intrinsics": [[320.0, 0.0, 320.0], [0.0, 320.0, 240.0], [0.0, 0.0, 1.0]], "extrinsics": [[1.0, -4.600983975392932e-17, 1.9304676837860684e-16, -0.6809994787731662], [-1.984539244651154e-16, -0.23184142051076956, 0.9727535945631599, -3.5513085070453663], [0.0, -0.9727535945631599, -0.23184142051076956, 1.6], [0.0, 0.0, 0.0, 1.0]]}, "target_region": {"type": "circle", "params": {"center": [-0.6809994787731659, -1.8730000115835186], "radius": 4.99835977791049, "object_center": [-0.6809994787731659, -1.8730000115835186, 1.2000000125233121], "object_height": 2.4000000258334295, "occupancy_ratio": 0.3, "fov_vertical": 90.0, "sample_distance": 4.99835977791049, "min_distance": 2.4000000258334295}, "sample_point": [-4.516752723432937, -5.0777773073586, 1.5], "sample_forward": [0.7660238833939378, 0.6400140449441506, -0.05991187148051513], "height": 1.5}, "sample_target": [-4.516752723432937, -5.0777773073586, 1.5], "camera_params": {"forward": [0.7660238833939378, 0.6400140449441506, -0.05991187148051513]}, "task_type": "screen_occupancy", "task_description": "Position where wardrobe occupies 30% of vertical FOV", "target_object": {"label": "wardrobe", "id": "93", "bbox_min": [-1.5149994999999998, -2.173000023953842, -3.9340284274658187e-10], "bbox_max": [0.153000542453668, -1.5729999992131953, 2.400000025440027], "center": [-0.6809994787731659, -1.8730000115835188, 1.2000000125233121]}}
{"scene_id": "0288_840769", "object_label": "wardrobe", "preset": "occupancy_50", "distance": 2.897056306031422, "init_camera": {"intrinsics": [[320.0, 0.0, 320.0], [0.0, 320.0, 240.0], [0.0, 0.0, 1.0]], "extrinsics": [[1.0, -4.600983975392932e-17, 1.9304676837860684e-16, -0.6809994787731662], [-1.984539244651154e-16, -0.23184142051076956, 0.9727535945631599, -3.5513085070453663], [0.0, -0.9727535945631599, -0.23184142051076956, 1.6], [0.0, 0.0, 0.0, 1.0]]}, "target_region": {"type": "circle", "params": {"center": [-0.6809994787731659, -1.8730000115835186], "radius": 2.897056306031422, "object_center": [-0.6809994787731659, -1.8730000115835186, 1.2000000125233121], "object_height": 2.4000000258334295, "occupancy_ratio": 0.5, "fov_vertical": 90.0, "sample_distance": 2.897056306031422, "min_distance": 2.4000000258334295}, "sample_point": [-3.373285458654746, -2.9428277747536056, 1.5], "sample_forward": [0.9243748354325002, 0.3673167969195333, -0.10300259375332521], "height": 1.5}, "sample_target": [-3.373285458654746, -2.9428277747536056, 1.5], "camera_params": {"forward": [0.9243748354325002, 0.3673167969195333, -0.10300259375332521]}, "task_type": "screen_occupancy", "task_description": "Position where wardrobe occupies 50% of vertical FOV", "target_object": {"label": "wardrobe", "id": "93", "bbox_min": [-1.5149994999999998, -2.173000023953842, -3.9340284274658187e-10], "bbox_max": [0.153000542453668, -1.5729999992131953, 2.400000025440027], "center": [-0.6809994787731659, -1.8730000115835188, 1.2000000125233121]}}
{"scene_id": "0288_840769", "object_label": "wardrobe", "preset": "occupancy_30", "distance": 4.99835977791049, "init_camera": {"intrinsics": [[320.0, 0.0, 320.0], [0.0, 320.0, 240.0], [0.0, 0.0, 1.0]], "extrinsics": [[1.0, -2.9735395121426137e-17, 1.5595364940827882e-16, -0.6809994787731662], [-1.5876313957209235e-16, -0.1872940734327294, 0.9823038888536355, -3.970885630910828], [0.0, -0.9823038888536355, -0.1872940734327294, 1.6], [0.0, 0.0, 0.0, 1.0]]}, "target_region": {"type": "circle", "params": {"center": [-0.6809994787731659, -1.8730000115835186], "radius": 4.99835977791049, "object_center": [-0.6809994787731659, -1.8730000115835186, 1.2000000125233121], "object_height": 2.4000000258334295, "occupancy_ratio": 0.3, "fov_vertical": 90.0, "sample_distance": 4.99835977791049, "min_distance": 2.4000000258334295}, "sample_point": [-4.976499956586391, 0.6828317736753922, 1.5], "sample_forward": [0.8578382777140462, -0.5104155727878033, -0.05991187148051515], "height": 1.5}, "sample_target": [-4.976499956586391, 0.6828317736753922, 1.5], "camera_params": {"forward": [0.8578382777140462, -0.5104155727878033, -0.05991187148051515]}, "task_type": "screen_occupancy", "task_description": "Position where wardrobe occupies 30% of vertical FOV", "target_object": {"label": "wardrobe", "id": "93", "bbox_min": [-1.5149994999999998, -2.173000023953842, -3.9340284274658187e-10], "bbox_max": [0.153000542453668, -1.5729999992131953, 2.400000025440027], "center": [-0.6809994787731659, -1.8730000115835188, 1.2000000125233121]}}
{"scene_id": "0288_840769", "object_label": "wardrobe", "preset": "occupancy_30", "distance": 4.99835977791049, "init_camera": {"intrinsics": [[320.0, 0.0, 320.0], [0.0, 320.0, 240.0], [0.0, 0.0, 1.0]], "extrinsics": [[0.9396926207859085, 0.07929443587191991, -0.33270132383305084, -0.10698416661061838], [0.3420201433256681, -0.21785967204649295, 0.914089374653969, -3.4500941201713173], [-0.0, -0.9727535945631599, -0.23184142051076959, 1.6], [0.0, 0.0, 0.0, 1.0]]}, "target_region": {"type": "circle", "params": {"center": [-0.6809994787731659, -1.8730000115835186], "radius": 4.99835977791049, "object_center": [-0.6809994787731659, -1.8730000115835186, 1.2000000125233121], "object_height": 2.4000000258334295, "occupancy_ratio": 0.3, "fov_vertical": 90.0, "sample_distance": 4.99835977791049, "min_distance": 2.4000000258334295}, "sample_point": [0.4201550303701238, 3.0025573120900324, 1.5], "sample_forward": [-0.21990743395317316, -0.9736792532183445, -0.05991187148051515], "height": 1.5}, "sample_target": [0.4201550303701238, 3.0025573120900324, 1.5], "camera_params": {"forward": [-0.21990743395317316, -0.9736792532183445, -0.05991187148051515]}, "task_type": "screen_occupancy", "task_description": "Position where wardrobe occupies 30% of vertical FOV", "target_object": {"label": "wardrobe", "id": "93", "bbox_min": [-1.5149994999999998, -2.173000023953842, -3.9340284274658187e-10], "bbox_max": [0.153000542453668, -1.5729999992131953, 2.400000025440027], "center": [-0.6809994787731659, -1.8730000115835188, 1.2000000125233121]}}
{"scene_id": "0288_840769", "object_label": "mirror cabinet", "preset": "left", "distance": 1.5, "init_camera": {"intrinsics": [[320.0, 0.0, 320.0], [0.0, 320.0, 240.0], [0.0, 0.0, 1.0]], "extrinsics": [[-1.292915323135121e-16, -0.03929070653168607, 0.9992278220607356, 0.24130160136987433], [-1.0, 5.0799556531622105e-18, -1.291916962445259e-16, 0.2538391000000001], [0.0, -0.9992278220607356, -0.03929070653168607, 1.6], [0.0, 0.0, 0.0, 1.0]]}, "target_region": {"type": "circle", "params": {"center": [1.099999, 0.2538391], "radius": 1.5, "object_center": [1.099999, 0.2538391, 1.5662351000000003], "sample_distance": 1.5, "min_distance": 1.0949999524762628, "requested_distance": 1.5}, "sample_point": [1.2704458057308956, -1.2364453984821302, 1.5], "sample_forward": [-0.11352058552634368, 0.9925558190607922, 0.04411374740731231], "height": 1.5}, "sample_target": [1.2704458057308956, -1.2364453984821302, 1.5], "camera_params": {"forward": [-0.11352058552634368, 0.9925558190607922, 0.04411374740731231]}, "task_type": "absolute_positioning", "task_description": "Move to any position 1.5m from mirror cabinet", "target_object": {"label": "mirror cabinet", "id": "121", "bbox_min": [1.0149979766173307, -0.2936608762381314, 1.0412351000000002], "bbox_max": [1.1850000233826692, 0.8013390762381314, 2.0912351], "center": [1.099999, 0.2538391, 1.5662351]}}
