{"scene_id": "0364_840301", "object_label": "cabinet", "preset": "occupancy_20", "distance": 7.892189077656231, "init_camera": {"intrinsics": [[320.0, 0.0, 320.0], [0.0, 320.0, 240.0], [0.0, 0.0, 1.0]], "extrinsics": [[-0.6427876096865396, -0.13504146955472915, 0.7540476711282675, -3.9107003201966037], [-0.7660444431189779, 0.11331324729701116, -0.6327211227338166, -3.698420287255817], [0.0, -0.9843393263948695, -0.17628411871888638, 1.6], [0.0, 0.0, 0.0, 1.0]]}, "target_region": {"type": "circle", "params": {"center": [-2.4135905021774793, -4.95464458338755], "radius": 7.892189077656231, "object_center": [-2.4135905021774793, -4.95464458338755, 1.25], "object_height": 2.4999999000000006, "occupancy_ratio": 0.2, "fov_vertical": 90.0, "sample_distance": 7.892189077656231, "min_distance": 2.4999999000000006}, "sample_point": [-8.51843288140007, -9.956399071797009, 1.5], "sample_forward": [0.7731418679382221, 0.633442367209769, -0.03166100858596928], "height": 1.5}, "sample_target": [-8.51843288140007, -9.956399071797009, 1.5], "camera_params": {"forward": [0.7731418679382221, 0.633442367209769, -0.03166100858596928]}, "task_type": "screen_occupancy", "task_description": "Position where cabinet occupies 20% of vertical FOV", "target_object": {"label": "cabinet", "id": "98", "bbox_min": [-3.6059204127170306, -5.138156173014201, 4.999999987376214e-08], "bbox_max": [-1.221260591637928, -4.7711329937609, 2.4999999500000003], "center": [-2.4135905021774793, -4.95464458338755, 1.25]}}
{"scene_id": "0364_840301", "object_label": "cabinet", "preset": "occupancy_30", "distance": 5.206624504348034, "init_camera": {"intrinsics": [[320.0, 0.0, 320.0], [0.0, 320.0, 240.0], [0.0, 0.0, 1.0]], "extrinsics": [[-0.6427876096865396, -0.13504146955472915, 0.7540476711282675, -3.9107003201966037], [-0.7660444431189779, 0.11331324729701116, -0.6327211227338166, -3.698420287255817], [0.0, -0.9843393263948695, -0.17628411871888638, 1.6], [0.0, 0.0, 0.0, 1.0]]}, "target_region": {"type": "circle", "params": {"center": [-2.4135905021774793, -4.95464458338755], "radius": 5.206624504348034, "object_center": [-2.4135905021774793, -4.95464458338755, 1.25], "object_height": 2.4999999000000006, "occupancy_ratio": 0.3, "fov_vertical": 90.0, "sample_distance": 5.206624504348034, "min_distance": 2.4999999000000006}, "sample_point": [-7.606071476362639, -4.57113439838258, 1.5], "sample_forward": [0.9961359100997641, -0.0735733590689574, -0.04796049879875028], "height": 1.5}, "sample_target": [-7.606071476362639, -4.57113439838258, 1.5], "camera_params": {"forward": [0.9961359100997641, -0.0735733590689574, -0.04796049879875028]}, "task_type": "screen_occupancy", "task_description": "Position where cabinet occupies 30% of vertical FOV", "target_object": {"label": "cabinet", "id": "98", "bbox_min": [-3.6059204127170306, -5.138156173014201, 4.999999987376214e-08], "bbox_max": [-1.221260591637928, -4.7711329937609, 2.4999999500000003], "center": [-2.4135905021774793, -4.95464458338755, 1.25]}}
{"scene_id": "0364_840301", "object_label": "cabinet", "preset": "occupancy_50", "distance": 3.0177668322556914, "init_camera": {"intrinsics": [[320.0, 0.0, 320.0], [0.0, 320.0, 240.0], [0.0, 0.0, 1.0]], "extrinsics": [[-0.6427876096865396, -0.13504146955472915, 0.7540476711282675, -3.9107003201966037], [-0.7660444431189779, 0.11331324729701116, -0.6327211227338166, -3.698420287255817], [0.0, -0.9843393263948695, -0.17628411871888638, 1.6], [0.0, 0.0, 0.0, 1.0]]}, "target_region": {"type": "circle", "params": {"center": [-2.4135905021774793, -4.95464458338755], "radius": 3.0177668322556914, "object_center": [-2.4135905021774793, -4.95464458338755, 1.25], "object_height": 2.4999999000000006, "occupancy_ratio": 0.5, "fov_vertical": 90.0, "sample_distance": 3.0177668322556914, "min_distance": 2.4999999000000006}, "sample_point": [-5.220825351974224, -6.062051081449215, 1.5], "sample_forward": [0.9270601070070257, 0.36570947623696504, -0.08255989938588044], "height": 1.5}, "sample_target": [-5.220825351974224, -6.062051081449215, 1.5], "camera_params": {"forward": [0.9270601070070257, 0.36570947623696504, -0.08255989938588044]}, "task_type": "screen_occupancy", "task_description": "Position where cabinet occupies 50% of vertical FOV", "target_object": {"label": "cabinet", "id": "98", "bbox_min": [-3.6059204127170306, -5.138156173014201, 4.999999987376214e-08], "bbox_max": [-1.221260591637928, -4.7711329937609, 2.4999999500000003], "center": [-2.4135905021774793, -4.95464458338755, 1.25]}}
{"scene_id": "0364_840301", "object_label": "cabinet", "preset": "occupancy_20", "distance": 7.892189077656231, "init_camera": {"intrinsics": [[320.0, 0.0, 320.0], [0.0, 320.0, 240.0], [0.0, 0.0, 1.0]], "extrinsics": [[-0.34202014332566893, -0.13326987634534834, 0.9301942601512785, -4.709186830066065], [-0.9396926207859082, 0.048506268114044286, -0.33856302278033784, -4.119115850145307], [0.0, -0.9898920557376668, -0.14182284014733304, 1.6], [0.0, 0.0, 0.0, 1.0]]}, "target_region": {"type": "circle", "params": {"center": [-2.4135905021774793, -4.95464458338755], "radius": 7.892189077656231, "object_center": [-2.4135905021774793, -4.95464458338755, 1.25], "object_height": 2.4999999000000006, "occupancy_ratio": 0.2, "fov_vertical": 90.0, "sample_distance": 7.892189077656231, "min_distance": 2.4999999000000006}, "sample_point": [-9.993358055199746, -7.153228736797914, 1.5], "sample_forward": [0.9599323423035572, 0.2784375670324061, -0.03166100858596927], "height": 1.5}, "sample_target": [-9.993358055199746, -7.153228736797914, 1.5], "camera_params": {"forward": [0.9599323423035572, 0.2784375670324061, -0.03166100858596927]}, "task_type": "screen_occupancy", "task_description": "Position where cabinet occupies 20% of vertical FOV", "target_object": {"label": "cabinet", "id": "98", "bbox_min": [-3.6059204127170306, -5.138156173014201, 4.999999987376214e-08], "bbox_max": [-1.221260591637928, -4.7711329937609, 2.4999999500000003], "center": [-2.4135905021774793, -4.95464458338755, 1.25]}}
{"scene_id": "0364_840301", "object_label": "cabinet", "preset": "occupancy_30", "distance": 5.206624504348034, "init_camera": {"intrinsics": [[320.0, 0.0, 320.0], [0.0, 320.0, 240.0], [0.0, 0.0, 1.0]], "extrinsics": [[-0.34202014332566893, -0.13326987634534834, 0.9301942601512785, -4.709186830066065], [-0.9396926207859082, 0.048506268114044286, -0.33856302278033784, -4.119115850145307], [0.0, -0.9898920557376668, -0.14182284014733304, 1.6], [0.0, 0.0, 0.0, 1.0]]}, "target_region": {"type": "circle", "params": {"center": [-2.4135905021774793, -4.95464458338755], "radius": 5.206624504348034, "object_center": [-2.4135905021774793, -4.95464458338755, 1.25], "object_height": 2.4999999000000006, "occupancy_ratio": 0.3, "fov_vertical": 90.0, "sample_distance": 5.206624504348034, "min_distance": 2.4999999000000006}, "sample_point": [2.401220092251453, -2.9730952731122997, 1.5], "sample_forward": [-0.9236828709212757, -0.3801443732604823, -0.04796049879875028], "height": 1.5}, "sample_target": [2.401220092251453, -2.9730952731122997, 1.5], "camera_params": {"forward": [-0.9236828709212757, -0.3801443732604823, -0.04796049879875028]}, "task_type": "screen_occupancy", "task_description": "Position where cabinet occupies 30% of vertical FOV", "target_object": {"label": "cabinet", "id": "98", "bbox_min": [-3.6059204127170306, -5.138156173014201, 4.999999987376214e-08], "bbox_max": [-1.221260591637928, -4.7711329937609, 2.4999999500000003], "center": [-2.4135905021774793, -4.95464458338755, 1.25]}}
{"scene_id": "0364_840301", "object_label": "cabinet", "preset": "occupancy_50", "distance": 3.0177668322556914, "init_camera": {"intrinsics": [[320.0, 0.0, 320.0], [0.0, 320.0, 240.0], [0.0, 0.0, 1.0]], "extrinsics": [[-0.34202014332566893, -0.13326987634534834, 0.9301942601512785, -4.709186830066065], [-0.9396926207859082, 0.048506268114044286, -0.33856302278033784, -4.119115850145307], [0.0, -0.9898920557376668, -0.14182284014733304, 1.6], [0.0, 0.0, 0.0, 1.0]]}, "target_region": {"type": "circle", "params": {"center": [-2.4135905021774793, -4.95464458338755], "radius": 3.0177668322556914, "object_center": [-2.4135905021774793, -4.95464458338755, 1.25], "object_height": 2.4999999000000006, "occupancy_ratio": 0.5, "fov_vertical": 90.0, "sample_distance": 3.0177668322556914, "min_distance": 2.4999999000000006}, "sample_point": [-4.447810713262026, -2.725549523351372, 1.5], "sample_forward": [0.6717800638234587, -0.7361354555126, -0.08255989938588046], "height": 1.5}, "sample_target": [-4.447810713262026, -2.725549523351372, 1.5], "camera_params": {"forward": [0.6717800638234587, -0.7361354555126, -0.08255989938588046]}, "task_type": "screen_occupancy", "task_description": "Position where cabinet occupies 50% of vertical FOV", "target_object": {"label": "cabinet", "id": "98", "bbox_min": [-3.6059204127170306, -5.138156173014201, 4.999999987376214e-08], "bbox_max": [-1.221260591637928, -4.7711329937609, 2.4999999500000003], "center": [-2.4135905021774793, -4.95464458338755, 1.25]}}
{"scene_id": "0364_840301", "object_label": "cabinet", "preset": "occupancy_30", "distance": 5.206624504348034, "init_camera": {"intrinsics": [[320.0, 0.0, 320.0], [0.0, 320.0, 240.0], [0.0, 0.0, 1.0]], "extrinsics": [[-0.3420201433256688, -0.16565288552188456, 0.9249764013626307, -4.250067564488347], [-0.9396926207859084, 0.06029271955027274, -0.3366638774946656, -4.286221596793756], [0.0, -0.9843393263948695, -0.1762841187188864, 1.6], [0.0, 0.0, 0.0, 1.0]]}, "target_region": {"type": "circle", "params": {"center": [-2.4135905021774793, -4.95464458338755], "radius": 5.206624504348034, "object_center": [-2.4135905021774793, -4.95464458338755, 1.25], "object_height": 2.4999999000000006, "occupancy_ratio": 0.3, "fov_vertical": 90.0, "sample_distance": 5.206624504348034, "min_distance": 2.4999999000000006}, "sample_point": [0.0012096991726013862, -9.567418013422568, 1.5], "sample_forward": [-0.4632600886242898, 0.8849236582004065, -0.04796049879875027], "height": 1.5}, "sample_target": [0.0012096991726013862, -9.567418013422568, 1.5], "camera_params": {"forward": [-0.4632600886242898, 0.8849236582004065, -0.04796049879875027]}, "task_type": "screen_occupancy", "task_description": "Position where cabinet occupies 30% of vertical FOV", "target_object": {"label": "cabinet", "id": "98", "bbox_min": [-3.6059204127170306, -5.138156173014201, 4.999999987376214e-08], "bbox_max": [-1.221260591637928, -4.7711329937609, 2.4999999500000003], "center": [-2.4135905021774793, -4.95464458338755, 1.25]}}
{"scene_id": "0364_840301", "object_label": "cabinet", "preset": "occupancy_50", "distance": 3.0177668322556914, "init_camera": {"intrinsics": [[320.0, 0.0, 320.0], [0.0, 320.0, 240.0], [0.0, 0.0, 1.0]], "extrinsics": [[-0.3420201433256688, -0.16565288552188456, 0.9249764013626307, -4.250067564488347], [-0.9396926207859084, 0.06029271955027274, -0.3366638774946656, -4.286221596793756], [0.0, -0.9843393263948695, -0.1762841187188864, 1.6], [0.0, 0.0, 0.0, 1.0]]}, "target_region": {"type": "circle", "params": {"center": [-2.4135905021774793, -4.95464458338755], "radius": 3.0177668322556914, "object_center": [-2.4135905021774793, -4.95464458338755, 1.25], "object_height": 2.4999999000000006, "occupancy_ratio": 0.5, "fov_vertical": 90.0, "sample_distance": 3.0177668322556914, "min_distance": 2.4999999000000006}, "sample_point": [-5.200722285852889, -3.797573680508699, 1.5], "sample_forward": [0.9204212785417254, -0.3821106292960311, -0.08255989938588046], "height": 1.5}, "sample_target": [-5.200722285852889, -3.797573680508699, 1.5], "camera_params": {"forward": [0.9204212785417254, -0.3821106292960311, -0.08255989938588046]}, "task_type": "screen_occupancy", "task_description": "Position where cabinet occupies 50% of vertical FOV", "target_object": {"label": "cabinet", "id": "98", "bbox_min": [-3.6059204127170306, -5.138156173014201, 4.999999987376214e-08], "bbox_max": [-1.221260591637928, -4.7711329937609, 2.4999999500000003], "center": [-2.4135905021774793, -4.95464458338755, 1.25]}}
{"scene_id": "0364_840301", "object_label": "cabinet", "preset": "occupancy_20", "distance": 7.892189077656231, "init_camera": {"intrinsics": [[320.0, 0.0, 320.0], [0.0, 320.0, 240.0], [0.0, 0.0, 1.0]], "extrinsics": [[-0.49999999999999983, -0.15266652509430748, 0.8524628626020194, -4.106096917837608], [-0.8660254037844387, 0.08814205935944315, -0.49216966319743466, -3.9774755487010065], [0.0, -0.9843393263948697, -0.17628411871888636, 1.6], [0.0, 0.0, 0.0, 1.0]]}, "target_region": {"type": "circle", "params": {"center": [-2.4135905021774793, -4.95464458338755], "radius": 7.892189077656231, "object_center": [-2.4135905021774793, -4.95464458338755, 1.25], "object_height": 2.4999999000000006, "occupancy_ratio": 0.2, "fov_vertical": 90.0, "sample_distance": 7.892189077656231, "min_distance": 2.4999999000000006}, "sample_point": [3.3632357497781724, 0.42261558255126364, 1.5], "sample_forward": [-0.7316005822512824, -0.6809979211311175, -0.03166100858596928], "height": 1.5}, "sample_target": [3.3632357497781724, 0.42261558255126364, 1.5], "camera_params": {"forward": [-0.7316005822512824, -0.6809979211311175, -0.03166100858596928]}, "task_type": "screen_occupancy", "task_description": "Position where cabinet occupies 20% of vertical FOV", "target_object": {"label": "cabinet", "id": "98", "bbox_min": [-3.6059204127170306, -5.138156173014201, 4.999999987376214e-08], "bbox_max": [-1.221260591637928, -4.7711329937609, 2.4999999500000003], "center": [-2.4135905021774793, -4.95464458338755, 1.25]}}
{"scene_id": "0364_840301", "object_label": "cabinet", "preset": "occupancy_30", "distance": 5.206624504348034, "init_camera": {"intrinsics": [[320.0, 0.0, 320.0], [0.0, 320.0, 240.0], [0.0, 0.0, 1.0]], "extrinsics": [[-0.49999999999999983, -0.15266652509430748, 0.8524628626020194, -4.106096917837608], [-0.8660254037844387, 0.08814205935944315, -0.49216966319743466, -3.9774755487010065], [0.0, -0.9843393263948697, -0.17628411871888636, 1.6], [0.0, 0.0, 0.0, 1.0]]}, "target_region": {"type": "circle", "params": {"center": [-2.4135905021774793, -4.95464458338755], "radius": 5.206624504348034, "object_center": [-2.4135905021774793, -4.95464458338755, 1.25], "object_height": 2.4999999000000006, "occupancy_ratio": 0.3, "fov_vertical": 90.0, "sample_distance": 5.206624504348034, "min_distance": 2.4999999000000006}, "sample_point": [-6.608662323345708, -8.038523819758145, 1.5], "sample_forward": [0.8047909481592399, 0.5916175456457715, -0.04796049879875028], "height": 1.5}, "sample_target": [-6.608662323345708, -8.038523819758145, 1.5], "camera_params": {"forward": [0.8047909481592399, 0.5916175456457715, -0.04796049879875028]}, "task_type": "screen_occupancy", "task_description": "Position where cabinet occupies 30% of vertical FOV", "target_object": {"label": "cabinet", "id": "98", "bbox_min": [-3.6059204127170306, -5.138156173014201, 4.999999987376214e-08], "bbox_max": [-1.221260591637928, -4.7711329937609, 2.4999999500000003], "center": [-2.4135905021774793, -4.95464458338755, 1.25]}}
{"scene_id": "0364_840301", "object_label": "cabinet", "preset": "occupancy_50", "distance": 3.0177668322556914, "init_camera": {"intrinsics": [[320.0, 0.0, 320.0], [0.0, 320.0, 240.0], [0.0, 0.0, 1.0]], "extrinsics": [[-0.49999999999999983, -0.15266652509430748, 0.8524628626020194, -4.106096917837608], [-0.8660254037844387, 0.08814205935944315, -0.49216966319743466, -3.9774755487010065], [0.0, -0.9843393263948697, -0.17628411871888636, 1.6], [0.0, 0.0, 0.0, 1.0]]}, "target_region": {"type": "circle", "params": {"center": [-2.4135905021774793, -4.95464458338755], "radius": 3.0177668322556914, "object_center": [-2.4135905021774793, -4.95464458338755, 1.25], "object_height": 2.4999999000000006, "occupancy_ratio": 0.5, "fov_vertical": 90.0, "sample_distance": 3.0177668322556914, "min_distance": 2.4999999000000006}, "sample_point": [-2.2787577686331435, -1.939891394844993, 1.5], "sample_forward": [-0.044527107661374354, -0.995590879677343, -0.08255989938588044], "height": 1.5}, "sample_target": [-2.2787577686331435, -1.939891394844993, 1.5], "camera_params": {"forward": [-0.044527107661374354, -0.995590879677343, -0.08255989938588044]}, "task_type": "screen_occupancy", "task_description": "Position where cabinet occupies 50% of vertical FOV", "target_object": {"label": "cabinet", "id": "98", "bbox_min": [-3.6059204127170306, -5.138156173014201, 4.999999987376214e-08], "bbox_max": [-1.221260591637928, -4.7711329937609, 2.4999999500000003], "center": [-2.4135905021774793, -4.95464458338755, 1.25]}}
{"scene_id": "0364_840301", "object_label": "cabinet", "preset": "occupancy_20", "distance": 7.892189077656231, "init_camera": {"intrinsics": [[320.0, 0.0, 320.0], [0.0, 320.0, 240.0], [0.0, 0.0, 1.0]], "extrinsics": [[-0.9396926207859083, 0.06029271955027276, -0.33666387749466564, -1.7451675155836852], [0.3420201433256689, 0.16565288552188456, -0.9249764013626306, -3.118167521076682], [0.0, -0.9843393263948695, -0.1762841187188864, 1.6], [0.0, 0.0, 0.0, 1.0]]}, "target_region": {"type": "circle", "params": {"center": [-2.4135905021774793, -4.95464458338755], "radius": 7.892189077656231, "object_center": [-2.4135905021774793, -4.95464458338755, 1.25], "object_height": 2.4999999000000006, "occupancy_ratio": 0.2, "fov_vertical": 90.0, "sample_distance": 7.892189077656231, "min_distance": 2.4999999000000006}, "sample_point": [5.478515661190243, -4.918468021783216, 1.5], "sample_forward": [-0.999488163999066, -0.00458154571026265, -0.03166100858596928], "height": 1.5}, "sample_target": [5.478515661190243, -4.918468021783216, 1.5], "camera_params": {"forward": [-0.999488163999066, -0.00458154571026265, -0.03166100858596928]}, "task_type": "screen_occupancy", "task_description": "Position where cabinet occupies 20% of vertical FOV", "target_object": {"label": "cabinet", "id": "98", "bbox_min": [-3.6059204127170306, -5.138156173014201, 4.999999987376214e-08], "bbox_max": [-1.221260591637928, -4.7711329937609, 2.4999999500000003], "center": [-2.4135905021774793, -4.95464458338755, 1.25]}}
{"scene_id": "0364_840301", "object_label": "cabinet", "preset": "occupancy_50", "distance": 3.0177668322556914, "init_camera": {"intrinsics": [[320.0, 0.0, 320.0], [0.0, 320.0, 240.0], [0.0, 0.0, 1.0]], "extrinsics": [[-0.9396926207859083, 0.06029271955027276, -0.33666387749466564, -1.7451675155836852], [0.3420201433256689, 0.16565288552188456, -0.9249764013626306, -3.118167521076682], [0.0, -0.9843393263948695, -0.1762841187188864, 1.6], [0.0, 0.0, 0.0, 1.0]]}, "target_region": {"type": "circle", "params": {"center": [-2.4135905021774793, -4.95464458338755], "radius": 3.0177668322556914, "object_center": [-2.4135905021774793, -4.95464458338755, 1.25], "object_height": 2.4999999000000006, "occupancy_ratio": 0.5, "fov_vertical": 90.0, "sample_distance": 3.0177668322556914, "min_distance": 2.4999999000000006}, "sample_point": [0.4695825923832455, -5.845840162743555, 1.5], "sample_forward": [-0.952137922396044, 0.2943080694590927, -0.08255989938588044], "height": 1.5}, "sample_target": [0.4695825923832455, -5.845840162743555, 1.5], "camera_params": {"forward": [-0.952137922396044, 0.2943080694590927, -0.08255989938588044]}, "task_type": "screen_occupancy", "task_description": "Position where cabinet occupies 50% of vertical FOV", "target_object": {"label": "cabinet", "id": "98", "bbox_min": [-3.6059204127170306, -5.138156173014201, 4.999999987376214e-08], "bbox_max": [-1.221260591637928, -4.7711329937609, 2.4999999500000003], "center": [-2.4135905021774793, -4.95464458338755, 1.25]}}
{"scene_id": "0364_840301", "object_label": "shower head", "preset": "back", "distance": 1.5, "init_camera": {"intrinsics": [[320.0, 0.0, 320.0], [0.0, 320.0, 240.0], [0.0, 0.0, 1.0]], "extrinsics": [[-0.9396926207859083, 0.05680179676944217, -0.33727041720891276, 0.9791162448910016], [0.3420201433256689, 0.15606165400849278, -0.926642855531527, 4.1785086346877085], [0.0, -0.986112729880259, -0.16607734333166438, 1.6], [0.0, 0.0, 0.0, 1.0]]}, "target_region": {"type": "circle", "params": {"center": [0.7038173000000001, 3.422131], "radius": 1.5, "object_center": [0.7038173000000001, 3.422131, 1.4644384000000001], "sample_distance": 1.5, "min_distance": 1.3043299560546875, "requested_distance": 1.5}, "sample_point": [-0.7940181512853945, 3.341576913370717, 1.5], "sample_forward": [0.9982764629857098, 0.05368763879257561, -0.02370107359633346], "height": 1.5}, "sample_target": [-0.7940181512853945, 3.341576913370717, 1.5], "camera_params": {"forward": [0.9982764629857098, 0.05368763879257561, -0.02370107359633346]}, "task_type": "absolute_positioning", "task_description": "Move to any position 1.5m from shower head", "target_object": {"label": "shower head", "id": "145", "bbox_min": [0.5379872614612619, 3.179026971054116, 0.8122734219726563], "bbox_max": [0.8696473385387383, 3.665235028945884, 2.1166033780273437], "center": [0.7038173000000001, 3.4221310000000003, 1.4644384]}}
{"scene_id": "0364_840301", "object_label": "shower head", "preset": "occupancy_20", "distance": 4.117607617838158, "init_camera": {"intrinsics": [[320.0, 0.0, 320.0], [0.0, 320.0, 240.0], [0.0, 0.0, 1.0]], "extrinsics": [[-0.9396926207859083, 0.05680179676944217, -0.33727041720891276, 0.9791162448910016], [0.3420201433256689, 0.15606165400849278, -0.926642855531527, 4.1785086346877085], [0.0, -0.986112729880259, -0.16607734333166438, 1.6], [0.0, 0.0, 0.0, 1.0]]}, "target_region": {"type": "circle", "params": {"center": [0.7038173000000001, 3.422131], "radius": 4.117607617838158, "object_center": [0.7038173000000001, 3.422131, 1.4644384000000001], "object_height": 1.3043299560546875, "occupancy_ratio": 0.2, "fov_vertical": 90.0, "sample_distance": 4.117607617838158, "min_distance": 1.3043299560546875}, "sample_point": [-2.574704203521092, 5.913313298714534, 1.5], "sample_forward": [0.7961902989332492, -0.6049846484095154, -0.008636149222793215], "height": 1.5}, "sample_target": [-2.574704203521092, 5.913313298714534, 1.5], "camera_params": {"forward": [0.7961902989332492, -0.6049846484095154, -0.008636149222793215]}, "task_type": "screen_occupancy", "task_description": "Position where shower head occupies 20% of vertical FOV", "target_object": {"label": "shower head", "id": "145", "bbox_min": [0.5379872614612619, 3.179026971054116, 0.8122734219726563], "bbox_max": [0.8696473385387383, 3.665235028945884, 2.1166033780273437], "center": [0.7038173000000001, 3.4221310000000003, 1.4644384]}}
{"scene_id": "0364_840301", "object_label": "shower head", "preset": "occupancy_30", "distance": 2.716462633038317, "init_camera": {"intrinsics": [[320.0, 0.0, 320.0], [0.0, 320.0, 240.0], [0.0, 0.0, 1.0]], "extrinsics": [[-0.9396926207859083, 0.05680179676944217, -0.33727041720891276, 0.9791162448910016], [0.3420201433256689, 0.15606165400849278, -0.926642855531527, 4.1785086346877085], [0.0, -0.986112729880259, -0.16607734333166438, 1.6], [0.0, 0.0, 0.0, 1.0]]}, "target_region": {"type": "circle", "params": {"center": [0.7038173000000001, 3.422131], "radius": 2.716462633038317, "object_center": [0.7038173000000001, 3.422131, 1.4644384000000001], "object_height": 1.3043299560546875, "occupancy_ratio": 0.3, "fov_vertical": 90.0, "sample_distance": 2.716462633038317, "min_distance": 1.3043299560546875}, "sample_point": [2.2813122295651835, 1.2106430430150197, 1.5], "sample_forward": [-0.5806668399469271, 0.8140360387193831, -0.013090021088783037], "height": 1.5}, "sample_target": [2.2813122295651835, 1.2106430430150197, 1.5], "camera_params": {"forward": [-0.5806668399469271, 0.8140360387193831, -0.013090021088783037]}, "task_type": "screen_occupancy", "task_description": "Position where shower head occupies 30% of vertical FOV", "target_object": {"label": "shower head", "id": "145", "bbox_min": [0.5379872614612619, 3.179026971054116, 0.8122734219726563], "bbox_max": [0.8696473385387383, 3.665235028945884, 2.1166033780273437], "center": [0.7038173000000001, 3.4221310000000003, 1.4644384]}}
{"scene_id": "0364_840301", "object_label": "shower head", "preset": "occupancy_50", "distance": 1.574465534858365, "init_camera": {"intrinsics": [[320.0, 0.0, 320.0], [0.0, 320.0, 240.0], [0.0, 0.0, 1.0]], "extrinsics": [[-0.9396926207859083, 0.05680179676944217, -0.33727041720891276, 0.9791162448910016], [0.3420201433256689, 0.15606165400849278, -0.926642855531527, 4.1785086346877085], [0.0, -0.986112729880259, -0.16607734333166438, 1.6], [0.0, 0.0, 0.0, 1.0]]}, "target_region": {"type": "circle", "params": {"center": [0.7038173000000001, 3.422131], "radius": 1.574465534858365, "object_center": [0.7038173000000001, 3.422131, 1.4644384000000001], "object_height": 1.3043299560546875, "occupancy_ratio": 0.5, "fov_vertical": 90.0, "sample_distance": 1.574465534858365, "min_distance": 1.3043299560546875}, "sample_point": [0.16676750001062834, 4.902171280799212, 1.5], "sample_forward": [0.34101277736912616, -0.9397874215454678, -0.022580699190149336], "height": 1.5}, "sample_target": [0.16676750001062834, 4.902171280799212, 1.5], "camera_params": {"forward": [0.34101277736912616, -0.9397874215454678, -0.022580699190149336]}, "task_type": "screen_occupancy", "task_description": "Position where shower head occupies 50% of vertical FOV", "target_object": {"label": "shower head", "id": "145", "bbox_min": [0.5379872614612619, 3.179026971054116, 0.8122734219726563], "bbox_max": [0.8696473385387383, 3.665235028945884, 2.1166033780273437], "center": [0.7038173000000001, 3.4221310000000003, 1.4644384]}}
{"scene_id": "0364_840301", "object_label": "wardrobe", "preset": "occupancy_20", "distance": 7.8489191075382205, "init_camera": {"intrinsics": [[320.0, 0.0, 320.0], [0.0, 320.0, 240.0], [0.0, 0.0, 1.0]], "extrinsics": [[0.17364817766692983, -0.19838272995032427, 0.9646194082903428, -3.5614587617188675], [-0.9848077530122081, -0.03498022779684334, 0.17008842779662164, 4.64491301623413], [0.0, -0.9795002175194949, -0.20144310333010243, 1.6], [0.0, 0.0, 0.0, 1.0]]}, "target_region": {"type": "circle", "params": {"center": [-1.8526506, 4.946222], "radius": 7.8489191075382205, "object_center": [-1.8526506, 4.946222, 1.2431466999999998], "object_height": 2.4862933199999997, "occupancy_ratio": 0.2, "fov_vertical": 90.0, "sample_distance": 7.8489191075382205, "min_distance": 2.4862933199999997}, "sample_point": [-0.32128744518453534, -2.751859452203023, 1.5], "sample_forward": [-0.19500058801451176, 0.9802576253991746, -0.03270716314152371], "height": 1.5}, "sample_target": [-0.32128744518453534, -2.751859452203023, 1.5], "camera_params": {"forward": [-0.19500058801451176, 0.9802576253991746, -0.03270716314152371]}, "task_type": "screen_occupancy", "task_description": "Position where wardrobe occupies 20% of vertical FOV", "target_object": {"label": "wardrobe", "id": "149", "bbox_min": [-2.71404114, 4.6437219999999995, 4.0000000126383385e-08], "bbox_max": [-0.99126006, 5.248722, 2.48629336], "center": [-1.8526506, 4.946222, 1.2431467]}}
{"scene_id": "0364_840301", "object_label": "wardrobe", "preset": "occupancy_30", "distance": 5.17807849708667, "init_camera": {"intrinsics": [[320.0, 0.0, 320.0], [0.0, 320.0, 240.0], [0.0, 0.0, 1.0]], "extrinsics": [[0.17364817766692983, -0.19838272995032427, 0.9646194082903428, -3.5614587617188675], [-0.9848077530122081, -0.03498022779684334, 0.17008842779662164, 4.64491301623413], [0.0, -0.9795002175194949, -0.20144310333010243, 1.6], [0.0, 0.0, 0.0, 1.0]]}, "target_region": {"type": "circle", "params": {"center": [-1.8526506, 4.946222], "radius": 5.17807849708667, "object_center": [-1.8526506, 4.946222, 1.2431466999999998], "object_height": 2.4862933199999997, "occupancy_ratio": 0.3, "fov_vertical": 90.0, "sample_distance": 5.17807849708667, "min_distance": 2.4862933199999997}, "sample_point": [-0.9417825965118652, -0.15111224470211582, 1.5], "sample_forward": [-0.17569247887322822, 0.9831976594496493, -0.049543065307987647], "height": 1.5}, "sample_target": [-0.9417825965118652, -0.15111224470211582, 1.5], "camera_params": {"forward": [-0.17569247887322822, 0.9831976594496493, -0.049543065307987647]}, "task_type": "screen_occupancy", "task_description": "Position where wardrobe occupies 30% of vertical FOV", "target_object": {"label": "wardrobe", "id": "149", "bbox_min": [-2.71404114, 4.6437219999999995, 4.0000000126383385e-08], "bbox_max": [-0.99126006, 5.248722, 2.48629336], "center": [-1.8526506, 4.946222, 1.2431467]}}
{"scene_id": "0364_840301", "object_label": "wardrobe", "preset": "occupancy_50", "distance": 3.0012215265908146, "init_camera": {"intrinsics": [[320.0, 0.0, 320.0], [0.0, 320.0, 240.0], [0.0, 0.0, 1.0]], "extrinsics": [[0.17364817766692983, -0.19838272995032427, 0.9646194082903428, -3.5614587617188675], [-0.9848077530122081, -0.03498022779684334, 0.17008842779662164, 4.64491301623413], [0.0, -0.9795002175194949, -0.20144310333010243, 1.6], [0.0, 0.0, 0.0, 1.0]]}, "target_region": {"type": "circle", "params": {"center": [-1.8526506, 4.946222], "radius": 3.0012215265908146, "object_center": [-1.8526506, 4.946222, 1.2431466999999998], "object_height": 2.4862933199999997, "occupancy_ratio": 0.5, "fov_vertical": 90.0, "sample_distance": 3.0012215265908146, "min_distance": 2.4862933199999997}, "sample_point": [-3.258351382219879, 7.597888638651721, 1.5], "sample_forward": [0.4666702857755932, -0.8803111186201528, -0.08527120737893629], "height": 1.5}, "sample_target": [-3.258351382219879, 7.597888638651721, 1.5], "camera_params": {"forward": [0.4666702857755932, -0.8803111186201528, -0.08527120737893629]}, "task_type": "screen_occupancy", "task_description": "Position where wardrobe occupies 50% of vertical FOV", "target_object": {"label": "wardrobe", "id": "149", "bbox_min": [-2.71404114, 4.6437219999999995, 4.0000000126383385e-08], "bbox_max": [-0.99126006, 5.248722, 2.48629336], "center": [-1.8526506, 4.946222, 1.2431467]}}
{"scene_id": "0364_840301", "object_label": "wardrobe", "preset": "occupancy_20", "distance": 7.8489191075382205, "init_camera": {"intrinsics": [[320.0, 0.0, 320.0], [0.0, 320.0, 240.0], [0.0, 0.0, 1.0]], "extrinsics": [[0.3420201433256687, -0.18929459770751048, 0.9204291264612614, -3.483176370125662], [-0.9396926207859084, -0.06889759907292911, 0.3350088047835413, 4.3527591534702825], [0.0, -0.9795002175194949, -0.2014431033301024, 1.6], [0.0, 0.0, 0.0, 1.0]]}, "target_region": {"type": "circle", "params": {"center": [-1.8526506, 4.946222], "radius": 7.8489191075382205, "object_center": [-1.8526506, 4.946222, 1.2431466999999998], "object_height": 2.4862933199999997, "occupancy_ratio": 0.2, "fov_vertical": 90.0, "sample_distance": 7.8489191075382205, "min_distance": 2.4862933199999997}, "sample_point": [5.021582123747205, 1.1580224782691726, 1.5], "sample_forward": [-0.8753504477785589, 0.4823814207171647, -0.0327071631415237], "height": 1.5}, "sample_target": [5.021582123747205, 1.1580224782691726, 1.5], "camera_params": {"forward": [-0.8753504477785589, 0.4823814207171647, -0.0327071631415237]}, "task_type": "screen_occupancy", "task_description": "Position where wardrobe occupies 20% of vertical FOV", "target_object": {"label": "wardrobe", "id": "149", "bbox_min": [-2.71404114, 4.6437219999999995, 4.0000000126383385e-08], "bbox_max": [-0.99126006, 5.248722, 2.48629336], "center": [-1.8526506, 4.946222, 1.2431467]}}
{"scene_id": "0364_840301", "object_label": "wardrobe", "preset": "occupancy_30", "distance": 5.17807849708667, "init_camera": {"intrinsics": [[320.0, 0.0, 320.0], [0.0, 320.0, 240.0], [0.0, 0.0, 1.0]], "extrinsics": [[0.3420201433256687, -0.18929459770751048, 0.9204291264612614, -3.483176370125662], [-0.9396926207859084, -0.06889759907292911, 0.3350088047835413, 4.3527591534702825], [0.0, -0.9795002175194949, -0.2014431033301024, 1.6], [0.0, 0.0, 0.0, 1.0]]}, "target_region": {"type": "circle", "params": {"center": [-1.8526506, 4.946222], "radius": 5.17807849708667, "object_center": [-1.8526506, 4.946222, 1.2431466999999998], "object_height": 2.4862933199999997, "occupancy_ratio": 0.3, "fov_vertical": 90.0, "sample_distance": 5.17807849708667, "min_distance": 2.4862933199999997}, "sample_point": [-0.4952593646976384, -0.050775694247584546, 1.5], "sample_forward": [-0.2618199673474115, 0.9638442765188205, -0.049543065307987647], "height": 1.5}, "sample_target": [-0.4952593646976384, -0.050775694247584546, 1.5], "camera_params": {"forward": [-0.2618199673474115, 0.9638442765188205, -0.049543065307987647]}, "task_type": "screen_occupancy", "task_description": "Position where wardrobe occupies 30% of vertical FOV", "target_object": {"label": "wardrobe", "id": "149", "bbox_min": [-2.71404114, 4.6437219999999995, 4.0000000126383385e-08], "bbox_max": [-0.99126006, 5.248722, 2.48629336], "center": [-1.8526506, 4.946222, 1.2431467]}}
{"scene_id": "0364_840301", "object_label": "wardrobe", "preset": "occupancy_50", "distance": 3.0012215265908146, "init_camera": {"intrinsics": [[320.0, 0.0, 320.0], [0.0, 320.0, 240.0], [0.0, 0.0, 1.0]], "extrinsics": [[0.3420201433256687, -0.18929459770751048, 0.9204291264612614, -3.483176370125662], [-0.9396926207859084, -0.06889759907292911, 0.3350088047835413, 4.3527591534702825], [0.0, -0.9795002175194949, -0.2014431033301024, 1.6], [0.0, 0.0, 0.0, 1.0]]}, "target_region": {"type": "circle", "params": {"center": [-1.8526506, 4.946222], "radius": 3.0012215265908146, "object_center": [-1.8526506, 4.946222, 1.2431466999999998], "object_height": 2.4862933199999997, "occupancy_ratio": 0.5, "fov_vertical": 90.0, "sample_distance": 3.0012215265908146, "min_distance": 2.4862933199999997}, "sample_point": [-2.3136319459071433, 7.911829332469647, 1.5], "sample_forward": [0.15303846960373543, -0.9845344321116885, -0.08527120737893627], "height": 1.5}, "sample_target": [-2.3136319459071433, 7.911829332469647, 1.5], "camera_params": {"forward": [0.15303846960373543, -0.9845344321116885, -0.08527120737893627]}, "task_type": "screen_occupancy", "task_description": "Position where wardrobe occupies 50% of vertical FOV", "target_object": {"label": "wardrobe", "id": "149", "bbox_min": [-2.71404114, 4.6437219999999995, 4.0000000126383385e-08], "bbox_max": [-0.99126006, 5.248722, 2.48629336], "center": [-1.8526506, 4.946222, 1.2431467]}}
{"scene_id": "0364_840301", "object_label": "wardrobe", "preset": "occupancy_30", "distance": 5.17807849708667, "init_camera": {"intrinsics": [[320.0, 0.0, 320.0], [0.0, 320.0, 240.0], [0.0, 0.0, 1.0]], "extrinsics": [[0.6427876096865391, -0.15431436991066713, 0.7503406986646394, -3.1818673863597917], [-0.7660444431189782, -0.12948513087739508, 0.6296106035068011, 3.8308766848108498], [0.0, -0.9795002175194949, -0.20144310333010243, 1.6], [0.0, 0.0, 0.0, 1.0]]}, "target_region": {"type": "circle", "params": {"center": [-1.8526506, 4.946222], "radius": 5.17807849708667, "object_center": [-1.8526506, 4.946222, 1.2431466999999998], "object_height": 2.4862933199999997, "occupancy_ratio": 0.3, "fov_vertical": 90.0, "sample_distance": 5.17807849708667, "min_distance": 2.4862933199999997}, "sample_point": [3.265048054784931, 4.157769464457212, 1.5], "sample_forward": [-0.9871256420712143, 0.15208041111655854, -0.04954306530798765], "height": 1.5}, "sample_target": [3.265048054784931, 4.157769464457212, 1.5], "camera_params": {"forward": [-0.9871256420712143, 0.15208041111655854, -0.04954306530798765]}, "task_type": "screen_occupancy", "task_description": "Position where wardrobe occupies 30% of vertical FOV", "target_object": {"label": "wardrobe", "id": "149", "bbox_min": [-2.71404114, 4.6437219999999995, 4.0000000126383385e-08], "bbox_max": [-0.99126006, 5.248722, 2.48629336], "center": [-1.8526506, 4.946222, 1.2431467]}}
{"scene_id": "0364_840301", "object_label": "wardrobe", "preset": "occupancy_50", "distance": 3.0012215265908146, "init_camera": {"intrinsics": [[320.0, 0.0, 320.0], [0.0, 320.0, 240.0], [0.0, 0.0, 1.0]], "extrinsics": [[0.6427876096865391, -0.15431436991066713, 0.7503406986646394, -3.1818673863597917], [-0.7660444431189782, -0.12948513087739508, 0.6296106035068011, 3.8308766848108498], [0.0, -0.9795002175194949, -0.20144310333010243, 1.6], [0.0, 0.0, 0.0, 1.0]]}, "target_region": {"type": "circle", "params": {"center": [-1.8526506, 4.946222], "radius": 3.0012215265908146, "object_center": [-1.8526506, 4.946222, 1.2431466999999998], "object_height": 2.4862933199999997, "occupancy_ratio": 0.5, "fov_vertical": 90.0, "sample_distance": 3.0012215265908146, "min_distance": 2.4862933199999997}, "sample_point": [-2.823750299728366, 7.7859924176323085, 1.5], "sample_forward": [0.3223896437427909, -0.9427585792765477, -0.08527120737893627], "height": 1.5}, "sample_target": [-2.823750299728366, 7.7859924176323085, 1.5], "camera_params": {"forward": [0.3223896437427909, -0.9427585792765477, -0.08527120737893627]}, "task_type": "screen_occupancy", "task_description": "Position where wardrobe occupies 50% of vertical FOV", "target_object": {"label": "wardrobe", "id": "149", "bbox_min": [-2.71404114, 4.6437219999999995, 4.0000000126383385e-08], "bbox_max": [-0.99126006, 5.248722, 2.48629336], "center": [-1.8526506, 4.946222, 1.2431467]}}
{"scene_id": "0364_840301", "object_label": "wardrobe", "preset": "occupancy_20", "distance": 7.8489191075382205, "init_camera": {"intrinsics": [[320.0, 0.0, 320.0], [0.0, 320.0, 240.0], [0.0, 0.0, 1.0]], "extrinsics": [[0.9396926207859085, 0.06889759907292906, -0.33500880478354084, -1.2591877534702838], [0.34202014332566827, -0.18929459770751056, 0.9204291264612615, 3.3156962298743378], [-0.0, -0.9795002175194949, -0.20144310333010243, 1.6], [0.0, 0.0, 0.0, 1.0]]}, "target_region": {"type": "circle", "params": {"center": [-1.8526506, 4.946222], "radius": 7.8489191075382205, "object_center": [-1.8526506, 4.946222, 1.2431466999999998], "object_height": 2.4862933199999997, "occupancy_ratio": 0.2, "fov_vertical": 90.0, "sample_distance": 7.8489191075382205, "min_distance": 2.4862933199999997}, "sample_point": [-5.777837267236524, -1.8507214883649867, 1.5], "sample_forward": [0.49982507791894687, 0.8655085978559384, -0.03270716314152371], "height": 1.5}, "sample_target": [-5.777837267236524, -1.8507214883649867, 1.5], "camera_params": {"forward": [0.49982507791894687, 0.8655085978559384, -0.03270716314152371]}, "task_type": "screen_occupancy", "task_description": "Position where wardrobe occupies 20% of vertical FOV", "target_object": {"label": "wardrobe", "id": "149", "bbox_min": [-2.71404114, 4.6437219999999995, 4.0000000126383385e-08], "bbox_max": [-0.99126006, 5.248722, 2.48629336], "center": [-1.8526506, 4.946222, 1.2431467]}}
