{"scene_id": "0366_840285", "object_label": "cabinet", "preset": "front", "distance": 2.505000147817642, "init_camera": {"intrinsics": [[320.0, 0.0, 320.0], [0.0, 320.0, 240.0], [0.0, 0.0, 1.0]], "extrinsics": [[-0.49999999999999994, 0.2849800861447498, 0.8177935867325759, -2.0165450284870317], [-0.8660254037844387, -0.16453332944935398, -0.47215334744160214, -0.6259925802869719], [0.0, -0.9443066948832045, 0.32906665889870795, 1.6], [0.0, 0.0, 0.0, 1.0]]}, "target_region": {"type": "circle", "params": {"center": [-0.7242455699999926, -1.3721020205180714], "radius": 2.505000147817642, "object_center": [-0.7242455699999926, -1.3721020205180714, 2.12], "sample_distance": 2.505000147817642, "min_distance": 2.505000147817642, "requested_distance": 0.8}, "sample_point": [1.5970875834593523, -0.43059358655855484, 1.5], "sample_forward": [-0.8995371082839562, -0.36484283733542616, 0.24025547832499888], "height": 1.5}, "sample_target": [1.5970875834593523, -0.43059358655855484, 1.5], "camera_params": {"forward": [-0.8995371082839562, -0.36484283733542616, 0.24025547832499888]}, "task_type": "absolute_positioning", "task_description": "Move to any position 2.5m from cabinet", "target_object": {"label": "cabinet", "id": "125", "bbox_min": [-1.9767456439088136, -1.547102151358965, 1.7199999996065976], "bbox_max": [0.5282545039088284, -1.197101889677178, 2.5200000003934027], "center": [-0.7242455699999926, -1.3721020205180714, 2.12]}}
{"scene_id": "0366_840285", "object_label": "cabinet", "preset": "back", "distance": 2.505000147817642, "init_camera": {"intrinsics": [[320.0, 0.0, 320.0], [0.0, 320.0, 240.0], [0.0, 0.0, 1.0]], "extrinsics": [[-0.49999999999999994, 0.2849800861447498, 0.8177935867325759, -2.0165450284870317], [-0.8660254037844387, -0.16453332944935398, -0.47215334744160214, -0.6259925802869719], [0.0, -0.9443066948832045, 0.32906665889870795, 1.6], [0.0, 0.0, 0.0, 1.0]]}, "target_region": {"type": "circle", "params": {"center": [-0.7242455699999926, -1.3721020205180714], "radius": 2.505000147817642, "object_center": [-0.7242455699999926, -1.3721020205180714, 2.12], "sample_distance": 2.505000147817642, "min_distance": 2.505000147817642, "requested_distance": 1.0}, "sample_point": [-2.6892714561701383, -2.9257104033635173, 1.5], "sample_forward": [0.7614648938755049, 0.6020369760488071, 0.24025547832499883], "height": 1.5}, "sample_target": [-2.6892714561701383, -2.9257104033635173, 1.5], "camera_params": {"forward": [0.7614648938755049, 0.6020369760488071, 0.24025547832499883]}, "task_type": "absolute_positioning", "task_description": "Move to any position 2.5m from cabinet", "target_object": {"label": "cabinet", "id": "125", "bbox_min": [-1.9767456439088136, -1.547102151358965, 1.7199999996065976], "bbox_max": [0.5282545039088284, -1.197101889677178, 2.5200000003934027], "center": [-0.7242455699999926, -1.3721020205180714, 2.12]}}
{"scene_id": "0366_840285", "object_label": "cabinet", "preset": "right", "distance": 2.505000147817642, "init_camera": {"intrinsics": [[320.0, 0.0, 320.0], [0.0, 320.0, 240.0], [0.0, 0.0, 1.0]], "extrinsics": [[-0.49999999999999994, 0.2849800861447498, 0.8177935867325759, -2.0165450284870317], [-0.8660254037844387, -0.16453332944935398, -0.47215334744160214, -0.6259925802869719], [0.0, -0.9443066948832045, 0.32906665889870795, 1.6], [0.0, 0.0, 0.0, 1.0]]}, "target_region": {"type": "circle", "params": {"center": [-0.7242455699999926, -1.3721020205180714], "radius": 2.505000147817642, "object_center": [-0.7242455699999926, -1.3721020205180714, 2.12], "sample_distance": 2.505000147817642, "min_distance": 2.505000147817642, "requested_distance": 1.2}, "sample_point": [-0.8154739993018625, 1.131236373357899, 1.5], "sample_forward": [0.03535182244961144, -0.9700657471451701, 0.24025547832499883], "height": 1.5}, "sample_target": [-0.8154739993018625, 1.131236373357899, 1.5], "camera_params": {"forward": [0.03535182244961144, -0.9700657471451701, 0.24025547832499883]}, "task_type": "absolute_positioning", "task_description": "Move to any position 2.5m from cabinet", "target_object": {"label": "cabinet", "id": "125", "bbox_min": [-1.9767456439088136, -1.547102151358965, 1.7199999996065976], "bbox_max": [0.5282545039088284, -1.197101889677178, 2.5200000003934027], "center": [-0.7242455699999926, -1.3721020205180714, 2.12]}}
{"scene_id": "0366_840285", "object_label": "cabinet", "preset": "occupancy_20", "distance": 2.5255006083538634, "init_camera": {"intrinsics": [[320.0, 0.0, 320.0], [0.0, 320.0, 240.0], [0.0, 0.0, 1.0]], "extrinsics": [[-0.49999999999999994, 0.2849800861447498, 0.8177935867325759, -2.0165450284870317], [-0.8660254037844387, -0.16453332944935398, -0.47215334744160214, -0.6259925802869719], [0.0, -0.9443066948832045, 0.32906665889870795, 1.6], [0.0, 0.0, 0.0, 1.0]]}, "target_region": {"type": "circle", "params": {"center": [-0.7242455699999926, -1.3721020205180714], "radius": 2.5255006083538634, "object_center": [-0.7242455699999926, -1.3721020205180714, 2.12], "object_height": 0.8000000007868051, "occupancy_ratio": 0.2, "fov_vertical": 90.0, "sample_distance": 2.5255006083538634, "min_distance": 2.505000147817642}, "sample_point": [0.7204518669914965, 0.6993715222398265, 1.5], "sample_forward": [-0.5555479521468234, -0.7965701711231421, 0.23841651650487403], "height": 1.5}, "sample_target": [0.7204518669914965, 0.6993715222398265, 1.5], "camera_params": {"forward": [-0.5555479521468234, -0.7965701711231421, 0.23841651650487403]}, "task_type": "screen_occupancy", "task_description": "Position where cabinet occupies 20% of vertical FOV", "target_object": {"label": "cabinet", "id": "125", "bbox_min": [-1.9767456439088136, -1.547102151358965, 1.7199999996065976], "bbox_max": [0.5282545039088284, -1.197101889677178, 2.5200000003934027], "center": [-0.7242455699999926, -1.3721020205180714, 2.12]}}
{"scene_id": "0366_840285", "object_label": "cabinet", "preset": "left", "distance": 2.505000147817642, "init_camera": {"intrinsics": [[320.0, 0.0, 320.0], [0.0, 320.0, 240.0], [0.0, 0.0, 1.0]], "extrinsics": [[-1.488016321414291e-16, 0.32906665889870795, 0.9443066948832045, -2.2164644504621918], [-1.0, -4.8965655927454667e-17, -1.4051437744069932e-16, -1.3721020205180712], [0.0, -0.9443066948832045, 0.32906665889870795, 1.6], [0.0, 0.0, 0.0, 1.0]]}, "target_region": {"type": "circle", "params": {"center": [-0.7242455699999926, -1.3721020205180714], "radius": 2.505000147817642, "object_center": [-0.7242455699999926, -1.3721020205180714, 2.12], "sample_distance": 2.505000147817642, "min_distance": 2.505000147817642, "requested_distance": 0.8}, "sample_point": [-0.21051444069281067, -3.823857731706928, 1.5], "sample_forward": [-0.19907535193893358, 0.9500770018189136, 0.24025547832499888], "height": 1.5}, "sample_target": [-0.21051444069281067, -3.823857731706928, 1.5], "camera_params": {"forward": [-0.19907535193893358, 0.9500770018189136, 0.24025547832499888]}, "task_type": "absolute_positioning", "task_description": "Move to any position 2.5m from cabinet", "target_object": {"label": "cabinet", "id": "125", "bbox_min": [-1.9767456439088136, -1.547102151358965, 1.7199999996065976], "bbox_max": [0.5282545039088284, -1.197101889677178, 2.5200000003934027], "center": [-0.7242455699999926, -1.3721020205180714, 2.12]}}
{"scene_id": "0366_840285", "object_label": "cabinet", "preset": "left", "distance": 2.505000147817642, "init_camera": {"intrinsics": [[320.0, 0.0, 320.0], [0.0, 320.0, 240.0], [0.0, 0.0, 1.0]], "extrinsics": [[-1.488016321414291e-16, 0.32906665889870795, 0.9443066948832045, -2.2164644504621918], [-1.0, -4.8965655927454667e-17, -1.4051437744069932e-16, -1.3721020205180712], [0.0, -0.9443066948832045, 0.32906665889870795, 1.6], [0.0, 0.0, 0.0, 1.0]]}, "target_region": {"type": "circle", "params": {"center": [-0.7242455699999926, -1.3721020205180714], "radius": 2.505000147817642, "object_center": [-0.7242455699999926, -1.3721020205180714, 2.12], "sample_distance": 2.505000147817642, "min_distance": 2.505000147817642, "requested_distance": 1.0}, "sample_point": [-1.8981242508037433, -3.585026461912502, 1.5], "sample_forward": [0.4548883612129416, 0.8575277744585481, 0.2402554783249989], "height": 1.5}, "sample_target": [-1.8981242508037433, -3.585026461912502, 1.5], "camera_params": {"forward": [0.4548883612129416, 0.8575277744585481, 0.2402554783249989]}, "task_type": "absolute_positioning", "task_description": "Move to any position 2.5m from cabinet", "target_object": {"label": "cabinet", "id": "125", "bbox_min": [-1.9767456439088136, -1.547102151358965, 1.7199999996065976], "bbox_max": [0.5282545039088284, -1.197101889677178, 2.5200000003934027], "center": [-0.7242455699999926, -1.3721020205180714, 2.12]}}
{"scene_id": "0366_840285", "object_label": "cabinet", "preset": "occupancy_20", "distance": 2.5255006083538634, "init_camera": {"intrinsics": [[320.0, 0.0, 320.0], [0.0, 320.0, 240.0], [0.0, 0.0, 1.0]], "extrinsics": [[-1.488016321414291e-16, 0.32906665889870795, 0.9443066948832045, -2.2164644504621918], [-1.0, -4.8965655927454667e-17, -1.4051437744069932e-16, -1.3721020205180712], [0.0, -0.9443066948832045, 0.32906665889870795, 1.6], [0.0, 0.0, 0.0, 1.0]]}, "target_region": {"type": "circle", "params": {"center": [-0.7242455699999926, -1.3721020205180714], "radius": 2.5255006083538634, "object_center": [-0.7242455699999926, -1.3721020205180714, 2.12], "object_height": 0.8000000007868051, "occupancy_ratio": 0.2, "fov_vertical": 90.0, "sample_distance": 2.5255006083538634, "min_distance": 2.505000147817642}, "sample_point": [-1.3341334781027545, -3.8228549787628987, 1.5], "sample_forward": [0.23452798469081484, 0.9424193276108815, 0.23841651650487403], "height": 1.5}, "sample_target": [-1.3341334781027545, -3.8228549787628987, 1.5], "camera_params": {"forward": [0.23452798469081484, 0.9424193276108815, 0.23841651650487403]}, "task_type": "screen_occupancy", "task_description": "Position where cabinet occupies 20% of vertical FOV", "target_object": {"label": "cabinet", "id": "125", "bbox_min": [-1.9767456439088136, -1.547102151358965, 1.7199999996065976], "bbox_max": [0.5282545039088284, -1.197101889677178, 2.5200000003934027], "center": [-0.7242455699999926, -1.3721020205180714, 2.12]}}
{"scene_id": "0366_840285", "object_label": "cabinet", "preset": "back", "distance": 2.505000147817642, "init_camera": {"intrinsics": [[320.0, 0.0, 320.0], [0.0, 320.0, 240.0], [0.0, 0.0, 1.0]], "extrinsics": [[0.17364817766693, 0.32406739694127135, 0.9299605543423134, -2.193794292670364], [-0.9848077530122081, 0.05714182564870589, 0.16397713672515013, -1.6312231097905188], [0.0, -0.9443066948832045, 0.3290666588987079, 1.6], [0.0, 0.0, 0.0, 1.0]]}, "target_region": {"type": "circle", "params": {"center": [-0.7242455699999926, -1.3721020205180714], "radius": 2.505000147817642, "object_center": [-0.7242455699999926, -1.3721020205180714, 2.12], "sample_distance": 2.505000147817642, "min_distance": 2.505000147817642, "requested_distance": 0.8}, "sample_point": [-3.2131302273598674, -1.6557900585546235, 1.5], "sample_forward": [0.9644647965318507, 0.10993162140895527, 0.24025547832499883], "height": 1.5}, "sample_target": [-3.2131302273598674, -1.6557900585546235, 1.5], "camera_params": {"forward": [0.9644647965318507, 0.10993162140895527, 0.24025547832499883]}, "task_type": "absolute_positioning", "task_description": "Move to any position 2.5m from cabinet", "target_object": {"label": "cabinet", "id": "125", "bbox_min": [-1.9767456439088136, -1.547102151358965, 1.7199999996065976], "bbox_max": [0.5282545039088284, -1.197101889677178, 2.5200000003934027], "center": [-0.7242455699999926, -1.3721020205180714, 2.12]}}
{"scene_id": "0366_840285", "object_label": "cabinet", "preset": "right", "distance": 2.505000147817642, "init_camera": {"intrinsics": [[320.0, 0.0, 320.0], [0.0, 320.0, 240.0], [0.0, 0.0, 1.0]], "extrinsics": [[0.17364817766693, 0.32406739694127135, 0.9299605543423134, -2.193794292670364], [-0.9848077530122081, 0.05714182564870589, 0.16397713672515013, -1.6312231097905188], [0.0, -0.9443066948832045, 0.3290666588987079, 1.6], [0.0, 0.0, 0.0, 1.0]]}, "target_region": {"type": "circle", "params": {"center": [-0.7242455699999926, -1.3721020205180714], "radius": 2.505000147817642, "object_center": [-0.7242455699999926, -1.3721020205180714, 2.12], "sample_distance": 2.505000147817642, "min_distance": 2.505000147817642, "requested_distance": 1.2}, "sample_point": [-2.243634584821237, 0.6195010428976626, 1.5], "sample_forward": [0.5887766685768174, -0.7717637848943228, 0.24025547832499888], "height": 1.5}, "sample_target": [-2.243634584821237, 0.6195010428976626, 1.5], "camera_params": {"forward": [0.5887766685768174, -0.7717637848943228, 0.24025547832499888]}, "task_type": "absolute_positioning", "task_description": "Move to any position 2.5m from cabinet", "target_object": {"label": "cabinet", "id": "125", "bbox_min": [-1.9767456439088136, -1.547102151358965, 1.7199999996065976], "bbox_max": [0.5282545039088284, -1.197101889677178, 2.5200000003934027], "center": [-0.7242455699999926, -1.3721020205180714, 2.12]}}
{"scene_id": "0366_840285", "object_label": "cabinet", "preset": "occupancy_20", "distance": 2.5255006083538634, "init_camera": {"intrinsics": [[320.0, 0.0, 320.0], [0.0, 320.0, 240.0], [0.0, 0.0, 1.0]], "extrinsics": [[0.17364817766693, 0.32406739694127135, 0.9299605543423134, -2.193794292670364], [-0.9848077530122081, 0.05714182564870589, 0.16397713672515013, -1.6312231097905188], [0.0, -0.9443066948832045, 0.3290666588987079, 1.6], [0.0, 0.0, 0.0, 1.0]]}, "target_region": {"type": "circle", "params": {"center": [-0.7242455699999926, -1.3721020205180714], "radius": 2.5255006083538634, "object_center": [-0.7242455699999926, -1.3721020205180714, 2.12], "object_height": 0.8000000007868051, "occupancy_ratio": 0.2, "fov_vertical": 90.0, "sample_distance": 2.5255006083538634, "min_distance": 2.505000147817642}, "sample_point": [1.1927188213262747, -3.0163042116073693, 1.5], "sample_forward": [-0.7371547942643463, 0.6322660626277283, 0.23841651650487403], "height": 1.5}, "sample_target": [1.1927188213262747, -3.0163042116073693, 1.5], "camera_params": {"forward": [-0.7371547942643463, 0.6322660626277283, 0.23841651650487403]}, "task_type": "screen_occupancy", "task_description": "Position where cabinet occupies 20% of vertical FOV", "target_object": {"label": "cabinet", "id": "125", "bbox_min": [-1.9767456439088136, -1.547102151358965, 1.7199999996065976], "bbox_max": [0.5282545039088284, -1.197101889677178, 2.5200000003934027], "center": [-0.7242455699999926, -1.3721020205180714, 2.12]}}
{"scene_id": "0366_840285", "object_label": "cabinet", "preset": "right", "distance": 2.505000147817642, "init_camera": {"intrinsics": [[320.0, 0.0, 320.0], [0.0, 320.0, 240.0], [0.0, 0.0, 1.0]], "extrinsics": [[-0.34202014332566893, 0.3092215111137895, 0.8873580329404774, -2.1264726405677306], [-0.9396926207859083, -0.11254742584023512, -0.3229719111273423, -0.8617331051491208], [0.0, -0.9443066948832045, 0.32906665889870795, 1.6], [0.0, 0.0, 0.0, 1.0]]}, "target_region": {"type": "circle", "params": {"center": [-0.7242455699999926, -1.3721020205180714], "radius": 2.505000147817642, "object_center": [-0.7242455699999926, -1.3721020205180714, 2.12], "sample_distance": 2.505000147817642, "min_distance": 2.505000147817642, "requested_distance": 0.8}, "sample_point": [-1.9830796549529817, 0.7936224511373096, 1.5], "sample_forward": [0.48780933098740736, -0.839237369125353, 0.24025547832499883], "height": 1.5}, "sample_target": [-1.9830796549529817, 0.7936224511373096, 1.5], "camera_params": {"forward": [0.48780933098740736, -0.839237369125353, 0.24025547832499883]}, "task_type": "absolute_positioning", "task_description": "Move to any position 2.5m from cabinet", "target_object": {"label": "cabinet", "id": "125", "bbox_min": [-1.9767456439088136, -1.547102151358965, 1.7199999996065976], "bbox_max": [0.5282545039088284, -1.197101889677178, 2.5200000003934027], "center": [-0.7242455699999926, -1.3721020205180714, 2.12]}}
{"scene_id": "0366_840285", "object_label": "cabinet", "preset": "back", "distance": 2.505000147817642, "init_camera": {"intrinsics": [[320.0, 0.0, 320.0], [0.0, 320.0, 240.0], [0.0, 0.0, 1.0]], "extrinsics": [[-0.34202014332566893, 0.3092215111137895, 0.8873580329404774, -2.1264726405677306], [-0.9396926207859083, -0.11254742584023512, -0.3229719111273423, -0.8617331051491208], [0.0, -0.9443066948832045, 0.32906665889870795, 1.6], [0.0, 0.0, 0.0, 1.0]]}, "target_region": {"type": "circle", "params": {"center": [-0.7242455699999926, -1.3721020205180714], "radius": 2.505000147817642, "object_center": [-0.7242455699999926, -1.3721020205180714, 2.12], "sample_distance": 2.505000147817642, "min_distance": 2.505000147817642, "requested_distance": 1.0}, "sample_point": [-3.1150110751519398, -0.6242611016443024, 1.5], "sample_forward": [0.9264427580696588, -0.28979496399197424, 0.24025547832499888], "height": 1.5}, "sample_target": [-3.1150110751519398, -0.6242611016443024, 1.5], "camera_params": {"forward": [0.9264427580696588, -0.28979496399197424, 0.24025547832499888]}, "task_type": "absolute_positioning", "task_description": "Move to any position 2.5m from cabinet", "target_object": {"label": "cabinet", "id": "125", "bbox_min": [-1.9767456439088136, -1.547102151358965, 1.7199999996065976], "bbox_max": [0.5282545039088284, -1.197101889677178, 2.5200000003934027], "center": [-0.7242455699999926, -1.3721020205180714, 2.12]}}
{"scene_id": "0366_840285", "object_label": "cabinet", "preset": "right", "distance": 2.505000147817642, "init_camera": {"intrinsics": [[320.0, 0.0, 320.0], [0.0, 320.0, 240.0], [0.0, 0.0, 1.0]], "extrinsics": [[-0.34202014332566893, 0.3092215111137895, 0.8873580329404774, -2.1264726405677306], [-0.9396926207859083, -0.11254742584023512, -0.3229719111273423, -0.8617331051491208], [0.0, -0.9443066948832045, 0.32906665889870795, 1.6], [0.0, 0.0, 0.0, 1.0]]}, "target_region": {"type": "circle", "params": {"center": [-0.7242455699999926, -1.3721020205180714], "radius": 2.505000147817642, "object_center": [-0.7242455699999926, -1.3721020205180714, 2.12], "sample_distance": 2.505000147817642, "min_distance": 2.505000147817642, "requested_distance": 1.2}, "sample_point": [-1.027403252803172, 1.1144862364967112, 1.5], "sample_forward": [0.11747628078996154, -0.9635749211071157, 0.24025547832499888], "height": 1.5}, "sample_target": [-1.027403252803172, 1.1144862364967112, 1.5], "camera_params": {"forward": [0.11747628078996154, -0.9635749211071157, 0.24025547832499888]}, "task_type": "absolute_positioning", "task_description": "Move to any position 2.5m from cabinet", "target_object": {"label": "cabinet", "id": "125", "bbox_min": [-1.9767456439088136, -1.547102151358965, 1.7199999996065976], "bbox_max": [0.5282545039088284, -1.197101889677178, 2.5200000003934027], "center": [-0.7242455699999926, -1.3721020205180714, 2.12]}}
{"scene_id": "0366_840285", "object_label": "cabinet", "preset": "back", "distance": 2.505000147817642, "init_camera": {"intrinsics": [[320.0, 0.0, 320.0], [0.0, 320.0, 240.0], [0.0, 0.0, 1.0]], "extrinsics": [[-0.34202014332566893, 0.3092215111137895, 0.8873580329404774, -2.1264726405677306], [-0.9396926207859083, -0.11254742584023512, -0.3229719111273423, -0.8617331051491208], [0.0, -0.9443066948832045, 0.32906665889870795, 1.6], [0.0, 0.0, 0.0, 1.0]]}, "target_region": {"type": "circle", "params": {"center": [-0.7242455699999926, -1.3721020205180714], "radius": 2.505000147817642, "object_center": [-0.7242455699999926, -1.3721020205180714, 2.12], "sample_distance": 2.505000147817642, "min_distance": 2.505000147817642, "requested_distance": 1.5}, "sample_point": [-2.835025679170804, -2.721039777160411, 1.5], "sample_forward": [0.8179459431737522, 0.5227252999238001, 0.24025547832499883], "height": 1.5}, "sample_target": [-2.835025679170804, -2.721039777160411, 1.5], "camera_params": {"forward": [0.8179459431737522, 0.5227252999238001, 0.24025547832499883]}, "task_type": "absolute_positioning", "task_description": "Move to any position 2.5m from cabinet", "target_object": {"label": "cabinet", "id": "125", "bbox_min": [-1.9767456439088136, -1.547102151358965, 1.7199999996065976], "bbox_max": [0.5282545039088284, -1.197101889677178, 2.5200000003934027], "center": [-0.7242455699999926, -1.3721020205180714, 2.12]}}
{"scene_id": "0366_840285", "object_label": "cabinet", "preset": "left", "distance": 2.505000147817642, "init_camera": {"intrinsics": [[320.0, 0.0, 320.0], [0.0, 320.0, 240.0], [0.0, 0.0, 1.0]], "extrinsics": [[-0.34202014332566866, -0.3092215111137894, -0.8873580329404777, 0.6779815005677456], [0.9396926207859084, -0.11254742584023501, -0.3229719111273421, -0.8617331051491212], [0.0, -0.9443066948832046, 0.32906665889870795, 1.6], [0.0, 0.0, 0.0, 1.0]]}, "target_region": {"type": "circle", "params": {"center": [-0.7242455699999926, -1.3721020205180714], "radius": 2.505000147817642, "object_center": [-0.7242455699999926, -1.3721020205180714, 2.12], "sample_distance": 2.505000147817642, "min_distance": 2.505000147817642, "requested_distance": 0.8}, "sample_point": [-0.9156920568405974, -3.869775734845625, 1.5], "sample_forward": [0.07418720527343566, 0.9678706337670046, 0.24025547832499888], "height": 1.5}, "sample_target": [-0.9156920568405974, -3.869775734845625, 1.5], "camera_params": {"forward": [0.07418720527343566, 0.9678706337670046, 0.24025547832499888]}, "task_type": "absolute_positioning", "task_description": "Move to any position 2.5m from cabinet", "target_object": {"label": "cabinet", "id": "125", "bbox_min": [-1.9767456439088136, -1.547102151358965, 1.7199999996065976], "bbox_max": [0.5282545039088284, -1.197101889677178, 2.5200000003934027], "center": [-0.7242455699999926, -1.3721020205180714, 2.12]}}
{"scene_id": "0366_840285", "object_label": "cabinet", "preset": "front", "distance": 2.505000147817642, "init_camera": {"intrinsics": [[320.0, 0.0, 320.0], [0.0, 320.0, 240.0], [0.0, 0.0, 1.0]], "extrinsics": [[-0.34202014332566866, -0.3092215111137894, -0.8873580329404777, 0.6779815005677456], [0.9396926207859084, -0.11254742584023501, -0.3229719111273421, -0.8617331051491212], [0.0, -0.9443066948832046, 0.32906665889870795, 1.6], [0.0, 0.0, 0.0, 1.0]]}, "target_region": {"type": "circle", "params": {"center": [-0.7242455699999926, -1.3721020205180714], "radius": 2.505000147817642, "object_center": [-0.7242455699999926, -1.3721020205180714, 2.12], "sample_distance": 2.505000147817642, "min_distance": 2.505000147817642, "requested_distance": 1.0}, "sample_point": [1.10346047273298, 0.3409409917626436, 1.5], "sample_forward": [-0.7082522411843565, -0.6638193037206451, 0.24025547832499883], "height": 1.5}, "sample_target": [1.10346047273298, 0.3409409917626436, 1.5], "camera_params": {"forward": [-0.7082522411843565, -0.6638193037206451, 0.24025547832499883]}, "task_type": "absolute_positioning", "task_description": "Move to any position 2.5m from cabinet", "target_object": {"label": "cabinet", "id": "125", "bbox_min": [-1.9767456439088136, -1.547102151358965, 1.7199999996065976], "bbox_max": [0.5282545039088284, -1.197101889677178, 2.5200000003934027], "center": [-0.7242455699999926, -1.3721020205180714, 2.12]}}
{"scene_id": "0366_840285", "object_label": "cabinet", "preset": "front", "distance": 2.505000147817642, "init_camera": {"intrinsics": [[320.0, 0.0, 320.0], [0.0, 320.0, 240.0], [0.0, 0.0, 1.0]], "extrinsics": [[-0.34202014332566866, -0.3092215111137894, -0.8873580329404777, 0.6779815005677456], [0.9396926207859084, -0.11254742584023501, -0.3229719111273421, -0.8617331051491212], [0.0, -0.9443066948832046, 0.32906665889870795, 1.6], [0.0, 0.0, 0.0, 1.0]]}, "target_region": {"type": "circle", "params": {"center": [-0.7242455699999926, -1.3721020205180714], "radius": 2.505000147817642, "object_center": [-0.7242455699999926, -1.3721020205180714, 2.12], "sample_distance": 2.505000147817642, "min_distance": 2.505000147817642, "requested_distance": 1.2}, "sample_point": [1.3982001461366063, -2.702609413439963, 1.5], "sample_forward": [-0.8224664689503922, 0.5155833711312842, 0.24025547832499883], "height": 1.5}, "sample_target": [1.3982001461366063, -2.702609413439963, 1.5], "camera_params": {"forward": [-0.8224664689503922, 0.5155833711312842, 0.24025547832499883]}, "task_type": "absolute_positioning", "task_description": "Move to any position 2.5m from cabinet", "target_object": {"label": "cabinet", "id": "125", "bbox_min": [-1.9767456439088136, -1.547102151358965, 1.7199999996065976], "bbox_max": [0.5282545039088284, -1.197101889677178, 2.5200000003934027], "center": [-0.7242455699999926, -1.3721020205180714, 2.12]}}
{"scene_id": "0366_840285", "object_label": "cabinet", "preset": "left", "distance": 2.505000147817642, "init_camera": {"intrinsics": [[320.0, 0.0, 320.0], [0.0, 320.0, 240.0], [0.0, 0.0, 1.0]], "extrinsics": [[-0.34202014332566866, -0.3092215111137894, -0.8873580329404777, 0.6779815005677456], [0.9396926207859084, -0.11254742584023501, -0.3229719111273421, -0.8617331051491212], [0.0, -0.9443066948832046, 0.32906665889870795, 1.6], [0.0, 0.0, 0.0, 1.0]]}, "target_region": {"type": "circle", "params": {"center": [-0.7242455699999926, -1.3721020205180714], "radius": 2.505000147817642, "object_center": [-0.7242455699999926, -1.3721020205180714, 2.12], "sample_distance": 2.505000147817642, "min_distance": 2.505000147817642, "requested_distance": 1.5}, "sample_point": [-2.404137280528847, -3.23032417662935, 1.5], "sample_forward": [0.6509728813666295, 0.7200775047590738, 0.24025547832499883], "height": 1.5}, "sample_target": [-2.404137280528847, -3.23032417662935, 1.5], "camera_params": {"forward": [0.6509728813666295, 0.7200775047590738, 0.24025547832499883]}, "task_type": "absolute_positioning", "task_description": "Move to any position 2.5m from cabinet", "target_object": {"label": "cabinet", "id": "125", "bbox_min": [-1.9767456439088136, -1.547102151358965, 1.7199999996065976], "bbox_max": [0.5282545039088284, -1.197101889677178, 2.5200000003934027], "center": [-0.7242455699999926, -1.3721020205180714, 2.12]}}
{"scene_id": "0366_840285", "object_label": "cabinet", "preset": "occupancy_20", "distance": 2.5255006083538634, "init_camera": {"intrinsics": [[320.0, 0.0, 320.0], [0.0, 320.0, 240.0], [0.0, 0.0, 1.0]], "extrinsics": [[-0.34202014332566866, -0.3092215111137894, -0.8873580329404777, 0.6779815005677456], [0.9396926207859084, -0.11254742584023501, -0.3229719111273421, -0.8617331051491212], [0.0, -0.9443066948832046, 0.32906665889870795, 1.6], [0.0, 0.0, 0.0, 1.0]]}, "target_region": {"type": "circle", "params": {"center": [-0.7242455699999926, -1.3721020205180714], "radius": 2.5255006083538634, "object_center": [-0.7242455699999926, -1.3721020205180714, 2.12], "object_height": 0.8000000007868051, "occupancy_ratio": 0.2, "fov_vertical": 90.0, "sample_distance": 2.5255006083538634, "min_distance": 2.505000147817642}, "sample_point": [-2.3560590492394775, 0.5554192093956387, 1.5], "sample_forward": [0.6275020730741555, -0.7412143502019629, 0.23841651650487397], "height": 1.5}, "sample_target": [-2.3560590492394775, 0.5554192093956387, 1.5], "camera_params": {"forward": [0.6275020730741555, -0.7412143502019629, 0.23841651650487397]}, "task_type": "screen_occupancy", "task_description": "Position where cabinet occupies 20% of vertical FOV", "target_object": {"label": "cabinet", "id": "125", "bbox_min": [-1.9767456439088136, -1.547102151358965, 1.7199999996065976], "bbox_max": [0.5282545039088284, -1.197101889677178, 2.5200000003934027], "center": [-0.7242455699999926, -1.3721020205180714, 2.12]}}
{"scene_id": "0366_840285", "object_label": "wardrobe", "preset": "occupancy_20", "distance": 7.576501824509638, "init_camera": {"intrinsics": [[320.0, 0.0, 320.0], [0.0, 320.0, 240.0], [0.0, 0.0, 1.0]], "extrinsics": [[0.0, 0.1180146173418287, -0.9930118579824019, 4.912634062456462], [1.0, -0.0, 0.0, -2.2671019894432916], [-0.0, -0.9930118579824019, -0.1180146173418287, 1.6], [0.0, 0.0, 0.0, 1.0]]}, "target_region": {"type": "circle", "params": {"center": [2.5566265906894725, -2.2671019894432916], "radius": 7.576501824509638, "object_center": [2.5566265906894725, -2.2671019894432916, 1.3200000000000023], "object_height": 2.400000002185574, "occupancy_ratio": 0.2, "fov_vertical": 90.0, "sample_distance": 7.576501824509638, "min_distance": 2.400000002185574}, "sample_point": [0.5441693683266795, -9.571442878596653, 1.5], "sample_forward": [0.265543329491885, 0.9638063248729454, -0.023750964133498493], "height": 1.5}, "sample_target": [0.5441693683266795, -9.571442878596653, 1.5], "camera_params": {"forward": [0.265543329491885, 0.9638063248729454, -0.023750964133498493]}, "task_type": "screen_occupancy", "task_description": "Position where wardrobe occupies 20% of vertical FOV", "target_object": {"label": "wardrobe", "id": "129", "bbox_min": [2.2383764527042715, -3.3921021444536676, 0.11999999890721529], "bbox_max": [2.8748767286746735, -1.1421018344329155, 2.520000001092789], "center": [2.5566265906894725, -2.2671019894432916, 1.320000000000002]}}
{"scene_id": "0366_840285", "object_label": "wardrobe", "preset": "occupancy_30", "distance": 4.998359728660286, "init_camera": {"intrinsics": [[320.0, 0.0, 320.0], [0.0, 320.0, 240.0], [0.0, 0.0, 1.0]], "extrinsics": [[0.0, 0.1180146173418287, -0.9930118579824019, 4.912634062456462], [1.0, -0.0, 0.0, -2.2671019894432916], [-0.0, -0.9930118579824019, -0.1180146173418287, 1.6], [0.0, 0.0, 0.0, 1.0]]}, "target_region": {"type": "circle", "params": {"center": [2.5566265906894725, -2.2671019894432916], "radius": 4.998359728660286, "object_center": [2.5566265906894725, -2.2671019894432916, 1.3200000000000023], "object_height": 2.400000002185574, "occupancy_ratio": 0.3, "fov_vertical": 90.0, "sample_distance": 4.998359728660286, "min_distance": 2.400000002185574}, "sample_point": [7.312571624098695, -3.804823295884442, 1.5], "sample_forward": [-0.950884772659821, 0.3074458944790001, -0.03598848554312934], "height": 1.5}, "sample_target": [7.312571624098695, -3.804823295884442, 1.5], "camera_params": {"forward": [-0.950884772659821, 0.3074458944790001, -0.03598848554312934]}, "task_type": "screen_occupancy", "task_description": "Position where wardrobe occupies 30% of vertical FOV", "target_object": {"label": "wardrobe", "id": "129", "bbox_min": [2.2383764527042715, -3.3921021444536676, 0.11999999890721529], "bbox_max": [2.8748767286746735, -1.1421018344329155, 2.520000001092789], "center": [2.5566265906894725, -2.2671019894432916, 1.320000000000002]}}
{"scene_id": "0366_840285", "object_label": "wardrobe", "preset": "occupancy_20", "distance": 7.576501824509638, "init_camera": {"intrinsics": [[320.0, 0.0, 320.0], [0.0, 320.0, 240.0], [0.0, 0.0, 1.0]], "extrinsics": [[-0.4999999999999999, 0.10220365663592323, -0.8599734952719453, 4.596988912745634], [0.8660254037844387, 0.05900730867091434, -0.49650592899120083, -1.089098253559797], [0.0, -0.9930118579824019, -0.1180146173418287, 1.6], [0.0, 0.0, 0.0, 1.0]]}, "target_region": {"type": "circle", "params": {"center": [2.5566265906894725, -2.2671019894432916], "radius": 7.576501824509638, "object_center": [2.5566265906894725, -2.2671019894432916, 1.3200000000000023], "object_height": 2.400000002185574, "occupancy_ratio": 0.2, "fov_vertical": 90.0, "sample_distance": 7.576501824509638, "min_distance": 2.400000002185574}, "sample_point": [-3.686942007473991, 2.0248941728132626, 1.5], "sample_forward": [0.8238376324445543, -0.5663280383937216, -0.023750964133498493], "height": 1.5}, "sample_target": [-3.686942007473991, 2.0248941728132626, 1.5], "camera_params": {"forward": [0.8238376324445543, -0.5663280383937216, -0.023750964133498493]}, "task_type": "screen_occupancy", "task_description": "Position where wardrobe occupies 20% of vertical FOV", "target_object": {"label": "wardrobe", "id": "129", "bbox_min": [2.2383764527042715, -3.3921021444536676, 0.11999999890721529], "bbox_max": [2.8748767286746735, -1.1421018344329155, 2.520000001092789], "center": [2.5566265906894725, -2.2671019894432916, 1.320000000000002]}}
{"scene_id": "0366_840285", "object_label": "wardrobe", "preset": "occupancy_30", "distance": 4.998359728660286, "init_camera": {"intrinsics": [[320.0, 0.0, 320.0], [0.0, 320.0, 240.0], [0.0, 0.0, 1.0]], "extrinsics": [[-0.4999999999999999, 0.10220365663592323, -0.8599734952719453, 4.596988912745634], [0.8660254037844387, 0.05900730867091434, -0.49650592899120083, -1.089098253559797], [0.0, -0.9930118579824019, -0.1180146173418287, 1.6], [0.0, 0.0, 0.0, 1.0]]}, "target_region": {"type": "circle", "params": {"center": [2.5566265906894725, -2.2671019894432916], "radius": 4.998359728660286, "object_center": [2.5566265906894725, -2.2671019894432916, 1.3200000000000023], "object_height": 2.400000002185574, "occupancy_ratio": 0.3, "fov_vertical": 90.0, "sample_distance": 4.998359728660286, "min_distance": 2.400000002185574}, "sample_point": [5.189002932559772, -6.516124791436058, 1.5], "sample_forward": [-0.5263068773526456, 0.8495327537885865, -0.035988485543129355], "height": 1.5}, "sample_target": [5.189002932559772, -6.516124791436058, 1.5], "camera_params": {"forward": [-0.5263068773526456, 0.8495327537885865, -0.035988485543129355]}, "task_type": "screen_occupancy", "task_description": "Position where wardrobe occupies 30% of vertical FOV", "target_object": {"label": "wardrobe", "id": "129", "bbox_min": [2.2383764527042715, -3.3921021444536676, 0.11999999890721529], "bbox_max": [2.8748767286746735, -1.1421018344329155, 2.520000001092789], "center": [2.5566265906894725, -2.2671019894432916, 1.320000000000002]}}
{"scene_id": "0366_840285", "object_label": "wardrobe", "preset": "occupancy_50", "distance": 2.897056277485935, "init_camera": {"intrinsics": [[320.0, 0.0, 320.0], [0.0, 320.0, 240.0], [0.0, 0.0, 1.0]], "extrinsics": [[-0.4999999999999999, 0.10220365663592323, -0.8599734952719453, 4.596988912745634], [0.8660254037844387, 0.05900730867091434, -0.49650592899120083, -1.089098253559797], [0.0, -0.9930118579824019, -0.1180146173418287, 1.6], [0.0, 0.0, 0.0, 1.0]]}, "target_region": {"type": "circle", "params": {"center": [2.5566265906894725, -2.2671019894432916], "radius": 2.897056277485935, "object_center": [2.5566265906894725, -2.2671019894432916, 1.3200000000000023], "object_height": 2.400000002185574, "occupancy_ratio": 0.5, "fov_vertical": 90.0, "sample_distance": 2.897056277485935, "min_distance": 2.400000002185574}, "sample_point": [3.40392157828587, -5.03748576771566, 1.5], "sample_forward": [-0.29190467222222183, 0.9544349731377954, -0.06201245347745129], "height": 1.5}, "sample_target": [3.40392157828587, -5.03748576771566, 1.5], "camera_params": {"forward": [-0.29190467222222183, 0.9544349731377954, -0.06201245347745129]}, "task_type": "screen_occupancy", "task_description": "Position where wardrobe occupies 50% of vertical FOV", "target_object": {"label": "wardrobe", "id": "129", "bbox_min": [2.2383764527042715, -3.3921021444536676, 0.11999999890721529], "bbox_max": [2.8748767286746735, -1.1421018344329155, 2.520000001092789], "center": [2.5566265906894725, -2.2671019894432916, 1.320000000000002]}}
{"scene_id": "0366_840285", "object_label": "wardrobe", "preset": "occupancy_20", "distance": 7.576501824509638, "init_camera": {"intrinsics": [[320.0, 0.0, 320.0], [0.0, 320.0, 240.0], [0.0, 0.0, 1.0]], "extrinsics": [[0.17364817766693041, 0.14471139520660428, -0.9741175095902507, 4.41279813017013], [0.984807753012208, -0.025516523390889976, 0.17176319932129816, -2.5943951126768994], [-0.0, -0.989144842341808, -0.1469438017359012, 1.6], [0.0, 0.0, 0.0, 1.0]]}, "target_region": {"type": "circle", "params": {"center": [2.5566265906894725, -2.2671019894432916], "radius": 7.576501824509638, "object_center": [2.5566265906894725, -2.2671019894432916, 1.3200000000000023], "object_height": 2.400000002185574, "occupancy_ratio": 0.2, "fov_vertical": 90.0, "sample_distance": 7.576501824509638, "min_distance": 2.400000002185574}, "sample_point": [-3.806583726528553, 1.8454318226545428, 1.5], "sample_forward": [0.8396243334341934, -0.5426480170496485, -0.023750964133498493], "height": 1.5}, "sample_target": [-3.806583726528553, 1.8454318226545428, 1.5], "camera_params": {"forward": [0.8396243334341934, -0.5426480170496485, -0.023750964133498493]}, "task_type": "screen_occupancy", "task_description": "Position where wardrobe occupies 20% of vertical FOV", "target_object": {"label": "wardrobe", "id": "129", "bbox_min": [2.2383764527042715, -3.3921021444536676, 0.11999999890721529], "bbox_max": [2.8748767286746735, -1.1421018344329155, 2.520000001092789], "center": [2.5566265906894725, -2.2671019894432916, 1.320000000000002]}}
{"scene_id": "0366_840285", "object_label": "wardrobe", "preset": "occupancy_30", "distance": 4.998359728660286, "init_camera": {"intrinsics": [[320.0, 0.0, 320.0], [0.0, 320.0, 240.0], [0.0, 0.0, 1.0]], "extrinsics": [[0.17364817766693041, 0.14471139520660428, -0.9741175095902507, 4.41279813017013], [0.984807753012208, -0.025516523390889976, 0.17176319932129816, -2.5943951126768994], [-0.0, -0.989144842341808, -0.1469438017359012, 1.6], [0.0, 0.0, 0.0, 1.0]]}, "target_region": {"type": "circle", "params": {"center": [2.5566265906894725, -2.2671019894432916], "radius": 4.998359728660286, "object_center": [2.5566265906894725, -2.2671019894432916, 1.3200000000000023], "object_height": 2.400000002185574, "occupancy_ratio": 0.3, "fov_vertical": 90.0, "sample_distance": 4.998359728660286, "min_distance": 2.400000002185574}, "sample_point": [5.799656721502362, -6.070568243760879, 1.5], "sample_forward": [-0.6483985721038557, 0.7604499461516142, -0.03598848554312935], "height": 1.5}, "sample_target": [5.799656721502362, -6.070568243760879, 1.5], "camera_params": {"forward": [-0.6483985721038557, 0.7604499461516142, -0.03598848554312935]}, "task_type": "screen_occupancy", "task_description": "Position where wardrobe occupies 30% of vertical FOV", "target_object": {"label": "wardrobe", "id": "129", "bbox_min": [2.2383764527042715, -3.3921021444536676, 0.11999999890721529], "bbox_max": [2.8748767286746735, -1.1421018344329155, 2.520000001092789], "center": [2.5566265906894725, -2.2671019894432916, 1.320000000000002]}}
{"scene_id": "0366_840285", "object_label": "wardrobe", "preset": "occupancy_50", "distance": 2.897056277485935, "init_camera": {"intrinsics": [[320.0, 0.0, 320.0], [0.0, 320.0, 240.0], [0.0, 0.0, 1.0]], "extrinsics": [[0.17364817766693041, 0.14471139520660428, -0.9741175095902507, 4.41279813017013], [0.984807753012208, -0.025516523390889976, 0.17176319932129816, -2.5943951126768994], [-0.0, -0.989144842341808, -0.1469438017359012, 1.6], [0.0, 0.0, 0.0, 1.0]]}, "target_region": {"type": "circle", "params": {"center": [2.5566265906894725, -2.2671019894432916], "radius": 2.897056277485935, "object_center": [2.5566265906894725, -2.2671019894432916, 1.3200000000000023], "object_height": 2.400000002185574, "occupancy_ratio": 0.5, "fov_vertical": 90.0, "sample_distance": 2.897056277485935, "min_distance": 2.400000002185574}, "sample_point": [5.283966508143592, -3.244113785473423, 1.5], "sample_forward": [-0.939605776379564, 0.33659388082355796, -0.06201245347745128], "height": 1.5}, "sample_target": [5.283966508143592, -3.244113785473423, 1.5], "camera_params": {"forward": [-0.939605776379564, 0.33659388082355796, -0.06201245347745128]}, "task_type": "screen_occupancy", "task_description": "Position where wardrobe occupies 50% of vertical FOV", "target_object": {"label": "wardrobe", "id": "129", "bbox_min": [2.2383764527042715, -3.3921021444536676, 0.11999999890721529], "bbox_max": [2.8748767286746735, -1.1421018344329155, 2.520000001092789], "center": [2.5566265906894725, -2.2671019894432916, 1.320000000000002]}}
