{"scene_id": "0016_840873", "object_label": "wall cabinet", "preset": "right", "distance": 1.7026932646336497, "init_camera": {"intrinsics": [[320.0, 0.0, 320.0], [0.0, 320.0, 240.0], [0.0, 0.0, 1.0]], "extrinsics": [[0.0, -0.23974608911641426, -0.9708356260219256, -2.616274018660796], [1.0, 0.0, 0.0, -3.939605434319747], [-0.0, -0.9708356260219257, 0.23974608911641423, 1.6], [0.0, 0.0, 0.0, 1.0]]}, "target_region": {"type": "circle", "params": {"center": [-5.120695201825772, -3.939605434319747], "radius": 1.7026932646336497, "object_center": [-5.120695201825772, -3.939605434319747, 2.2184622484698], "sample_distance": 1.7026932646336497, "min_distance": 1.7026932646336497, "requested_distance": 1.0}, "sample_point": [-5.776040372209151, -2.368081632055214, 1.5], "sample_forward": [0.35461111602654116, -0.8503607481493898, 0.3887641372313309], "height": 1.5}, "sample_target": [-5.776040372209151, -2.368081632055214, 1.5], "camera_params": {"forward": [0.35461111602654116, -0.8503607481493898, 0.3887641372313309]}, "task_type": "absolute_positioning", "task_description": "Move to any position 1.7m from wall cabinet", "target_object": {"label": "wall cabinet", "id": "71", "bbox_min": [-5.3045106130462925, -4.790952066636572, 1.6363207719156], "bbox_max": [-4.936879790605252, -3.088258802002922, 2.8006037250239997], "center": [-5.120695201825772, -3.9396054343197466, 2.2184622484698]}}
{"scene_id": "0016_840873", "object_label": "wall cabinet", "preset": "closer", "distance": 2.004421183164976, "init_camera": {"intrinsics": [[320.0, 0.0, 320.0], [0.0, 320.0, 240.0], [0.0, 0.0, 1.0]], "extrinsics": [[0.0, -0.23974608911641426, -0.9708356260219256, -2.616274018660796], [1.0, 0.0, 0.0, -3.939605434319747], [-0.0, -0.9708356260219257, 0.23974608911641423, 1.6], [0.0, 0.0, 0.0, 1.0]]}, "target_region": {"type": "point", "params": {"delta": 0.5, "start_position": [-2.616274018660796, -3.939605434319747, 1.6], "sample_distance": 2.004421183164976, "min_distance": 1.7026932646336497, "min_distance_enforced": false}, "sample_point": [-3.116274018660796, -3.939605434319747, 1.6], "sample_forward": [-0.9555486070615755, 0.0, 0.2948336133189064], "height": 1.6}, "sample_target": [-3.116274018660796, -3.939605434319747, 1.6], "camera_params": {"forward": [-0.9555486070615755, 0.0, 0.2948336133189064]}, "task_type": "delta_control", "task_description": "Move 0.5m toward wall cabinet", "target_object": {"label": "wall cabinet", "id": "71", "bbox_min": [-5.3045106130462925, -4.790952066636572, 1.6363207719156], "bbox_max": [-4.936879790605252, -3.088258802002922, 2.8006037250239997], "center": [-5.120695201825772, -3.9396054343197466, 2.2184622484698]}}
{"scene_id": "0016_840873", "object_label": "wall cabinet", "preset": "closer", "distance": 1.8044211831649761, "init_camera": {"intrinsics": [[320.0, 0.0, 320.0], [0.0, 320.0, 240.0], [0.0, 0.0, 1.0]], "extrinsics": [[0.0, -0.23974608911641426, -0.9708356260219256, -2.616274018660796], [1.0, 0.0, 0.0, -3.939605434319747], [-0.0, -0.9708356260219257, 0.23974608911641423, 1.6], [0.0, 0.0, 0.0, 1.0]]}, "target_region": {"type": "point", "params": {"delta": 0.7, "start_position": [-2.616274018660796, -3.939605434319747, 1.6], "sample_distance": 1.8044211831649761, "min_distance": 1.7026932646336497, "min_distance_enforced": false}, "sample_point": [-3.3162740186607955, -3.939605434319747, 1.6], "sample_forward": [-0.945977536946687, 0.0, 0.32423216927424015], "height": 1.6}, "sample_target": [-3.3162740186607955, -3.939605434319747, 1.6], "camera_params": {"forward": [-0.945977536946687, 0.0, 0.32423216927424015]}, "task_type": "delta_control", "task_description": "Move 0.7m toward wall cabinet", "target_object": {"label": "wall cabinet", "id": "71", "bbox_min": [-5.3045106130462925, -4.790952066636572, 1.6363207719156], "bbox_max": [-4.936879790605252, -3.088258802002922, 2.8006037250239997], "center": [-5.120695201825772, -3.9396054343197466, 2.2184622484698]}}
{"scene_id": "0016_840873", "object_label": "wall cabinet", "preset": "closer", "distance": 1.7026932646336497, "init_camera": {"intrinsics": [[320.0, 0.0, 320.0], [0.0, 320.0, 240.0], [0.0, 0.0, 1.0]], "extrinsics": [[0.0, -0.23974608911641426, -0.9708356260219256, -2.616274018660796], [1.0, 0.0, 0.0, -3.939605434319747], [-0.0, -0.9708356260219257, 0.23974608911641423, 1.6], [0.0, 0.0, 0.0, 1.0]]}, "target_region": {"type": "point", "params": {"delta": 1.0, "start_position": [-2.616274018660796, -3.939605434319747, 1.6], "sample_distance": 1.7026932646336497, "min_distance": 1.7026932646336497, "min_distance_enforced": true}, "sample_point": [-3.418001937192122, -3.939605434319747, 1.6], "sample_forward": [-0.939917276853865, 0.0, 0.34140227396960166], "height": 1.6}, "sample_target": [-3.418001937192122, -3.939605434319747, 1.6], "camera_params": {"forward": [-0.939917276853865, 0.0, 0.34140227396960166]}, "task_type": "delta_control", "task_description": "Move 1.0m toward wall cabinet", "target_object": {"label": "wall cabinet", "id": "71", "bbox_min": [-5.3045106130462925, -4.790952066636572, 1.6363207719156], "bbox_max": [-4.936879790605252, -3.088258802002922, 2.8006037250239997], "center": [-5.120695201825772, -3.9396054343197466, 2.2184622484698]}}
{"scene_id": "0016_840873", "object_label": "wall cabinet", "preset": "closer", "distance": 1.7026932646336497, "init_camera": {"intrinsics": [[320.0, 0.0, 320.0], [0.0, 320.0, 240.0], [0.0, 0.0, 1.0]], "extrinsics": [[0.0, -0.23974608911641426, -0.9708356260219256, -2.616274018660796], [1.0, 0.0, 0.0, -3.939605434319747], [-0.0, -0.9708356260219257, 0.23974608911641423, 1.6], [0.0, 0.0, 0.0, 1.0]]}, "target_region": {"type": "point", "params": {"delta": 1.5, "start_position": [-2.616274018660796, -3.939605434319747, 1.6], "sample_distance": 1.7026932646336497, "min_distance": 1.7026932646336497, "min_distance_enforced": true}, "sample_point": [-3.418001937192122, -3.939605434319747, 1.6], "sample_forward": [-0.939917276853865, 0.0, 0.34140227396960166], "height": 1.6}, "sample_target": [-3.418001937192122, -3.939605434319747, 1.6], "camera_params": {"forward": [-0.939917276853865, 0.0, 0.34140227396960166]}, "task_type": "delta_control", "task_description": "Move 1.5m toward wall cabinet", "target_object": {"label": "wall cabinet", "id": "71", "bbox_min": [-5.3045106130462925, -4.790952066636572, 1.6363207719156], "bbox_max": [-4.936879790605252, -3.088258802002922, 2.8006037250239997], "center": [-5.120695201825772, -3.9396054343197466, 2.2184622484698]}}
{"scene_id": "0016_840873", "object_label": "wall cabinet", "preset": "occupancy_30", "distance": 2.4247937584513046, "init_camera": {"intrinsics": [[320.0, 0.0, 320.0], [0.0, 320.0, 240.0], [0.0, 0.0, 1.0]], "extrinsics": [[0.0, -0.23974608911641426, -0.9708356260219256, -2.616274018660796], [1.0, 0.0, 0.0, -3.939605434319747], [-0.0, -0.9708356260219257, 0.23974608911641423, 1.6], [0.0, 0.0, 0.0, 1.0]]}, "target_region": {"type": "circle", "params": {"center": [-5.120695201825772, -3.939605434319747], "radius": 2.4247937584513046, "object_center": [-5.120695201825772, -3.939605434319747, 2.2184622484698], "object_height": 1.1642829531083996, "occupancy_ratio": 0.3, "fov_vertical": 90.0, "sample_distance": 2.4247937584513046, "min_distance": 1.7026932646336497}, "sample_point": [-6.334839797731042, -1.8406824554426202, 1.5], "sample_forward": [0.4800898675686376, -0.8299436972863737, 0.28409008851516043], "height": 1.5}, "sample_target": [-6.334839797731042, -1.8406824554426202, 1.5], "camera_params": {"forward": [0.4800898675686376, -0.8299436972863737, 0.28409008851516043]}, "task_type": "screen_occupancy", "task_description": "Position where wall cabinet occupies 30% of vertical FOV", "target_object": {"label": "wall cabinet", "id": "71", "bbox_min": [-5.3045106130462925, -4.790952066636572, 1.6363207719156], "bbox_max": [-4.936879790605252, -3.088258802002922, 2.8006037250239997], "center": [-5.120695201825772, -3.9396054343197466, 2.2184622484698]}}
{"scene_id": "0016_840873", "object_label": "wall cabinet", "preset": "front", "distance": 1.7026932646336497, "init_camera": {"intrinsics": [[320.0, 0.0, 320.0], [0.0, 320.0, 240.0], [0.0, 0.0, 1.0]], "extrinsics": [[-0.1736481776669303, -0.2361038073162006, -0.9560864514068529, -2.6543218038368965], [0.9848077530122081, -0.04163147147783882, -0.16858383727284082, -3.5047172597526917], [0.0, -0.9708356260219257, 0.2397460891164143, 1.6], [0.0, 0.0, 0.0, 1.0]]}, "target_region": {"type": "circle", "params": {"center": [-5.120695201825772, -3.939605434319747], "radius": 1.7026932646336497, "object_center": [-5.120695201825772, -3.939605434319747, 2.2184622484698], "sample_distance": 1.7026932646336497, "min_distance": 1.7026932646336497, "requested_distance": 0.8}, "sample_point": [-3.5472540359345723, -4.590333680907936, 1.5], "sample_forward": [-0.8513982448552602, 0.35211287147754383, 0.3887641372313309], "height": 1.5}, "sample_target": [-3.5472540359345723, -4.590333680907936, 1.5], "camera_params": {"forward": [-0.8513982448552602, 0.35211287147754383, 0.3887641372313309]}, "task_type": "absolute_positioning", "task_description": "Move to any position 1.7m from wall cabinet", "target_object": {"label": "wall cabinet", "id": "71", "bbox_min": [-5.3045106130462925, -4.790952066636572, 1.6363207719156], "bbox_max": [-4.936879790605252, -3.088258802002922, 2.8006037250239997], "center": [-5.120695201825772, -3.9396054343197466, 2.2184622484698]}}
{"scene_id": "0016_840873", "object_label": "wall cabinet", "preset": "back", "distance": 1.7026932646336497, "init_camera": {"intrinsics": [[320.0, 0.0, 320.0], [0.0, 320.0, 240.0], [0.0, 0.0, 1.0]], "extrinsics": [[-0.1736481776669303, -0.2361038073162006, -0.9560864514068529, -2.6543218038368965], [0.9848077530122081, -0.04163147147783882, -0.16858383727284082, -3.5047172597526917], [0.0, -0.9708356260219257, 0.2397460891164143, 1.6], [0.0, 0.0, 0.0, 1.0]]}, "target_region": {"type": "circle", "params": {"center": [-5.120695201825772, -3.939605434319747], "radius": 1.7026932646336497, "object_center": [-5.120695201825772, -3.939605434319747, 2.2184622484698], "sample_distance": 1.7026932646336497, "min_distance": 1.7026932646336497, "requested_distance": 1.2}, "sample_point": [-6.406746616969764, -2.82370395522989, 1.5], "sample_forward": [0.6958899648637589, -0.6038208363452651, 0.3887641372313308], "height": 1.5}, "sample_target": [-6.406746616969764, -2.82370395522989, 1.5], "camera_params": {"forward": [0.6958899648637589, -0.6038208363452651, 0.3887641372313308]}, "task_type": "absolute_positioning", "task_description": "Move to any position 1.7m from wall cabinet", "target_object": {"label": "wall cabinet", "id": "71", "bbox_min": [-5.3045106130462925, -4.790952066636572, 1.6363207719156], "bbox_max": [-4.936879790605252, -3.088258802002922, 2.8006037250239997], "center": [-5.120695201825772, -3.9396054343197466, 2.2184622484698]}}
{"scene_id": "0016_840873", "object_label": "wall cabinet", "preset": "front", "distance": 1.7026932646336497, "init_camera": {"intrinsics": [[320.0, 0.0, 320.0], [0.0, 320.0, 240.0], [0.0, 0.0, 1.0]], "extrinsics": [[-0.1736481776669303, -0.2361038073162006, -0.9560864514068529, -2.6543218038368965], [0.9848077530122081, -0.04163147147783882, -0.16858383727284082, -3.5047172597526917], [0.0, -0.9708356260219257, 0.2397460891164143, 1.6], [0.0, 0.0, 0.0, 1.0]]}, "target_region": {"type": "circle", "params": {"center": [-5.120695201825772, -3.939605434319747], "radius": 1.7026932646336497, "object_center": [-5.120695201825772, -3.939605434319747, 2.2184622484698], "sample_distance": 1.7026932646336497, "min_distance": 1.7026932646336497, "requested_distance": 1.5}, "sample_point": [-3.5597291260011947, -3.2594956905624493, 1.5], "sample_forward": [-0.8446479004398604, -0.368011371951078, 0.38876413723133085], "height": 1.5}, "sample_target": [-3.5597291260011947, -3.2594956905624493, 1.5], "camera_params": {"forward": [-0.8446479004398604, -0.368011371951078, 0.38876413723133085]}, "task_type": "absolute_positioning", "task_description": "Move to any position 1.7m from wall cabinet", "target_object": {"label": "wall cabinet", "id": "71", "bbox_min": [-5.3045106130462925, -4.790952066636572, 1.6363207719156], "bbox_max": [-4.936879790605252, -3.088258802002922, 2.8006037250239997], "center": [-5.120695201825772, -3.9396054343197466, 2.2184622484698]}}
{"scene_id": "0016_840873", "object_label": "wall cabinet", "preset": "closer", "distance": 2.0044211831649754, "init_camera": {"intrinsics": [[320.0, 0.0, 320.0], [0.0, 320.0, 240.0], [0.0, 0.0, 1.0]], "extrinsics": [[-0.1736481776669303, -0.2361038073162006, -0.9560864514068529, -2.6543218038368965], [0.9848077530122081, -0.04163147147783882, -0.16858383727284082, -3.5047172597526917], [0.0, -0.9708356260219257, 0.2397460891164143, 1.6], [0.0, 0.0, 0.0, 1.0]]}, "target_region": {"type": "point", "params": {"delta": 0.5, "start_position": [-2.6543218038368965, -3.5047172597526917, 1.6], "sample_distance": 2.0044211831649754, "min_distance": 1.7026932646336497, "min_distance_enforced": false}, "sample_point": [-3.1467256803430006, -3.5915413485861567, 1.6], "sample_forward": [-0.9410316766142556, -0.16592927428841628, 0.29483361331890645], "height": 1.6}, "sample_target": [-3.1467256803430006, -3.5915413485861567, 1.6], "camera_params": {"forward": [-0.9410316766142556, -0.16592927428841628, 0.29483361331890645]}, "task_type": "delta_control", "task_description": "Move 0.5m toward wall cabinet", "target_object": {"label": "wall cabinet", "id": "71", "bbox_min": [-5.3045106130462925, -4.790952066636572, 1.6363207719156], "bbox_max": [-4.936879790605252, -3.088258802002922, 2.8006037250239997], "center": [-5.120695201825772, -3.9396054343197466, 2.2184622484698]}}
{"scene_id": "0016_840873", "object_label": "wall cabinet", "preset": "closer", "distance": 1.8044211831649752, "init_camera": {"intrinsics": [[320.0, 0.0, 320.0], [0.0, 320.0, 240.0], [0.0, 0.0, 1.0]], "extrinsics": [[-0.1736481776669303, -0.2361038073162006, -0.9560864514068529, -2.6543218038368965], [0.9848077530122081, -0.04163147147783882, -0.16858383727284082, -3.5047172597526917], [0.0, -0.9708356260219257, 0.2397460891164143, 1.6], [0.0, 0.0, 0.0, 1.0]]}, "target_region": {"type": "point", "params": {"delta": 0.7, "start_position": [-2.6543218038368965, -3.5047172597526917, 1.6], "sample_distance": 1.8044211831649752, "min_distance": 1.7026932646336497, "min_distance_enforced": false}, "sample_point": [-3.3436872309454424, -3.626270984119543, 1.6], "sample_forward": [-0.9316060125604898, -0.1642672754046433, 0.3242321692742403], "height": 1.6}, "sample_target": [-3.3436872309454424, -3.626270984119543, 1.6], "camera_params": {"forward": [-0.9316060125604898, -0.1642672754046433, 0.3242321692742403]}, "task_type": "delta_control", "task_description": "Move 0.7m toward wall cabinet", "target_object": {"label": "wall cabinet", "id": "71", "bbox_min": [-5.3045106130462925, -4.790952066636572, 1.6363207719156], "bbox_max": [-4.936879790605252, -3.088258802002922, 2.8006037250239997], "center": [-5.120695201825772, -3.9396054343197466, 2.2184622484698]}}
{"scene_id": "0016_840873", "object_label": "wall cabinet", "preset": "closer", "distance": 1.7026932646336497, "init_camera": {"intrinsics": [[320.0, 0.0, 320.0], [0.0, 320.0, 240.0], [0.0, 0.0, 1.0]], "extrinsics": [[-0.1736481776669303, -0.2361038073162006, -0.9560864514068529, -2.6543218038368965], [0.9848077530122081, -0.04163147147783882, -0.16858383727284082, -3.5047172597526917], [0.0, -0.9708356260219257, 0.2397460891164143, 1.6], [0.0, 0.0, 0.0, 1.0]]}, "target_region": {"type": "point", "params": {"delta": 1.0, "start_position": [-2.6543218038368965, -3.5047172597526917, 1.6], "sample_distance": 1.7026932646336497, "min_distance": 1.7026932646336497, "min_distance_enforced": true}, "sample_point": [-3.4438696738128862, -3.6439358517903577, 1.6], "sample_forward": [-0.9256378214358083, -0.16321492228333714, 0.3414022739696017], "height": 1.6}, "sample_target": [-3.4438696738128862, -3.6439358517903577, 1.6], "camera_params": {"forward": [-0.9256378214358083, -0.16321492228333714, 0.3414022739696017]}, "task_type": "delta_control", "task_description": "Move 1.0m toward wall cabinet", "target_object": {"label": "wall cabinet", "id": "71", "bbox_min": [-5.3045106130462925, -4.790952066636572, 1.6363207719156], "bbox_max": [-4.936879790605252, -3.088258802002922, 2.8006037250239997], "center": [-5.120695201825772, -3.9396054343197466, 2.2184622484698]}}
{"scene_id": "0016_840873", "object_label": "wall cabinet", "preset": "closer", "distance": 1.7026932646336497, "init_camera": {"intrinsics": [[320.0, 0.0, 320.0], [0.0, 320.0, 240.0], [0.0, 0.0, 1.0]], "extrinsics": [[-0.1736481776669303, -0.2361038073162006, -0.9560864514068529, -2.6543218038368965], [0.9848077530122081, -0.04163147147783882, -0.16858383727284082, -3.5047172597526917], [0.0, -0.9708356260219257, 0.2397460891164143, 1.6], [0.0, 0.0, 0.0, 1.0]]}, "target_region": {"type": "point", "params": {"delta": 1.5, "start_position": [-2.6543218038368965, -3.5047172597526917, 1.6], "sample_distance": 1.7026932646336497, "min_distance": 1.7026932646336497, "min_distance_enforced": true}, "sample_point": [-3.4438696738128862, -3.6439358517903577, 1.6], "sample_forward": [-0.9256378214358083, -0.16321492228333714, 0.3414022739696017], "height": 1.6}, "sample_target": [-3.4438696738128862, -3.6439358517903577, 1.6], "camera_params": {"forward": [-0.9256378214358083, -0.16321492228333714, 0.3414022739696017]}, "task_type": "delta_control", "task_description": "Move 1.5m toward wall cabinet", "target_object": {"label": "wall cabinet", "id": "71", "bbox_min": [-5.3045106130462925, -4.790952066636572, 1.6363207719156], "bbox_max": [-4.936879790605252, -3.088258802002922, 2.8006037250239997], "center": [-5.120695201825772, -3.9396054343197466, 2.2184622484698]}}
{"scene_id": "0016_840873", "object_label": "wall cabinet", "preset": "occupancy_20", "distance": 3.6754966293492455, "init_camera": {"intrinsics": [[320.0, 0.0, 320.0], [0.0, 320.0, 240.0], [0.0, 0.0, 1.0]], "extrinsics": [[-0.1736481776669303, -0.2361038073162006, -0.9560864514068529, -2.6543218038368965], [0.9848077530122081, -0.04163147147783882, -0.16858383727284082, -3.5047172597526917], [0.0, -0.9708356260219257, 0.2397460891164143, 1.6], [0.0, 0.0, 0.0, 1.0]]}, "target_region": {"type": "circle", "params": {"center": [-5.120695201825772, -3.939605434319747], "radius": 3.6754966293492455, "object_center": [-5.120695201825772, -3.939605434319747, 2.2184622484698], "object_height": 1.1642829531083996, "occupancy_ratio": 0.2, "fov_vertical": 90.0, "sample_distance": 3.6754966293492455, "min_distance": 1.7026932646336497}, "sample_point": [-1.5034006925896346, -3.2881026286406314, 1.5], "sample_forward": [-0.965884636975085, -0.17396331687809022, 0.19184272839042282], "height": 1.5}, "sample_target": [-1.5034006925896346, -3.2881026286406314, 1.5], "camera_params": {"forward": [-0.965884636975085, -0.17396331687809022, 0.19184272839042282]}, "task_type": "screen_occupancy", "task_description": "Position where wall cabinet occupies 20% of vertical FOV", "target_object": {"label": "wall cabinet", "id": "71", "bbox_min": [-5.3045106130462925, -4.790952066636572, 1.6363207719156], "bbox_max": [-4.936879790605252, -3.088258802002922, 2.8006037250239997], "center": [-5.120695201825772, -3.9396054343197466, 2.2184622484698]}}
{"scene_id": "0016_840873", "object_label": "wall cabinet", "preset": "occupancy_30", "distance": 2.4247937584513046, "init_camera": {"intrinsics": [[320.0, 0.0, 320.0], [0.0, 320.0, 240.0], [0.0, 0.0, 1.0]], "extrinsics": [[-0.1736481776669303, -0.2361038073162006, -0.9560864514068529, -2.6543218038368965], [0.9848077530122081, -0.04163147147783882, -0.16858383727284082, -3.5047172597526917], [0.0, -0.9708356260219257, 0.2397460891164143, 1.6], [0.0, 0.0, 0.0, 1.0]]}, "target_region": {"type": "circle", "params": {"center": [-5.120695201825772, -3.939605434319747], "radius": 2.4247937584513046, "object_center": [-5.120695201825772, -3.939605434319747, 2.2184622484698], "object_height": 1.1642829531083996, "occupancy_ratio": 0.3, "fov_vertical": 90.0, "sample_distance": 2.4247937584513046, "min_distance": 1.7026932646336497}, "sample_point": [-2.8649299751084087, -4.829070449346853, 1.5], "sample_forward": [-0.8919613303168479, 0.35170699001704125, 0.28409008851516043], "height": 1.5}, "sample_target": [-2.8649299751084087, -4.829070449346853, 1.5], "camera_params": {"forward": [-0.8919613303168479, 0.35170699001704125, 0.28409008851516043]}, "task_type": "screen_occupancy", "task_description": "Position where wall cabinet occupies 30% of vertical FOV", "target_object": {"label": "wall cabinet", "id": "71", "bbox_min": [-5.3045106130462925, -4.790952066636572, 1.6363207719156], "bbox_max": [-4.936879790605252, -3.088258802002922, 2.8006037250239997], "center": [-5.120695201825772, -3.9396054343197466, 2.2184622484698]}}
{"scene_id": "0016_840873", "object_label": "wall cabinet", "preset": "front", "distance": 1.7026932646336497, "init_camera": {"intrinsics": [[320.0, 0.0, 320.0], [0.0, 320.0, 240.0], [0.0, 0.0, 1.0]], "extrinsics": [[0.1736481776669303, -0.2361038073162006, -0.9560864514068529, -2.6543218038368965], [0.9848077530122081, 0.04163147147783882, 0.16858383727284082, -4.3744936088868025], [-0.0, -0.9708356260219257, 0.2397460891164143, 1.6], [0.0, 0.0, 0.0, 1.0]]}, "target_region": {"type": "circle", "params": {"center": [-5.120695201825772, -3.939605434319747], "radius": 1.7026932646336497, "object_center": [-5.120695201825772, -3.939605434319747, 2.2184622484698], "sample_distance": 1.7026932646336497, "min_distance": 1.7026932646336497, "requested_distance": 0.8}, "sample_point": [-3.6237405496751336, -4.750956851914712, 1.5], "sample_forward": [-0.8100109435913279, 0.4390270115437836, 0.3887641372313308], "height": 1.5}, "sample_target": [-3.6237405496751336, -4.750956851914712, 1.5], "camera_params": {"forward": [-0.8100109435913279, 0.4390270115437836, 0.3887641372313308]}, "task_type": "absolute_positioning", "task_description": "Move to any position 1.7m from wall cabinet", "target_object": {"label": "wall cabinet", "id": "71", "bbox_min": [-5.3045106130462925, -4.790952066636572, 1.6363207719156], "bbox_max": [-4.936879790605252, -3.088258802002922, 2.8006037250239997], "center": [-5.120695201825772, -3.9396054343197466, 2.2184622484698]}}
{"scene_id": "0016_840873", "object_label": "wall cabinet", "preset": "closer", "distance": 2.0044211831649754, "init_camera": {"intrinsics": [[320.0, 0.0, 320.0], [0.0, 320.0, 240.0], [0.0, 0.0, 1.0]], "extrinsics": [[0.1736481776669303, -0.2361038073162006, -0.9560864514068529, -2.6543218038368965], [0.9848077530122081, 0.04163147147783882, 0.16858383727284082, -4.3744936088868025], [-0.0, -0.9708356260219257, 0.2397460891164143, 1.6], [0.0, 0.0, 0.0, 1.0]]}, "target_region": {"type": "point", "params": {"delta": 0.5, "start_position": [-2.6543218038368965, -4.3744936088868025, 1.6], "sample_distance": 2.0044211831649754, "min_distance": 1.7026932646336497, "min_distance_enforced": false}, "sample_point": [-3.1467256803430006, -4.2876695200533375, 1.6], "sample_forward": [-0.9410316766142556, 0.16592927428841628, 0.29483361331890645], "height": 1.6}, "sample_target": [-3.1467256803430006, -4.2876695200533375, 1.6], "camera_params": {"forward": [-0.9410316766142556, 0.16592927428841628, 0.29483361331890645]}, "task_type": "delta_control", "task_description": "Move 0.5m toward wall cabinet", "target_object": {"label": "wall cabinet", "id": "71", "bbox_min": [-5.3045106130462925, -4.790952066636572, 1.6363207719156], "bbox_max": [-4.936879790605252, -3.088258802002922, 2.8006037250239997], "center": [-5.120695201825772, -3.9396054343197466, 2.2184622484698]}}
{"scene_id": "0016_840873", "object_label": "wall cabinet", "preset": "closer", "distance": 1.8044211831649752, "init_camera": {"intrinsics": [[320.0, 0.0, 320.0], [0.0, 320.0, 240.0], [0.0, 0.0, 1.0]], "extrinsics": [[0.1736481776669303, -0.2361038073162006, -0.9560864514068529, -2.6543218038368965], [0.9848077530122081, 0.04163147147783882, 0.16858383727284082, -4.3744936088868025], [-0.0, -0.9708356260219257, 0.2397460891164143, 1.6], [0.0, 0.0, 0.0, 1.0]]}, "target_region": {"type": "point", "params": {"delta": 0.7, "start_position": [-2.6543218038368965, -4.3744936088868025, 1.6], "sample_distance": 1.8044211831649752, "min_distance": 1.7026932646336497, "min_distance_enforced": false}, "sample_point": [-3.3436872309454424, -4.252939884519951, 1.6], "sample_forward": [-0.9316060125604898, 0.1642672754046433, 0.3242321692742403], "height": 1.6}, "sample_target": [-3.3436872309454424, -4.252939884519951, 1.6], "camera_params": {"forward": [-0.9316060125604898, 0.1642672754046433, 0.3242321692742403]}, "task_type": "delta_control", "task_description": "Move 0.7m toward wall cabinet", "target_object": {"label": "wall cabinet", "id": "71", "bbox_min": [-5.3045106130462925, -4.790952066636572, 1.6363207719156], "bbox_max": [-4.936879790605252, -3.088258802002922, 2.8006037250239997], "center": [-5.120695201825772, -3.9396054343197466, 2.2184622484698]}}
{"scene_id": "0016_840873", "object_label": "wall cabinet", "preset": "closer", "distance": 1.7026932646336497, "init_camera": {"intrinsics": [[320.0, 0.0, 320.0], [0.0, 320.0, 240.0], [0.0, 0.0, 1.0]], "extrinsics": [[0.1736481776669303, -0.2361038073162006, -0.9560864514068529, -2.6543218038368965], [0.9848077530122081, 0.04163147147783882, 0.16858383727284082, -4.3744936088868025], [-0.0, -0.9708356260219257, 0.2397460891164143, 1.6], [0.0, 0.0, 0.0, 1.0]]}, "target_region": {"type": "point", "params": {"delta": 1.0, "start_position": [-2.6543218038368965, -4.3744936088868025, 1.6], "sample_distance": 1.7026932646336497, "min_distance": 1.7026932646336497, "min_distance_enforced": true}, "sample_point": [-3.4438696738128862, -4.235275016849137, 1.6], "sample_forward": [-0.9256378214358082, 0.16321492228333737, 0.34140227396960166], "height": 1.6}, "sample_target": [-3.4438696738128862, -4.235275016849137, 1.6], "camera_params": {"forward": [-0.9256378214358082, 0.16321492228333737, 0.34140227396960166]}, "task_type": "delta_control", "task_description": "Move 1.0m toward wall cabinet", "target_object": {"label": "wall cabinet", "id": "71", "bbox_min": [-5.3045106130462925, -4.790952066636572, 1.6363207719156], "bbox_max": [-4.936879790605252, -3.088258802002922, 2.8006037250239997], "center": [-5.120695201825772, -3.9396054343197466, 2.2184622484698]}}
{"scene_id": "0016_840873", "object_label": "wall cabinet", "preset": "closer", "distance": 1.7026932646336497, "init_camera": {"intrinsics": [[320.0, 0.0, 320.0], [0.0, 320.0, 240.0], [0.0, 0.0, 1.0]], "extrinsics": [[0.1736481776669303, -0.2361038073162006, -0.9560864514068529, -2.6543218038368965], [0.9848077530122081, 0.04163147147783882, 0.16858383727284082, -4.3744936088868025], [-0.0, -0.9708356260219257, 0.2397460891164143, 1.6], [0.0, 0.0, 0.0, 1.0]]}, "target_region": {"type": "point", "params": {"delta": 1.5, "start_position": [-2.6543218038368965, -4.3744936088868025, 1.6], "sample_distance": 1.7026932646336497, "min_distance": 1.7026932646336497, "min_distance_enforced": true}, "sample_point": [-3.4438696738128862, -4.235275016849137, 1.6], "sample_forward": [-0.9256378214358082, 0.16321492228333737, 0.34140227396960166], "height": 1.6}, "sample_target": [-3.4438696738128862, -4.235275016849137, 1.6], "camera_params": {"forward": [-0.9256378214358082, 0.16321492228333737, 0.34140227396960166]}, "task_type": "delta_control", "task_description": "Move 1.5m toward wall cabinet", "target_object": {"label": "wall cabinet", "id": "71", "bbox_min": [-5.3045106130462925, -4.790952066636572, 1.6363207719156], "bbox_max": [-4.936879790605252, -3.088258802002922, 2.8006037250239997], "center": [-5.120695201825772, -3.9396054343197466, 2.2184622484698]}}
{"scene_id": "0016_840873", "object_label": "wall cabinet", "preset": "occupancy_20", "distance": 3.6754966293492455, "init_camera": {"intrinsics": [[320.0, 0.0, 320.0], [0.0, 320.0, 240.0], [0.0, 0.0, 1.0]], "extrinsics": [[0.1736481776669303, -0.2361038073162006, -0.9560864514068529, -2.6543218038368965], [0.9848077530122081, 0.04163147147783882, 0.16858383727284082, -4.3744936088868025], [-0.0, -0.9708356260219257, 0.2397460891164143, 1.6], [0.0, 0.0, 0.0, 1.0]]}, "target_region": {"type": "circle", "params": {"center": [-5.120695201825772, -3.939605434319747], "radius": 3.6754966293492455, "object_center": [-5.120695201825772, -3.939605434319747, 2.2184622484698], "object_height": 1.1642829531083996, "occupancy_ratio": 0.2, "fov_vertical": 90.0, "sample_distance": 3.6754966293492455, "min_distance": 1.7026932646336497}, "sample_point": [-1.6142224821794127, -5.041387871434049, 1.5], "sample_forward": [-0.9362931664068077, 0.29419631898382453, 0.19184272839042282], "height": 1.5}, "sample_target": [-1.6142224821794127, -5.041387871434049, 1.5], "camera_params": {"forward": [-0.9362931664068077, 0.29419631898382453, 0.19184272839042282]}, "task_type": "screen_occupancy", "task_description": "Position where wall cabinet occupies 20% of vertical FOV", "target_object": {"label": "wall cabinet", "id": "71", "bbox_min": [-5.3045106130462925, -4.790952066636572, 1.6363207719156], "bbox_max": [-4.936879790605252, -3.088258802002922, 2.8006037250239997], "center": [-5.120695201825772, -3.9396054343197466, 2.2184622484698]}}
{"scene_id": "0016_840873", "object_label": "wall cabinet", "preset": "occupancy_30", "distance": 2.4247937584513046, "init_camera": {"intrinsics": [[320.0, 0.0, 320.0], [0.0, 320.0, 240.0], [0.0, 0.0, 1.0]], "extrinsics": [[0.1736481776669303, -0.2361038073162006, -0.9560864514068529, -2.6543218038368965], [0.9848077530122081, 0.04163147147783882, 0.16858383727284082, -4.3744936088868025], [-0.0, -0.9708356260219257, 0.2397460891164143, 1.6], [0.0, 0.0, 0.0, 1.0]]}, "target_region": {"type": "circle", "params": {"center": [-5.120695201825772, -3.939605434319747], "radius": 2.4247937584513046, "object_center": [-5.120695201825772, -3.939605434319747, 2.2184622484698], "object_height": 1.1642829531083996, "occupancy_ratio": 0.3, "fov_vertical": 90.0, "sample_distance": 2.4247937584513046, "min_distance": 1.7026932646336497}, "sample_point": [-5.087378438115821, -6.364170295130919, 1.5], "sample_forward": [-0.013173917448769583, 0.9587070822240238, 0.28409008851516043], "height": 1.5}, "sample_target": [-5.087378438115821, -6.364170295130919, 1.5], "camera_params": {"forward": [-0.013173917448769583, 0.9587070822240238, 0.28409008851516043]}, "task_type": "screen_occupancy", "task_description": "Position where wall cabinet occupies 30% of vertical FOV", "target_object": {"label": "wall cabinet", "id": "71", "bbox_min": [-5.3045106130462925, -4.790952066636572, 1.6363207719156], "bbox_max": [-4.936879790605252, -3.088258802002922, 2.8006037250239997], "center": [-5.120695201825772, -3.9396054343197466, 2.2184622484698]}}
{"scene_id": "0016_840873", "object_label": "basin cabinet", "preset": "front", "distance": 1.7039845160149185, "init_camera": {"intrinsics": [[320.0, 0.0, 320.0], [0.0, 320.0, 240.0], [0.0, 0.0, 1.0]], "extrinsics": [[0.1736481776669305, 0.23956317035732969, -0.9552255219587148, -2.416862632892029], [0.984807753012208, -0.04224145051805562, 0.16843203218264785, -4.384325062600911], [-0.0, -0.9699614153493301, -0.2432588184085508, 1.18558114144], [0.0, 0.0, 0.0, 1.0]]}, "target_region": {"type": "circle", "params": {"center": [-4.940964026763943, -3.9392578848174473], "radius": 1.7039845160149185, "object_center": [-4.940964026763943, -3.9392578848174473, 0.5427906082079998], "sample_distance": 1.7039845160149185, "min_distance": 1.7039845160149185, "requested_distance": 0.8}, "sample_point": [-3.5672665097569958, -2.931032531740297, 1.5], "sample_forward": [-0.7028619922288771, -0.5158655901362343, -0.4897629148817297], "height": 1.5}, "sample_target": [-3.5672665097569958, -2.931032531740297, 1.5], "camera_params": {"forward": [-0.7028619922288771, -0.5158655901362343, -0.4897629148817297]}, "task_type": "absolute_positioning", "task_description": "Move to any position 1.7m from basin cabinet", "target_object": {"label": "basin cabinet", "id": "73", "bbox_min": [-5.300034328081706, -4.791250142824907, 7.497599995076598e-08], "bbox_max": [-4.581893725446181, -3.0872656268099887, 1.0855811414399998], "center": [-4.940964026763943, -3.939257884817448, 0.5427906082079998]}}
{"scene_id": "0016_840873", "object_label": "basin cabinet", "preset": "front", "distance": 1.7039845160149185, "init_camera": {"intrinsics": [[320.0, 0.0, 320.0], [0.0, 320.0, 240.0], [0.0, 0.0, 1.0]], "extrinsics": [[0.1736481776669305, 0.23956317035732969, -0.9552255219587148, -2.416862632892029], [0.984807753012208, -0.04224145051805562, 0.16843203218264785, -4.384325062600911], [-0.0, -0.9699614153493301, -0.2432588184085508, 1.18558114144], [0.0, 0.0, 0.0, 1.0]]}, "target_region": {"type": "circle", "params": {"center": [-4.940964026763943, -3.9392578848174473], "radius": 1.7039845160149185, "object_center": [-4.940964026763943, -3.9392578848174473, 0.5427906082079998], "sample_distance": 1.7039845160149185, "min_distance": 1.7039845160149185, "requested_distance": 1.0}, "sample_point": [-3.3680861188800746, -4.594710642618848, 1.5], "sample_forward": [-0.804774039540215, 0.3353670116285682, -0.4897629148817297], "height": 1.5}, "sample_target": [-3.3680861188800746, -4.594710642618848, 1.5], "camera_params": {"forward": [-0.804774039540215, 0.3353670116285682, -0.4897629148817297]}, "task_type": "absolute_positioning", "task_description": "Move to any position 1.7m from basin cabinet", "target_object": {"label": "basin cabinet", "id": "73", "bbox_min": [-5.300034328081706, -4.791250142824907, 7.497599995076598e-08], "bbox_max": [-4.581893725446181, -3.0872656268099887, 1.0855811414399998], "center": [-4.940964026763943, -3.939257884817448, 0.5427906082079998]}}
{"scene_id": "0016_840873", "object_label": "basin cabinet", "preset": "front", "distance": 1.7039845160149185, "init_camera": {"intrinsics": [[320.0, 0.0, 320.0], [0.0, 320.0, 240.0], [0.0, 0.0, 1.0]], "extrinsics": [[0.1736481776669305, 0.23956317035732969, -0.9552255219587148, -2.416862632892029], [0.984807753012208, -0.04224145051805562, 0.16843203218264785, -4.384325062600911], [-0.0, -0.9699614153493301, -0.2432588184085508, 1.18558114144], [0.0, 0.0, 0.0, 1.0]]}, "target_region": {"type": "circle", "params": {"center": [-4.940964026763943, -3.9392578848174473], "radius": 1.7039845160149185, "object_center": [-4.940964026763943, -3.9392578848174473, 0.5427906082079998], "sample_distance": 1.7039845160149185, "min_distance": 1.7039845160149185, "requested_distance": 1.2}, "sample_point": [-3.6544821460393875, -2.8218825667680436, 1.5], "sample_forward": [-0.6582374987635949, -0.5717129370829366, -0.48976291488172974], "height": 1.5}, "sample_target": [-3.6544821460393875, -2.8218825667680436, 1.5], "camera_params": {"forward": [-0.6582374987635949, -0.5717129370829366, -0.48976291488172974]}, "task_type": "absolute_positioning", "task_description": "Move to any position 1.7m from basin cabinet", "target_object": {"label": "basin cabinet", "id": "73", "bbox_min": [-5.300034328081706, -4.791250142824907, 7.497599995076598e-08], "bbox_max": [-4.581893725446181, -3.0872656268099887, 1.0855811414399998], "center": [-4.940964026763943, -3.939257884817448, 0.5427906082079998]}}
{"scene_id": "0016_840873", "object_label": "basin cabinet", "preset": "closer", "distance": 2.063039726435444, "init_camera": {"intrinsics": [[320.0, 0.0, 320.0], [0.0, 320.0, 240.0], [0.0, 0.0, 1.0]], "extrinsics": [[0.1736481776669305, 0.23956317035732969, -0.9552255219587148, -2.416862632892029], [0.984807753012208, -0.04224145051805562, 0.16843203218264785, -4.384325062600911], [-0.0, -0.9699614153493301, -0.2432588184085508, 1.18558114144], [0.0, 0.0, 0.0, 1.0]]}, "target_region": {"type": "point", "params": {"delta": 0.5, "start_position": [-2.416862632892029, -4.384325062600911, 1.18558114144], "sample_distance": 2.063039726435444, "min_distance": 1.7039845160149185, "min_distance_enforced": false}, "sample_point": [-2.909266509398133, -4.297500973767446, 1.18558114144], "sample_forward": [-0.9402266911041632, 0.1657873336239081, -0.2974698797276655], "height": 1.18558114144}, "sample_target": [-2.909266509398133, -4.297500973767446, 1.18558114144], "camera_params": {"forward": [-0.9402266911041632, 0.1657873336239081, -0.2974698797276655]}, "task_type": "delta_control", "task_description": "Move 0.5m toward basin cabinet", "target_object": {"label": "basin cabinet", "id": "73", "bbox_min": [-5.300034328081706, -4.791250142824907, 7.497599995076598e-08], "bbox_max": [-4.581893725446181, -3.0872656268099887, 1.0855811414399998], "center": [-4.940964026763943, -3.939257884817448, 0.5427906082079998]}}
{"scene_id": "0016_840873", "object_label": "basin cabinet", "preset": "closer", "distance": 1.8630397264354444, "init_camera": {"intrinsics": [[320.0, 0.0, 320.0], [0.0, 320.0, 240.0], [0.0, 0.0, 1.0]], "extrinsics": [[0.1736481776669305, 0.23956317035732969, -0.9552255219587148, -2.416862632892029], [0.984807753012208, -0.04224145051805562, 0.16843203218264785, -4.384325062600911], [-0.0, -0.9699614153493301, -0.2432588184085508, 1.18558114144], [0.0, 0.0, 0.0, 1.0]]}, "target_region": {"type": "point", "params": {"delta": 0.7, "start_position": [-2.416862632892029, -4.384325062600911, 1.18558114144], "sample_distance": 1.8630397264354444, "min_distance": 1.7039845160149185, "min_distance_enforced": false}, "sample_point": [-3.1062280600005745, -4.262771338234059, 1.18558114144], "sample_forward": [-0.9309547200673974, 0.16415243496577872, -0.3261553115910265], "height": 1.18558114144}, "sample_target": [-3.1062280600005745, -4.262771338234059, 1.18558114144], "camera_params": {"forward": [-0.9309547200673974, 0.16415243496577872, -0.3261553115910265]}, "task_type": "delta_control", "task_description": "Move 0.7m toward basin cabinet", "target_object": {"label": "basin cabinet", "id": "73", "bbox_min": [-5.300034328081706, -4.791250142824907, 7.497599995076598e-08], "bbox_max": [-4.581893725446181, -3.0872656268099887, 1.0855811414399998], "center": [-4.940964026763943, -3.939257884817448, 0.5427906082079998]}}
{"scene_id": "0016_840873", "object_label": "basin cabinet", "preset": "closer", "distance": 1.7039845160149185, "init_camera": {"intrinsics": [[320.0, 0.0, 320.0], [0.0, 320.0, 240.0], [0.0, 0.0, 1.0]], "extrinsics": [[0.1736481776669305, 0.23956317035732969, -0.9552255219587148, -2.416862632892029], [0.984807753012208, -0.04224145051805562, 0.16843203218264785, -4.384325062600911], [-0.0, -0.9699614153493301, -0.2432588184085508, 1.18558114144], [0.0, 0.0, 0.0, 1.0]]}, "target_region": {"type": "point", "params": {"delta": 1.0, "start_position": [-2.416862632892029, -4.384325062600911, 1.18558114144], "sample_distance": 1.7039845160149185, "min_distance": 1.7039845160149185, "min_distance_enforced": true}, "sample_point": [-3.2628668643796965, -4.235151690796105, 1.18558114144], "sample_forward": [-0.9214275621472515, 0.1624725399749867, -0.3529503101988285], "height": 1.18558114144}, "sample_target": [-3.2628668643796965, -4.235151690796105, 1.18558114144], "camera_params": {"forward": [-0.9214275621472515, 0.1624725399749867, -0.3529503101988285]}, "task_type": "delta_control", "task_description": "Move 1.0m toward basin cabinet", "target_object": {"label": "basin cabinet", "id": "73", "bbox_min": [-5.300034328081706, -4.791250142824907, 7.497599995076598e-08], "bbox_max": [-4.581893725446181, -3.0872656268099887, 1.0855811414399998], "center": [-4.940964026763943, -3.939257884817448, 0.5427906082079998]}}
