{"scene_id": "0260_840805", "object_label": "cabinet", "preset": "front", "distance": 2.5020028000000005, "init_camera": {"intrinsics": [[320.0, 0.0, 320.0], [0.0, 320.0, 240.0], [0.0, 0.0, 1.0]], "extrinsics": [[0.0, 0.21701799621248966, -0.9761676030886888, 1.56066528876709], [1.0, -0.0, 0.0, 5.4551684190733996], [-0.0, -0.9761676030886888, -0.21701799621248966, 1.6], [0.0, 0.0, 0.0, 1.0]]}, "target_region": {"type": "circle", "params": {"center": [-0.009169029999996414, 5.4551684190734], "radius": 2.5020028000000005, "object_center": [-0.009169029999996414, 5.4551684190734, 1.2510002], "sample_distance": 2.5020028000000005, "min_distance": 2.5020028000000005, "requested_distance": 0.8}, "sample_point": [1.785836383094001, 3.7121900548442026, 1.5], "sample_forward": [-0.7139007977608551, 0.6932088536481616, -0.09903098596003215], "height": 1.5}, "sample_target": [1.785836383094001, 3.7121900548442026, 1.5], "camera_params": {"forward": [-0.7139007977608551, 0.6932088536481616, -0.09903098596003215]}, "task_type": "absolute_positioning", "task_description": "Move to any position 2.5m from cabinet", "target_object": {"label": "cabinet", "id": "99", "bbox_min": [-0.3096690686146465, 4.914928193591901, -1.2000000001535228e-06], "bbox_max": [0.29133100861465366, 5.995408644554898, 2.5020016000000003], "center": [-0.009169029999996414, 5.4551684190733996, 1.2510002]}}
{"scene_id": "0260_840805", "object_label": "cabinet", "preset": "back", "distance": 2.5020028000000005, "init_camera": {"intrinsics": [[320.0, 0.0, 320.0], [0.0, 320.0, 240.0], [0.0, 0.0, 1.0]], "extrinsics": [[0.0, 0.21701799621248966, -0.9761676030886888, 1.56066528876709], [1.0, -0.0, 0.0, 5.4551684190733996], [-0.0, -0.9761676030886888, -0.21701799621248966, 1.6], [0.0, 0.0, 0.0, 1.0]]}, "target_region": {"type": "circle", "params": {"center": [-0.009169029999996414, 5.4551684190734], "radius": 2.5020028000000005, "object_center": [-0.009169029999996414, 5.4551684190734, 1.2510002], "sample_distance": 2.5020028000000005, "min_distance": 2.5020028000000005, "requested_distance": 1.0}, "sample_point": [-2.128426228776719, 6.785118394313402, 1.5], "sample_forward": [0.8428606364252289, -0.5289412173244225, -0.09903098596003215], "height": 1.5}, "sample_target": [-2.128426228776719, 6.785118394313402, 1.5], "camera_params": {"forward": [0.8428606364252289, -0.5289412173244225, -0.09903098596003215]}, "task_type": "absolute_positioning", "task_description": "Move to any position 2.5m from cabinet", "target_object": {"label": "cabinet", "id": "99", "bbox_min": [-0.3096690686146465, 4.914928193591901, -1.2000000001535228e-06], "bbox_max": [0.29133100861465366, 5.995408644554898, 2.5020016000000003], "center": [-0.009169029999996414, 5.4551684190733996, 1.2510002]}}
{"scene_id": "0260_840805", "object_label": "cabinet", "preset": "front", "distance": 2.5020028000000005, "init_camera": {"intrinsics": [[320.0, 0.0, 320.0], [0.0, 320.0, 240.0], [0.0, 0.0, 1.0]], "extrinsics": [[0.0, 0.21701799621248966, -0.9761676030886888, 1.56066528876709], [1.0, -0.0, 0.0, 5.4551684190733996], [-0.0, -0.9761676030886888, -0.21701799621248966, 1.6], [0.0, 0.0, 0.0, 1.0]]}, "target_region": {"type": "circle", "params": {"center": [-0.009169029999996414, 5.4551684190734], "radius": 2.5020028000000005, "object_center": [-0.009169029999996414, 5.4551684190734, 1.2510002], "sample_distance": 2.5020028000000005, "min_distance": 2.5020028000000005, "requested_distance": 1.2}, "sample_point": [2.464047144470641, 5.833612292778166, 1.5], "sample_forward": [-0.9836354738041, -0.1505128515907113, -0.09903098596003215], "height": 1.5}, "sample_target": [2.464047144470641, 5.833612292778166, 1.5], "camera_params": {"forward": [-0.9836354738041, -0.1505128515907113, -0.09903098596003215]}, "task_type": "absolute_positioning", "task_description": "Move to any position 2.5m from cabinet", "target_object": {"label": "cabinet", "id": "99", "bbox_min": [-0.3096690686146465, 4.914928193591901, -1.2000000001535228e-06], "bbox_max": [0.29133100861465366, 5.995408644554898, 2.5020016000000003], "center": [-0.009169029999996414, 5.4551684190733996, 1.2510002]}}
{"scene_id": "0260_840805", "object_label": "cabinet", "preset": "right", "distance": 2.5020028000000005, "init_camera": {"intrinsics": [[320.0, 0.0, 320.0], [0.0, 320.0, 240.0], [0.0, 0.0, 1.0]], "extrinsics": [[0.0, 0.21701799621248966, -0.9761676030886888, 1.56066528876709], [1.0, -0.0, 0.0, 5.4551684190733996], [-0.0, -0.9761676030886888, -0.21701799621248966, 1.6], [0.0, 0.0, 0.0, 1.0]]}, "target_region": {"type": "circle", "params": {"center": [-0.009169029999996414, 5.4551684190734], "radius": 2.5020028000000005, "object_center": [-0.009169029999996414, 5.4551684190734, 1.2510002], "sample_distance": 2.5020028000000005, "min_distance": 2.5020028000000005, "requested_distance": 1.5}, "sample_point": [0.0169119274842884, 7.95703528101161, 1.5], "sample_forward": [-0.010372791200837936, -0.9950302854800389, -0.09903098596003218], "height": 1.5}, "sample_target": [0.0169119274842884, 7.95703528101161, 1.5], "camera_params": {"forward": [-0.010372791200837936, -0.9950302854800389, -0.09903098596003218]}, "task_type": "absolute_positioning", "task_description": "Move to any position 2.5m from cabinet", "target_object": {"label": "cabinet", "id": "99", "bbox_min": [-0.3096690686146465, 4.914928193591901, -1.2000000001535228e-06], "bbox_max": [0.29133100861465366, 5.995408644554898, 2.5020016000000003], "center": [-0.009169029999996414, 5.4551684190733996, 1.2510002]}}
{"scene_id": "0260_840805", "object_label": "cabinet", "preset": "occupancy_20", "distance": 7.898511984110602, "init_camera": {"intrinsics": [[320.0, 0.0, 320.0], [0.0, 320.0, 240.0], [0.0, 0.0, 1.0]], "extrinsics": [[0.0, 0.21701799621248966, -0.9761676030886888, 1.56066528876709], [1.0, -0.0, 0.0, 5.4551684190733996], [-0.0, -0.9761676030886888, -0.21701799621248966, 1.6], [0.0, 0.0, 0.0, 1.0]]}, "target_region": {"type": "circle", "params": {"center": [-0.009169029999996414, 5.4551684190734], "radius": 7.898511984110602, "object_center": [-0.009169029999996414, 5.4551684190734, 1.2510002], "object_height": 2.5020028000000005, "occupancy_ratio": 0.2, "fov_vertical": 90.0, "sample_distance": 7.898511984110602, "min_distance": 2.5020028000000005}, "sample_point": [-5.384060148455547, -0.3324940648562249, 1.5], "sample_forward": [0.680156247537855, 0.7323896820102159, -0.031509246582531854], "height": 1.5}, "sample_target": [-5.384060148455547, -0.3324940648562249, 1.5], "camera_params": {"forward": [0.680156247537855, 0.7323896820102159, -0.031509246582531854]}, "task_type": "screen_occupancy", "task_description": "Position where cabinet occupies 20% of vertical FOV", "target_object": {"label": "cabinet", "id": "99", "bbox_min": [-0.3096690686146465, 4.914928193591901, -1.2000000001535228e-06], "bbox_max": [0.29133100861465366, 5.995408644554898, 2.5020016000000003], "center": [-0.009169029999996414, 5.4551684190733996, 1.2510002]}}
{"scene_id": "0260_840805", "object_label": "cabinet", "preset": "occupancy_30", "distance": 5.210795843802791, "init_camera": {"intrinsics": [[320.0, 0.0, 320.0], [0.0, 320.0, 240.0], [0.0, 0.0, 1.0]], "extrinsics": [[0.0, 0.21701799621248966, -0.9761676030886888, 1.56066528876709], [1.0, -0.0, 0.0, 5.4551684190733996], [-0.0, -0.9761676030886888, -0.21701799621248966, 1.6], [0.0, 0.0, 0.0, 1.0]]}, "target_region": {"type": "circle", "params": {"center": [-0.009169029999996414, 5.4551684190734], "radius": 5.210795843802791, "object_center": [-0.009169029999996414, 5.4551684190734, 1.2510002], "object_height": 2.5020028000000005, "occupancy_ratio": 0.3, "fov_vertical": 90.0, "sample_distance": 5.210795843802791, "min_distance": 2.5020028000000005}, "sample_point": [-0.7102660170517479, 0.29175323718657076, 1.5], "sample_forward": [0.13439365489020377, 0.9897778065306605, -0.04773090429278884], "height": 1.5}, "sample_target": [-0.7102660170517479, 0.29175323718657076, 1.5], "camera_params": {"forward": [0.13439365489020377, 0.9897778065306605, -0.04773090429278884]}, "task_type": "screen_occupancy", "task_description": "Position where cabinet occupies 30% of vertical FOV", "target_object": {"label": "cabinet", "id": "99", "bbox_min": [-0.3096690686146465, 4.914928193591901, -1.2000000001535228e-06], "bbox_max": [0.29133100861465366, 5.995408644554898, 2.5020016000000003], "center": [-0.009169029999996414, 5.4551684190733996, 1.2510002]}}
{"scene_id": "0260_840805", "object_label": "cabinet", "preset": "occupancy_50", "distance": 3.02018454642773, "init_camera": {"intrinsics": [[320.0, 0.0, 320.0], [0.0, 320.0, 240.0], [0.0, 0.0, 1.0]], "extrinsics": [[0.0, 0.21701799621248966, -0.9761676030886888, 1.56066528876709], [1.0, -0.0, 0.0, 5.4551684190733996], [-0.0, -0.9761676030886888, -0.21701799621248966, 1.6], [0.0, 0.0, 0.0, 1.0]]}, "target_region": {"type": "circle", "params": {"center": [-0.009169029999996414, 5.4551684190734], "radius": 3.02018454642773, "object_center": [-0.009169029999996414, 5.4551684190734, 1.2510002], "object_height": 2.5020028000000005, "occupancy_ratio": 0.5, "fov_vertical": 90.0, "sample_distance": 3.02018454642773, "min_distance": 2.5020028000000005}, "sample_point": [-1.6945568762787597, 2.9489795790023443, 1.5], "sample_forward": [0.5561543953998201, 0.8270072328959678, -0.08216644823293162], "height": 1.5}, "sample_target": [-1.6945568762787597, 2.9489795790023443, 1.5], "camera_params": {"forward": [0.5561543953998201, 0.8270072328959678, -0.08216644823293162]}, "task_type": "screen_occupancy", "task_description": "Position where cabinet occupies 50% of vertical FOV", "target_object": {"label": "cabinet", "id": "99", "bbox_min": [-0.3096690686146465, 4.914928193591901, -1.2000000001535228e-06], "bbox_max": [0.29133100861465366, 5.995408644554898, 2.5020016000000003], "center": [-0.009169029999996414, 5.4551684190733996, 1.2510002]}}
{"scene_id": "0260_840805", "object_label": "cabinet", "preset": "left", "distance": 2.5020028000000005, "init_camera": {"intrinsics": [[320.0, 0.0, 320.0], [0.0, 320.0, 240.0], [0.0, 0.0, 1.0]], "extrinsics": [[-0.17364817766693044, 0.2137210052132338, -0.9613374237610846, 1.5368159780664683], [0.984807753012208, 0.03768477956322764, -0.16950972537384626, 5.727767287766311], [0.0, -0.9761676030886888, -0.21701799621248966, 1.6], [0.0, 0.0, 0.0, 1.0]]}, "target_region": {"type": "circle", "params": {"center": [-0.009169029999996414, 5.4551684190734], "radius": 2.5020028000000005, "object_center": [-0.009169029999996414, 5.4551684190734, 1.2510002], "sample_distance": 2.5020028000000005, "min_distance": 2.5020028000000005, "requested_distance": 0.8}, "sample_point": [1.711877125303266, 3.639123776856778, 1.5], "sample_forward": [-0.6844860824884388, 0.7222684173487127, -0.09903098596003218], "height": 1.5}, "sample_target": [1.711877125303266, 3.639123776856778, 1.5], "camera_params": {"forward": [-0.6844860824884388, 0.7222684173487127, -0.09903098596003218]}, "task_type": "absolute_positioning", "task_description": "Move to any position 2.5m from cabinet", "target_object": {"label": "cabinet", "id": "99", "bbox_min": [-0.3096690686146465, 4.914928193591901, -1.2000000001535228e-06], "bbox_max": [0.29133100861465366, 5.995408644554898, 2.5020016000000003], "center": [-0.009169029999996414, 5.4551684190733996, 1.2510002]}}
{"scene_id": "0260_840805", "object_label": "cabinet", "preset": "left", "distance": 2.5020028000000005, "init_camera": {"intrinsics": [[320.0, 0.0, 320.0], [0.0, 320.0, 240.0], [0.0, 0.0, 1.0]], "extrinsics": [[-0.17364817766693044, 0.2137210052132338, -0.9613374237610846, 1.5368159780664683], [0.984807753012208, 0.03768477956322764, -0.16950972537384626, 5.727767287766311], [0.0, -0.9761676030886888, -0.21701799621248966, 1.6], [0.0, 0.0, 0.0, 1.0]]}, "target_region": {"type": "circle", "params": {"center": [-0.009169029999996414, 5.4551684190734], "radius": 2.5020028000000005, "object_center": [-0.009169029999996414, 5.4551684190734, 1.2510002], "sample_distance": 2.5020028000000005, "min_distance": 2.5020028000000005, "requested_distance": 1.0}, "sample_point": [-1.4298632356533694, 3.395642749111801, 1.5], "sample_forward": [0.5650315700396474, 0.8191045041252764, -0.09903098596003215], "height": 1.5}, "sample_target": [-1.4298632356533694, 3.395642749111801, 1.5], "camera_params": {"forward": [0.5650315700396474, 0.8191045041252764, -0.09903098596003215]}, "task_type": "absolute_positioning", "task_description": "Move to any position 2.5m from cabinet", "target_object": {"label": "cabinet", "id": "99", "bbox_min": [-0.3096690686146465, 4.914928193591901, -1.2000000001535228e-06], "bbox_max": [0.29133100861465366, 5.995408644554898, 2.5020016000000003], "center": [-0.009169029999996414, 5.4551684190733996, 1.2510002]}}
{"scene_id": "0260_840805", "object_label": "cabinet", "preset": "left", "distance": 2.5020028000000005, "init_camera": {"intrinsics": [[320.0, 0.0, 320.0], [0.0, 320.0, 240.0], [0.0, 0.0, 1.0]], "extrinsics": [[-0.17364817766693044, 0.2137210052132338, -0.9613374237610846, 1.5368159780664683], [0.984807753012208, 0.03768477956322764, -0.16950972537384626, 5.727767287766311], [0.0, -0.9761676030886888, -0.21701799621248966, 1.6], [0.0, 0.0, 0.0, 1.0]]}, "target_region": {"type": "circle", "params": {"center": [-0.009169029999996414, 5.4551684190734], "radius": 2.5020028000000005, "object_center": [-0.009169029999996414, 5.4551684190734, 1.2510002], "sample_distance": 2.5020028000000005, "min_distance": 2.5020028000000005, "requested_distance": 1.2}, "sample_point": [-0.3558915730383063, 2.9773061369122447, 1.5], "sample_forward": [0.13789679867876808, 0.9854833010933931, -0.09903098596003215], "height": 1.5}, "sample_target": [-0.3558915730383063, 2.9773061369122447, 1.5], "camera_params": {"forward": [0.13789679867876808, 0.9854833010933931, -0.09903098596003215]}, "task_type": "absolute_positioning", "task_description": "Move to any position 2.5m from cabinet", "target_object": {"label": "cabinet", "id": "99", "bbox_min": [-0.3096690686146465, 4.914928193591901, -1.2000000001535228e-06], "bbox_max": [0.29133100861465366, 5.995408644554898, 2.5020016000000003], "center": [-0.009169029999996414, 5.4551684190733996, 1.2510002]}}
{"scene_id": "0260_840805", "object_label": "cabinet", "preset": "front", "distance": 2.5020028000000005, "init_camera": {"intrinsics": [[320.0, 0.0, 320.0], [0.0, 320.0, 240.0], [0.0, 0.0, 1.0]], "extrinsics": [[-0.17364817766693044, 0.2137210052132338, -0.9613374237610846, 1.5368159780664683], [0.984807753012208, 0.03768477956322764, -0.16950972537384626, 5.727767287766311], [0.0, -0.9761676030886888, -0.21701799621248966, 1.6], [0.0, 0.0, 0.0, 1.0]]}, "target_region": {"type": "circle", "params": {"center": [-0.009169029999996414, 5.4551684190734], "radius": 2.5020028000000005, "object_center": [-0.009169029999996414, 5.4551684190734, 1.2510002], "sample_distance": 2.5020028000000005, "min_distance": 2.5020028000000005, "requested_distance": 1.5}, "sample_point": [1.7761609223145243, 7.20805602886944, 1.5], "sample_forward": [-0.71005272069168, -0.6971499104626829, -0.09903098596003215], "height": 1.5}, "sample_target": [1.7761609223145243, 7.20805602886944, 1.5], "camera_params": {"forward": [-0.71005272069168, -0.6971499104626829, -0.09903098596003215]}, "task_type": "absolute_positioning", "task_description": "Move to any position 2.5m from cabinet", "target_object": {"label": "cabinet", "id": "99", "bbox_min": [-0.3096690686146465, 4.914928193591901, -1.2000000001535228e-06], "bbox_max": [0.29133100861465366, 5.995408644554898, 2.5020016000000003], "center": [-0.009169029999996414, 5.4551684190733996, 1.2510002]}}
{"scene_id": "0260_840805", "object_label": "cabinet", "preset": "occupancy_20", "distance": 7.898511984110602, "init_camera": {"intrinsics": [[320.0, 0.0, 320.0], [0.0, 320.0, 240.0], [0.0, 0.0, 1.0]], "extrinsics": [[-0.17364817766693044, 0.2137210052132338, -0.9613374237610846, 1.5368159780664683], [0.984807753012208, 0.03768477956322764, -0.16950972537384626, 5.727767287766311], [0.0, -0.9761676030886888, -0.21701799621248966, 1.6], [0.0, 0.0, 0.0, 1.0]]}, "target_region": {"type": "circle", "params": {"center": [-0.009169029999996414, 5.4551684190734], "radius": 7.898511984110602, "object_center": [-0.009169029999996414, 5.4551684190734, 1.2510002], "object_height": 2.5020028000000005, "occupancy_ratio": 0.2, "fov_vertical": 90.0, "sample_distance": 7.898511984110602, "min_distance": 2.5020028000000005}, "sample_point": [7.535908356576907, 3.118868182865594, 1.5], "sample_forward": [-0.9547786940308253, 0.2956430496470246, -0.03150924658253186], "height": 1.5}, "sample_target": [7.535908356576907, 3.118868182865594, 1.5], "camera_params": {"forward": [-0.9547786940308253, 0.2956430496470246, -0.03150924658253186]}, "task_type": "screen_occupancy", "task_description": "Position where cabinet occupies 20% of vertical FOV", "target_object": {"label": "cabinet", "id": "99", "bbox_min": [-0.3096690686146465, 4.914928193591901, -1.2000000001535228e-06], "bbox_max": [0.29133100861465366, 5.995408644554898, 2.5020016000000003], "center": [-0.009169029999996414, 5.4551684190733996, 1.2510002]}}
{"scene_id": "0260_840805", "object_label": "cabinet", "preset": "occupancy_30", "distance": 5.210795843802791, "init_camera": {"intrinsics": [[320.0, 0.0, 320.0], [0.0, 320.0, 240.0], [0.0, 0.0, 1.0]], "extrinsics": [[-0.17364817766693044, 0.2137210052132338, -0.9613374237610846, 1.5368159780664683], [0.984807753012208, 0.03768477956322764, -0.16950972537384626, 5.727767287766311], [0.0, -0.9761676030886888, -0.21701799621248966, 1.6], [0.0, 0.0, 0.0, 1.0]]}, "target_region": {"type": "circle", "params": {"center": [-0.009169029999996414, 5.4551684190734], "radius": 5.210795843802791, "object_center": [-0.009169029999996414, 5.4551684190734, 1.2510002], "object_height": 2.5020028000000005, "occupancy_ratio": 0.3, "fov_vertical": 90.0, "sample_distance": 5.210795843802791, "min_distance": 2.5020028000000005}, "sample_point": [0.2766320436323266, 10.658120568776784, 1.5], "sample_forward": [-0.05478536003772173, -0.9973566689509474, -0.04773090429278883], "height": 1.5}, "sample_target": [0.2766320436323266, 10.658120568776784, 1.5], "camera_params": {"forward": [-0.05478536003772173, -0.9973566689509474, -0.04773090429278883]}, "task_type": "screen_occupancy", "task_description": "Position where cabinet occupies 30% of vertical FOV", "target_object": {"label": "cabinet", "id": "99", "bbox_min": [-0.3096690686146465, 4.914928193591901, -1.2000000001535228e-06], "bbox_max": [0.29133100861465366, 5.995408644554898, 2.5020016000000003], "center": [-0.009169029999996414, 5.4551684190733996, 1.2510002]}}
{"scene_id": "0260_840805", "object_label": "cabinet", "preset": "occupancy_50", "distance": 3.02018454642773, "init_camera": {"intrinsics": [[320.0, 0.0, 320.0], [0.0, 320.0, 240.0], [0.0, 0.0, 1.0]], "extrinsics": [[-0.17364817766693044, 0.2137210052132338, -0.9613374237610846, 1.5368159780664683], [0.984807753012208, 0.03768477956322764, -0.16950972537384626, 5.727767287766311], [0.0, -0.9761676030886888, -0.21701799621248966, 1.6], [0.0, 0.0, 0.0, 1.0]]}, "target_region": {"type": "circle", "params": {"center": [-0.009169029999996414, 5.4551684190734], "radius": 3.02018454642773, "object_center": [-0.009169029999996414, 5.4551684190734, 1.2510002], "object_height": 2.5020028000000005, "occupancy_ratio": 0.5, "fov_vertical": 90.0, "sample_distance": 3.02018454642773, "min_distance": 2.5020028000000005}, "sample_point": [-2.571974609023897, 7.053149100622725, 1.5], "sample_forward": [0.8456899641683877, -0.5273112546586277, -0.08216644823293162], "height": 1.5}, "sample_target": [-2.571974609023897, 7.053149100622725, 1.5], "camera_params": {"forward": [0.8456899641683877, -0.5273112546586277, -0.08216644823293162]}, "task_type": "screen_occupancy", "task_description": "Position where cabinet occupies 50% of vertical FOV", "target_object": {"label": "cabinet", "id": "99", "bbox_min": [-0.3096690686146465, 4.914928193591901, -1.2000000001535228e-06], "bbox_max": [0.29133100861465366, 5.995408644554898, 2.5020016000000003], "center": [-0.009169029999996414, 5.4551684190733996, 1.2510002]}}
{"scene_id": "0260_840805", "object_label": "cabinet", "preset": "right", "distance": 2.5020028000000005, "init_camera": {"intrinsics": [[320.0, 0.0, 320.0], [0.0, 320.0, 240.0], [0.0, 0.0, 1.0]], "extrinsics": [[0.17364817766693044, 0.2137210052132338, -0.9613374237610846, 1.5368159780664683], [0.984807753012208, -0.03768477956322764, 0.16950972537384626, 5.182569550380488], [-0.0, -0.9761676030886888, -0.21701799621248966, 1.6], [0.0, 0.0, 0.0, 1.0]]}, "target_region": {"type": "circle", "params": {"center": [-0.009169029999996414, 5.4551684190734], "radius": 2.5020028000000005, "object_center": [-0.009169029999996414, 5.4551684190734, 1.2510002], "sample_distance": 2.5020028000000005, "min_distance": 2.5020028000000005, "requested_distance": 0.8}, "sample_point": [-0.1915501579829989, 7.950515115499268, 1.5], "sample_forward": [0.07253573265785575, -0.9924371170545628, -0.09903098596003215], "height": 1.5}, "sample_target": [-0.1915501579829989, 7.950515115499268, 1.5], "camera_params": {"forward": [0.07253573265785575, -0.9924371170545628, -0.09903098596003215]}, "task_type": "absolute_positioning", "task_description": "Move to any position 2.5m from cabinet", "target_object": {"label": "cabinet", "id": "99", "bbox_min": [-0.3096690686146465, 4.914928193591901, -1.2000000001535228e-06], "bbox_max": [0.29133100861465366, 5.995408644554898, 2.5020016000000003], "center": [-0.009169029999996414, 5.4551684190733996, 1.2510002]}}
{"scene_id": "0260_840805", "object_label": "cabinet", "preset": "right", "distance": 2.5020028000000005, "init_camera": {"intrinsics": [[320.0, 0.0, 320.0], [0.0, 320.0, 240.0], [0.0, 0.0, 1.0]], "extrinsics": [[0.17364817766693044, 0.2137210052132338, -0.9613374237610846, 1.5368159780664683], [0.984807753012208, -0.03768477956322764, 0.16950972537384626, 5.182569550380488], [-0.0, -0.9761676030886888, -0.21701799621248966, 1.6], [0.0, 0.0, 0.0, 1.0]]}, "target_region": {"type": "circle", "params": {"center": [-0.009169029999996414, 5.4551684190734], "radius": 2.5020028000000005, "object_center": [-0.009169029999996414, 5.4551684190734, 1.2510002], "sample_distance": 2.5020028000000005, "min_distance": 2.5020028000000005, "requested_distance": 1.2}, "sample_point": [0.28059603521883575, 7.940335258178286, 1.5], "sample_forward": [-0.11524394841037612, -0.9883884338530932, -0.09903098596003215], "height": 1.5}, "sample_target": [0.28059603521883575, 7.940335258178286, 1.5], "camera_params": {"forward": [-0.11524394841037612, -0.9883884338530932, -0.09903098596003215]}, "task_type": "absolute_positioning", "task_description": "Move to any position 2.5m from cabinet", "target_object": {"label": "cabinet", "id": "99", "bbox_min": [-0.3096690686146465, 4.914928193591901, -1.2000000001535228e-06], "bbox_max": [0.29133100861465366, 5.995408644554898, 2.5020016000000003], "center": [-0.009169029999996414, 5.4551684190733996, 1.2510002]}}
{"scene_id": "0260_840805", "object_label": "cabinet", "preset": "right", "distance": 2.5020028000000005, "init_camera": {"intrinsics": [[320.0, 0.0, 320.0], [0.0, 320.0, 240.0], [0.0, 0.0, 1.0]], "extrinsics": [[0.17364817766693044, 0.2137210052132338, -0.9613374237610846, 1.5368159780664683], [0.984807753012208, -0.03768477956322764, 0.16950972537384626, 5.182569550380488], [-0.0, -0.9761676030886888, -0.21701799621248966, 1.6], [0.0, 0.0, 0.0, 1.0]]}, "target_region": {"type": "circle", "params": {"center": [-0.009169029999996414, 5.4551684190734], "radius": 2.5020028000000005, "object_center": [-0.009169029999996414, 5.4551684190734, 1.2510002], "sample_distance": 2.5020028000000005, "min_distance": 2.5020028000000005, "requested_distance": 1.5}, "sample_point": [-1.6434273484333664, 7.34969151469382, 1.5], "sample_forward": [0.6499692473160252, -0.7534804850579897, -0.09903098596003215], "height": 1.5}, "sample_target": [-1.6434273484333664, 7.34969151469382, 1.5], "camera_params": {"forward": [0.6499692473160252, -0.7534804850579897, -0.09903098596003215]}, "task_type": "absolute_positioning", "task_description": "Move to any position 2.5m from cabinet", "target_object": {"label": "cabinet", "id": "99", "bbox_min": [-0.3096690686146465, 4.914928193591901, -1.2000000001535228e-06], "bbox_max": [0.29133100861465366, 5.995408644554898, 2.5020016000000003], "center": [-0.009169029999996414, 5.4551684190733996, 1.2510002]}}
{"scene_id": "0260_840805", "object_label": "cabinet", "preset": "occupancy_20", "distance": 7.898511984110602, "init_camera": {"intrinsics": [[320.0, 0.0, 320.0], [0.0, 320.0, 240.0], [0.0, 0.0, 1.0]], "extrinsics": [[0.17364817766693044, 0.2137210052132338, -0.9613374237610846, 1.5368159780664683], [0.984807753012208, -0.03768477956322764, 0.16950972537384626, 5.182569550380488], [-0.0, -0.9761676030886888, -0.21701799621248966, 1.6], [0.0, 0.0, 0.0, 1.0]]}, "target_region": {"type": "circle", "params": {"center": [-0.009169029999996414, 5.4551684190734], "radius": 7.898511984110602, "object_center": [-0.009169029999996414, 5.4551684190734, 1.2510002], "object_height": 2.5020028000000005, "occupancy_ratio": 0.2, "fov_vertical": 90.0, "sample_distance": 7.898511984110602, "min_distance": 2.5020028000000005}, "sample_point": [-6.821363472408862, 9.452729981069982, 1.5], "sample_forward": [0.8620372966324233, -0.5058644745329174, -0.03150924658253186], "height": 1.5}, "sample_target": [-6.821363472408862, 9.452729981069982, 1.5], "camera_params": {"forward": [0.8620372966324233, -0.5058644745329174, -0.03150924658253186]}, "task_type": "screen_occupancy", "task_description": "Position where cabinet occupies 20% of vertical FOV", "target_object": {"label": "cabinet", "id": "99", "bbox_min": [-0.3096690686146465, 4.914928193591901, -1.2000000001535228e-06], "bbox_max": [0.29133100861465366, 5.995408644554898, 2.5020016000000003], "center": [-0.009169029999996414, 5.4551684190733996, 1.2510002]}}
{"scene_id": "0260_840805", "object_label": "cabinet", "preset": "occupancy_30", "distance": 5.210795843802791, "init_camera": {"intrinsics": [[320.0, 0.0, 320.0], [0.0, 320.0, 240.0], [0.0, 0.0, 1.0]], "extrinsics": [[0.17364817766693044, 0.2137210052132338, -0.9613374237610846, 1.5368159780664683], [0.984807753012208, -0.03768477956322764, 0.16950972537384626, 5.182569550380488], [-0.0, -0.9761676030886888, -0.21701799621248966, 1.6], [0.0, 0.0, 0.0, 1.0]]}, "target_region": {"type": "circle", "params": {"center": [-0.009169029999996414, 5.4551684190734], "radius": 5.210795843802791, "object_center": [-0.009169029999996414, 5.4551684190734, 1.2510002], "object_height": 2.5020028000000005, "occupancy_ratio": 0.3, "fov_vertical": 90.0, "sample_distance": 5.210795843802791, "min_distance": 2.5020028000000005}, "sample_point": [1.5766964105163186, 0.4915584293211399, 1.5], "sample_forward": [-0.30399539101045725, 0.9514770428233105, -0.04773090429278884], "height": 1.5}, "sample_target": [1.5766964105163186, 0.4915584293211399, 1.5], "camera_params": {"forward": [-0.30399539101045725, 0.9514770428233105, -0.04773090429278884]}, "task_type": "screen_occupancy", "task_description": "Position where cabinet occupies 30% of vertical FOV", "target_object": {"label": "cabinet", "id": "99", "bbox_min": [-0.3096690686146465, 4.914928193591901, -1.2000000001535228e-06], "bbox_max": [0.29133100861465366, 5.995408644554898, 2.5020016000000003], "center": [-0.009169029999996414, 5.4551684190733996, 1.2510002]}}
{"scene_id": "0260_840805", "object_label": "cabinet", "preset": "occupancy_50", "distance": 3.02018454642773, "init_camera": {"intrinsics": [[320.0, 0.0, 320.0], [0.0, 320.0, 240.0], [0.0, 0.0, 1.0]], "extrinsics": [[0.17364817766693044, 0.2137210052132338, -0.9613374237610846, 1.5368159780664683], [0.984807753012208, -0.03768477956322764, 0.16950972537384626, 5.182569550380488], [-0.0, -0.9761676030886888, -0.21701799621248966, 1.6], [0.0, 0.0, 0.0, 1.0]]}, "target_region": {"type": "circle", "params": {"center": [-0.009169029999996414, 5.4551684190734], "radius": 3.02018454642773, "object_center": [-0.009169029999996414, 5.4551684190734, 1.2510002], "object_height": 2.5020028000000005, "occupancy_ratio": 0.5, "fov_vertical": 90.0, "sample_distance": 3.02018454642773, "min_distance": 2.5020028000000005}, "sample_point": [-1.0531888114907715, 8.28916513578583, 1.5], "sample_forward": [0.3445119125799232, -0.9351792431803158, -0.08216644823293162], "height": 1.5}, "sample_target": [-1.0531888114907715, 8.28916513578583, 1.5], "camera_params": {"forward": [0.3445119125799232, -0.9351792431803158, -0.08216644823293162]}, "task_type": "screen_occupancy", "task_description": "Position where cabinet occupies 50% of vertical FOV", "target_object": {"label": "cabinet", "id": "99", "bbox_min": [-0.3096690686146465, 4.914928193591901, -1.2000000001535228e-06], "bbox_max": [0.29133100861465366, 5.995408644554898, 2.5020016000000003], "center": [-0.009169029999996414, 5.4551684190733996, 1.2510002]}}
{"scene_id": "0260_840805", "object_label": "cabinet", "preset": "occupancy_20", "distance": 7.898511984110602, "init_camera": {"intrinsics": [[320.0, 0.0, 320.0], [0.0, 320.0, 240.0], [0.0, 0.0, 1.0]], "extrinsics": [[0.0, 0.17510518423123728, -0.984549731834479, 1.9531238684588614], [1.0, -0.0, 0.0, 5.4551684190733996], [-0.0, -0.984549731834479, -0.17510518423123728, 1.6], [0.0, 0.0, 0.0, 1.0]]}, "target_region": {"type": "circle", "params": {"center": [-0.009169029999996414, 5.4551684190734], "radius": 7.898511984110602, "object_center": [-0.009169029999996414, 5.4551684190734, 1.2510002], "object_height": 2.5020028000000005, "occupancy_ratio": 0.2, "fov_vertical": 90.0, "sample_distance": 7.898511984110602, "min_distance": 2.5020028000000005}, "sample_point": [1.9618322707577984, 13.103805254193098, 1.5], "sample_forward": [-0.24941693125885403, -0.9678834443161105, -0.03150924658253186], "height": 1.5}, "sample_target": [1.9618322707577984, 13.103805254193098, 1.5], "camera_params": {"forward": [-0.24941693125885403, -0.9678834443161105, -0.03150924658253186]}, "task_type": "screen_occupancy", "task_description": "Position where cabinet occupies 20% of vertical FOV", "target_object": {"label": "cabinet", "id": "99", "bbox_min": [-0.3096690686146465, 4.914928193591901, -1.2000000001535228e-06], "bbox_max": [0.29133100861465366, 5.995408644554898, 2.5020016000000003], "center": [-0.009169029999996414, 5.4551684190733996, 1.2510002]}}
{"scene_id": "0260_840805", "object_label": "cabinet", "preset": "occupancy_30", "distance": 5.210795843802791, "init_camera": {"intrinsics": [[320.0, 0.0, 320.0], [0.0, 320.0, 240.0], [0.0, 0.0, 1.0]], "extrinsics": [[0.0, 0.17510518423123728, -0.984549731834479, 1.9531238684588614], [1.0, -0.0, 0.0, 5.4551684190733996], [-0.0, -0.984549731834479, -0.17510518423123728, 1.6], [0.0, 0.0, 0.0, 1.0]]}, "target_region": {"type": "circle", "params": {"center": [-0.009169029999996414, 5.4551684190734], "radius": 5.210795843802791, "object_center": [-0.009169029999996414, 5.4551684190734, 1.2510002], "object_height": 2.5020028000000005, "occupancy_ratio": 0.3, "fov_vertical": 90.0, "sample_distance": 5.210795843802791, "min_distance": 2.5020028000000005}, "sample_point": [5.061200933873353, 4.2536103658594016, 1.5], "sample_forward": [-0.9719419191287304, 0.23032730323553297, -0.04773090429278884], "height": 1.5}, "sample_target": [5.061200933873353, 4.2536103658594016, 1.5], "camera_params": {"forward": [-0.9719419191287304, 0.23032730323553297, -0.04773090429278884]}, "task_type": "screen_occupancy", "task_description": "Position where cabinet occupies 30% of vertical FOV", "target_object": {"label": "cabinet", "id": "99", "bbox_min": [-0.3096690686146465, 4.914928193591901, -1.2000000001535228e-06], "bbox_max": [0.29133100861465366, 5.995408644554898, 2.5020016000000003], "center": [-0.009169029999996414, 5.4551684190733996, 1.2510002]}}
{"scene_id": "0260_840805", "object_label": "cabinet", "preset": "occupancy_50", "distance": 3.02018454642773, "init_camera": {"intrinsics": [[320.0, 0.0, 320.0], [0.0, 320.0, 240.0], [0.0, 0.0, 1.0]], "extrinsics": [[0.0, 0.17510518423123728, -0.984549731834479, 1.9531238684588614], [1.0, -0.0, 0.0, 5.4551684190733996], [-0.0, -0.984549731834479, -0.17510518423123728, 1.6], [0.0, 0.0, 0.0, 1.0]]}, "target_region": {"type": "circle", "params": {"center": [-0.009169029999996414, 5.4551684190734], "radius": 3.02018454642773, "object_center": [-0.009169029999996414, 5.4551684190734, 1.2510002], "object_height": 2.5020028000000005, "occupancy_ratio": 0.5, "fov_vertical": 90.0, "sample_distance": 3.02018454642773, "min_distance": 2.5020028000000005}, "sample_point": [-0.6556077088760237, 2.5049766068459496, 1.5], "sample_forward": [0.21331571448503897, 0.9735219980763261, -0.08216644823293162], "height": 1.5}, "sample_target": [-0.6556077088760237, 2.5049766068459496, 1.5], "camera_params": {"forward": [0.21331571448503897, 0.9735219980763261, -0.08216644823293162]}, "task_type": "screen_occupancy", "task_description": "Position where cabinet occupies 50% of vertical FOV", "target_object": {"label": "cabinet", "id": "99", "bbox_min": [-0.3096690686146465, 4.914928193591901, -1.2000000001535228e-06], "bbox_max": [0.29133100861465366, 5.995408644554898, 2.5020016000000003], "center": [-0.009169029999996414, 5.4551684190733996, 1.2510002]}}
{"scene_id": "0260_840805", "object_label": "chair", "preset": "occupancy_20", "distance": 2.547223446781348, "init_camera": {"intrinsics": [[320.0, 0.0, 320.0], [0.0, 320.0, 240.0], [0.0, 0.0, 1.0]], "extrinsics": [[-0.3420201433256685, 0.4225519357575055, -0.8393283524027259, -5.293410428044121], [0.9396926207859084, 0.15379632704729645, -0.30549053705028556, 0.9271477910269363], [0.0, -0.8931945764358101, -0.4496703777498069, 0.90798382], [0.0, 0.0, 0.0, 1.0]]}, "target_region": {"type": "circle", "params": {"center": [-6.23310304883003, 0.5851276477012677], "radius": 2.547223446781348, "object_center": [-6.23310304883003, 0.5851276477012677, 0.40454326], "object_height": 0.80688112, "occupancy_ratio": 0.2, "fov_vertical": 90.0, "sample_distance": 2.547223446781348, "min_distance": 0.80688112}, "sample_point": [-7.634550627132938, -1.541910662508862, 1.5], "sample_forward": [0.5054284007034763, 0.7671107988686866, -0.39507360582728307], "height": 1.5}, "sample_target": [-7.634550627132938, -1.541910662508862, 1.5], "camera_params": {"forward": [0.5054284007034763, 0.7671107988686866, -0.39507360582728307]}, "task_type": "screen_occupancy", "task_description": "Position where chair occupies 20% of vertical FOV", "target_object": {"label": "chair", "id": "117", "bbox_min": [-6.537120697004047, 0.28611538387718893, 0.0011027000000000272], "bbox_max": [-5.929085400656012, 0.8841399115253462, 0.80798382], "center": [-6.23310304883003, 0.5851276477012676, 0.40454326]}}
{"scene_id": "0260_840805", "object_label": "chair", "preset": "occupancy_30", "distance": 1.6804508718131492, "init_camera": {"intrinsics": [[320.0, 0.0, 320.0], [0.0, 320.0, 240.0], [0.0, 0.0, 1.0]], "extrinsics": [[-0.3420201433256685, 0.4225519357575055, -0.8393283524027259, -5.293410428044121], [0.9396926207859084, 0.15379632704729645, -0.30549053705028556, 0.9271477910269363], [0.0, -0.8931945764358101, -0.4496703777498069, 0.90798382], [0.0, 0.0, 0.0, 1.0]]}, "target_region": {"type": "circle", "params": {"center": [-6.23310304883003, 0.5851276477012677], "radius": 1.6804508718131492, "object_center": [-6.23310304883003, 0.5851276477012677, 0.40454326], "object_height": 0.80688112, "occupancy_ratio": 0.3, "fov_vertical": 90.0, "sample_distance": 1.6804508718131492, "min_distance": 0.80688112}, "sample_point": [-6.274463885565646, -1.0948141411003869, 1.5], "sample_forward": [0.020618807087245047, 0.8374684458758889, -0.5460965729214224], "height": 1.5}, "sample_target": [-6.274463885565646, -1.0948141411003869, 1.5], "camera_params": {"forward": [0.020618807087245047, 0.8374684458758889, -0.5460965729214224]}, "task_type": "screen_occupancy", "task_description": "Position where chair occupies 30% of vertical FOV", "target_object": {"label": "chair", "id": "117", "bbox_min": [-6.537120697004047, 0.28611538387718893, 0.0011027000000000272], "bbox_max": [-5.929085400656012, 0.8841399115253462, 0.80798382], "center": [-6.23310304883003, 0.5851276477012676, 0.40454326]}}
{"scene_id": "0260_840805", "object_label": "chair", "preset": "back", "distance": 1.5, "init_camera": {"intrinsics": [[320.0, 0.0, 320.0], [0.0, 320.0, 240.0], [0.0, 0.0, 1.0]], "extrinsics": [[-0.34202014332566877, 0.5004933471978181, -0.795316685962399, -5.481348952201303], [0.9396926207859084, 0.18216468082826562, -0.2894716005055541, 0.8587437623618026], [0.0, -0.8463583392803904, -0.5326138953599874, 0.90798382], [0.0, 0.0, 0.0, 1.0]]}, "target_region": {"type": "circle", "params": {"center": [-6.23310304883003, 0.5851276477012677], "radius": 1.5, "object_center": [-6.23310304883003, 0.5851276477012677, 0.40454326], "sample_distance": 1.5, "min_distance": 0.80688112, "requested_distance": 1.5}, "sample_point": [-7.533792287381991, 1.332260503835382, 1.5], "sample_forward": [0.7002649614318961, -0.4022413234291989, -0.5897719063474554], "height": 1.5}, "sample_target": [-7.533792287381991, 1.332260503835382, 1.5], "camera_params": {"forward": [0.7002649614318961, -0.4022413234291989, -0.5897719063474554]}, "task_type": "absolute_positioning", "task_description": "Move to any position 1.5m from chair", "target_object": {"label": "chair", "id": "117", "bbox_min": [-6.537120697004047, 0.28611538387718893, 0.0011027000000000272], "bbox_max": [-5.929085400656012, 0.8841399115253462, 0.80798382], "center": [-6.23310304883003, 0.5851276477012676, 0.40454326]}}
{"scene_id": "0260_840805", "object_label": "chair", "preset": "occupancy_20", "distance": 2.547223446781348, "init_camera": {"intrinsics": [[320.0, 0.0, 320.0], [0.0, 320.0, 240.0], [0.0, 0.0, 1.0]], "extrinsics": [[-0.34202014332566877, 0.5004933471978181, -0.795316685962399, -5.481348952201303], [0.9396926207859084, 0.18216468082826562, -0.2894716005055541, 0.8587437623618026], [0.0, -0.8463583392803904, -0.5326138953599874, 0.90798382], [0.0, 0.0, 0.0, 1.0]]}, "target_region": {"type": "circle", "params": {"center": [-6.23310304883003, 0.5851276477012677], "radius": 2.547223446781348, "object_center": [-6.23310304883003, 0.5851276477012677, 0.40454326], "object_height": 0.80688112, "occupancy_ratio": 0.2, "fov_vertical": 90.0, "sample_distance": 2.547223446781348, "min_distance": 0.80688112}, "sample_point": [-3.941030441432977, -0.526065607431577, 1.5], "sample_forward": [-0.8266299861574601, 0.40074893881824053, -0.3950736058272831], "height": 1.5}, "sample_target": [-3.941030441432977, -0.526065607431577, 1.5], "camera_params": {"forward": [-0.8266299861574601, 0.40074893881824053, -0.3950736058272831]}, "task_type": "screen_occupancy", "task_description": "Position where chair occupies 20% of vertical FOV", "target_object": {"label": "chair", "id": "117", "bbox_min": [-6.537120697004047, 0.28611538387718893, 0.0011027000000000272], "bbox_max": [-5.929085400656012, 0.8841399115253462, 0.80798382], "center": [-6.23310304883003, 0.5851276477012676, 0.40454326]}}
