{"scene_id": "0253_840830", "object_label": "dining table", "preset": "occupancy_20", "distance": 2.4498539752037103, "init_camera": {"intrinsics": [[320.0, 0.0, 320.0], [0.0, 320.0, 240.0], [0.0, 0.0, 1.0]], "extrinsics": [[-0.49999999999999994, 0.312902946278663, -0.8075219787783687, 7.218388509434846], [0.8660254037844386, 0.18065460026421307, -0.4662230318242304, 0.2025847181697798], [0.0, -0.9324460636484609, -0.36130920052842613, 0.90073657739784], [0.0, 0.0, 0.0, 1.0]]}, "target_region": {"type": "circle", "params": {"center": [6.127672118316853, -0.4271406838517307], "radius": 2.4498539752037103, "object_center": [6.127672118316853, -0.4271406838517307, 0.41271782665836], "object_height": 0.77603750147896, "occupancy_ratio": 0.2, "fov_vertical": 90.0, "sample_distance": 2.4498539752037103, "min_distance": 1.4850914183651815}, "sample_point": [3.7108013163155555, -0.026491178354683842, 1.5], "sample_forward": [0.9017191022538285, -0.14947977861128695, -0.4056580535584992], "height": 1.5}, "sample_target": [3.7108013163155555, -0.026491178354683842, 1.5], "camera_params": {"forward": [0.9017191022538285, -0.14947977861128695, -0.4056580535584992]}, "task_type": "screen_occupancy", "task_description": "Position where dining table occupies 20% of vertical FOV", "target_object": {"label": "dining table", "id": "132", "bbox_min": [5.385126465180957, -1.1696863930343215, 0.024699075918879997], "bbox_max": [6.870217771452748, 0.31540502533086007, 0.80073657739784], "center": [6.127672118316853, -0.42714068385173076, 0.41271782665836]}}
{"scene_id": "0253_840830", "object_label": "dining table", "preset": "occupancy_20", "distance": 2.4498539752037103, "init_camera": {"intrinsics": [[320.0, 0.0, 320.0], [0.0, 320.0, 240.0], [0.0, 0.0, 1.0]], "extrinsics": [[0.4999999999999998, -0.312902946278663, 0.807521978778369, 5.036955727198859], [-0.8660254037844387, -0.18065460026421298, 0.4662230318242303, -1.0568660858732413], [0.0, -0.9324460636484608, -0.3613092005284262, 0.90073657739784], [0.0, 0.0, 0.0, 1.0]]}, "target_region": {"type": "circle", "params": {"center": [6.127672118316853, -0.4271406838517307], "radius": 2.4498539752037103, "object_center": [6.127672118316853, -0.4271406838517307, 0.41271782665836], "object_height": 0.77603750147896, "occupancy_ratio": 0.2, "fov_vertical": 90.0, "sample_distance": 2.4498539752037103, "min_distance": 1.4850914183651815}, "sample_point": [3.7874800057225437, 0.2976250548340929, 1.5], "sample_forward": [0.8731107716319284, -0.27040548079398863, -0.40565805355849915], "height": 1.5}, "sample_target": [3.7874800057225437, 0.2976250548340929, 1.5], "camera_params": {"forward": [0.8731107716319284, -0.27040548079398863, -0.40565805355849915]}, "task_type": "screen_occupancy", "task_description": "Position where dining table occupies 20% of vertical FOV", "target_object": {"label": "dining table", "id": "132", "bbox_min": [5.385126465180957, -1.1696863930343215, 0.024699075918879997], "bbox_max": [6.870217771452748, 0.31540502533086007, 0.80073657739784], "center": [6.127672118316853, -0.42714068385173076, 0.41271782665836]}}
{"scene_id": "0253_840830", "object_label": "dining table", "preset": "occupancy_30", "distance": 1.616214413245927, "init_camera": {"intrinsics": [[320.0, 0.0, 320.0], [0.0, 320.0, 240.0], [0.0, 0.0, 1.0]], "extrinsics": [[0.4999999999999998, -0.312902946278663, 0.807521978778369, 5.036955727198859], [-0.8660254037844387, -0.18065460026421298, 0.4662230318242303, -1.0568660858732413], [0.0, -0.9324460636484608, -0.3613092005284262, 0.90073657739784], [0.0, 0.0, 0.0, 1.0]]}, "target_region": {"type": "circle", "params": {"center": [6.127672118316853, -0.4271406838517307], "radius": 1.616214413245927, "object_center": [6.127672118316853, -0.4271406838517307, 0.41271782665836], "object_height": 0.77603750147896, "occupancy_ratio": 0.3, "fov_vertical": 90.0, "sample_distance": 1.616214413245927, "min_distance": 1.4850914183651815}, "sample_point": [7.604668083783053, -1.0833662148854173, 1.5], "sample_forward": [-0.7582486927887592, 0.3368879554954269, -0.5581804594629315], "height": 1.5}, "sample_target": [7.604668083783053, -1.0833662148854173, 1.5], "camera_params": {"forward": [-0.7582486927887592, 0.3368879554954269, -0.5581804594629315]}, "task_type": "screen_occupancy", "task_description": "Position where dining table occupies 30% of vertical FOV", "target_object": {"label": "dining table", "id": "132", "bbox_min": [5.385126465180957, -1.1696863930343215, 0.024699075918879997], "bbox_max": [6.870217771452748, 0.31540502533086007, 0.80073657739784], "center": [6.127672118316853, -0.42714068385173076, 0.41271782665836]}}
{"scene_id": "0253_840830", "object_label": "dining table", "preset": "occupancy_20", "distance": 2.4498539752037103, "init_camera": {"intrinsics": [[320.0, 0.0, 320.0], [0.0, 320.0, 240.0], [0.0, 0.0, 1.0]], "extrinsics": [[0.5000000000000006, 0.3129029462786629, -0.8075219787783684, 7.2183885094348454], [0.8660254037844383, -0.18065460026421332, 0.466223031824231, -1.0568660858732422], [-0.0, -0.9324460636484608, -0.36130920052842624, 0.90073657739784], [0.0, 0.0, 0.0, 1.0]]}, "target_region": {"type": "circle", "params": {"center": [6.127672118316853, -0.4271406838517307], "radius": 2.4498539752037103, "object_center": [6.127672118316853, -0.4271406838517307, 0.41271782665836], "object_height": 0.77603750147896, "occupancy_ratio": 0.2, "fov_vertical": 90.0, "sample_distance": 2.4498539752037103, "min_distance": 1.4850914183651815}, "sample_point": [4.573964773274065, -2.3212837581155292, 1.5], "sample_forward": [0.579678314280206, 0.7066927164874337, -0.4056580535584992], "height": 1.5}, "sample_target": [4.573964773274065, -2.3212837581155292, 1.5], "camera_params": {"forward": [0.579678314280206, 0.7066927164874337, -0.4056580535584992]}, "task_type": "screen_occupancy", "task_description": "Position where dining table occupies 20% of vertical FOV", "target_object": {"label": "dining table", "id": "132", "bbox_min": [5.385126465180957, -1.1696863930343215, 0.024699075918879997], "bbox_max": [6.870217771452748, 0.31540502533086007, 0.80073657739784], "center": [6.127672118316853, -0.42714068385173076, 0.41271782665836]}}
{"scene_id": "0253_840830", "object_label": "dining table", "preset": "occupancy_30", "distance": 1.616214413245927, "init_camera": {"intrinsics": [[320.0, 0.0, 320.0], [0.0, 320.0, 240.0], [0.0, 0.0, 1.0]], "extrinsics": [[0.5000000000000006, 0.3129029462786629, -0.8075219787783684, 7.2183885094348454], [0.8660254037844383, -0.18065460026421332, 0.466223031824231, -1.0568660858732422], [-0.0, -0.9324460636484608, -0.36130920052842624, 0.90073657739784], [0.0, 0.0, 0.0, 1.0]]}, "target_region": {"type": "circle", "params": {"center": [6.127672118316853, -0.4271406838517307], "radius": 1.616214413245927, "object_center": [6.127672118316853, -0.4271406838517307, 0.41271782665836], "object_height": 0.77603750147896, "occupancy_ratio": 0.3, "fov_vertical": 90.0, "sample_distance": 1.616214413245927, "min_distance": 1.4850914183651815}, "sample_point": [7.3838269428727035, 0.5898274013549472, 1.5], "sample_forward": [-0.6448749867499646, -0.5220831601746831, -0.5581804594629314], "height": 1.5}, "sample_target": [7.3838269428727035, 0.5898274013549472, 1.5], "camera_params": {"forward": [-0.6448749867499646, -0.5220831601746831, -0.5581804594629314]}, "task_type": "screen_occupancy", "task_description": "Position where dining table occupies 30% of vertical FOV", "target_object": {"label": "dining table", "id": "132", "bbox_min": [5.385126465180957, -1.1696863930343215, 0.024699075918879997], "bbox_max": [6.870217771452748, 0.31540502533086007, 0.80073657739784], "center": [6.127672118316853, -0.42714068385173076, 0.41271782665836]}}
{"scene_id": "0253_840830", "object_label": "storage cabinet", "preset": "occupancy_20", "distance": 2.8411881816037696, "init_camera": {"intrinsics": [[320.0, 0.0, 320.0], [0.0, 320.0, 240.0], [0.0, 0.0, 1.0]], "extrinsics": [[0.9396926207859082, -0.179322684428757, 0.2912407136541452, -0.08879797937577072], [-0.3420201433256694, -0.49268502626399585, 0.8001772843906119, -1.4057723344103954], [0.0, -0.8515308800886261, -0.5243044537818554, 1.0], [0.0, 0.0, 0.0, 1.0]]}, "target_region": {"type": "circle", "params": {"center": [0.21671610000000002, -0.5663792999999999], "radius": 2.8411881816037696, "object_center": [0.21671610000000002, -0.5663792999999999, 0.45], "object_height": 0.9, "occupancy_ratio": 0.2, "fov_vertical": 90.0, "sample_distance": 2.8411881816037696, "min_distance": 1.2398374318000003}, "sample_point": [2.609877934599581, 0.9650013570219254, 1.5], "sample_forward": [-0.7900827414580212, -0.5055727574387419, -0.3466488837223694], "height": 1.5}, "sample_target": [2.609877934599581, 0.9650013570219254, 1.5], "camera_params": {"forward": [-0.7900827414580212, -0.5055727574387419, -0.3466488837223694]}, "task_type": "screen_occupancy", "task_description": "Position where storage cabinet occupies 20% of vertical FOV", "target_object": {"label": "storage cabinet", "id": "146", "bbox_min": [-0.40320261590000006, -0.7753187989013671, 0.0], "bbox_max": [0.8366348159000001, -0.35743980109863277, 0.9], "center": [0.21671610000000002, -0.5663792999999999, 0.45]}}
{"scene_id": "0253_840830", "object_label": "storage cabinet", "preset": "occupancy_50", "distance": 1.2398374318000003, "init_camera": {"intrinsics": [[320.0, 0.0, 320.0], [0.0, 320.0, 240.0], [0.0, 0.0, 1.0]], "extrinsics": [[0.9396926207859082, -0.179322684428757, 0.2912407136541452, -0.08879797937577072], [-0.3420201433256694, -0.49268502626399585, 0.8001772843906119, -1.4057723344103954], [0.0, -0.8515308800886261, -0.5243044537818554, 1.0], [0.0, 0.0, 0.0, 1.0]]}, "target_region": {"type": "circle", "params": {"center": [0.21671610000000002, -0.5663792999999999], "radius": 1.2398374318000003, "object_center": [0.21671610000000002, -0.5663792999999999, 0.45], "object_height": 0.9, "occupancy_ratio": 0.5, "fov_vertical": 90.0, "sample_distance": 1.2398374318000003, "min_distance": 1.2398374318000003}, "sample_point": [-0.4240566591260752, 0.4950382090200731, 1.5], "sample_forward": [0.39439101547470945, -0.6532948276328003, -0.6462674331119102], "height": 1.5}, "sample_target": [-0.4240566591260752, 0.4950382090200731, 1.5], "camera_params": {"forward": [0.39439101547470945, -0.6532948276328003, -0.6462674331119102]}, "task_type": "screen_occupancy", "task_description": "Position where storage cabinet occupies 50% of vertical FOV", "target_object": {"label": "storage cabinet", "id": "146", "bbox_min": [-0.40320261590000006, -0.7753187989013671, 0.0], "bbox_max": [0.8366348159000001, -0.35743980109863277, 0.9], "center": [0.21671610000000002, -0.5663792999999999, 0.45]}}
{"scene_id": "0253_840830", "object_label": "storage cabinet", "preset": "back", "distance": 1.5, "init_camera": {"intrinsics": [[320.0, 0.0, 320.0], [0.0, 320.0, 240.0], [0.0, 0.0, 1.0]], "extrinsics": [[0.9848077530122079, -0.09104451294187454, 0.14786678555450733, 0.06160253674803459], [-0.17364817766693036, -0.5163390910232023, 0.8385942126405879, -1.446072031246993], [0.0, -0.8515308800886261, -0.5243044537818555, 1.0], [0.0, 0.0, 0.0, 1.0]]}, "target_region": {"type": "circle", "params": {"center": [0.21671610000000002, -0.5663792999999999], "radius": 1.5, "object_center": [0.21671610000000002, -0.5663792999999999, 0.45], "sample_distance": 1.5, "min_distance": 1.2398374318000003, "requested_distance": 1.5}, "sample_point": [-1.2577675356153206, -0.841875231553673, 1.5], "sample_forward": [0.8052960403860242, 0.15046337406793187, -0.5734623443633284], "height": 1.5}, "sample_target": [-1.2577675356153206, -0.841875231553673, 1.5], "camera_params": {"forward": [0.8052960403860242, 0.15046337406793187, -0.5734623443633284]}, "task_type": "absolute_positioning", "task_description": "Move to any position 1.5m from storage cabinet", "target_object": {"label": "storage cabinet", "id": "146", "bbox_min": [-0.40320261590000006, -0.7753187989013671, 0.0], "bbox_max": [0.8366348159000001, -0.35743980109863277, 0.9], "center": [0.21671610000000002, -0.5663792999999999, 0.45]}}
{"scene_id": "0253_840830", "object_label": "storage cabinet", "preset": "occupancy_20", "distance": 2.8411881816037696, "init_camera": {"intrinsics": [[320.0, 0.0, 320.0], [0.0, 320.0, 240.0], [0.0, 0.0, 1.0]], "extrinsics": [[0.9848077530122079, -0.09104451294187454, 0.14786678555450733, 0.06160253674803459], [-0.17364817766693036, -0.5163390910232023, 0.8385942126405879, -1.446072031246993], [0.0, -0.8515308800886261, -0.5243044537818555, 1.0], [0.0, 0.0, 0.0, 1.0]]}, "target_region": {"type": "circle", "params": {"center": [0.21671610000000002, -0.5663792999999999], "radius": 2.8411881816037696, "object_center": [0.21671610000000002, -0.5663792999999999, 0.45], "object_height": 0.9, "occupancy_ratio": 0.2, "fov_vertical": 90.0, "sample_distance": 2.8411881816037696, "min_distance": 1.2398374318000003}, "sample_point": [-1.2306595521758799, 1.8785039292715702, 1.5], "sample_forward": [0.4778391944321001, -0.8071581354843157, -0.3466488837223694], "height": 1.5}, "sample_target": [-1.2306595521758799, 1.8785039292715702, 1.5], "camera_params": {"forward": [0.4778391944321001, -0.8071581354843157, -0.3466488837223694]}, "task_type": "screen_occupancy", "task_description": "Position where storage cabinet occupies 20% of vertical FOV", "target_object": {"label": "storage cabinet", "id": "146", "bbox_min": [-0.40320261590000006, -0.7753187989013671, 0.0], "bbox_max": [0.8366348159000001, -0.35743980109863277, 0.9], "center": [0.21671610000000002, -0.5663792999999999, 0.45]}}
{"scene_id": "0253_840830", "object_label": "storage cabinet", "preset": "back", "distance": 1.5, "init_camera": {"intrinsics": [[320.0, 0.0, 320.0], [0.0, 320.0, 240.0], [0.0, 0.0, 1.0]], "extrinsics": [[0.9848077530122081, 0.09104451294187428, -0.14786678555450694, 0.3718296632519651], [0.17364817766692991, -0.5163390910232023, 0.8385942126405879, -1.4460720312469932], [-0.0, -0.8515308800886262, -0.5243044537818554, 1.0], [0.0, 0.0, 0.0, 1.0]]}, "target_region": {"type": "circle", "params": {"center": [0.21671610000000002, -0.5663792999999999], "radius": 1.5, "object_center": [0.21671610000000002, -0.5663792999999999, 0.45], "sample_distance": 1.5, "min_distance": 1.2398374318000003, "requested_distance": 1.5}, "sample_point": [-1.1654437466120535, -1.1491606984791762, 1.5], "sample_forward": [0.75487297706953, 0.3182887495459119, -0.5734623443633284], "height": 1.5}, "sample_target": [-1.1654437466120535, -1.1491606984791762, 1.5], "camera_params": {"forward": [0.75487297706953, 0.3182887495459119, -0.5734623443633284]}, "task_type": "absolute_positioning", "task_description": "Move to any position 1.5m from storage cabinet", "target_object": {"label": "storage cabinet", "id": "146", "bbox_min": [-0.40320261590000006, -0.7753187989013671, 0.0], "bbox_max": [0.8366348159000001, -0.35743980109863277, 0.9], "center": [0.21671610000000002, -0.5663792999999999, 0.45]}}
{"scene_id": "0253_840830", "object_label": "storage cabinet", "preset": "occupancy_30", "distance": 1.874384896540688, "init_camera": {"intrinsics": [[320.0, 0.0, 320.0], [0.0, 320.0, 240.0], [0.0, 0.0, 1.0]], "extrinsics": [[0.9848077530122081, 0.09104451294187428, -0.14786678555450694, 0.3718296632519651], [0.17364817766692991, -0.5163390910232023, 0.8385942126405879, -1.4460720312469932], [-0.0, -0.8515308800886262, -0.5243044537818554, 1.0], [0.0, 0.0, 0.0, 1.0]]}, "target_region": {"type": "circle", "params": {"center": [0.21671610000000002, -0.5663792999999999], "radius": 1.874384896540688, "object_center": [0.21671610000000002, -0.5663792999999999, 0.45], "object_height": 0.9, "occupancy_ratio": 0.3, "fov_vertical": 90.0, "sample_distance": 1.874384896540688, "min_distance": 1.2398374318000003}, "sample_point": [-1.3100577942725207, 0.5209477971275238, 1.5], "sample_forward": [0.7106411509242438, -0.5060994182783021, -0.488725417214442], "height": 1.5}, "sample_target": [-1.3100577942725207, 0.5209477971275238, 1.5], "camera_params": {"forward": [0.7106411509242438, -0.5060994182783021, -0.488725417214442]}, "task_type": "screen_occupancy", "task_description": "Position where storage cabinet occupies 30% of vertical FOV", "target_object": {"label": "storage cabinet", "id": "146", "bbox_min": [-0.40320261590000006, -0.7753187989013671, 0.0], "bbox_max": [0.8366348159000001, -0.35743980109863277, 0.9], "center": [0.21671610000000002, -0.5663792999999999, 0.45]}}
{"scene_id": "0253_840830", "object_label": "storage cabinet", "preset": "back", "distance": 1.5, "init_camera": {"intrinsics": [[320.0, 0.0, 320.0], [0.0, 320.0, 240.0], [0.0, 0.0, 1.0]], "extrinsics": [[0.9396926207859085, 0.1793226844287564, -0.2912407136541443, 0.5222301793757697], [0.3420201433256682, -0.4926850262639961, 0.8001772843906123, -1.4057723344103956], [-0.0, -0.8515308800886261, -0.5243044537818555, 1.0], [0.0, 0.0, 0.0, 1.0]]}, "target_region": {"type": "circle", "params": {"center": [0.21671610000000002, -0.5663792999999999], "radius": 1.5, "object_center": [0.21671610000000002, -0.5663792999999999, 0.45], "sample_distance": 1.5, "min_distance": 1.2398374318000003, "requested_distance": 1.5}, "sample_point": [-1.2817061682772044, -0.49759917255756225, 1.5], "sample_forward": [0.8183702350594872, -0.03756458393214171, -0.5734623443633283], "height": 1.5}, "sample_target": [-1.2817061682772044, -0.49759917255756225, 1.5], "camera_params": {"forward": [0.8183702350594872, -0.03756458393214171, -0.5734623443633283]}, "task_type": "absolute_positioning", "task_description": "Move to any position 1.5m from storage cabinet", "target_object": {"label": "storage cabinet", "id": "146", "bbox_min": [-0.40320261590000006, -0.7753187989013671, 0.0], "bbox_max": [0.8366348159000001, -0.35743980109863277, 0.9], "center": [0.21671610000000002, -0.5663792999999999, 0.45]}}
{"scene_id": "0253_840830", "object_label": "storage cabinet", "preset": "occupancy_20", "distance": 2.8411881816037696, "init_camera": {"intrinsics": [[320.0, 0.0, 320.0], [0.0, 320.0, 240.0], [0.0, 0.0, 1.0]], "extrinsics": [[0.9396926207859085, 0.1793226844287564, -0.2912407136541443, 0.5222301793757697], [0.3420201433256682, -0.4926850262639961, 0.8001772843906123, -1.4057723344103956], [-0.0, -0.8515308800886261, -0.5243044537818555, 1.0], [0.0, 0.0, 0.0, 1.0]]}, "target_region": {"type": "circle", "params": {"center": [0.21671610000000002, -0.5663792999999999], "radius": 2.8411881816037696, "object_center": [0.21671610000000002, -0.5663792999999999, 0.45], "object_height": 0.9, "occupancy_ratio": 0.2, "fov_vertical": 90.0, "sample_distance": 2.8411881816037696, "min_distance": 1.2398374318000003}, "sample_point": [-2.0385143408157727, 1.1617080652980714, 1.5], "sample_forward": [0.7445458236623759, -0.570513863005054, -0.3466488837223694], "height": 1.5}, "sample_target": [-2.0385143408157727, 1.1617080652980714, 1.5], "camera_params": {"forward": [0.7445458236623759, -0.570513863005054, -0.3466488837223694]}, "task_type": "screen_occupancy", "task_description": "Position where storage cabinet occupies 20% of vertical FOV", "target_object": {"label": "storage cabinet", "id": "146", "bbox_min": [-0.40320261590000006, -0.7753187989013671, 0.0], "bbox_max": [0.8366348159000001, -0.35743980109863277, 0.9], "center": [0.21671610000000002, -0.5663792999999999, 0.45]}}
{"scene_id": "0253_840830", "object_label": "storage cabinet", "preset": "occupancy_30", "distance": 1.874384896540688, "init_camera": {"intrinsics": [[320.0, 0.0, 320.0], [0.0, 320.0, 240.0], [0.0, 0.0, 1.0]], "extrinsics": [[0.9396926207859085, 0.1793226844287564, -0.2912407136541443, 0.5222301793757697], [0.3420201433256682, -0.4926850262639961, 0.8001772843906123, -1.4057723344103956], [-0.0, -0.8515308800886261, -0.5243044537818555, 1.0], [0.0, 0.0, 0.0, 1.0]]}, "target_region": {"type": "circle", "params": {"center": [0.21671610000000002, -0.5663792999999999], "radius": 1.874384896540688, "object_center": [0.21671610000000002, -0.5663792999999999, 0.45], "object_height": 0.9, "occupancy_ratio": 0.3, "fov_vertical": 90.0, "sample_distance": 1.874384896540688, "min_distance": 1.2398374318000003}, "sample_point": [1.8876569682525877, -1.415658615174421, 1.5], "sample_forward": [-0.7777440695022932, 0.39529941680020436, -0.488725417214442], "height": 1.5}, "sample_target": [1.8876569682525877, -1.415658615174421, 1.5], "camera_params": {"forward": [-0.7777440695022932, 0.39529941680020436, -0.488725417214442]}, "task_type": "screen_occupancy", "task_description": "Position where storage cabinet occupies 30% of vertical FOV", "target_object": {"label": "storage cabinet", "id": "146", "bbox_min": [-0.40320261590000006, -0.7753187989013671, 0.0], "bbox_max": [0.8366348159000001, -0.35743980109863277, 0.9], "center": [0.21671610000000002, -0.5663792999999999, 0.45]}}
{"scene_id": "0253_840830", "object_label": "storage cabinet", "preset": "occupancy_50", "distance": 1.2398374318000003, "init_camera": {"intrinsics": [[320.0, 0.0, 320.0], [0.0, 320.0, 240.0], [0.0, 0.0, 1.0]], "extrinsics": [[0.9396926207859085, 0.1793226844287564, -0.2912407136541443, 0.5222301793757697], [0.3420201433256682, -0.4926850262639961, 0.8001772843906123, -1.4057723344103956], [-0.0, -0.8515308800886261, -0.5243044537818555, 1.0], [0.0, 0.0, 0.0, 1.0]]}, "target_region": {"type": "circle", "params": {"center": [0.21671610000000002, -0.5663792999999999], "radius": 1.2398374318000003, "object_center": [0.21671610000000002, -0.5663792999999999, 0.45], "object_height": 0.9, "occupancy_ratio": 0.5, "fov_vertical": 90.0, "sample_distance": 1.2398374318000003, "min_distance": 1.2398374318000003}, "sample_point": [-0.7679063150371392, -1.3198483153542162, 1.5], "sample_forward": [0.6060280007147635, 0.4637547490307883, -0.64626743311191], "height": 1.5}, "sample_target": [-0.7679063150371392, -1.3198483153542162, 1.5], "camera_params": {"forward": [0.6060280007147635, 0.4637547490307883, -0.64626743311191]}, "task_type": "screen_occupancy", "task_description": "Position where storage cabinet occupies 50% of vertical FOV", "target_object": {"label": "storage cabinet", "id": "146", "bbox_min": [-0.40320261590000006, -0.7753187989013671, 0.0], "bbox_max": [0.8366348159000001, -0.35743980109863277, 0.9], "center": [0.21671610000000002, -0.5663792999999999, 0.45]}}
{"scene_id": "0253_840830", "object_label": "storage cabinet", "preset": "right", "distance": 1.5, "init_camera": {"intrinsics": [[320.0, 0.0, 320.0], [0.0, 320.0, 240.0], [0.0, 0.0, 1.0]], "extrinsics": [[0.8660254037844385, -0.262152226890928, 0.4257654400443134, -0.22991560479532613], [-0.5000000000000004, -0.4540609762924109, 0.7374473742636706, -1.3399681049766081], [0.0, -0.8515308800886262, -0.5243044537818554, 1.0], [0.0, 0.0, 0.0, 1.0]]}, "target_region": {"type": "circle", "params": {"center": [0.21671610000000002, -0.5663792999999999], "radius": 1.5, "object_center": [0.21671610000000002, -0.5663792999999999, 0.45], "sample_distance": 1.5, "min_distance": 1.2398374318000003, "requested_distance": 1.5}, "sample_point": [0.13591117799750535, 0.93144264021191, 1.5], "sample_forward": [0.04413198095966332, -0.8180423631169056, -0.5734623443633283], "height": 1.5}, "sample_target": [0.13591117799750535, 0.93144264021191, 1.5], "camera_params": {"forward": [0.04413198095966332, -0.8180423631169056, -0.5734623443633283]}, "task_type": "absolute_positioning", "task_description": "Move to any position 1.5m from storage cabinet", "target_object": {"label": "storage cabinet", "id": "146", "bbox_min": [-0.40320261590000006, -0.7753187989013671, 0.0], "bbox_max": [0.8366348159000001, -0.35743980109863277, 0.9], "center": [0.21671610000000002, -0.5663792999999999, 0.45]}}
{"scene_id": "0253_840830", "object_label": "storage cabinet", "preset": "occupancy_20", "distance": 2.8411881816037696, "init_camera": {"intrinsics": [[320.0, 0.0, 320.0], [0.0, 320.0, 240.0], [0.0, 0.0, 1.0]], "extrinsics": [[0.8660254037844385, -0.262152226890928, 0.4257654400443134, -0.22991560479532613], [-0.5000000000000004, -0.4540609762924109, 0.7374473742636706, -1.3399681049766081], [0.0, -0.8515308800886262, -0.5243044537818554, 1.0], [0.0, 0.0, 0.0, 1.0]]}, "target_region": {"type": "circle", "params": {"center": [0.21671610000000002, -0.5663792999999999], "radius": 2.8411881816037696, "object_center": [0.21671610000000002, -0.5663792999999999, 0.45], "object_height": 0.9, "occupancy_ratio": 0.2, "fov_vertical": 90.0, "sample_distance": 2.8411881816037696, "min_distance": 1.2398374318000003}, "sample_point": [2.6817440004439854, -1.9791735997186999, 1.5], "sample_forward": [-0.813808733365146, 0.46642244469220373, -0.3466488837223694], "height": 1.5}, "sample_target": [2.6817440004439854, -1.9791735997186999, 1.5], "camera_params": {"forward": [-0.813808733365146, 0.46642244469220373, -0.3466488837223694]}, "task_type": "screen_occupancy", "task_description": "Position where storage cabinet occupies 20% of vertical FOV", "target_object": {"label": "storage cabinet", "id": "146", "bbox_min": [-0.40320261590000006, -0.7753187989013671, 0.0], "bbox_max": [0.8366348159000001, -0.35743980109863277, 0.9], "center": [0.21671610000000002, -0.5663792999999999, 0.45]}}
{"scene_id": "0253_840830", "object_label": "storage cabinet", "preset": "occupancy_50", "distance": 1.2398374318000003, "init_camera": {"intrinsics": [[320.0, 0.0, 320.0], [0.0, 320.0, 240.0], [0.0, 0.0, 1.0]], "extrinsics": [[0.8660254037844385, -0.262152226890928, 0.4257654400443134, -0.22991560479532613], [-0.5000000000000004, -0.4540609762924109, 0.7374473742636706, -1.3399681049766081], [0.0, -0.8515308800886262, -0.5243044537818554, 1.0], [0.0, 0.0, 0.0, 1.0]]}, "target_region": {"type": "circle", "params": {"center": [0.21671610000000002, -0.5663792999999999], "radius": 1.2398374318000003, "object_center": [0.21671610000000002, -0.5663792999999999, 0.45], "object_height": 0.9, "occupancy_ratio": 0.5, "fov_vertical": 90.0, "sample_distance": 1.2398374318000003, "min_distance": 1.2398374318000003}, "sample_point": [1.3366214473326934, -1.0983650801746767, 1.5], "sample_forward": [-0.689293670618097, 0.327433413910024, -0.64626743311191], "height": 1.5}, "sample_target": [1.3366214473326934, -1.0983650801746767, 1.5], "camera_params": {"forward": [-0.689293670618097, 0.327433413910024, -0.64626743311191]}, "task_type": "screen_occupancy", "task_description": "Position where storage cabinet occupies 50% of vertical FOV", "target_object": {"label": "storage cabinet", "id": "146", "bbox_min": [-0.40320261590000006, -0.7753187989013671, 0.0], "bbox_max": [0.8366348159000001, -0.35743980109863277, 0.9], "center": [0.21671610000000002, -0.5663792999999999, 0.45]}}
{"scene_id": "0253_840830", "object_label": "bed", "preset": "occupancy_20", "distance": 3.460288137376443, "init_camera": {"intrinsics": [[320.0, 0.0, 320.0], [0.0, 320.0, 240.0], [0.0, 0.0, 1.0]], "extrinsics": [[0.9396926207859082, -0.11102652375731777, 0.32349789715371746, -5.509531358596762], [-0.3420201433256694, -0.3050428669837721, 0.8888031676708906, 2.508528649258089], [0.0, -0.9458445751415433, -0.3246198386964566, 1.1961108], [0.0, 0.0, 0.0, 1.0]]}, "target_region": {"type": "circle", "params": {"center": [-4.86371535, 4.28289355], "radius": 3.460288137376443, "object_center": [-4.86371535, 4.28289355, 0.548055], "object_height": 1.0961116, "occupancy_ratio": 0.2, "fov_vertical": 90.0, "sample_distance": 3.460288137376443, "min_distance": 2.3843987}, "sample_point": [-5.145111613807005, 0.8340661932911151, 1.5], "sample_forward": [0.07840863268956759, 0.9609858843306612, -0.26525123267756834], "height": 1.5}, "sample_target": [-5.145111613807005, 0.8340661932911151, 1.5], "camera_params": {"forward": [0.07840863268956759, 0.9609858843306612, -0.26525123267756834]}, "task_type": "screen_occupancy", "task_description": "Position where bed occupies 20% of vertical FOV", "target_object": {"label": "bed", "id": "155", "bbox_min": [-6.055914700000001, 3.2362606, -8.000000000265573e-07], "bbox_max": [-3.6715160000000004, 5.3295265, 1.0961108], "center": [-4.8637153500000005, 4.28289355, 0.548055]}}
{"scene_id": "0253_840830", "object_label": "bed", "preset": "occupancy_30", "distance": 2.3843987, "init_camera": {"intrinsics": [[320.0, 0.0, 320.0], [0.0, 320.0, 240.0], [0.0, 0.0, 1.0]], "extrinsics": [[0.8660254037844386, 0.16230991934822833, -0.4729222875707717, -3.9195955061845154], [0.5000000000000001, -0.2811290268835382, 0.8191254301042757, 2.647630012077587], [-0.0, -0.9458445751415433, -0.32461983869645655, 1.1961108], [0.0, 0.0, 0.0, 1.0]]}, "target_region": {"type": "circle", "params": {"center": [-4.86371535, 4.28289355], "radius": 2.3843987, "object_center": [-4.86371535, 4.28289355, 0.548055], "object_height": 1.0961116, "occupancy_ratio": 0.3, "fov_vertical": 90.0, "sample_distance": 2.3843987, "min_distance": 2.3843987}, "sample_point": [-6.011288477352533, 2.1928138678012523, 1.5], "sample_forward": [0.44697824110508017, 0.8140833188329527, -0.3707813398440296], "height": 1.5}, "sample_target": [-6.011288477352533, 2.1928138678012523, 1.5], "camera_params": {"forward": [0.44697824110508017, 0.8140833188329527, -0.3707813398440296]}, "task_type": "screen_occupancy", "task_description": "Position where bed occupies 30% of vertical FOV", "target_object": {"label": "bed", "id": "155", "bbox_min": [-6.055914700000001, 3.2362606, -8.000000000265573e-07], "bbox_max": [-3.6715160000000004, 5.3295265, 1.0961108], "center": [-4.8637153500000005, 4.28289355, 0.548055]}}
{"scene_id": "0253_840830", "object_label": "bed", "preset": "occupancy_20", "distance": 3.460288137376443, "init_camera": {"intrinsics": [[320.0, 0.0, 320.0], [0.0, 320.0, 240.0], [0.0, 0.0, 1.0]], "extrinsics": [[0.49999999999999967, -0.28112902688353825, 0.819125430104276, -6.498978887922414], [-0.8660254037844388, -0.1623099193482282, 0.47292228757077126, 3.3387737061845155], [0.0, -0.9458445751415433, -0.32461983869645655, 1.1961108], [0.0, 0.0, 0.0, 1.0]]}, "target_region": {"type": "circle", "params": {"center": [-4.86371535, 4.28289355], "radius": 3.460288137376443, "object_center": [-4.86371535, 4.28289355, 0.548055], "object_height": 1.0961116, "occupancy_ratio": 0.2, "fov_vertical": 90.0, "sample_distance": 3.460288137376443, "min_distance": 2.3843987}, "sample_point": [-2.5420172637456897, 1.7170969894848818, 1.5], "sample_forward": [-0.6469210713687314, 0.7149369979111189, -0.26525123267756834], "height": 1.5}, "sample_target": [-2.5420172637456897, 1.7170969894848818, 1.5], "camera_params": {"forward": [-0.6469210713687314, 0.7149369979111189, -0.26525123267756834]}, "task_type": "screen_occupancy", "task_description": "Position where bed occupies 20% of vertical FOV", "target_object": {"label": "bed", "id": "155", "bbox_min": [-6.055914700000001, 3.2362606, -8.000000000265573e-07], "bbox_max": [-3.6715160000000004, 5.3295265, 1.0961108], "center": [-4.8637153500000005, 4.28289355, 0.548055]}}
{"scene_id": "0253_840830", "object_label": "bed", "preset": "occupancy_30", "distance": 2.3843987, "init_camera": {"intrinsics": [[320.0, 0.0, 320.0], [0.0, 320.0, 240.0], [0.0, 0.0, 1.0]], "extrinsics": [[0.49999999999999967, -0.28112902688353825, 0.819125430104276, -6.498978887922414], [-0.8660254037844388, -0.1623099193482282, 0.47292228757077126, 3.3387737061845155], [0.0, -0.9458445751415433, -0.32461983869645655, 1.1961108], [0.0, 0.0, 0.0, 1.0]]}, "target_region": {"type": "circle", "params": {"center": [-4.86371535, 4.28289355], "radius": 2.3843987, "object_center": [-4.86371535, 4.28289355, 0.548055], "object_height": 1.0961116, "occupancy_ratio": 0.3, "fov_vertical": 90.0, "sample_distance": 2.3843987, "min_distance": 2.3843987}, "sample_point": [-3.316711711468507, 2.468468874536173, 1.5], "sample_forward": [-0.6025559058961345, 0.7067160520981215, -0.3707813398440296], "height": 1.5}, "sample_target": [-3.316711711468507, 2.468468874536173, 1.5], "camera_params": {"forward": [-0.6025559058961345, 0.7067160520981215, -0.3707813398440296]}, "task_type": "screen_occupancy", "task_description": "Position where bed occupies 30% of vertical FOV", "target_object": {"label": "bed", "id": "155", "bbox_min": [-6.055914700000001, 3.2362606, -8.000000000265573e-07], "bbox_max": [-3.6715160000000004, 5.3295265, 1.0961108], "center": [-4.8637153500000005, 4.28289355, 0.548055]}}
{"scene_id": "0253_840830", "object_label": "cabinet", "preset": "occupancy_20", "distance": 7.893743668495426, "init_camera": {"intrinsics": [[320.0, 0.0, 320.0], [0.0, 320.0, 240.0], [0.0, 0.0, 1.0]], "extrinsics": [[-0.766044443118978, 0.11420248681314485, -0.6325612248409068, 3.6030154439178093], [0.6427876096865394, 0.13610122394275825, -0.7538571122399444, -0.9420192962314073], [0.0, -0.9840905694330053, -0.17766752982192144, 1.6], [0.0, 0.0, 0.0, 1.0]]}, "target_region": {"type": "circle", "params": {"center": [2.3596032977842105, -2.4238601884613997], "radius": 7.893743668495426, "object_center": [2.3596032977842105, -2.4238601884613997, 1.250762715325], "object_height": 2.5004923459999997, "occupancy_ratio": 0.2, "fov_vertical": 90.0, "sample_distance": 7.893743668495426, "min_distance": 2.5004923459999997}, "sample_point": [-0.3558121130294989, 4.988137399950717, 1.5], "sample_forward": [0.3438245541049278, -0.938503462753394, -0.031558301513809825], "height": 1.5}, "sample_target": [-0.3558121130294989, 4.988137399950717, 1.5], "camera_params": {"forward": [0.3438245541049278, -0.938503462753394, -0.031558301513809825]}, "task_type": "screen_occupancy", "task_description": "Position where cabinet occupies 20% of vertical FOV", "target_object": {"label": "cabinet", "id": "158", "bbox_min": [1.217103047950598, -2.7207799525485434, 0.0005165423250000458], "bbox_max": [3.502103547617823, -2.126940424374257, 2.501008888325], "center": [2.3596032977842105, -2.4238601884614, 1.250762715325]}}
{"scene_id": "0253_840830", "object_label": "cabinet", "preset": "occupancy_30", "distance": 5.207650096953324, "init_camera": {"intrinsics": [[320.0, 0.0, 320.0], [0.0, 320.0, 240.0], [0.0, 0.0, 1.0]], "extrinsics": [[-0.766044443118978, 0.11420248681314485, -0.6325612248409068, 3.6030154439178093], [0.6427876096865394, 0.13610122394275825, -0.7538571122399444, -0.9420192962314073], [0.0, -0.9840905694330053, -0.17766752982192144, 1.6], [0.0, 0.0, 0.0, 1.0]]}, "target_region": {"type": "circle", "params": {"center": [2.3596032977842105, -2.4238601884613997], "radius": 5.207650096953324, "object_center": [2.3596032977842105, -2.4238601884613997, 1.250762715325], "object_height": 2.5004923459999997, "occupancy_ratio": 0.3, "fov_vertical": 90.0, "sample_distance": 5.207650096953324, "min_distance": 2.5004923459999997}, "sample_point": [5.890922192068519, 1.4035941090016824, 1.5], "sample_forward": [-0.6773268954929307, -0.7341273372783723, -0.047805117952741345], "height": 1.5}, "sample_target": [5.890922192068519, 1.4035941090016824, 1.5], "camera_params": {"forward": [-0.6773268954929307, -0.7341273372783723, -0.047805117952741345]}, "task_type": "screen_occupancy", "task_description": "Position where cabinet occupies 30% of vertical FOV", "target_object": {"label": "cabinet", "id": "158", "bbox_min": [1.217103047950598, -2.7207799525485434, 0.0005165423250000458], "bbox_max": [3.502103547617823, -2.126940424374257, 2.501008888325], "center": [2.3596032977842105, -2.4238601884614, 1.250762715325]}}
{"scene_id": "0253_840830", "object_label": "cabinet", "preset": "occupancy_50", "distance": 3.0183612671616586, "init_camera": {"intrinsics": [[320.0, 0.0, 320.0], [0.0, 320.0, 240.0], [0.0, 0.0, 1.0]], "extrinsics": [[-0.766044443118978, 0.11420248681314485, -0.6325612248409068, 3.6030154439178093], [0.6427876096865394, 0.13610122394275825, -0.7538571122399444, -0.9420192962314073], [0.0, -0.9840905694330053, -0.17766752982192144, 1.6], [0.0, 0.0, 0.0, 1.0]]}, "target_region": {"type": "circle", "params": {"center": [2.3596032977842105, -2.4238601884613997], "radius": 3.0183612671616586, "object_center": [2.3596032977842105, -2.4238601884613997, 1.250762715325], "object_height": 2.5004923459999997, "occupancy_ratio": 0.5, "fov_vertical": 90.0, "sample_distance": 3.0183612671616586, "min_distance": 2.5004923459999997}, "sample_point": [0.7371613742675338, 0.12136808104945906, 1.5], "sample_forward": [0.5357008864248246, -0.8403881953291221, -0.08229362937140686], "height": 1.5}, "sample_target": [0.7371613742675338, 0.12136808104945906, 1.5], "camera_params": {"forward": [0.5357008864248246, -0.8403881953291221, -0.08229362937140686]}, "task_type": "screen_occupancy", "task_description": "Position where cabinet occupies 50% of vertical FOV", "target_object": {"label": "cabinet", "id": "158", "bbox_min": [1.217103047950598, -2.7207799525485434, 0.0005165423250000458], "bbox_max": [3.502103547617823, -2.126940424374257, 2.501008888325], "center": [2.3596032977842105, -2.4238601884614, 1.250762715325]}}
{"scene_id": "0253_840830", "object_label": "cabinet", "preset": "occupancy_30", "distance": 5.207650096953324, "init_camera": {"intrinsics": [[320.0, 0.0, 320.0], [0.0, 320.0, 240.0], [0.0, 0.0, 1.0]], "extrinsics": [[-0.49999999999999994, 0.15386459425341334, -0.8522474327536765, 4.034847950447862], [0.8660254037844387, 0.08883376491096072, -0.49204528471650255, -1.4566572372875601], [0.0, -0.9840905694330053, -0.17766752982192144, 1.6], [0.0, 0.0, 0.0, 1.0]]}, "target_region": {"type": "circle", "params": {"center": [2.3596032977842105, -2.4238601884613997], "radius": 5.207650096953324, "object_center": [2.3596032977842105, -2.4238601884613997, 1.250762715325], "object_height": 2.5004923459999997, "occupancy_ratio": 0.3, "fov_vertical": 90.0, "sample_distance": 5.207650096953324, "min_distance": 2.5004923459999997}, "sample_point": [4.4733260900072045, 2.335530055039861, 1.5], "sample_forward": [-0.4054239618818702, -0.912877911787514, -0.047805117952741345], "height": 1.5}, "sample_target": [4.4733260900072045, 2.335530055039861, 1.5], "camera_params": {"forward": [-0.4054239618818702, -0.912877911787514, -0.047805117952741345]}, "task_type": "screen_occupancy", "task_description": "Position where cabinet occupies 30% of vertical FOV", "target_object": {"label": "cabinet", "id": "158", "bbox_min": [1.217103047950598, -2.7207799525485434, 0.0005165423250000458], "bbox_max": [3.502103547617823, -2.126940424374257, 2.501008888325], "center": [2.3596032977842105, -2.4238601884614, 1.250762715325]}}
