{"scene_id": "0349_840373", "object_label": "shower head", "preset": "back", "distance": 1.5, "init_camera": {"intrinsics": [[320.0, 0.0, 320.0], [0.0, 320.0, 240.0], [0.0, 0.0, 1.0]], "extrinsics": [[0.17364817766693053, 0.025568681493329734, -0.9844757756896036, 0.19292610327503057], [0.984807753012208, -0.004508448408415242, 0.173589641107972, -3.26297031986531], [-0.0, -0.9996629013920849, -0.025963119619157562, 1.6], [0.0, 0.0, 0.0, 1.0]]}, "target_region": {"type": "circle", "params": {"center": [-0.5955268000000001, -3.1239448000000003], "radius": 1.5, "object_center": [-0.5955268000000001, -3.1239448000000003, 1.5792065000000002], "sample_distance": 1.5, "min_distance": 1.3048699951171878, "requested_distance": 1.5}, "sample_point": [-1.6843157500387815, -4.155709609573116, 1.5], "sample_forward": [0.7248494554673093, 0.6868862513371088, 0.05273086982782713], "height": 1.5}, "sample_target": [-1.6843157500387815, -4.155709609573116, 1.5], "camera_params": {"forward": [0.7248494554673093, 0.6868862513371088, 0.05273086982782713]}, "task_type": "absolute_positioning", "task_description": "Move to any position 1.5m from shower head", "target_object": {"label": "shower head", "id": "100", "bbox_min": [-0.8520668138937971, -3.246312807429541, 0.9267715024414063], "bbox_max": [-0.3389867861062029, -3.0015767925704595, 2.231641497558594], "center": [-0.5955268, -3.1239448000000003, 1.5792065000000002]}}
{"scene_id": "0349_840373", "object_label": "shower head", "preset": "occupancy_20", "distance": 4.119312454062581, "init_camera": {"intrinsics": [[320.0, 0.0, 320.0], [0.0, 320.0, 240.0], [0.0, 0.0, 1.0]], "extrinsics": [[0.17364817766693053, 0.025568681493329734, -0.9844757756896036, 0.19292610327503057], [0.984807753012208, -0.004508448408415242, 0.173589641107972, -3.26297031986531], [-0.0, -0.9996629013920849, -0.025963119619157562, 1.6], [0.0, 0.0, 0.0, 1.0]]}, "target_region": {"type": "circle", "params": {"center": [-0.5955268000000001, -3.1239448000000003], "radius": 4.119312454062581, "object_center": [-0.5955268000000001, -3.1239448000000003, 1.5792065000000002], "object_height": 1.3048699951171878, "occupancy_ratio": 0.2, "fov_vertical": 90.0, "sample_distance": 4.119312454062581, "min_distance": 1.3048699951171878}, "sample_point": [3.523352831693334, -3.064231536675451, 1.5], "sample_forward": [-0.9997101394814776, -0.014493250627607524, 0.01922453391294814], "height": 1.5}, "sample_target": [3.523352831693334, -3.064231536675451, 1.5], "camera_params": {"forward": [-0.9997101394814776, -0.014493250627607524, 0.01922453391294814]}, "task_type": "screen_occupancy", "task_description": "Position where shower head occupies 20% of vertical FOV", "target_object": {"label": "shower head", "id": "100", "bbox_min": [-0.8520668138937971, -3.246312807429541, 0.9267715024414063], "bbox_max": [-0.3389867861062029, -3.0015767925704595, 2.231641497558594], "center": [-0.5955268, -3.1239448000000003, 1.5792065000000002]}}
{"scene_id": "0349_840373", "object_label": "shower head", "preset": "occupancy_20", "distance": 4.119312454062581, "init_camera": {"intrinsics": [[320.0, 0.0, 320.0], [0.0, 320.0, 240.0], [0.0, 0.0, 1.0]], "extrinsics": [[0.0, 0.025963119619157562, -0.9996629013920849, 0.20508926020404328], [1.0, -0.0, 0.0, -3.1239448000000003], [-0.0, -0.9996629013920849, -0.025963119619157562, 1.6], [0.0, 0.0, 0.0, 1.0]]}, "target_region": {"type": "circle", "params": {"center": [-0.5955268000000001, -3.1239448000000003], "radius": 4.119312454062581, "object_center": [-0.5955268000000001, -3.1239448000000003, 1.5792065000000002], "object_height": 1.3048699951171878, "occupancy_ratio": 0.2, "fov_vertical": 90.0, "sample_distance": 4.119312454062581, "min_distance": 1.3048699951171878}, "sample_point": [3.333220884186295, -1.8855277748441326, 1.5], "sample_forward": [-0.9535624360381497, -0.3005812666697969, 0.019224533912948132], "height": 1.5}, "sample_target": [3.333220884186295, -1.8855277748441326, 1.5], "camera_params": {"forward": [-0.9535624360381497, -0.3005812666697969, 0.019224533912948132]}, "task_type": "screen_occupancy", "task_description": "Position where shower head occupies 20% of vertical FOV", "target_object": {"label": "shower head", "id": "100", "bbox_min": [-0.8520668138937971, -3.246312807429541, 0.9267715024414063], "bbox_max": [-0.3389867861062029, -3.0015767925704595, 2.231641497558594], "center": [-0.5955268, -3.1239448000000003, 1.5792065000000002]}}
{"scene_id": "0349_840373", "object_label": "shower head", "preset": "occupancy_30", "distance": 2.717587345329753, "init_camera": {"intrinsics": [[320.0, 0.0, 320.0], [0.0, 320.0, 240.0], [0.0, 0.0, 1.0]], "extrinsics": [[0.0, 0.025963119619157562, -0.9996629013920849, 0.20508926020404328], [1.0, -0.0, 0.0, -3.1239448000000003], [-0.0, -0.9996629013920849, -0.025963119619157562, 1.6], [0.0, 0.0, 0.0, 1.0]]}, "target_region": {"type": "circle", "params": {"center": [-0.5955268000000001, -3.1239448000000003], "radius": 2.717587345329753, "object_center": [-0.5955268000000001, -3.1239448000000003, 1.5792065000000002], "object_height": 1.3048699951171878, "occupancy_ratio": 0.3, "fov_vertical": 90.0, "sample_distance": 2.717587345329753, "min_distance": 1.3048699951171878}, "sample_point": [-0.796248337328674, -5.83410934185882, 1.5], "sample_forward": [0.07382884572178777, 0.9968452937559835, 0.029133517740487273], "height": 1.5}, "sample_target": [-0.796248337328674, -5.83410934185882, 1.5], "camera_params": {"forward": [0.07382884572178777, 0.9968452937559835, 0.029133517740487273]}, "task_type": "screen_occupancy", "task_description": "Position where shower head occupies 30% of vertical FOV", "target_object": {"label": "shower head", "id": "100", "bbox_min": [-0.8520668138937971, -3.246312807429541, 0.9267715024414063], "bbox_max": [-0.3389867861062029, -3.0015767925704595, 2.231641497558594], "center": [-0.5955268, -3.1239448000000003, 1.5792065000000002]}}
{"scene_id": "0349_840373", "object_label": "shower head", "preset": "occupancy_50", "distance": 1.5751174196728146, "init_camera": {"intrinsics": [[320.0, 0.0, 320.0], [0.0, 320.0, 240.0], [0.0, 0.0, 1.0]], "extrinsics": [[0.0, 0.025963119619157562, -0.9996629013920849, 0.20508926020404328], [1.0, -0.0, 0.0, -3.1239448000000003], [-0.0, -0.9996629013920849, -0.025963119619157562, 1.6], [0.0, 0.0, 0.0, 1.0]]}, "target_region": {"type": "circle", "params": {"center": [-0.5955268000000001, -3.1239448000000003], "radius": 1.5751174196728146, "object_center": [-0.5955268000000001, -3.1239448000000003, 1.5792065000000002], "object_height": 1.3048699951171878, "occupancy_ratio": 0.5, "fov_vertical": 90.0, "sample_distance": 1.5751174196728146, "min_distance": 1.3048699951171878}, "sample_point": [-0.6485973179723368, -1.5497216881512086, 1.5], "sample_forward": [0.03365053603330787, -0.9981709916105695, 0.050222633660962815], "height": 1.5}, "sample_target": [-0.6485973179723368, -1.5497216881512086, 1.5], "camera_params": {"forward": [0.03365053603330787, -0.9981709916105695, 0.050222633660962815]}, "task_type": "screen_occupancy", "task_description": "Position where shower head occupies 50% of vertical FOV", "target_object": {"label": "shower head", "id": "100", "bbox_min": [-0.8520668138937971, -3.246312807429541, 0.9267715024414063], "bbox_max": [-0.3389867861062029, -3.0015767925704595, 2.231641497558594], "center": [-0.5955268, -3.1239448000000003, 1.5792065000000002]}}
{"scene_id": "0349_840373", "object_label": "shower head", "preset": "left", "distance": 1.5, "init_camera": {"intrinsics": [[320.0, 0.0, 320.0], [0.0, 320.0, 240.0], [0.0, 0.0, 1.0]], "extrinsics": [[-0.6427876096865393, 0.01988890351028897, -0.7657862106036015, 0.01778068399111654], [0.766044443118978, 0.016688771600003986, -0.6425709268781289, -2.609318716384789], [0.0, -0.9996629013920849, -0.025963119619157562, 1.6], [0.0, 0.0, 0.0, 1.0]]}, "target_region": {"type": "circle", "params": {"center": [-0.5955268000000001, -3.1239448000000003], "radius": 1.5, "object_center": [-0.5955268000000001, -3.1239448000000003, 1.5792065000000002], "sample_distance": 1.5, "min_distance": 1.3048699951171878, "requested_distance": 1.5}, "sample_point": [0.1802167771833998, -4.407775747772604, 1.5], "sample_forward": [-0.5164428877457122, 0.8546965537920873, 0.052730869827827154], "height": 1.5}, "sample_target": [0.1802167771833998, -4.407775747772604, 1.5], "camera_params": {"forward": [-0.5164428877457122, 0.8546965537920873, 0.052730869827827154]}, "task_type": "absolute_positioning", "task_description": "Move to any position 1.5m from shower head", "target_object": {"label": "shower head", "id": "100", "bbox_min": [-0.8520668138937971, -3.246312807429541, 0.9267715024414063], "bbox_max": [-0.3389867861062029, -3.0015767925704595, 2.231641497558594], "center": [-0.5955268, -3.1239448000000003, 1.5792065000000002]}}
{"scene_id": "0349_840373", "object_label": "shower head", "preset": "occupancy_20", "distance": 4.119312454062581, "init_camera": {"intrinsics": [[320.0, 0.0, 320.0], [0.0, 320.0, 240.0], [0.0, 0.0, 1.0]], "extrinsics": [[-0.6427876096865393, 0.01988890351028897, -0.7657862106036015, 0.01778068399111654], [0.766044443118978, 0.016688771600003986, -0.6425709268781289, -2.609318716384789], [0.0, -0.9996629013920849, -0.025963119619157562, 1.6], [0.0, 0.0, 0.0, 1.0]]}, "target_region": {"type": "circle", "params": {"center": [-0.5955268000000001, -3.1239448000000003], "radius": 4.119312454062581, "object_center": [-0.5955268000000001, -3.1239448000000003, 1.5792065000000002], "object_height": 1.3048699951171878, "occupancy_ratio": 0.2, "fov_vertical": 90.0, "sample_distance": 4.119312454062581, "min_distance": 1.3048699951171878}, "sample_point": [-3.1378270445565413, 0.1172655542847747, 1.5], "sample_forward": [0.6170521013852834, -0.7866874356895728, 0.019224533912948132], "height": 1.5}, "sample_target": [-3.1378270445565413, 0.1172655542847747, 1.5], "camera_params": {"forward": [0.6170521013852834, -0.7866874356895728, 0.019224533912948132]}, "task_type": "screen_occupancy", "task_description": "Position where shower head occupies 20% of vertical FOV", "target_object": {"label": "shower head", "id": "100", "bbox_min": [-0.8520668138937971, -3.246312807429541, 0.9267715024414063], "bbox_max": [-0.3389867861062029, -3.0015767925704595, 2.231641497558594], "center": [-0.5955268, -3.1239448000000003, 1.5792065000000002]}}
{"scene_id": "0349_840373", "object_label": "shower head", "preset": "occupancy_30", "distance": 2.717587345329753, "init_camera": {"intrinsics": [[320.0, 0.0, 320.0], [0.0, 320.0, 240.0], [0.0, 0.0, 1.0]], "extrinsics": [[-0.6427876096865393, 0.01988890351028897, -0.7657862106036015, 0.01778068399111654], [0.766044443118978, 0.016688771600003986, -0.6425709268781289, -2.609318716384789], [0.0, -0.9996629013920849, -0.025963119619157562, 1.6], [0.0, 0.0, 0.0, 1.0]]}, "target_region": {"type": "circle", "params": {"center": [-0.5955268000000001, -3.1239448000000003], "radius": 2.717587345329753, "object_center": [-0.5955268000000001, -3.1239448000000003, 1.5792065000000002], "object_height": 1.3048699951171878, "occupancy_ratio": 0.3, "fov_vertical": 90.0, "sample_distance": 2.717587345329753, "min_distance": 1.3048699951171878}, "sample_point": [0.9391207613197711, -0.881147920647861, 1.5], "sample_forward": [-0.5644698598360611, -0.8249394010960576, 0.029133517740487266], "height": 1.5}, "sample_target": [0.9391207613197711, -0.881147920647861, 1.5], "camera_params": {"forward": [-0.5644698598360611, -0.8249394010960576, 0.029133517740487266]}, "task_type": "screen_occupancy", "task_description": "Position where shower head occupies 30% of vertical FOV", "target_object": {"label": "shower head", "id": "100", "bbox_min": [-0.8520668138937971, -3.246312807429541, 0.9267715024414063], "bbox_max": [-0.3389867861062029, -3.0015767925704595, 2.231641497558594], "center": [-0.5955268, -3.1239448000000003, 1.5792065000000002]}}
{"scene_id": "0349_840373", "object_label": "shower head", "preset": "occupancy_50", "distance": 1.5751174196728146, "init_camera": {"intrinsics": [[320.0, 0.0, 320.0], [0.0, 320.0, 240.0], [0.0, 0.0, 1.0]], "extrinsics": [[-0.6427876096865393, 0.01988890351028897, -0.7657862106036015, 0.01778068399111654], [0.766044443118978, 0.016688771600003986, -0.6425709268781289, -2.609318716384789], [0.0, -0.9996629013920849, -0.025963119619157562, 1.6], [0.0, 0.0, 0.0, 1.0]]}, "target_region": {"type": "circle", "params": {"center": [-0.5955268000000001, -3.1239448000000003], "radius": 1.5751174196728146, "object_center": [-0.5955268000000001, -3.1239448000000003, 1.5792065000000002], "object_height": 1.3048699951171878, "occupancy_ratio": 0.5, "fov_vertical": 90.0, "sample_distance": 1.5751174196728146, "min_distance": 1.3048699951171878}, "sample_point": [-2.1685380421522935, -3.205372791619859, 1.5], "sample_forward": [0.9974025788185381, 0.05163121957001143, 0.05022263366096282], "height": 1.5}, "sample_target": [-2.1685380421522935, -3.205372791619859, 1.5], "camera_params": {"forward": [0.9974025788185381, 0.05163121957001143, 0.05022263366096282]}, "task_type": "screen_occupancy", "task_description": "Position where shower head occupies 50% of vertical FOV", "target_object": {"label": "shower head", "id": "100", "bbox_min": [-0.8520668138937971, -3.246312807429541, 0.9267715024414063], "bbox_max": [-0.3389867861062029, -3.0015767925704595, 2.231641497558594], "center": [-0.5955268, -3.1239448000000003, 1.5792065000000002]}}
{"scene_id": "0349_840373", "object_label": "shower head", "preset": "left", "distance": 1.5, "init_camera": {"intrinsics": [[320.0, 0.0, 320.0], [0.0, 320.0, 240.0], [0.0, 0.0, 1.0]], "extrinsics": [[-0.17364817766693053, 0.025568681493329734, -0.9844757756896036, 0.19292610327503057], [0.984807753012208, 0.004508448408415242, -0.173589641107972, -2.9849192801346907], [0.0, -0.9996629013920849, -0.025963119619157562, 1.6], [0.0, 0.0, 0.0, 1.0]]}, "target_region": {"type": "circle", "params": {"center": [-0.5955268000000001, -3.1239448000000003], "radius": 1.5, "object_center": [-0.5955268000000001, -3.1239448000000003, 1.5792065000000002], "sample_distance": 1.5, "min_distance": 1.3048699951171878, "requested_distance": 1.5}, "sample_point": [-0.13580114835469437, -4.5517586272265405, 1.5], "sample_forward": [-0.306057375258616, 0.9505515969251788, 0.05273086982782713], "height": 1.5}, "sample_target": [-0.13580114835469437, -4.5517586272265405, 1.5], "camera_params": {"forward": [-0.306057375258616, 0.9505515969251788, 0.05273086982782713]}, "task_type": "absolute_positioning", "task_description": "Move to any position 1.5m from shower head", "target_object": {"label": "shower head", "id": "100", "bbox_min": [-0.8520668138937971, -3.246312807429541, 0.9267715024414063], "bbox_max": [-0.3389867861062029, -3.0015767925704595, 2.231641497558594], "center": [-0.5955268, -3.1239448000000003, 1.5792065000000002]}}
{"scene_id": "0349_840373", "object_label": "shower head", "preset": "occupancy_20", "distance": 4.119312454062581, "init_camera": {"intrinsics": [[320.0, 0.0, 320.0], [0.0, 320.0, 240.0], [0.0, 0.0, 1.0]], "extrinsics": [[-0.17364817766693053, 0.025568681493329734, -0.9844757756896036, 0.19292610327503057], [0.984807753012208, 0.004508448408415242, -0.173589641107972, -2.9849192801346907], [0.0, -0.9996629013920849, -0.025963119619157562, 1.6], [0.0, 0.0, 0.0, 1.0]]}, "target_region": {"type": "circle", "params": {"center": [-0.5955268000000001, -3.1239448000000003], "radius": 4.119312454062581, "object_center": [-0.5955268000000001, -3.1239448000000003, 1.5792065000000002], "object_height": 1.3048699951171878, "occupancy_ratio": 0.2, "fov_vertical": 90.0, "sample_distance": 4.119312454062581, "min_distance": 1.3048699951171878}, "sample_point": [2.9626413767415047, -5.199559003126178, 1.5], "sample_forward": [-0.8636175665095633, 0.5037808215007094, 0.019224533912948132], "height": 1.5}, "sample_target": [2.9626413767415047, -5.199559003126178, 1.5], "camera_params": {"forward": [-0.8636175665095633, 0.5037808215007094, 0.019224533912948132]}, "task_type": "screen_occupancy", "task_description": "Position where shower head occupies 20% of vertical FOV", "target_object": {"label": "shower head", "id": "100", "bbox_min": [-0.8520668138937971, -3.246312807429541, 0.9267715024414063], "bbox_max": [-0.3389867861062029, -3.0015767925704595, 2.231641497558594], "center": [-0.5955268, -3.1239448000000003, 1.5792065000000002]}}
{"scene_id": "0349_840373", "object_label": "shower head", "preset": "occupancy_30", "distance": 2.717587345329753, "init_camera": {"intrinsics": [[320.0, 0.0, 320.0], [0.0, 320.0, 240.0], [0.0, 0.0, 1.0]], "extrinsics": [[-0.17364817766693053, 0.025568681493329734, -0.9844757756896036, 0.19292610327503057], [0.984807753012208, 0.004508448408415242, -0.173589641107972, -2.9849192801346907], [0.0, -0.9996629013920849, -0.025963119619157562, 1.6], [0.0, 0.0, 0.0, 1.0]]}, "target_region": {"type": "circle", "params": {"center": [-0.5955268000000001, -3.1239448000000003], "radius": 2.717587345329753, "object_center": [-0.5955268000000001, -3.1239448000000003, 1.5792065000000002], "object_height": 1.3048699951171878, "occupancy_ratio": 0.3, "fov_vertical": 90.0, "sample_distance": 2.717587345329753, "min_distance": 1.3048699951171878}, "sample_point": [1.9608694205960462, -2.2019256338116473, 1.5], "sample_forward": [-0.9402866512779803, -0.3391345626333394, 0.029133517740487266], "height": 1.5}, "sample_target": [1.9608694205960462, -2.2019256338116473, 1.5], "camera_params": {"forward": [-0.9402866512779803, -0.3391345626333394, 0.029133517740487266]}, "task_type": "screen_occupancy", "task_description": "Position where shower head occupies 30% of vertical FOV", "target_object": {"label": "shower head", "id": "100", "bbox_min": [-0.8520668138937971, -3.246312807429541, 0.9267715024414063], "bbox_max": [-0.3389867861062029, -3.0015767925704595, 2.231641497558594], "center": [-0.5955268, -3.1239448000000003, 1.5792065000000002]}}
{"scene_id": "0349_840373", "object_label": "shower head", "preset": "occupancy_50", "distance": 1.5751174196728146, "init_camera": {"intrinsics": [[320.0, 0.0, 320.0], [0.0, 320.0, 240.0], [0.0, 0.0, 1.0]], "extrinsics": [[-0.17364817766693053, 0.025568681493329734, -0.9844757756896036, 0.19292610327503057], [0.984807753012208, 0.004508448408415242, -0.173589641107972, -2.9849192801346907], [0.0, -0.9996629013920849, -0.025963119619157562, 1.6], [0.0, 0.0, 0.0, 1.0]]}, "target_region": {"type": "circle", "params": {"center": [-0.5955268000000001, -3.1239448000000003], "radius": 1.5751174196728146, "object_center": [-0.5955268000000001, -3.1239448000000003, 1.5792065000000002], "object_height": 1.3048699951171878, "occupancy_ratio": 0.5, "fov_vertical": 90.0, "sample_distance": 1.5751174196728146, "min_distance": 1.3048699951171878}, "sample_point": [0.3490988666057335, -1.863517397986533, 1.5], "sample_forward": [-0.5989608024680102, -0.7992018794866751, 0.050222633660962815], "height": 1.5}, "sample_target": [0.3490988666057335, -1.863517397986533, 1.5], "camera_params": {"forward": [-0.5989608024680102, -0.7992018794866751, 0.050222633660962815]}, "task_type": "screen_occupancy", "task_description": "Position where shower head occupies 50% of vertical FOV", "target_object": {"label": "shower head", "id": "100", "bbox_min": [-0.8520668138937971, -3.246312807429541, 0.9267715024414063], "bbox_max": [-0.3389867861062029, -3.0015767925704595, 2.231641497558594], "center": [-0.5955268, -3.1239448000000003, 1.5792065000000002]}}
{"scene_id": "0349_840373", "object_label": "shower head", "preset": "occupancy_20", "distance": 4.119312454062581, "init_camera": {"intrinsics": [[320.0, 0.0, 320.0], [0.0, 320.0, 240.0], [0.0, 0.0, 1.0]], "extrinsics": [[-0.6427876096865393, 0.015913053736465597, -0.7658791442220148, 0.17110755498889563], [0.7660444431189781, 0.013352637521172517, -0.6426489074430632, -2.480662195480986], [0.0, -0.9997842176149855, -0.02077301634311844, 1.6], [0.0, 0.0, 0.0, 1.0]]}, "target_region": {"type": "circle", "params": {"center": [-0.5955268000000001, -3.1239448000000003], "radius": 4.119312454062581, "object_center": [-0.5955268000000001, -3.1239448000000003, 1.5792065000000002], "object_height": 1.3048699951171878, "occupancy_ratio": 0.2, "fov_vertical": 90.0, "sample_distance": 4.119312454062581, "min_distance": 1.3048699951171878}, "sample_point": [0.4495956768938473, 0.8605820354581768, 1.5], "sample_forward": [-0.2536659554484806, -0.9671008222218815, 0.019224533912948132], "height": 1.5}, "sample_target": [0.4495956768938473, 0.8605820354581768, 1.5], "camera_params": {"forward": [-0.2536659554484806, -0.9671008222218815, 0.019224533912948132]}, "task_type": "screen_occupancy", "task_description": "Position where shower head occupies 20% of vertical FOV", "target_object": {"label": "shower head", "id": "100", "bbox_min": [-0.8520668138937971, -3.246312807429541, 0.9267715024414063], "bbox_max": [-0.3389867861062029, -3.0015767925704595, 2.231641497558594], "center": [-0.5955268, -3.1239448000000003, 1.5792065000000002]}}
{"scene_id": "0349_840373", "object_label": "shower head", "preset": "occupancy_30", "distance": 2.717587345329753, "init_camera": {"intrinsics": [[320.0, 0.0, 320.0], [0.0, 320.0, 240.0], [0.0, 0.0, 1.0]], "extrinsics": [[-0.6427876096865393, 0.015913053736465597, -0.7658791442220148, 0.17110755498889563], [0.7660444431189781, 0.013352637521172517, -0.6426489074430632, -2.480662195480986], [0.0, -0.9997842176149855, -0.02077301634311844, 1.6], [0.0, 0.0, 0.0, 1.0]]}, "target_region": {"type": "circle", "params": {"center": [-0.5955268000000001, -3.1239448000000003], "radius": 2.717587345329753, "object_center": [-0.5955268000000001, -3.1239448000000003, 1.5792065000000002], "object_height": 1.3048699951171878, "occupancy_ratio": 0.3, "fov_vertical": 90.0, "sample_distance": 2.717587345329753, "min_distance": 1.3048699951171878}, "sample_point": [2.118003119052028, -3.2723912816218634, 1.5], "sample_forward": [-0.998083137571349, 0.054601178007404154, 0.029133517740487266], "height": 1.5}, "sample_target": [2.118003119052028, -3.2723912816218634, 1.5], "camera_params": {"forward": [-0.998083137571349, 0.054601178007404154, 0.029133517740487266]}, "task_type": "screen_occupancy", "task_description": "Position where shower head occupies 30% of vertical FOV", "target_object": {"label": "shower head", "id": "100", "bbox_min": [-0.8520668138937971, -3.246312807429541, 0.9267715024414063], "bbox_max": [-0.3389867861062029, -3.0015767925704595, 2.231641497558594], "center": [-0.5955268, -3.1239448000000003, 1.5792065000000002]}}
{"scene_id": "0349_840373", "object_label": "shower head", "preset": "occupancy_50", "distance": 1.5751174196728146, "init_camera": {"intrinsics": [[320.0, 0.0, 320.0], [0.0, 320.0, 240.0], [0.0, 0.0, 1.0]], "extrinsics": [[-0.6427876096865393, 0.015913053736465597, -0.7658791442220148, 0.17110755498889563], [0.7660444431189781, 0.013352637521172517, -0.6426489074430632, -2.480662195480986], [0.0, -0.9997842176149855, -0.02077301634311844, 1.6], [0.0, 0.0, 0.0, 1.0]]}, "target_region": {"type": "circle", "params": {"center": [-0.5955268000000001, -3.1239448000000003], "radius": 1.5751174196728146, "object_center": [-0.5955268000000001, -3.1239448000000003, 1.5792065000000002], "object_height": 1.3048699951171878, "occupancy_ratio": 0.5, "fov_vertical": 90.0, "sample_distance": 1.5751174196728146, "min_distance": 1.3048699951171878}, "sample_point": [-2.1336077926457784, -3.4635059076353176, 1.5], "sample_forward": [0.9752542813347236, 0.2153062326233234, 0.05022263366096281], "height": 1.5}, "sample_target": [-2.1336077926457784, -3.4635059076353176, 1.5], "camera_params": {"forward": [0.9752542813347236, 0.2153062326233234, 0.05022263366096281]}, "task_type": "screen_occupancy", "task_description": "Position where shower head occupies 50% of vertical FOV", "target_object": {"label": "shower head", "id": "100", "bbox_min": [-0.8520668138937971, -3.246312807429541, 0.9267715024414063], "bbox_max": [-0.3389867861062029, -3.0015767925704595, 2.231641497558594], "center": [-0.5955268, -3.1239448000000003, 1.5792065000000002]}}
{"scene_id": "0349_840373", "object_label": "shower head", "preset": "occupancy_20", "distance": 4.119312454062581, "init_camera": {"intrinsics": [[320.0, 0.0, 320.0], [0.0, 320.0, 240.0], [0.0, 0.0, 1.0]], "extrinsics": [[-1.0, -0.0, 0.0, 3.2486768], [-0.0, 0.025963119619157562, -0.9996629013920849, -0.9754830397959566], [0.0, -0.9996629013920849, -0.025963119619157562, 1.6], [0.0, 0.0, 0.0, 1.0]]}, "target_region": {"type": "circle", "params": {"center": [3.2486768, -1.7760991], "radius": 4.119312454062581, "object_center": [3.2486768, -1.7760991, 1.5792065000000002], "object_height": 1.3048699951171878, "occupancy_ratio": 0.2, "fov_vertical": 90.0, "sample_distance": 4.119312454062581, "min_distance": 1.3048699951171878}, "sample_point": [6.753520158724886, -3.9405408582825245, 1.5], "sample_forward": [-0.850674881599079, 0.5253405211024775, 0.019224533912948132], "height": 1.5}, "sample_target": [6.753520158724886, -3.9405408582825245, 1.5], "camera_params": {"forward": [-0.850674881599079, 0.5253405211024775, 0.019224533912948132]}, "task_type": "screen_occupancy", "task_description": "Position where shower head occupies 20% of vertical FOV", "target_object": {"label": "shower head", "id": "102", "bbox_min": [2.992136786106203, -1.8984671074295407, 0.9267715024414063], "bbox_max": [3.505216813893797, -1.6537310925704591, 2.231641497558594], "center": [3.2486768, -1.7760991, 1.5792065000000002]}}
{"scene_id": "0349_840373", "object_label": "shower head", "preset": "occupancy_30", "distance": 2.717587345329753, "init_camera": {"intrinsics": [[320.0, 0.0, 320.0], [0.0, 320.0, 240.0], [0.0, 0.0, 1.0]], "extrinsics": [[-1.0, -0.0, 0.0, 3.2486768], [-0.0, 0.025963119619157562, -0.9996629013920849, -0.9754830397959566], [0.0, -0.9996629013920849, -0.025963119619157562, 1.6], [0.0, 0.0, 0.0, 1.0]]}, "target_region": {"type": "circle", "params": {"center": [3.2486768, -1.7760991], "radius": 2.717587345329753, "object_center": [3.2486768, -1.7760991, 1.5792065000000002], "object_height": 1.3048699951171878, "occupancy_ratio": 0.3, "fov_vertical": 90.0, "sample_distance": 2.717587345329753, "min_distance": 1.3048699951171878}, "sample_point": [5.393267364429897, -0.10696390761603003, 1.5], "sample_forward": [-0.7888174235056449, -0.6139367316898223, 0.029133517740487273], "height": 1.5}, "sample_target": [5.393267364429897, -0.10696390761603003, 1.5], "camera_params": {"forward": [-0.7888174235056449, -0.6139367316898223, 0.029133517740487273]}, "task_type": "screen_occupancy", "task_description": "Position where shower head occupies 30% of vertical FOV", "target_object": {"label": "shower head", "id": "102", "bbox_min": [2.992136786106203, -1.8984671074295407, 0.9267715024414063], "bbox_max": [3.505216813893797, -1.6537310925704591, 2.231641497558594], "center": [3.2486768, -1.7760991, 1.5792065000000002]}}
{"scene_id": "0349_840373", "object_label": "shower head", "preset": "occupancy_20", "distance": 4.119312454062581, "init_camera": {"intrinsics": [[320.0, 0.0, 320.0], [0.0, 320.0, 240.0], [0.0, 0.0, 1.0]], "extrinsics": [[-0.3420201433256688, 0.019520250169093475, -0.9394898516710145, 4.189093054820533], [0.9396926207859083, 0.00710479002697983, -0.34194634140341895, -1.433815575425226], [0.0, -0.9997842176149855, -0.020773016343118438, 1.6], [0.0, 0.0, 0.0, 1.0]]}, "target_region": {"type": "circle", "params": {"center": [3.2486768, -1.7760991], "radius": 4.119312454062581, "object_center": [3.2486768, -1.7760991, 1.5792065000000002], "object_height": 1.3048699951171878, "occupancy_ratio": 0.2, "fov_vertical": 90.0, "sample_distance": 4.119312454062581, "min_distance": 1.3048699951171878}, "sample_point": [0.46705279764834096, 1.262206843076869, 1.5], "sample_forward": [0.6751393505113832, -0.737439675286662, 0.019224533912948132], "height": 1.5}, "sample_target": [0.46705279764834096, 1.262206843076869, 1.5], "camera_params": {"forward": [0.6751393505113832, -0.737439675286662, 0.019224533912948132]}, "task_type": "screen_occupancy", "task_description": "Position where shower head occupies 20% of vertical FOV", "target_object": {"label": "shower head", "id": "102", "bbox_min": [2.992136786106203, -1.8984671074295407, 0.9267715024414063], "bbox_max": [3.505216813893797, -1.6537310925704591, 2.231641497558594], "center": [3.2486768, -1.7760991, 1.5792065000000002]}}
{"scene_id": "0349_840373", "object_label": "shower head", "preset": "occupancy_30", "distance": 2.717587345329753, "init_camera": {"intrinsics": [[320.0, 0.0, 320.0], [0.0, 320.0, 240.0], [0.0, 0.0, 1.0]], "extrinsics": [[-0.3420201433256688, 0.019520250169093475, -0.9394898516710145, 4.189093054820533], [0.9396926207859083, 0.00710479002697983, -0.34194634140341895, -1.433815575425226], [0.0, -0.9997842176149855, -0.020773016343118438, 1.6], [0.0, 0.0, 0.0, 1.0]]}, "target_region": {"type": "circle", "params": {"center": [3.2486768, -1.7760991], "radius": 2.717587345329753, "object_center": [3.2486768, -1.7760991, 1.5792065000000002], "object_height": 1.3048699951171878, "occupancy_ratio": 0.3, "fov_vertical": 90.0, "sample_distance": 2.717587345329753, "min_distance": 1.3048699951171878}, "sample_point": [4.240653365238645, -4.306170931690507, 1.5], "sample_forward": [-0.36486610141248016, 0.9306040867007422, 0.029133517740487266], "height": 1.5}, "sample_target": [4.240653365238645, -4.306170931690507, 1.5], "camera_params": {"forward": [-0.36486610141248016, 0.9306040867007422, 0.029133517740487266]}, "task_type": "screen_occupancy", "task_description": "Position where shower head occupies 30% of vertical FOV", "target_object": {"label": "shower head", "id": "102", "bbox_min": [2.992136786106203, -1.8984671074295407, 0.9267715024414063], "bbox_max": [3.505216813893797, -1.6537310925704591, 2.231641497558594], "center": [3.2486768, -1.7760991, 1.5792065000000002]}}
{"scene_id": "0349_840373", "object_label": "shower head", "preset": "occupancy_50", "distance": 1.5751174196728146, "init_camera": {"intrinsics": [[320.0, 0.0, 320.0], [0.0, 320.0, 240.0], [0.0, 0.0, 1.0]], "extrinsics": [[-0.3420201433256688, 0.019520250169093475, -0.9394898516710145, 4.189093054820533], [0.9396926207859083, 0.00710479002697983, -0.34194634140341895, -1.433815575425226], [0.0, -0.9997842176149855, -0.020773016343118438, 1.6], [0.0, 0.0, 0.0, 1.0]]}, "target_region": {"type": "circle", "params": {"center": [3.2486768, -1.7760991], "radius": 1.5751174196728146, "object_center": [3.2486768, -1.7760991, 1.5792065000000002], "object_height": 1.3048699951171878, "occupancy_ratio": 0.5, "fov_vertical": 90.0, "sample_distance": 1.5751174196728146, "min_distance": 1.3048699951171878}, "sample_point": [3.1675042991792295, -3.3491235470024128, 1.5], "sample_forward": [0.05146921997646354, 0.9974109516458955, 0.05022263366096282], "height": 1.5}, "sample_target": [3.1675042991792295, -3.3491235470024128, 1.5], "camera_params": {"forward": [0.05146921997646354, 0.9974109516458955, 0.05022263366096282]}, "task_type": "screen_occupancy", "task_description": "Position where shower head occupies 50% of vertical FOV", "target_object": {"label": "shower head", "id": "102", "bbox_min": [2.992136786106203, -1.8984671074295407, 0.9267715024414063], "bbox_max": [3.505216813893797, -1.6537310925704591, 2.231641497558594], "center": [3.2486768, -1.7760991, 1.5792065000000002]}}
{"scene_id": "0349_840373", "object_label": "shower head", "preset": "back", "distance": 1.5, "init_camera": {"intrinsics": [[320.0, 0.0, 320.0], [0.0, 320.0, 240.0], [0.0, 0.0, 1.0]], "extrinsics": [[-0.984807753012208, 0.004508448408415242, -0.173589641107972, 3.38770231986531], [0.17364817766693053, 0.025568681493329734, -0.9844757756896036, -0.9876461967249693], [0.0, -0.9996629013920849, -0.025963119619157562, 1.6], [0.0, 0.0, 0.0, 1.0]]}, "target_region": {"type": "circle", "params": {"center": [3.2486768, -1.7760991], "radius": 1.5, "object_center": [3.2486768, -1.7760991, 1.5792065000000002], "sample_distance": 1.5, "min_distance": 1.3048699951171878, "requested_distance": 1.5}, "sample_point": [1.8322893648962, -1.282290803512306, 1.5], "sample_forward": [0.942944600079896, -0.3287475270589359, 0.05273086982782715], "height": 1.5}, "sample_target": [1.8322893648962, -1.282290803512306, 1.5], "camera_params": {"forward": [0.942944600079896, -0.3287475270589359, 0.05273086982782715]}, "task_type": "absolute_positioning", "task_description": "Move to any position 1.5m from shower head", "target_object": {"label": "shower head", "id": "102", "bbox_min": [2.992136786106203, -1.8984671074295407, 0.9267715024414063], "bbox_max": [3.505216813893797, -1.6537310925704591, 2.231641497558594], "center": [3.2486768, -1.7760991, 1.5792065000000002]}}
{"scene_id": "0349_840373", "object_label": "shower head", "preset": "occupancy_20", "distance": 4.119312454062581, "init_camera": {"intrinsics": [[320.0, 0.0, 320.0], [0.0, 320.0, 240.0], [0.0, 0.0, 1.0]], "extrinsics": [[-0.984807753012208, 0.004508448408415242, -0.173589641107972, 3.38770231986531], [0.17364817766693053, 0.025568681493329734, -0.9844757756896036, -0.9876461967249693], [0.0, -0.9996629013920849, -0.025963119619157562, 1.6], [0.0, 0.0, 0.0, 1.0]]}, "target_region": {"type": "circle", "params": {"center": [3.2486768, -1.7760991], "radius": 4.119312454062581, "object_center": [3.2486768, -1.7760991, 1.5792065000000002], "object_height": 1.3048699951171878, "occupancy_ratio": 0.2, "fov_vertical": 90.0, "sample_distance": 4.119312454062581, "min_distance": 1.3048699951171878}, "sample_point": [4.472990648426005, 2.1570663802140464, 1.5], "sample_forward": [-0.2971582269025612, -0.9546346973999824, 0.01922453391294814], "height": 1.5}, "sample_target": [4.472990648426005, 2.1570663802140464, 1.5], "camera_params": {"forward": [-0.2971582269025612, -0.9546346973999824, 0.01922453391294814]}, "task_type": "screen_occupancy", "task_description": "Position where shower head occupies 20% of vertical FOV", "target_object": {"label": "shower head", "id": "102", "bbox_min": [2.992136786106203, -1.8984671074295407, 0.9267715024414063], "bbox_max": [3.505216813893797, -1.6537310925704591, 2.231641497558594], "center": [3.2486768, -1.7760991, 1.5792065000000002]}}
{"scene_id": "0349_840373", "object_label": "shower head", "preset": "occupancy_30", "distance": 2.717587345329753, "init_camera": {"intrinsics": [[320.0, 0.0, 320.0], [0.0, 320.0, 240.0], [0.0, 0.0, 1.0]], "extrinsics": [[-0.984807753012208, 0.004508448408415242, -0.173589641107972, 3.38770231986531], [0.17364817766693053, 0.025568681493329734, -0.9844757756896036, -0.9876461967249693], [0.0, -0.9996629013920849, -0.025963119619157562, 1.6], [0.0, 0.0, 0.0, 1.0]]}, "target_region": {"type": "circle", "params": {"center": [3.2486768, -1.7760991], "radius": 2.717587345329753, "object_center": [3.2486768, -1.7760991, 1.5792065000000002], "object_height": 1.3048699951171878, "occupancy_ratio": 0.3, "fov_vertical": 90.0, "sample_distance": 2.717587345329753, "min_distance": 1.3048699951171878}, "sample_point": [4.267971417813445, 0.743091139262005, 1.5], "sample_forward": [-0.3749141526371084, -0.9266016491980055, 0.029133517740487266], "height": 1.5}, "sample_target": [4.267971417813445, 0.743091139262005, 1.5], "camera_params": {"forward": [-0.3749141526371084, -0.9266016491980055, 0.029133517740487266]}, "task_type": "screen_occupancy", "task_description": "Position where shower head occupies 30% of vertical FOV", "target_object": {"label": "shower head", "id": "102", "bbox_min": [2.992136786106203, -1.8984671074295407, 0.9267715024414063], "bbox_max": [3.505216813893797, -1.6537310925704591, 2.231641497558594], "center": [3.2486768, -1.7760991, 1.5792065000000002]}}
{"scene_id": "0349_840373", "object_label": "shower head", "preset": "left", "distance": 1.5, "init_camera": {"intrinsics": [[320.0, 0.0, 320.0], [0.0, 320.0, 240.0], [0.0, 0.0, 1.0]], "extrinsics": [[-0.9396926207859083, 0.008879909893325757, -0.3419048488114749, 3.5225036196598194], [0.34202014332566893, 0.024397351918704204, -0.9393758517115733, -1.023766096143574], [0.0, -0.999662901392085, -0.025963119619157562, 1.6], [0.0, 0.0, 0.0, 1.0]]}, "target_region": {"type": "circle", "params": {"center": [3.2486768, -1.7760991], "radius": 1.5, "object_center": [3.2486768, -1.7760991, 1.5792065000000002], "sample_distance": 1.5, "min_distance": 1.3048699951171878, "requested_distance": 1.5}, "sample_point": [3.5008882229980407, -3.25474354614292, 1.5], "sample_forward": [-0.16790702423665604, 0.9843915311395115, 0.05273086982782715], "height": 1.5}, "sample_target": [3.5008882229980407, -3.25474354614292, 1.5], "camera_params": {"forward": [-0.16790702423665604, 0.9843915311395115, 0.05273086982782715]}, "task_type": "absolute_positioning", "task_description": "Move to any position 1.5m from shower head", "target_object": {"label": "shower head", "id": "102", "bbox_min": [2.992136786106203, -1.8984671074295407, 0.9267715024414063], "bbox_max": [3.505216813893797, -1.6537310925704591, 2.231641497558594], "center": [3.2486768, -1.7760991, 1.5792065000000002]}}
{"scene_id": "0349_840373", "object_label": "shower head", "preset": "occupancy_20", "distance": 4.119312454062581, "init_camera": {"intrinsics": [[320.0, 0.0, 320.0], [0.0, 320.0, 240.0], [0.0, 0.0, 1.0]], "extrinsics": [[-0.9396926207859083, 0.008879909893325757, -0.3419048488114749, 3.5225036196598194], [0.34202014332566893, 0.024397351918704204, -0.9393758517115733, -1.023766096143574], [0.0, -0.999662901392085, -0.025963119619157562, 1.6], [0.0, 0.0, 0.0, 1.0]]}, "target_region": {"type": "circle", "params": {"center": [3.2486768, -1.7760991], "radius": 4.119312454062581, "object_center": [3.2486768, -1.7760991, 1.5792065000000002], "object_height": 1.3048699951171878, "occupancy_ratio": 0.2, "fov_vertical": 90.0, "sample_distance": 4.119312454062581, "min_distance": 1.3048699951171878}, "sample_point": [6.139977443133523, 1.1580303595178931, 1.5], "sample_forward": [-0.7017594170484623, -0.7121545744286364, 0.019224533912948132], "height": 1.5}, "sample_target": [6.139977443133523, 1.1580303595178931, 1.5], "camera_params": {"forward": [-0.7017594170484623, -0.7121545744286364, 0.019224533912948132]}, "task_type": "screen_occupancy", "task_description": "Position where shower head occupies 20% of vertical FOV", "target_object": {"label": "shower head", "id": "102", "bbox_min": [2.992136786106203, -1.8984671074295407, 0.9267715024414063], "bbox_max": [3.505216813893797, -1.6537310925704591, 2.231641497558594], "center": [3.2486768, -1.7760991, 1.5792065000000002]}}
