{"scene_id": "0367_840260", "object_label": "shoe cabinet", "preset": "back", "distance": 2.499999893564551, "init_camera": {"intrinsics": [[320.0, 0.0, 320.0], [0.0, 320.0, 240.0], [0.0, 0.0, 1.0]], "extrinsics": [[0.0, -0.20467543257375928, 0.9788298970202863, 4.375837915084128], [-1.0, -0.0, 0.0, -4.1735225], [0.0, -0.9788298970202864, -0.20467543257375925, 1.6], [0.0, 0.0, 0.0, 1.0]]}, "target_region": {"type": "circle", "params": {"center": [6.049661, -4.1735225], "radius": 2.499999893564551, "object_center": [6.049661, -4.1735225, 1.25], "sample_distance": 2.499999893564551, "min_distance": 2.499999893564551, "requested_distance": 0.8}, "sample_point": [3.9840142535262935, -5.581749394575358, 1.5], "sample_forward": [0.8221581684871894, 0.560495276568924, -0.09950372321534484], "height": 1.5}, "sample_target": [3.9840142535262935, -5.581749394575358, 1.5], "camera_params": {"forward": [0.8221581684871894, 0.560495276568924, -0.09950372321534484]}, "task_type": "absolute_positioning", "task_description": "Move to any position 2.5m from shoe cabinet", "target_object": {"label": "shoe cabinet", "id": "111", "bbox_min": [5.848794650230177, -4.955077915780145, 5.321772459865315e-08], "bbox_max": [6.250527349769824, -3.391967084219855, 2.4999999467822756], "center": [6.049661, -4.1735225, 1.25]}}
{"scene_id": "0367_840260", "object_label": "shoe cabinet", "preset": "back", "distance": 2.499999893564551, "init_camera": {"intrinsics": [[320.0, 0.0, 320.0], [0.0, 320.0, 240.0], [0.0, 0.0, 1.0]], "extrinsics": [[0.0, -0.20467543257375928, 0.9788298970202863, 4.375837915084128], [-1.0, -0.0, 0.0, -4.1735225], [0.0, -0.9788298970202864, -0.20467543257375925, 1.6], [0.0, 0.0, 0.0, 1.0]]}, "target_region": {"type": "circle", "params": {"center": [6.049661, -4.1735225], "radius": 2.499999893564551, "object_center": [6.049661, -4.1735225, 1.25], "sample_distance": 2.499999893564551, "min_distance": 2.499999893564551, "requested_distance": 1.0}, "sample_point": [3.8507577779283357, -5.3629862816199445, 1.5], "sample_forward": [0.8751962303453953, 0.4734242996039533, -0.09950372321534483], "height": 1.5}, "sample_target": [3.8507577779283357, -5.3629862816199445, 1.5], "camera_params": {"forward": [0.8751962303453953, 0.4734242996039533, -0.09950372321534483]}, "task_type": "absolute_positioning", "task_description": "Move to any position 2.5m from shoe cabinet", "target_object": {"label": "shoe cabinet", "id": "111", "bbox_min": [5.848794650230177, -4.955077915780145, 5.321772459865315e-08], "bbox_max": [6.250527349769824, -3.391967084219855, 2.4999999467822756], "center": [6.049661, -4.1735225, 1.25]}}
{"scene_id": "0367_840260", "object_label": "shoe cabinet", "preset": "left", "distance": 2.499999893564551, "init_camera": {"intrinsics": [[320.0, 0.0, 320.0], [0.0, 320.0, 240.0], [0.0, 0.0, 1.0]], "extrinsics": [[0.0, -0.20467543257375928, 0.9788298970202863, 4.375837915084128], [-1.0, -0.0, 0.0, -4.1735225], [0.0, -0.9788298970202864, -0.20467543257375925, 1.6], [0.0, 0.0, 0.0, 1.0]]}, "target_region": {"type": "circle", "params": {"center": [6.049661, -4.1735225], "radius": 2.499999893564551, "object_center": [6.049661, -4.1735225, 1.25], "sample_distance": 2.499999893564551, "min_distance": 2.499999893564551, "requested_distance": 1.2}, "sample_point": [4.596655527332965, -6.207920338236762, 1.5], "sample_forward": [0.578317817530568, 0.8097206376232267, -0.09950372321534484], "height": 1.5}, "sample_target": [4.596655527332965, -6.207920338236762, 1.5], "camera_params": {"forward": [0.578317817530568, 0.8097206376232267, -0.09950372321534484]}, "task_type": "absolute_positioning", "task_description": "Move to any position 2.5m from shoe cabinet", "target_object": {"label": "shoe cabinet", "id": "111", "bbox_min": [5.848794650230177, -4.955077915780145, 5.321772459865315e-08], "bbox_max": [6.250527349769824, -3.391967084219855, 2.4999999467822756], "center": [6.049661, -4.1735225, 1.25]}}
{"scene_id": "0367_840260", "object_label": "shoe cabinet", "preset": "back", "distance": 2.499999893564551, "init_camera": {"intrinsics": [[320.0, 0.0, 320.0], [0.0, 320.0, 240.0], [0.0, 0.0, 1.0]], "extrinsics": [[0.0, -0.20467543257375928, 0.9788298970202863, 4.375837915084128], [-1.0, -0.0, 0.0, -4.1735225], [0.0, -0.9788298970202864, -0.20467543257375925, 1.6], [0.0, 0.0, 0.0, 1.0]]}, "target_region": {"type": "circle", "params": {"center": [6.049661, -4.1735225], "radius": 2.499999893564551, "object_center": [6.049661, -4.1735225, 1.25], "sample_distance": 2.499999893564551, "min_distance": 2.499999893564551, "requested_distance": 1.5}, "sample_point": [3.5507389227083124, -4.100120051492053, 1.5], "sample_forward": [0.9946082028621865, -0.029215267678653425, -0.09950372321534483], "height": 1.5}, "sample_target": [3.5507389227083124, -4.100120051492053, 1.5], "camera_params": {"forward": [0.9946082028621865, -0.029215267678653425, -0.09950372321534483]}, "task_type": "absolute_positioning", "task_description": "Move to any position 2.5m from shoe cabinet", "target_object": {"label": "shoe cabinet", "id": "111", "bbox_min": [5.848794650230177, -4.955077915780145, 5.321772459865315e-08], "bbox_max": [6.250527349769824, -3.391967084219855, 2.4999999467822756], "center": [6.049661, -4.1735225, 1.25]}}
{"scene_id": "0367_840260", "object_label": "shoe cabinet", "preset": "occupancy_30", "distance": 5.206624490945246, "init_camera": {"intrinsics": [[320.0, 0.0, 320.0], [0.0, 320.0, 240.0], [0.0, 0.0, 1.0]], "extrinsics": [[0.0, -0.20467543257375928, 0.9788298970202863, 4.375837915084128], [-1.0, -0.0, 0.0, -4.1735225], [0.0, -0.9788298970202864, -0.20467543257375925, 1.6], [0.0, 0.0, 0.0, 1.0]]}, "target_region": {"type": "circle", "params": {"center": [6.049661, -4.1735225], "radius": 5.206624490945246, "object_center": [6.049661, -4.1735225, 1.25], "object_height": 2.499999893564551, "occupancy_ratio": 0.3, "fov_vertical": 90.0, "sample_distance": 5.206624490945246, "min_distance": 2.499999893564551}, "sample_point": [1.166960304121833, -5.981331257634972, 1.5], "sample_forward": [0.9367070458429941, 0.34681363988639646, -0.04796049892192525], "height": 1.5}, "sample_target": [1.166960304121833, -5.981331257634972, 1.5], "camera_params": {"forward": [0.9367070458429941, 0.34681363988639646, -0.04796049892192525]}, "task_type": "screen_occupancy", "task_description": "Position where shoe cabinet occupies 30% of vertical FOV", "target_object": {"label": "shoe cabinet", "id": "111", "bbox_min": [5.848794650230177, -4.955077915780145, 5.321772459865315e-08], "bbox_max": [6.250527349769824, -3.391967084219855, 2.4999999467822756], "center": [6.049661, -4.1735225, 1.25]}}
{"scene_id": "0367_840260", "object_label": "shoe cabinet", "preset": "occupancy_50", "distance": 3.017766824487417, "init_camera": {"intrinsics": [[320.0, 0.0, 320.0], [0.0, 320.0, 240.0], [0.0, 0.0, 1.0]], "extrinsics": [[0.0, -0.20467543257375928, 0.9788298970202863, 4.375837915084128], [-1.0, -0.0, 0.0, -4.1735225], [0.0, -0.9788298970202864, -0.20467543257375925, 1.6], [0.0, 0.0, 0.0, 1.0]]}, "target_region": {"type": "circle", "params": {"center": [6.049661, -4.1735225], "radius": 3.017766824487417, "object_center": [6.049661, -4.1735225, 1.25], "object_height": 2.499999893564551, "occupancy_ratio": 0.5, "fov_vertical": 90.0, "sample_distance": 3.017766824487417, "min_distance": 2.499999893564551}, "sample_point": [3.0747686490618276, -3.6666377918992135, 1.5], "sample_forward": [0.9824272552208305, -0.16739340243213285, -0.0825598995969559], "height": 1.5}, "sample_target": [3.0747686490618276, -3.6666377918992135, 1.5], "camera_params": {"forward": [0.9824272552208305, -0.16739340243213285, -0.0825598995969559]}, "task_type": "screen_occupancy", "task_description": "Position where shoe cabinet occupies 50% of vertical FOV", "target_object": {"label": "shoe cabinet", "id": "111", "bbox_min": [5.848794650230177, -4.955077915780145, 5.321772459865315e-08], "bbox_max": [6.250527349769824, -3.391967084219855, 2.4999999467822756], "center": [6.049661, -4.1735225, 1.25]}}
{"scene_id": "0367_840260", "object_label": "shoe cabinet", "preset": "left", "distance": 2.499999893564551, "init_camera": {"intrinsics": [[320.0, 0.0, 320.0], [0.0, 320.0, 240.0], [0.0, 0.0, 1.0]], "extrinsics": [[0.17364817766693014, -0.20156595284976547, 0.9639592714657194, 4.401267048804037], [-0.9848077530122081, -0.03554151587962391, 0.16997202786348162, -4.46417882843248], [0.0, -0.9788298970202864, -0.20467543257375917, 1.6], [0.0, 0.0, 0.0, 1.0]]}, "target_region": {"type": "circle", "params": {"center": [6.049661, -4.1735225], "radius": 2.499999893564551, "object_center": [6.049661, -4.1735225, 1.25], "sample_distance": 2.499999893564551, "min_distance": 2.499999893564551, "requested_distance": 0.8}, "sample_point": [5.094668600719734, -6.483931335063545, 1.5], "sample_forward": [0.38010119748296683, 0.9195771249538011, -0.09950372321534483], "height": 1.5}, "sample_target": [5.094668600719734, -6.483931335063545, 1.5], "camera_params": {"forward": [0.38010119748296683, 0.9195771249538011, -0.09950372321534483]}, "task_type": "absolute_positioning", "task_description": "Move to any position 2.5m from shoe cabinet", "target_object": {"label": "shoe cabinet", "id": "111", "bbox_min": [5.848794650230177, -4.955077915780145, 5.321772459865315e-08], "bbox_max": [6.250527349769824, -3.391967084219855, 2.4999999467822756], "center": [6.049661, -4.1735225, 1.25]}}
{"scene_id": "0367_840260", "object_label": "shoe cabinet", "preset": "back", "distance": 2.499999893564551, "init_camera": {"intrinsics": [[320.0, 0.0, 320.0], [0.0, 320.0, 240.0], [0.0, 0.0, 1.0]], "extrinsics": [[0.17364817766693014, -0.20156595284976547, 0.9639592714657194, 4.401267048804037], [-0.9848077530122081, -0.03554151587962391, 0.16997202786348162, -4.46417882843248], [0.0, -0.9788298970202864, -0.20467543257375917, 1.6], [0.0, 0.0, 0.0, 1.0]]}, "target_region": {"type": "circle", "params": {"center": [6.049661, -4.1735225], "radius": 2.499999893564551, "object_center": [6.049661, -4.1735225, 1.25], "sample_distance": 2.499999893564551, "min_distance": 2.499999893564551, "requested_distance": 1.0}, "sample_point": [3.6139994331798913, -3.6100047986469916, 1.5], "sample_forward": [0.969429577564485, -0.22428843752950828, -0.09950372321534483], "height": 1.5}, "sample_target": [3.6139994331798913, -3.6100047986469916, 1.5], "camera_params": {"forward": [0.969429577564485, -0.22428843752950828, -0.09950372321534483]}, "task_type": "absolute_positioning", "task_description": "Move to any position 2.5m from shoe cabinet", "target_object": {"label": "shoe cabinet", "id": "111", "bbox_min": [5.848794650230177, -4.955077915780145, 5.321772459865315e-08], "bbox_max": [6.250527349769824, -3.391967084219855, 2.4999999467822756], "center": [6.049661, -4.1735225, 1.25]}}
{"scene_id": "0367_840260", "object_label": "shoe cabinet", "preset": "back", "distance": 2.499999893564551, "init_camera": {"intrinsics": [[320.0, 0.0, 320.0], [0.0, 320.0, 240.0], [0.0, 0.0, 1.0]], "extrinsics": [[0.17364817766693014, -0.20156595284976547, 0.9639592714657194, 4.401267048804037], [-0.9848077530122081, -0.03554151587962391, 0.16997202786348162, -4.46417882843248], [0.0, -0.9788298970202864, -0.20467543257375917, 1.6], [0.0, 0.0, 0.0, 1.0]]}, "target_region": {"type": "circle", "params": {"center": [6.049661, -4.1735225], "radius": 2.499999893564551, "object_center": [6.049661, -4.1735225, 1.25], "sample_distance": 2.499999893564551, "min_distance": 2.499999893564551, "requested_distance": 1.2}, "sample_point": [3.8614053144820883, -5.382462747746471, 1.5], "sample_forward": [0.8709583522247158, 0.48117622318262115, -0.09950372321534483], "height": 1.5}, "sample_target": [3.8614053144820883, -5.382462747746471, 1.5], "camera_params": {"forward": [0.8709583522247158, 0.48117622318262115, -0.09950372321534483]}, "task_type": "absolute_positioning", "task_description": "Move to any position 2.5m from shoe cabinet", "target_object": {"label": "shoe cabinet", "id": "111", "bbox_min": [5.848794650230177, -4.955077915780145, 5.321772459865315e-08], "bbox_max": [6.250527349769824, -3.391967084219855, 2.4999999467822756], "center": [6.049661, -4.1735225, 1.25]}}
{"scene_id": "0367_840260", "object_label": "shoe cabinet", "preset": "back", "distance": 2.499999893564551, "init_camera": {"intrinsics": [[320.0, 0.0, 320.0], [0.0, 320.0, 240.0], [0.0, 0.0, 1.0]], "extrinsics": [[0.17364817766693014, -0.20156595284976547, 0.9639592714657194, 4.401267048804037], [-0.9848077530122081, -0.03554151587962391, 0.16997202786348162, -4.46417882843248], [0.0, -0.9788298970202864, -0.20467543257375917, 1.6], [0.0, 0.0, 0.0, 1.0]]}, "target_region": {"type": "circle", "params": {"center": [6.049661, -4.1735225], "radius": 2.499999893564551, "object_center": [6.049661, -4.1735225, 1.25], "sample_distance": 2.499999893564551, "min_distance": 2.499999893564551, "requested_distance": 1.5}, "sample_point": [3.9529609089517828, -2.811961559013089, 1.5], "sample_forward": [0.8345178621010007, -0.5419215320511442, -0.09950372321534484], "height": 1.5}, "sample_target": [3.9529609089517828, -2.811961559013089, 1.5], "camera_params": {"forward": [0.8345178621010007, -0.5419215320511442, -0.09950372321534484]}, "task_type": "absolute_positioning", "task_description": "Move to any position 2.5m from shoe cabinet", "target_object": {"label": "shoe cabinet", "id": "111", "bbox_min": [5.848794650230177, -4.955077915780145, 5.321772459865315e-08], "bbox_max": [6.250527349769824, -3.391967084219855, 2.4999999467822756], "center": [6.049661, -4.1735225, 1.25]}}
{"scene_id": "0367_840260", "object_label": "shoe cabinet", "preset": "occupancy_20", "distance": 7.892189057340317, "init_camera": {"intrinsics": [[320.0, 0.0, 320.0], [0.0, 320.0, 240.0], [0.0, 0.0, 1.0]], "extrinsics": [[0.17364817766693014, -0.20156595284976547, 0.9639592714657194, 4.401267048804037], [-0.9848077530122081, -0.03554151587962391, 0.16997202786348162, -4.46417882843248], [0.0, -0.9788298970202864, -0.20467543257375917, 1.6], [0.0, 0.0, 0.0, 1.0]]}, "target_region": {"type": "circle", "params": {"center": [6.049661, -4.1735225], "radius": 7.892189057340317, "object_center": [6.049661, -4.1735225, 1.25], "object_height": 2.499999893564551, "occupancy_ratio": 0.2, "fov_vertical": 90.0, "sample_distance": 7.892189057340317, "min_distance": 2.499999893564551}, "sample_point": [0.5604278344681433, 1.4970125163125996, 1.5], "sample_forward": [0.6951786353248868, -0.7181394332008175, -0.03166100866738871], "height": 1.5}, "sample_target": [0.5604278344681433, 1.4970125163125996, 1.5], "camera_params": {"forward": [0.6951786353248868, -0.7181394332008175, -0.03166100866738871]}, "task_type": "screen_occupancy", "task_description": "Position where shoe cabinet occupies 20% of vertical FOV", "target_object": {"label": "shoe cabinet", "id": "111", "bbox_min": [5.848794650230177, -4.955077915780145, 5.321772459865315e-08], "bbox_max": [6.250527349769824, -3.391967084219855, 2.4999999467822756], "center": [6.049661, -4.1735225, 1.25]}}
{"scene_id": "0367_840260", "object_label": "shoe cabinet", "preset": "occupancy_30", "distance": 5.206624490945246, "init_camera": {"intrinsics": [[320.0, 0.0, 320.0], [0.0, 320.0, 240.0], [0.0, 0.0, 1.0]], "extrinsics": [[0.17364817766693014, -0.20156595284976547, 0.9639592714657194, 4.401267048804037], [-0.9848077530122081, -0.03554151587962391, 0.16997202786348162, -4.46417882843248], [0.0, -0.9788298970202864, -0.20467543257375917, 1.6], [0.0, 0.0, 0.0, 1.0]]}, "target_region": {"type": "circle", "params": {"center": [6.049661, -4.1735225], "radius": 5.206624490945246, "object_center": [6.049661, -4.1735225, 1.25], "object_height": 2.499999893564551, "occupancy_ratio": 0.3, "fov_vertical": 90.0, "sample_distance": 5.206624490945246, "min_distance": 2.499999893564551}, "sample_point": [10.921143775294551, -6.01134571231378, 1.5], "sample_forward": [-0.9345549775707669, 0.352571672771457, -0.04796049892192525], "height": 1.5}, "sample_target": [10.921143775294551, -6.01134571231378, 1.5], "camera_params": {"forward": [-0.9345549775707669, 0.352571672771457, -0.04796049892192525]}, "task_type": "screen_occupancy", "task_description": "Position where shoe cabinet occupies 30% of vertical FOV", "target_object": {"label": "shoe cabinet", "id": "111", "bbox_min": [5.848794650230177, -4.955077915780145, 5.321772459865315e-08], "bbox_max": [6.250527349769824, -3.391967084219855, 2.4999999467822756], "center": [6.049661, -4.1735225, 1.25]}}
{"scene_id": "0367_840260", "object_label": "shoe cabinet", "preset": "occupancy_20", "distance": 7.892189057340317, "init_camera": {"intrinsics": [[320.0, 0.0, 320.0], [0.0, 320.0, 240.0], [0.0, 0.0, 1.0]], "extrinsics": [[0.17364817766693003, -0.162482627796666, 0.9713113332280462, 3.9891685610050467], [-0.9848077530122081, -0.028650071176963363, 0.17126839471601477, -4.5368429105406], [0.0, -0.9862953761859807, -0.1649891842338611, 1.6], [0.0, 0.0, 0.0, 1.0]]}, "target_region": {"type": "circle", "params": {"center": [6.049661, -4.1735225], "radius": 7.892189057340317, "object_center": [6.049661, -4.1735225, 1.25], "object_height": 2.499999893564551, "occupancy_ratio": 0.2, "fov_vertical": 90.0, "sample_distance": 7.892189057340317, "min_distance": 2.499999893564551}, "sample_point": [12.901671412009616, -0.257325182382556, 1.5], "sample_forward": [-0.8677662441746964, -0.4959630288651612, -0.031661008667388704], "height": 1.5}, "sample_target": [12.901671412009616, -0.257325182382556, 1.5], "camera_params": {"forward": [-0.8677662441746964, -0.4959630288651612, -0.031661008667388704]}, "task_type": "screen_occupancy", "task_description": "Position where shoe cabinet occupies 20% of vertical FOV", "target_object": {"label": "shoe cabinet", "id": "111", "bbox_min": [5.848794650230177, -4.955077915780145, 5.321772459865315e-08], "bbox_max": [6.250527349769824, -3.391967084219855, 2.4999999467822756], "center": [6.049661, -4.1735225, 1.25]}}
{"scene_id": "0367_840260", "object_label": "shoe cabinet", "preset": "occupancy_30", "distance": 5.206624490945246, "init_camera": {"intrinsics": [[320.0, 0.0, 320.0], [0.0, 320.0, 240.0], [0.0, 0.0, 1.0]], "extrinsics": [[0.17364817766693003, -0.162482627796666, 0.9713113332280462, 3.9891685610050467], [-0.9848077530122081, -0.028650071176963363, 0.17126839471601477, -4.5368429105406], [0.0, -0.9862953761859807, -0.1649891842338611, 1.6], [0.0, 0.0, 0.0, 1.0]]}, "target_region": {"type": "circle", "params": {"center": [6.049661, -4.1735225], "radius": 5.206624490945246, "object_center": [6.049661, -4.1735225, 1.25], "object_height": 2.499999893564551, "occupancy_ratio": 0.3, "fov_vertical": 90.0, "sample_distance": 5.206624490945246, "min_distance": 2.499999893564551}, "sample_point": [6.945978878664867, 0.9553714207295521, 1.5], "sample_forward": [-0.1719514106136347, -0.9839372454232747, -0.04796049892192525], "height": 1.5}, "sample_target": [6.945978878664867, 0.9553714207295521, 1.5], "camera_params": {"forward": [-0.1719514106136347, -0.9839372454232747, -0.04796049892192525]}, "task_type": "screen_occupancy", "task_description": "Position where shoe cabinet occupies 30% of vertical FOV", "target_object": {"label": "shoe cabinet", "id": "111", "bbox_min": [5.848794650230177, -4.955077915780145, 5.321772459865315e-08], "bbox_max": [6.250527349769824, -3.391967084219855, 2.4999999467822756], "center": [6.049661, -4.1735225, 1.25]}}
{"scene_id": "0367_840260", "object_label": "shoe cabinet", "preset": "occupancy_50", "distance": 3.017766824487417, "init_camera": {"intrinsics": [[320.0, 0.0, 320.0], [0.0, 320.0, 240.0], [0.0, 0.0, 1.0]], "extrinsics": [[0.17364817766693003, -0.162482627796666, 0.9713113332280462, 3.9891685610050467], [-0.9848077530122081, -0.028650071176963363, 0.17126839471601477, -4.5368429105406], [0.0, -0.9862953761859807, -0.1649891842338611, 1.6], [0.0, 0.0, 0.0, 1.0]]}, "target_region": {"type": "circle", "params": {"center": [6.049661, -4.1735225], "radius": 3.017766824487417, "object_center": [6.049661, -4.1735225, 1.25], "object_height": 2.499999893564551, "occupancy_ratio": 0.5, "fov_vertical": 90.0, "sample_distance": 3.017766824487417, "min_distance": 2.499999893564551}, "sample_point": [6.140743833306241, -7.189914471288509, 1.5], "sample_forward": [-0.030079158291078104, 0.9961320731785724, -0.08255989959695588], "height": 1.5}, "sample_target": [6.140743833306241, -7.189914471288509, 1.5], "camera_params": {"forward": [-0.030079158291078104, 0.9961320731785724, -0.08255989959695588]}, "task_type": "screen_occupancy", "task_description": "Position where shoe cabinet occupies 50% of vertical FOV", "target_object": {"label": "shoe cabinet", "id": "111", "bbox_min": [5.848794650230177, -4.955077915780145, 5.321772459865315e-08], "bbox_max": [6.250527349769824, -3.391967084219855, 2.4999999467822756], "center": [6.049661, -4.1735225, 1.25]}}
{"scene_id": "0367_840260", "object_label": "shoe cabinet", "preset": "left", "distance": 2.499999893564551, "init_camera": {"intrinsics": [[320.0, 0.0, 320.0], [0.0, 320.0, 240.0], [0.0, 0.0, 1.0]], "extrinsics": [[0.6427876096865391, -0.15679047776610136, 0.7498272033711122, 4.7674381270359305], [-0.7660444431189782, -0.1315628320656451, 0.6291797297953912, -5.2494352397912225], [0.0, -0.9788298970202864, -0.20467543257375923, 1.6], [0.0, 0.0, 0.0, 1.0]]}, "target_region": {"type": "circle", "params": {"center": [6.049661, -4.1735225], "radius": 2.499999893564551, "object_center": [6.049661, -4.1735225, 1.25], "sample_distance": 2.499999893564551, "min_distance": 2.499999893564551, "requested_distance": 0.8}, "sample_point": [7.445053951451925, -6.2478604615822135, 1.5], "sample_forward": [-0.5553871760716617, 0.8256174015374369, -0.09950372321534484], "height": 1.5}, "sample_target": [7.445053951451925, -6.2478604615822135, 1.5], "camera_params": {"forward": [-0.5553871760716617, 0.8256174015374369, -0.09950372321534484]}, "task_type": "absolute_positioning", "task_description": "Move to any position 2.5m from shoe cabinet", "target_object": {"label": "shoe cabinet", "id": "111", "bbox_min": [5.848794650230177, -4.955077915780145, 5.321772459865315e-08], "bbox_max": [6.250527349769824, -3.391967084219855, 2.4999999467822756], "center": [6.049661, -4.1735225, 1.25]}}
{"scene_id": "0367_840260", "object_label": "shoe cabinet", "preset": "right", "distance": 2.499999893564551, "init_camera": {"intrinsics": [[320.0, 0.0, 320.0], [0.0, 320.0, 240.0], [0.0, 0.0, 1.0]], "extrinsics": [[0.6427876096865391, -0.15679047776610136, 0.7498272033711122, 4.7674381270359305], [-0.7660444431189782, -0.1315628320656451, 0.6291797297953912, -5.2494352397912225], [0.0, -0.9788298970202864, -0.20467543257375923, 1.6], [0.0, 0.0, 0.0, 1.0]]}, "target_region": {"type": "circle", "params": {"center": [6.049661, -4.1735225], "radius": 2.499999893564551, "object_center": [6.049661, -4.1735225, 1.25], "sample_distance": 2.499999893564551, "min_distance": 2.499999893564551, "requested_distance": 1.0}, "sample_point": [4.839353120307026, -1.9860229447598474, 1.5], "sample_forward": [0.48172056106528244, -0.8706574011132241, -0.09950372321534483], "height": 1.5}, "sample_target": [4.839353120307026, -1.9860229447598474, 1.5], "camera_params": {"forward": [0.48172056106528244, -0.8706574011132241, -0.09950372321534483]}, "task_type": "absolute_positioning", "task_description": "Move to any position 2.5m from shoe cabinet", "target_object": {"label": "shoe cabinet", "id": "111", "bbox_min": [5.848794650230177, -4.955077915780145, 5.321772459865315e-08], "bbox_max": [6.250527349769824, -3.391967084219855, 2.4999999467822756], "center": [6.049661, -4.1735225, 1.25]}}
{"scene_id": "0367_840260", "object_label": "shoe cabinet", "preset": "front", "distance": 2.499999893564551, "init_camera": {"intrinsics": [[320.0, 0.0, 320.0], [0.0, 320.0, 240.0], [0.0, 0.0, 1.0]], "extrinsics": [[0.6427876096865391, -0.15679047776610136, 0.7498272033711122, 4.7674381270359305], [-0.7660444431189782, -0.1315628320656451, 0.6291797297953912, -5.2494352397912225], [0.0, -0.9788298970202864, -0.20467543257375923, 1.6], [0.0, 0.0, 0.0, 1.0]]}, "target_region": {"type": "circle", "params": {"center": [6.049661, -4.1735225], "radius": 2.499999893564551, "object_center": [6.049661, -4.1735225, 1.25], "sample_distance": 2.499999893564551, "min_distance": 2.499999893564551, "requested_distance": 1.2}, "sample_point": [7.941439660229641, -5.807894846964581, 1.5], "sample_forward": [-0.7529560807687441, 0.6505045345727091, -0.09950372321534484], "height": 1.5}, "sample_target": [7.941439660229641, -5.807894846964581, 1.5], "camera_params": {"forward": [-0.7529560807687441, 0.6505045345727091, -0.09950372321534484]}, "task_type": "absolute_positioning", "task_description": "Move to any position 2.5m from shoe cabinet", "target_object": {"label": "shoe cabinet", "id": "111", "bbox_min": [5.848794650230177, -4.955077915780145, 5.321772459865315e-08], "bbox_max": [6.250527349769824, -3.391967084219855, 2.4999999467822756], "center": [6.049661, -4.1735225, 1.25]}}
{"scene_id": "0367_840260", "object_label": "shoe cabinet", "preset": "occupancy_20", "distance": 7.892189057340317, "init_camera": {"intrinsics": [[320.0, 0.0, 320.0], [0.0, 320.0, 240.0], [0.0, 0.0, 1.0]], "extrinsics": [[0.6427876096865391, -0.15679047776610136, 0.7498272033711122, 4.7674381270359305], [-0.7660444431189782, -0.1315628320656451, 0.6291797297953912, -5.2494352397912225], [0.0, -0.9788298970202864, -0.20467543257375923, 1.6], [0.0, 0.0, 0.0, 1.0]]}, "target_region": {"type": "circle", "params": {"center": [6.049661, -4.1735225], "radius": 7.892189057340317, "object_center": [6.049661, -4.1735225, 1.25], "object_height": 2.499999893564551, "occupancy_ratio": 0.2, "fov_vertical": 90.0, "sample_distance": 7.892189057340317, "min_distance": 2.499999893564551}, "sample_point": [-1.7782682858369965, -3.1684497599768093, 1.5], "sample_forward": [0.9913605478663642, -0.1272864669329214, -0.031661008667388704], "height": 1.5}, "sample_target": [-1.7782682858369965, -3.1684497599768093, 1.5], "camera_params": {"forward": [0.9913605478663642, -0.1272864669329214, -0.031661008667388704]}, "task_type": "screen_occupancy", "task_description": "Position where shoe cabinet occupies 20% of vertical FOV", "target_object": {"label": "shoe cabinet", "id": "111", "bbox_min": [5.848794650230177, -4.955077915780145, 5.321772459865315e-08], "bbox_max": [6.250527349769824, -3.391967084219855, 2.4999999467822756], "center": [6.049661, -4.1735225, 1.25]}}
{"scene_id": "0367_840260", "object_label": "shoe cabinet", "preset": "occupancy_30", "distance": 5.206624490945246, "init_camera": {"intrinsics": [[320.0, 0.0, 320.0], [0.0, 320.0, 240.0], [0.0, 0.0, 1.0]], "extrinsics": [[0.6427876096865391, -0.15679047776610136, 0.7498272033711122, 4.7674381270359305], [-0.7660444431189782, -0.1315628320656451, 0.6291797297953912, -5.2494352397912225], [0.0, -0.9788298970202864, -0.20467543257375923, 1.6], [0.0, 0.0, 0.0, 1.0]]}, "target_region": {"type": "circle", "params": {"center": [6.049661, -4.1735225], "radius": 5.206624490945246, "object_center": [6.049661, -4.1735225, 1.25], "object_height": 2.499999893564551, "occupancy_ratio": 0.3, "fov_vertical": 90.0, "sample_distance": 5.206624490945246, "min_distance": 2.499999893564551}, "sample_point": [11.208162013324465, -4.8797844098049294, 1.5], "sample_forward": [-0.9896171291531933, 0.1354906942551848, -0.04796049892192526], "height": 1.5}, "sample_target": [11.208162013324465, -4.8797844098049294, 1.5], "camera_params": {"forward": [-0.9896171291531933, 0.1354906942551848, -0.04796049892192526]}, "task_type": "screen_occupancy", "task_description": "Position where shoe cabinet occupies 30% of vertical FOV", "target_object": {"label": "shoe cabinet", "id": "111", "bbox_min": [5.848794650230177, -4.955077915780145, 5.321772459865315e-08], "bbox_max": [6.250527349769824, -3.391967084219855, 2.4999999467822756], "center": [6.049661, -4.1735225, 1.25]}}
{"scene_id": "0367_840260", "object_label": "shoe cabinet", "preset": "occupancy_50", "distance": 3.017766824487417, "init_camera": {"intrinsics": [[320.0, 0.0, 320.0], [0.0, 320.0, 240.0], [0.0, 0.0, 1.0]], "extrinsics": [[0.6427876096865391, -0.15679047776610136, 0.7498272033711122, 4.7674381270359305], [-0.7660444431189782, -0.1315628320656451, 0.6291797297953912, -5.2494352397912225], [0.0, -0.9788298970202864, -0.20467543257375923, 1.6], [0.0, 0.0, 0.0, 1.0]]}, "target_region": {"type": "circle", "params": {"center": [6.049661, -4.1735225], "radius": 3.017766824487417, "object_center": [6.049661, -4.1735225, 1.25], "object_height": 2.499999893564551, "occupancy_ratio": 0.5, "fov_vertical": 90.0, "sample_distance": 3.017766824487417, "min_distance": 2.499999893564551}, "sample_point": [8.980125518775449, -3.4529017181909785, 1.5], "sample_forward": [-0.9677554257701708, -0.23797751757453067, -0.08255989959695591], "height": 1.5}, "sample_target": [8.980125518775449, -3.4529017181909785, 1.5], "camera_params": {"forward": [-0.9677554257701708, -0.23797751757453067, -0.08255989959695591]}, "task_type": "screen_occupancy", "task_description": "Position where shoe cabinet occupies 50% of vertical FOV", "target_object": {"label": "shoe cabinet", "id": "111", "bbox_min": [5.848794650230177, -4.955077915780145, 5.321772459865315e-08], "bbox_max": [6.250527349769824, -3.391967084219855, 2.4999999467822756], "center": [6.049661, -4.1735225, 1.25]}}
{"scene_id": "0367_840260", "object_label": "shoe cabinet", "preset": "front", "distance": 2.499999893564551, "init_camera": {"intrinsics": [[320.0, 0.0, 320.0], [0.0, 320.0, 240.0], [0.0, 0.0, 1.0]], "extrinsics": [[0.3420201433256687, -0.19233199364572529, 0.9197992312345938, 4.47678179860345], [-0.9396926207859084, -0.07000312078412037, 0.3347795416703279, -4.7460037114047395], [0.0, -0.9788298970202866, -0.20467543257375923, 1.6], [0.0, 0.0, 0.0, 1.0]]}, "target_region": {"type": "circle", "params": {"center": [6.049661, -4.1735225], "radius": 2.499999893564551, "object_center": [6.049661, -4.1735225, 1.25], "sample_distance": 2.499999893564551, "min_distance": 2.499999893564551, "requested_distance": 0.8}, "sample_point": [8.366527009002148, -5.112740985845133, 1.5], "sample_forward": [-0.9221471763471615, 0.37382294501707775, -0.09950372321534486], "height": 1.5}, "sample_target": [8.366527009002148, -5.112740985845133, 1.5], "camera_params": {"forward": [-0.9221471763471615, 0.37382294501707775, -0.09950372321534486]}, "task_type": "absolute_positioning", "task_description": "Move to any position 2.5m from shoe cabinet", "target_object": {"label": "shoe cabinet", "id": "111", "bbox_min": [5.848794650230177, -4.955077915780145, 5.321772459865315e-08], "bbox_max": [6.250527349769824, -3.391967084219855, 2.4999999467822756], "center": [6.049661, -4.1735225, 1.25]}}
{"scene_id": "0367_840260", "object_label": "shoe cabinet", "preset": "left", "distance": 2.499999893564551, "init_camera": {"intrinsics": [[320.0, 0.0, 320.0], [0.0, 320.0, 240.0], [0.0, 0.0, 1.0]], "extrinsics": [[0.3420201433256687, -0.19233199364572529, 0.9197992312345938, 4.47678179860345], [-0.9396926207859084, -0.07000312078412037, 0.3347795416703279, -4.7460037114047395], [0.0, -0.9788298970202866, -0.20467543257375923, 1.6], [0.0, 0.0, 0.0, 1.0]]}, "target_region": {"type": "circle", "params": {"center": [6.049661, -4.1735225], "radius": 2.499999893564551, "object_center": [6.049661, -4.1735225, 1.25], "sample_distance": 2.499999893564551, "min_distance": 2.499999893564551, "requested_distance": 1.0}, "sample_point": [6.813160974993874, -6.554082781951944, 1.5], "sample_forward": [-0.3038843607468524, 0.947498445571158, -0.09950372321534483], "height": 1.5}, "sample_target": [6.813160974993874, -6.554082781951944, 1.5], "camera_params": {"forward": [-0.3038843607468524, 0.947498445571158, -0.09950372321534483]}, "task_type": "absolute_positioning", "task_description": "Move to any position 2.5m from shoe cabinet", "target_object": {"label": "shoe cabinet", "id": "111", "bbox_min": [5.848794650230177, -4.955077915780145, 5.321772459865315e-08], "bbox_max": [6.250527349769824, -3.391967084219855, 2.4999999467822756], "center": [6.049661, -4.1735225, 1.25]}}
{"scene_id": "0367_840260", "object_label": "shoe cabinet", "preset": "back", "distance": 2.499999893564551, "init_camera": {"intrinsics": [[320.0, 0.0, 320.0], [0.0, 320.0, 240.0], [0.0, 0.0, 1.0]], "extrinsics": [[0.3420201433256687, -0.19233199364572529, 0.9197992312345938, 4.47678179860345], [-0.9396926207859084, -0.07000312078412037, 0.3347795416703279, -4.7460037114047395], [0.0, -0.9788298970202866, -0.20467543257375923, 1.6], [0.0, 0.0, 0.0, 1.0]]}, "target_region": {"type": "circle", "params": {"center": [6.049661, -4.1735225], "radius": 2.499999893564551, "object_center": [6.049661, -4.1735225, 1.25], "sample_distance": 2.499999893564551, "min_distance": 2.499999893564551, "requested_distance": 1.2}, "sample_point": [3.7200955226935095, -5.080784399764642, 1.5], "sample_forward": [0.9272017538637111, 0.36110374783203564, -0.09950372321534484], "height": 1.5}, "sample_target": [3.7200955226935095, -5.080784399764642, 1.5], "camera_params": {"forward": [0.9272017538637111, 0.36110374783203564, -0.09950372321534484]}, "task_type": "absolute_positioning", "task_description": "Move to any position 2.5m from shoe cabinet", "target_object": {"label": "shoe cabinet", "id": "111", "bbox_min": [5.848794650230177, -4.955077915780145, 5.321772459865315e-08], "bbox_max": [6.250527349769824, -3.391967084219855, 2.4999999467822756], "center": [6.049661, -4.1735225, 1.25]}}
{"scene_id": "0367_840260", "object_label": "shoe cabinet", "preset": "front", "distance": 2.499999893564551, "init_camera": {"intrinsics": [[320.0, 0.0, 320.0], [0.0, 320.0, 240.0], [0.0, 0.0, 1.0]], "extrinsics": [[0.3420201433256687, -0.19233199364572529, 0.9197992312345938, 4.47678179860345], [-0.9396926207859084, -0.07000312078412037, 0.3347795416703279, -4.7460037114047395], [0.0, -0.9788298970202866, -0.20467543257375923, 1.6], [0.0, 0.0, 0.0, 1.0]]}, "target_region": {"type": "circle", "params": {"center": [6.049661, -4.1735225], "radius": 2.499999893564551, "object_center": [6.049661, -4.1735225, 1.25], "sample_distance": 2.499999893564551, "min_distance": 2.499999893564551, "requested_distance": 1.5}, "sample_point": [7.940033714377428, -5.8095208094612545, 1.5], "sample_forward": [-0.7523964933810066, 0.6511516918616189, -0.09950372321534483], "height": 1.5}, "sample_target": [7.940033714377428, -5.8095208094612545, 1.5], "camera_params": {"forward": [-0.7523964933810066, 0.6511516918616189, -0.09950372321534483]}, "task_type": "absolute_positioning", "task_description": "Move to any position 2.5m from shoe cabinet", "target_object": {"label": "shoe cabinet", "id": "111", "bbox_min": [5.848794650230177, -4.955077915780145, 5.321772459865315e-08], "bbox_max": [6.250527349769824, -3.391967084219855, 2.4999999467822756], "center": [6.049661, -4.1735225, 1.25]}}
{"scene_id": "0367_840260", "object_label": "shoe cabinet", "preset": "occupancy_20", "distance": 7.892189057340317, "init_camera": {"intrinsics": [[320.0, 0.0, 320.0], [0.0, 320.0, 240.0], [0.0, 0.0, 1.0]], "extrinsics": [[0.3420201433256687, -0.19233199364572529, 0.9197992312345938, 4.47678179860345], [-0.9396926207859084, -0.07000312078412037, 0.3347795416703279, -4.7460037114047395], [0.0, -0.9788298970202866, -0.20467543257375923, 1.6], [0.0, 0.0, 0.0, 1.0]]}, "target_region": {"type": "circle", "params": {"center": [6.049661, -4.1735225], "radius": 7.892189057340317, "object_center": [6.049661, -4.1735225, 1.25], "object_height": 2.499999893564551, "occupancy_ratio": 0.2, "fov_vertical": 90.0, "sample_distance": 7.892189057340317, "min_distance": 2.499999893564551}, "sample_point": [10.23007347159686, -10.867609419372922, 1.5], "sample_forward": [-0.5294243019859521, 0.8477661758980779, -0.03166100866738871], "height": 1.5}, "sample_target": [10.23007347159686, -10.867609419372922, 1.5], "camera_params": {"forward": [-0.5294243019859521, 0.8477661758980779, -0.03166100866738871]}, "task_type": "screen_occupancy", "task_description": "Position where shoe cabinet occupies 20% of vertical FOV", "target_object": {"label": "shoe cabinet", "id": "111", "bbox_min": [5.848794650230177, -4.955077915780145, 5.321772459865315e-08], "bbox_max": [6.250527349769824, -3.391967084219855, 2.4999999467822756], "center": [6.049661, -4.1735225, 1.25]}}
{"scene_id": "0367_840260", "object_label": "shoe cabinet", "preset": "occupancy_30", "distance": 5.206624490945246, "init_camera": {"intrinsics": [[320.0, 0.0, 320.0], [0.0, 320.0, 240.0], [0.0, 0.0, 1.0]], "extrinsics": [[0.3420201433256687, -0.19233199364572529, 0.9197992312345938, 4.47678179860345], [-0.9396926207859084, -0.07000312078412037, 0.3347795416703279, -4.7460037114047395], [0.0, -0.9788298970202866, -0.20467543257375923, 1.6], [0.0, 0.0, 0.0, 1.0]]}, "target_region": {"type": "circle", "params": {"center": [6.049661, -4.1735225], "radius": 5.206624490945246, "object_center": [6.049661, -4.1735225, 1.25], "object_height": 2.499999893564551, "occupancy_ratio": 0.3, "fov_vertical": 90.0, "sample_distance": 5.206624490945246, "min_distance": 2.499999893564551}, "sample_point": [8.660457447792341, 0.33121728137536177, 1.5], "sample_forward": [-0.5008604008788433, -0.8641982697128273, -0.04796049892192525], "height": 1.5}, "sample_target": [8.660457447792341, 0.33121728137536177, 1.5], "camera_params": {"forward": [-0.5008604008788433, -0.8641982697128273, -0.04796049892192525]}, "task_type": "screen_occupancy", "task_description": "Position where shoe cabinet occupies 30% of vertical FOV", "target_object": {"label": "shoe cabinet", "id": "111", "bbox_min": [5.848794650230177, -4.955077915780145, 5.321772459865315e-08], "bbox_max": [6.250527349769824, -3.391967084219855, 2.4999999467822756], "center": [6.049661, -4.1735225, 1.25]}}
{"scene_id": "0367_840260", "object_label": "shoe cabinet", "preset": "occupancy_50", "distance": 3.017766824487417, "init_camera": {"intrinsics": [[320.0, 0.0, 320.0], [0.0, 320.0, 240.0], [0.0, 0.0, 1.0]], "extrinsics": [[0.3420201433256687, -0.19233199364572529, 0.9197992312345938, 4.47678179860345], [-0.9396926207859084, -0.07000312078412037, 0.3347795416703279, -4.7460037114047395], [0.0, -0.9788298970202866, -0.20467543257375923, 1.6], [0.0, 0.0, 0.0, 1.0]]}, "target_region": {"type": "circle", "params": {"center": [6.049661, -4.1735225], "radius": 3.017766824487417, "object_center": [6.049661, -4.1735225, 1.25], "object_height": 2.499999893564551, "occupancy_ratio": 0.5, "fov_vertical": 90.0, "sample_distance": 3.017766824487417, "min_distance": 2.499999893564551}, "sample_point": [6.700043073154851, -1.2266733749351166, 1.5], "sample_forward": [-0.2147819146372979, -0.9731662715709359, -0.08255989959695587], "height": 1.5}, "sample_target": [6.700043073154851, -1.2266733749351166, 1.5], "camera_params": {"forward": [-0.2147819146372979, -0.9731662715709359, -0.08255989959695587]}, "task_type": "screen_occupancy", "task_description": "Position where shoe cabinet occupies 50% of vertical FOV", "target_object": {"label": "shoe cabinet", "id": "111", "bbox_min": [5.848794650230177, -4.955077915780145, 5.321772459865315e-08], "bbox_max": [6.250527349769824, -3.391967084219855, 2.4999999467822756], "center": [6.049661, -4.1735225, 1.25]}}
