{"scene_id": "0329_840484", "object_label": "wardrobe", "preset": "occupancy_30", "distance": 5.206624714251663, "init_camera": {"intrinsics": [[320.0, 0.0, 320.0], [0.0, 320.0, 240.0], [0.0, 0.0, 1.0]], "extrinsics": [[-0.7660444431189779, 0.12334179020002091, -0.6308428599554639, 1.5187275941662735], [0.6427876096865395, 0.1469930215878762, -0.7518092447143299, 2.240223179876427], [0.0, -0.9814172682374813, -0.19188576186179057, 1.6], [0.0, 0.0, 0.0, 1.0]]}, "target_region": {"type": "circle", "params": {"center": [0.3680689999999999, 0.868921666429368], "radius": 5.206624714251663, "object_center": [0.3680689999999999, 0.868921666429368, 1.25], "object_height": 2.5000000007868057, "occupancy_ratio": 0.3, "fov_vertical": 90.0, "sample_distance": 5.206624714251663, "min_distance": 2.5000000007868057}, "sample_point": [2.4940433544456706, -3.8838852893911104, 1.5], "sample_forward": [-0.40785114548567664, 0.9117879325073536, -0.04796049686968358], "height": 1.5}, "sample_target": [2.4940433544456706, -3.8838852893911104, 1.5], "camera_params": {"forward": [-0.40785114548567664, 0.9117879325073536, -0.04796049686968358]}, "task_type": "screen_occupancy", "task_description": "Position where wardrobe occupies 30% of vertical FOV", "target_object": {"label": "wardrobe", "id": "95", "bbox_min": [-0.5743810961630825, 0.583921608663477, -3.9340284274658187e-10], "bbox_max": [1.3105190961630824, 1.1539217241952588, 2.500000000393403], "center": [0.3680689999999999, 0.868921666429368, 1.2500000000000002]}}
{"scene_id": "0329_840484", "object_label": "wardrobe", "preset": "occupancy_50", "distance": 3.0177669539161274, "init_camera": {"intrinsics": [[320.0, 0.0, 320.0], [0.0, 320.0, 240.0], [0.0, 0.0, 1.0]], "extrinsics": [[-0.7660444431189779, 0.12334179020002091, -0.6308428599554639, 1.5187275941662735], [0.6427876096865395, 0.1469930215878762, -0.7518092447143299, 2.240223179876427], [0.0, -0.9814172682374813, -0.19188576186179057, 1.6], [0.0, 0.0, 0.0, 1.0]]}, "target_region": {"type": "circle", "params": {"center": [0.3680689999999999, 0.868921666429368], "radius": 3.0177669539161274, "object_center": [0.3680689999999999, 0.868921666429368, 1.25], "object_height": 2.5000000007868057, "occupancy_ratio": 0.5, "fov_vertical": 90.0, "sample_distance": 3.0177669539161274, "min_distance": 2.5000000007868057}, "sample_point": [0.9184781580915202, -2.0982263155285943, 1.5], "sample_forward": [-0.18176689157447812, 0.9798697161799524, -0.08255989608018773], "height": 1.5}, "sample_target": [0.9184781580915202, -2.0982263155285943, 1.5], "camera_params": {"forward": [-0.18176689157447812, 0.9798697161799524, -0.08255989608018773]}, "task_type": "screen_occupancy", "task_description": "Position where wardrobe occupies 50% of vertical FOV", "target_object": {"label": "wardrobe", "id": "95", "bbox_min": [-0.5743810961630825, 0.583921608663477, -3.9340284274658187e-10], "bbox_max": [1.3105190961630824, 1.1539217241952588, 2.500000000393403], "center": [0.3680689999999999, 0.868921666429368, 1.2500000000000002]}}
{"scene_id": "0329_840484", "object_label": "wardrobe", "preset": "occupancy_30", "distance": 5.206624714251663, "init_camera": {"intrinsics": [[320.0, 0.0, 320.0], [0.0, 320.0, 240.0], [0.0, 0.0, 1.0]], "extrinsics": [[-0.6427876096865394, 0.14699302158787617, -0.75180924471433, 1.7393705134470592], [0.7660444431189779, 0.12334179020002087, -0.6308428599554639, 2.0195802605956414], [0.0, -0.9814172682374813, -0.19188576186179054, 1.6], [0.0, 0.0, 0.0, 1.0]]}, "target_region": {"type": "circle", "params": {"center": [0.3680689999999999, 0.868921666429368], "radius": 5.206624714251663, "object_center": [0.3680689999999999, 0.868921666429368, 1.25], "object_height": 2.5000000007868057, "occupancy_ratio": 0.3, "fov_vertical": 90.0, "sample_distance": 5.206624714251663, "min_distance": 2.5000000007868057}, "sample_point": [5.558253365469741, 1.2823550558522299, 1.5], "sample_forward": [-0.9956952840527686, -0.07931388311695137, -0.04796049686968358], "height": 1.5}, "sample_target": [5.558253365469741, 1.2823550558522299, 1.5], "camera_params": {"forward": [-0.9956952840527686, -0.07931388311695137, -0.04796049686968358]}, "task_type": "screen_occupancy", "task_description": "Position where wardrobe occupies 30% of vertical FOV", "target_object": {"label": "wardrobe", "id": "95", "bbox_min": [-0.5743810961630825, 0.583921608663477, -3.9340284274658187e-10], "bbox_max": [1.3105190961630824, 1.1539217241952588, 2.500000000393403], "center": [0.3680689999999999, 0.868921666429368, 1.2500000000000002]}}
{"scene_id": "0329_840484", "object_label": "wardrobe", "preset": "occupancy_50", "distance": 3.0177669539161274, "init_camera": {"intrinsics": [[320.0, 0.0, 320.0], [0.0, 320.0, 240.0], [0.0, 0.0, 1.0]], "extrinsics": [[-0.9396926207859084, -0.06562879577412471, 0.33566447474486955, -0.24418364981006474], [-0.34202014332566866, 0.18031363445540666, -0.9222305648746256, 2.5510719967837794], [0.0, -0.9814172682374813, -0.19188576186179052, 1.6], [0.0, 0.0, 0.0, 1.0]]}, "target_region": {"type": "circle", "params": {"center": [0.3680689999999999, 0.868921666429368], "radius": 3.0177669539161274, "object_center": [0.3680689999999999, 0.868921666429368, 1.25], "object_height": 2.5000000007868057, "occupancy_ratio": 0.5, "fov_vertical": 90.0, "sample_distance": 3.0177669539161274, "min_distance": 2.5000000007868057}, "sample_point": [-1.6176096340819386, 3.1413647900957686, 1.5], "sample_forward": [0.655749686713816, -0.750450672552141, -0.08255989608018774], "height": 1.5}, "sample_target": [-1.6176096340819386, 3.1413647900957686, 1.5], "camera_params": {"forward": [0.655749686713816, -0.750450672552141, -0.08255989608018774]}, "task_type": "screen_occupancy", "task_description": "Position where wardrobe occupies 50% of vertical FOV", "target_object": {"label": "wardrobe", "id": "95", "bbox_min": [-0.5743810961630825, 0.583921608663477, -3.9340284274658187e-10], "bbox_max": [1.3105190961630824, 1.1539217241952588, 2.500000000393403], "center": [0.3680689999999999, 0.868921666429368, 1.2500000000000002]}}
{"scene_id": "0329_840484", "object_label": "wardrobe", "preset": "occupancy_50", "distance": 3.0177669539161274, "init_camera": {"intrinsics": [[320.0, 0.0, 320.0], [0.0, 320.0, 240.0], [0.0, 0.0, 1.0]], "extrinsics": [[-0.766044443118978, 0.09933397685225313, -0.6350658802118493, 1.8063922427078416], [0.6427876096865394, 0.11838162378034275, -0.7568420442764755, 2.583048558238192], [0.0, -0.9879871214716544, -0.15453623460585084, 1.6], [0.0, 0.0, 0.0, 1.0]]}, "target_region": {"type": "circle", "params": {"center": [0.3680689999999999, 0.868921666429368], "radius": 3.0177669539161274, "object_center": [0.3680689999999999, 0.868921666429368, 1.25], "object_height": 2.5000000007868057, "occupancy_ratio": 0.5, "fov_vertical": 90.0, "sample_distance": 3.0177669539161274, "min_distance": 2.5000000007868057}, "sample_point": [3.159064831998374, -0.2787976607216234, 1.5], "sample_forward": [-0.9216973034000916, 0.3790223535152354, -0.08255989608018774], "height": 1.5}, "sample_target": [3.159064831998374, -0.2787976607216234, 1.5], "camera_params": {"forward": [-0.9216973034000916, 0.3790223535152354, -0.08255989608018774]}, "task_type": "screen_occupancy", "task_description": "Position where wardrobe occupies 50% of vertical FOV", "target_object": {"label": "wardrobe", "id": "95", "bbox_min": [-0.5743810961630825, 0.583921608663477, -3.9340284274658187e-10], "bbox_max": [1.3105190961630824, 1.1539217241952588, 2.500000000393403], "center": [0.3680689999999999, 0.868921666429368, 1.2500000000000002]}}
{"scene_id": "0329_840484", "object_label": "wardrobe", "preset": "occupancy_30", "distance": 5.206624714251663, "init_camera": {"intrinsics": [[320.0, 0.0, 320.0], [0.0, 320.0, 240.0], [0.0, 0.0, 1.0]], "extrinsics": [[-0.984807753012208, -0.033320612867530505, 0.17042132016029557, 0.05722018309264826], [-0.17364817766693033, 0.18897058597414568, -0.9665073347003333, 2.6318329104057057], [0.0, -0.9814172682374813, -0.1918857618617906, 1.6], [0.0, 0.0, 0.0, 1.0]]}, "target_region": {"type": "circle", "params": {"center": [0.3680689999999999, 0.868921666429368], "radius": 5.206624714251663, "object_center": [0.3680689999999999, 0.868921666429368, 1.25], "object_height": 2.5000000007868057, "occupancy_ratio": 0.3, "fov_vertical": 90.0, "sample_distance": 5.206624714251663, "min_distance": 2.5000000007868057}, "sample_point": [-4.435476610251702, -1.139782016369021, 1.5], "sample_forward": [0.9215217368154363, 0.3853537067638961, -0.04796049686968358], "height": 1.5}, "sample_target": [-4.435476610251702, -1.139782016369021, 1.5], "camera_params": {"forward": [0.9215217368154363, 0.3853537067638961, -0.04796049686968358]}, "task_type": "screen_occupancy", "task_description": "Position where wardrobe occupies 30% of vertical FOV", "target_object": {"label": "wardrobe", "id": "95", "bbox_min": [-0.5743810961630825, 0.583921608663477, -3.9340284274658187e-10], "bbox_max": [1.3105190961630824, 1.1539217241952588, 2.500000000393403], "center": [0.3680689999999999, 0.868921666429368, 1.2500000000000002]}}
{"scene_id": "0329_840484", "object_label": "wardrobe", "preset": "occupancy_50", "distance": 3.0177669539161274, "init_camera": {"intrinsics": [[320.0, 0.0, 320.0], [0.0, 320.0, 240.0], [0.0, 0.0, 1.0]], "extrinsics": [[-0.984807753012208, -0.033320612867530505, 0.17042132016029557, 0.05722018309264826], [-0.17364817766693033, 0.18897058597414568, -0.9665073347003333, 2.6318329104057057], [0.0, -0.9814172682374813, -0.1918857618617906, 1.6], [0.0, 0.0, 0.0, 1.0]]}, "target_region": {"type": "circle", "params": {"center": [0.3680689999999999, 0.868921666429368], "radius": 3.0177669539161274, "object_center": [0.3680689999999999, 0.868921666429368, 1.25], "object_height": 2.5000000007868057, "occupancy_ratio": 0.5, "fov_vertical": 90.0, "sample_distance": 3.0177669539161274, "min_distance": 2.5000000007868057}, "sample_point": [-2.6319347021820114, 0.541973390638764, 1.5], "sample_forward": [0.9907199755693014, 0.10797126269147529, -0.08255989608018774], "height": 1.5}, "sample_target": [-2.6319347021820114, 0.541973390638764, 1.5], "camera_params": {"forward": [0.9907199755693014, 0.10797126269147529, -0.08255989608018774]}, "task_type": "screen_occupancy", "task_description": "Position where wardrobe occupies 50% of vertical FOV", "target_object": {"label": "wardrobe", "id": "95", "bbox_min": [-0.5743810961630825, 0.583921608663477, -3.9340284274658187e-10], "bbox_max": [1.3105190961630824, 1.1539217241952588, 2.500000000393403], "center": [0.3680689999999999, 0.868921666429368, 1.2500000000000002]}}
{"scene_id": "0329_840484", "object_label": "wardrobe", "preset": "occupancy_30", "distance": 5.206624714251663, "init_camera": {"intrinsics": [[320.0, 0.0, 320.0], [0.0, 320.0, 240.0], [0.0, 0.0, 1.0]], "extrinsics": [[-0.8660254037844386, 0.07399377654729605, -0.49449461173229065, 5.9801303782868915], [0.5000000000000001, 0.12816098042381516, -0.8564897915893722, -0.5507751258970401], [0.0, -0.9889892234645812, -0.14798755309459208, 1.6], [0.0, 0.0, 0.0, 1.0]]}, "target_region": {"type": "circle", "params": {"center": [4.810619088403781, -2.5764281000000007], "radius": 5.206624714251663, "object_center": [4.810619088403781, -2.5764281000000007, 1.25], "object_height": 2.5000000007868057, "occupancy_ratio": 0.3, "fov_vertical": 90.0, "sample_distance": 5.206624714251663, "min_distance": 2.5000000007868057}, "sample_point": [-0.12247402358360127, -4.241820925587661, 1.5], "sample_forward": [0.9463743870213139, 0.319492269593562, -0.04796049686968358], "height": 1.5}, "sample_target": [-0.12247402358360127, -4.241820925587661, 1.5], "camera_params": {"forward": [0.9463743870213139, 0.319492269593562, -0.04796049686968358]}, "task_type": "screen_occupancy", "task_description": "Position where wardrobe occupies 30% of vertical FOV", "target_object": {"label": "wardrobe", "id": "102", "bbox_min": [4.525618952719575, -3.6360781666598703, -3.9340284274658187e-10], "bbox_max": [5.0956192240879865, -1.5167780333401302, 2.500000000393403], "center": [4.810619088403781, -2.5764281, 1.2500000000000002]}}
{"scene_id": "0329_840484", "object_label": "wardrobe", "preset": "occupancy_50", "distance": 3.0177669539161274, "init_camera": {"intrinsics": [[320.0, 0.0, 320.0], [0.0, 320.0, 240.0], [0.0, 0.0, 1.0]], "extrinsics": [[-0.8660254037844386, 0.07399377654729605, -0.49449461173229065, 5.9801303782868915], [0.5000000000000001, 0.12816098042381516, -0.8564897915893722, -0.5507751258970401], [0.0, -0.9889892234645812, -0.14798755309459208, 1.6], [0.0, 0.0, 0.0, 1.0]]}, "target_region": {"type": "circle", "params": {"center": [4.810619088403781, -2.5764281000000007], "radius": 3.0177669539161274, "object_center": [4.810619088403781, -2.5764281000000007, 1.25], "object_height": 2.5000000007868057, "occupancy_ratio": 0.5, "fov_vertical": 90.0, "sample_distance": 3.0177669539161274, "min_distance": 2.5000000007868057}, "sample_point": [7.8077459428573315, -2.9287745296137953, 1.5], "sample_forward": [-0.9897699265713004, 0.11635873845256027, -0.08255989608018774], "height": 1.5}, "sample_target": [7.8077459428573315, -2.9287745296137953, 1.5], "camera_params": {"forward": [-0.9897699265713004, 0.11635873845256027, -0.08255989608018774]}, "task_type": "screen_occupancy", "task_description": "Position where wardrobe occupies 50% of vertical FOV", "target_object": {"label": "wardrobe", "id": "102", "bbox_min": [4.525618952719575, -3.6360781666598703, -3.9340284274658187e-10], "bbox_max": [5.0956192240879865, -1.5167780333401302, 2.500000000393403], "center": [4.810619088403781, -2.5764281, 1.2500000000000002]}}
{"scene_id": "0329_840484", "object_label": "wardrobe", "preset": "occupancy_30", "distance": 5.206624714251663, "init_camera": {"intrinsics": [[320.0, 0.0, 320.0], [0.0, 320.0, 240.0], [0.0, 0.0, 1.0]], "extrinsics": [[-0.34202014332566866, 0.139062811611151, -0.9293458753264529, 7.0085813464617175], [0.9396926207859083, 0.050614724119827384, -0.33825423595689785, -1.7764352620263821], [0.0, -0.9889892234645812, -0.14798755309459208, 1.6], [0.0, 0.0, 0.0, 1.0]]}, "target_region": {"type": "circle", "params": {"center": [4.810619088403781, -2.5764281000000007], "radius": 5.206624714251663, "object_center": [4.810619088403781, -2.5764281000000007, 1.25], "object_height": 2.5000000007868057, "occupancy_ratio": 0.3, "fov_vertical": 90.0, "sample_distance": 5.206624714251663, "min_distance": 2.5000000007868057}, "sample_point": [6.891285494254591, 2.196387444583729, 1.5], "sample_forward": [-0.3991591785786542, -0.9156264199423404, -0.04796049686968358], "height": 1.5}, "sample_target": [6.891285494254591, 2.196387444583729, 1.5], "camera_params": {"forward": [-0.3991591785786542, -0.9156264199423404, -0.04796049686968358]}, "task_type": "screen_occupancy", "task_description": "Position where wardrobe occupies 30% of vertical FOV", "target_object": {"label": "wardrobe", "id": "102", "bbox_min": [4.525618952719575, -3.6360781666598703, -3.9340284274658187e-10], "bbox_max": [5.0956192240879865, -1.5167780333401302, 2.500000000393403], "center": [4.810619088403781, -2.5764281, 1.2500000000000002]}}
{"scene_id": "0329_840484", "object_label": "wardrobe", "preset": "occupancy_50", "distance": 3.0177669539161274, "init_camera": {"intrinsics": [[320.0, 0.0, 320.0], [0.0, 320.0, 240.0], [0.0, 0.0, 1.0]], "extrinsics": [[-0.34202014332566866, 0.139062811611151, -0.9293458753264529, 7.0085813464617175], [0.9396926207859083, 0.050614724119827384, -0.33825423595689785, -1.7764352620263821], [0.0, -0.9889892234645812, -0.14798755309459208, 1.6], [0.0, 0.0, 0.0, 1.0]]}, "target_region": {"type": "circle", "params": {"center": [4.810619088403781, -2.5764281000000007], "radius": 3.0177669539161274, "object_center": [4.810619088403781, -2.5764281000000007, 1.25], "object_height": 2.5000000007868057, "occupancy_ratio": 0.5, "fov_vertical": 90.0, "sample_distance": 3.0177669539161274, "min_distance": 2.5000000007868057}, "sample_point": [3.0313450908002055, -5.0138655719364635, 1.5], "sample_forward": [0.5875867053613256, 0.8049383375401195, -0.08255989608018773], "height": 1.5}, "sample_target": [3.0313450908002055, -5.0138655719364635, 1.5], "camera_params": {"forward": [0.5875867053613256, 0.8049383375401195, -0.08255989608018773]}, "task_type": "screen_occupancy", "task_description": "Position where wardrobe occupies 50% of vertical FOV", "target_object": {"label": "wardrobe", "id": "102", "bbox_min": [4.525618952719575, -3.6360781666598703, -3.9340284274658187e-10], "bbox_max": [5.0956192240879865, -1.5167780333401302, 2.500000000393403], "center": [4.810619088403781, -2.5764281, 1.2500000000000002]}}
{"scene_id": "0329_840484", "object_label": "wardrobe", "preset": "occupancy_20", "distance": 7.8921893958276526, "init_camera": {"intrinsics": [[320.0, 0.0, 320.0], [0.0, 320.0, 240.0], [0.0, 0.0, 1.0]], "extrinsics": [[-1.0, -0.0, 0.0, 4.810619088403781], [-0.0, 0.18385545665896424, -0.9829532903738223, -0.7052100361870239], [0.0, -0.9829532903738223, -0.18385545665896424, 1.6], [0.0, 0.0, 0.0, 1.0]]}, "target_region": {"type": "circle", "params": {"center": [4.810619088403781, -2.5764281000000007], "radius": 7.8921893958276526, "object_center": [4.810619088403781, -2.5764281000000007, 1.25], "object_height": 2.5000000007868057, "occupancy_ratio": 0.2, "fov_vertical": 90.0, "sample_distance": 7.8921893958276526, "min_distance": 2.5000000007868057}, "sample_point": [-2.9664087778613437, -1.233114649255846, 1.5], "sample_forward": [0.9849141445218308, -0.1701226279390631, -0.03166100731084401], "height": 1.5}, "sample_target": [-2.9664087778613437, -1.233114649255846, 1.5], "camera_params": {"forward": [0.9849141445218308, -0.1701226279390631, -0.03166100731084401]}, "task_type": "screen_occupancy", "task_description": "Position where wardrobe occupies 20% of vertical FOV", "target_object": {"label": "wardrobe", "id": "102", "bbox_min": [4.525618952719575, -3.6360781666598703, -3.9340284274658187e-10], "bbox_max": [5.0956192240879865, -1.5167780333401302, 2.500000000393403], "center": [4.810619088403781, -2.5764281, 1.2500000000000002]}}
{"scene_id": "0329_840484", "object_label": "wardrobe", "preset": "occupancy_30", "distance": 5.206624714251663, "init_camera": {"intrinsics": [[320.0, 0.0, 320.0], [0.0, 320.0, 240.0], [0.0, 0.0, 1.0]], "extrinsics": [[-1.0, -0.0, 0.0, 4.810619088403781], [-0.0, 0.18385545665896424, -0.9829532903738223, -0.7052100361870239], [0.0, -0.9829532903738223, -0.18385545665896424, 1.6], [0.0, 0.0, 0.0, 1.0]]}, "target_region": {"type": "circle", "params": {"center": [4.810619088403781, -2.5764281000000007], "radius": 5.206624714251663, "object_center": [4.810619088403781, -2.5764281000000007, 1.25], "object_height": 2.5000000007868057, "occupancy_ratio": 0.3, "fov_vertical": 90.0, "sample_distance": 5.206624714251663, "min_distance": 2.5000000007868057}, "sample_point": [5.310762724041009, 2.606119271591289, 1.5], "sample_forward": [-0.09594854908548571, -0.9942301879687636, -0.04796049686968358], "height": 1.5}, "sample_target": [5.310762724041009, 2.606119271591289, 1.5], "camera_params": {"forward": [-0.09594854908548571, -0.9942301879687636, -0.04796049686968358]}, "task_type": "screen_occupancy", "task_description": "Position where wardrobe occupies 30% of vertical FOV", "target_object": {"label": "wardrobe", "id": "102", "bbox_min": [4.525618952719575, -3.6360781666598703, -3.9340284274658187e-10], "bbox_max": [5.0956192240879865, -1.5167780333401302, 2.500000000393403], "center": [4.810619088403781, -2.5764281, 1.2500000000000002]}}
{"scene_id": "0329_840484", "object_label": "wardrobe", "preset": "occupancy_50", "distance": 3.0177669539161274, "init_camera": {"intrinsics": [[320.0, 0.0, 320.0], [0.0, 320.0, 240.0], [0.0, 0.0, 1.0]], "extrinsics": [[-1.0, -0.0, 0.0, 4.810619088403781], [-0.0, 0.18385545665896424, -0.9829532903738223, -0.7052100361870239], [0.0, -0.9829532903738223, -0.18385545665896424, 1.6], [0.0, 0.0, 0.0, 1.0]]}, "target_region": {"type": "circle", "params": {"center": [4.810619088403781, -2.5764281000000007], "radius": 3.0177669539161274, "object_center": [4.810619088403781, -2.5764281000000007, 1.25], "object_height": 2.5000000007868057, "occupancy_ratio": 0.5, "fov_vertical": 90.0, "sample_distance": 3.0177669539161274, "min_distance": 2.5000000007868057}, "sample_point": [1.8221045349449771, -2.157264466184819, 1.5], "sample_forward": [0.9869258038707501, -0.13842442419350112, -0.08255989608018774], "height": 1.5}, "sample_target": [1.8221045349449771, -2.157264466184819, 1.5], "camera_params": {"forward": [0.9869258038707501, -0.13842442419350112, -0.08255989608018774]}, "task_type": "screen_occupancy", "task_description": "Position where wardrobe occupies 50% of vertical FOV", "target_object": {"label": "wardrobe", "id": "102", "bbox_min": [4.525618952719575, -3.6360781666598703, -3.9340284274658187e-10], "bbox_max": [5.0956192240879865, -1.5167780333401302, 2.500000000393403], "center": [4.810619088403781, -2.5764281, 1.2500000000000002]}}
{"scene_id": "0329_840484", "object_label": "wardrobe", "preset": "occupancy_20", "distance": 7.8921893958276526, "init_camera": {"intrinsics": [[320.0, 0.0, 320.0], [0.0, 320.0, 240.0], [0.0, 0.0, 1.0]], "extrinsics": [[0.5000000000000006, 0.15922349609105185, -0.8512625201972317, 6.431141467686149], [0.8660254037844384, -0.09192772832948223, 0.4914766451869116, -3.512037131906489], [-0.0, -0.9829532903738223, -0.18385545665896427, 1.6], [0.0, 0.0, 0.0, 1.0]]}, "target_region": {"type": "circle", "params": {"center": [4.810619088403781, -2.5764281000000007], "radius": 7.8921893958276526, "object_center": [4.810619088403781, -2.5764281000000007, 1.25], "object_height": 2.5000000007868057, "occupancy_ratio": 0.2, "fov_vertical": 90.0, "sample_distance": 7.8921893958276526, "min_distance": 2.5000000007868057}, "sample_point": [5.314282895092599, -10.452529688314247, 1.5], "sample_forward": [-0.0637860138631287, 0.9974612398742696, -0.03166100731084401], "height": 1.5}, "sample_target": [5.314282895092599, -10.452529688314247, 1.5], "camera_params": {"forward": [-0.0637860138631287, 0.9974612398742696, -0.03166100731084401]}, "task_type": "screen_occupancy", "task_description": "Position where wardrobe occupies 20% of vertical FOV", "target_object": {"label": "wardrobe", "id": "102", "bbox_min": [4.525618952719575, -3.6360781666598703, -3.9340284274658187e-10], "bbox_max": [5.0956192240879865, -1.5167780333401302, 2.500000000393403], "center": [4.810619088403781, -2.5764281, 1.2500000000000002]}}
{"scene_id": "0329_840484", "object_label": "wardrobe", "preset": "occupancy_30", "distance": 5.206624714251663, "init_camera": {"intrinsics": [[320.0, 0.0, 320.0], [0.0, 320.0, 240.0], [0.0, 0.0, 1.0]], "extrinsics": [[0.5000000000000006, 0.15922349609105185, -0.8512625201972317, 6.431141467686149], [0.8660254037844384, -0.09192772832948223, 0.4914766451869116, -3.512037131906489], [-0.0, -0.9829532903738223, -0.18385545665896427, 1.6], [0.0, 0.0, 0.0, 1.0]]}, "target_region": {"type": "circle", "params": {"center": [4.810619088403781, -2.5764281000000007], "radius": 5.206624714251663, "object_center": [4.810619088403781, -2.5764281000000007, 1.25], "object_height": 2.5000000007868057, "occupancy_ratio": 0.3, "fov_vertical": 90.0, "sample_distance": 5.206624714251663, "min_distance": 2.5000000007868057}, "sample_point": [8.867649286769051, 0.6869209289284797, 1.5], "sample_forward": [-0.7783087365156373, -0.6260473635464374, -0.04796049686968359], "height": 1.5}, "sample_target": [8.867649286769051, 0.6869209289284797, 1.5], "camera_params": {"forward": [-0.7783087365156373, -0.6260473635464374, -0.04796049686968359]}, "task_type": "screen_occupancy", "task_description": "Position where wardrobe occupies 30% of vertical FOV", "target_object": {"label": "wardrobe", "id": "102", "bbox_min": [4.525618952719575, -3.6360781666598703, -3.9340284274658187e-10], "bbox_max": [5.0956192240879865, -1.5167780333401302, 2.500000000393403], "center": [4.810619088403781, -2.5764281, 1.2500000000000002]}}
{"scene_id": "0329_840484", "object_label": "wardrobe", "preset": "occupancy_50", "distance": 3.0177669539161274, "init_camera": {"intrinsics": [[320.0, 0.0, 320.0], [0.0, 320.0, 240.0], [0.0, 0.0, 1.0]], "extrinsics": [[0.5000000000000006, 0.15922349609105185, -0.8512625201972317, 6.431141467686149], [0.8660254037844384, -0.09192772832948223, 0.4914766451869116, -3.512037131906489], [-0.0, -0.9829532903738223, -0.18385545665896427, 1.6], [0.0, 0.0, 0.0, 1.0]]}, "target_region": {"type": "circle", "params": {"center": [4.810619088403781, -2.5764281000000007], "radius": 3.0177669539161274, "object_center": [4.810619088403781, -2.5764281000000007, 1.25], "object_height": 2.5000000007868057, "occupancy_ratio": 0.5, "fov_vertical": 90.0, "sample_distance": 3.0177669539161274, "min_distance": 2.5000000007868057}, "sample_point": [6.758428167277682, -0.271442811455922, 1.5], "sample_forward": [-0.6432436605435018, -0.7611973835542428, -0.08255989608018774], "height": 1.5}, "sample_target": [6.758428167277682, -0.271442811455922, 1.5], "camera_params": {"forward": [-0.6432436605435018, -0.7611973835542428, -0.08255989608018774]}, "task_type": "screen_occupancy", "task_description": "Position where wardrobe occupies 50% of vertical FOV", "target_object": {"label": "wardrobe", "id": "102", "bbox_min": [4.525618952719575, -3.6360781666598703, -3.9340284274658187e-10], "bbox_max": [5.0956192240879865, -1.5167780333401302, 2.500000000393403], "center": [4.810619088403781, -2.5764281, 1.2500000000000002]}}
{"scene_id": "0329_840484", "object_label": "wardrobe", "preset": "occupancy_20", "distance": 7.8921893958276526, "init_camera": {"intrinsics": [[320.0, 0.0, 320.0], [0.0, 320.0, 240.0], [0.0, 0.0, 1.0]], "extrinsics": [[0.17364817766693044, 0.181062279151348, -0.9680200212090003, 6.653409145223293], [0.984807753012208, -0.03192616500295046, 0.17068804760512737, -2.9013617067985655], [-0.0, -0.9829532903738223, -0.18385545665896424, 1.6], [0.0, 0.0, 0.0, 1.0]]}, "target_region": {"type": "circle", "params": {"center": [4.810619088403781, -2.5764281000000007], "radius": 7.8921893958276526, "object_center": [4.810619088403781, -2.5764281000000007, 1.25], "object_height": 2.5000000007868057, "occupancy_ratio": 0.2, "fov_vertical": 90.0, "sample_distance": 7.8921893958276526, "min_distance": 2.5000000007868057}, "sample_point": [-2.3532783574087643, -5.887806490564108, 1.5], "sample_forward": [0.9072648376240308, 0.4193663017304842, -0.03166100731084401], "height": 1.5}, "sample_target": [-2.3532783574087643, -5.887806490564108, 1.5], "camera_params": {"forward": [0.9072648376240308, 0.4193663017304842, -0.03166100731084401]}, "task_type": "screen_occupancy", "task_description": "Position where wardrobe occupies 20% of vertical FOV", "target_object": {"label": "wardrobe", "id": "102", "bbox_min": [4.525618952719575, -3.6360781666598703, -3.9340284274658187e-10], "bbox_max": [5.0956192240879865, -1.5167780333401302, 2.500000000393403], "center": [4.810619088403781, -2.5764281, 1.2500000000000002]}}
{"scene_id": "0329_840484", "object_label": "wardrobe", "preset": "occupancy_30", "distance": 5.206624714251663, "init_camera": {"intrinsics": [[320.0, 0.0, 320.0], [0.0, 320.0, 240.0], [0.0, 0.0, 1.0]], "extrinsics": [[0.17364817766693044, 0.181062279151348, -0.9680200212090003, 6.653409145223293], [0.984807753012208, -0.03192616500295046, 0.17068804760512737, -2.9013617067985655], [-0.0, -0.9829532903738223, -0.18385545665896424, 1.6], [0.0, 0.0, 0.0, 1.0]]}, "target_region": {"type": "circle", "params": {"center": [4.810619088403781, -2.5764281000000007], "radius": 5.206624714251663, "object_center": [4.810619088403781, -2.5764281000000007, 1.25], "object_height": 2.5000000007868057, "occupancy_ratio": 0.3, "fov_vertical": 90.0, "sample_distance": 5.206624714251663, "min_distance": 2.5000000007868057}, "sample_point": [0.7520541838147086, 0.6850120466674343, 1.5], "sample_forward": [0.7786031576078074, -0.6256811597796155, -0.04796049686968358], "height": 1.5}, "sample_target": [0.7520541838147086, 0.6850120466674343, 1.5], "camera_params": {"forward": [0.7786031576078074, -0.6256811597796155, -0.04796049686968358]}, "task_type": "screen_occupancy", "task_description": "Position where wardrobe occupies 30% of vertical FOV", "target_object": {"label": "wardrobe", "id": "102", "bbox_min": [4.525618952719575, -3.6360781666598703, -3.9340284274658187e-10], "bbox_max": [5.0956192240879865, -1.5167780333401302, 2.500000000393403], "center": [4.810619088403781, -2.5764281, 1.2500000000000002]}}
{"scene_id": "0329_840484", "object_label": "wardrobe", "preset": "occupancy_50", "distance": 3.0177669539161274, "init_camera": {"intrinsics": [[320.0, 0.0, 320.0], [0.0, 320.0, 240.0], [0.0, 0.0, 1.0]], "extrinsics": [[0.17364817766693044, 0.181062279151348, -0.9680200212090003, 6.653409145223293], [0.984807753012208, -0.03192616500295046, 0.17068804760512737, -2.9013617067985655], [-0.0, -0.9829532903738223, -0.18385545665896424, 1.6], [0.0, 0.0, 0.0, 1.0]]}, "target_region": {"type": "circle", "params": {"center": [4.810619088403781, -2.5764281000000007], "radius": 3.0177669539161274, "object_center": [4.810619088403781, -2.5764281000000007, 1.25], "object_height": 2.5000000007868057, "occupancy_ratio": 0.5, "fov_vertical": 90.0, "sample_distance": 3.0177669539161274, "min_distance": 2.5000000007868057}, "sample_point": [3.9431208107983515, -5.4668197908439655, 1.5], "sample_forward": [0.2864822705953845, 0.9545217505084636, -0.08255989608018774], "height": 1.5}, "sample_target": [3.9431208107983515, -5.4668197908439655, 1.5], "camera_params": {"forward": [0.2864822705953845, 0.9545217505084636, -0.08255989608018774]}, "task_type": "screen_occupancy", "task_description": "Position where wardrobe occupies 50% of vertical FOV", "target_object": {"label": "wardrobe", "id": "102", "bbox_min": [4.525618952719575, -3.6360781666598703, -3.9340284274658187e-10], "bbox_max": [5.0956192240879865, -1.5167780333401302, 2.500000000393403], "center": [4.810619088403781, -2.5764281, 1.2500000000000002]}}
{"scene_id": "0329_840484", "object_label": "shower head", "preset": "right", "distance": 1.5, "init_camera": {"intrinsics": [[320.0, 0.0, 320.0], [0.0, 320.0, 240.0], [0.0, 0.0, 1.0]], "extrinsics": [[0.0, -0.2066180787752537, 0.978421672656132, 6.448462939795957], [-1.0, -0.0, 0.0, 3.085875], [0.0, -0.978421672656132, -0.2066180787752537, 1.6], [0.0, 0.0, 0.0, 1.0]]}, "target_region": {"type": "circle", "params": {"center": [7.249079, 3.085875], "radius": 1.5, "object_center": [7.249079, 3.085875, 1.43093], "sample_distance": 1.5, "min_distance": 1.3048699951171876, "requested_distance": 1.5}, "sample_point": [8.218679003014223, 4.230373070839274, 1.5], "sample_forward": [-0.645715810322543, -0.762191106566785, -0.04599792788812912], "height": 1.5}, "sample_target": [8.218679003014223, 4.230373070839274, 1.5], "camera_params": {"forward": [-0.645715810322543, -0.762191106566785, -0.04599792788812912]}, "task_type": "absolute_positioning", "task_description": "Move to any position 1.5m from shower head", "target_object": {"label": "shower head", "id": "116", "bbox_min": [6.9925389861062035, 2.9635069925704594, 0.7784950024414063], "bbox_max": [7.505619013893797, 3.208243007429541, 2.083364997558594], "center": [7.249079, 3.085875, 1.43093]}}
{"scene_id": "0329_840484", "object_label": "shower head", "preset": "occupancy_20", "distance": 4.11931245406258, "init_camera": {"intrinsics": [[320.0, 0.0, 320.0], [0.0, 320.0, 240.0], [0.0, 0.0, 1.0]], "extrinsics": [[0.0, -0.2066180787752537, 0.978421672656132, 6.448462939795957], [-1.0, -0.0, 0.0, 3.085875], [0.0, -0.978421672656132, -0.2066180787752537, 1.6], [0.0, 0.0, 0.0, 1.0]]}, "target_region": {"type": "circle", "params": {"center": [7.249079, 3.085875], "radius": 4.11931245406258, "object_center": [7.249079, 3.085875, 1.43093], "object_height": 1.3048699951171876, "occupancy_ratio": 0.2, "fov_vertical": 90.0, "sample_distance": 4.11931245406258, "min_distance": 1.3048699951171876}, "sample_point": [8.149689274414907, 7.105531232541955, 1.5], "sample_forward": [-0.21860048500238605, -0.9756704169818549, -0.01676500471741107], "height": 1.5}, "sample_target": [8.149689274414907, 7.105531232541955, 1.5], "camera_params": {"forward": [-0.21860048500238605, -0.9756704169818549, -0.01676500471741107]}, "task_type": "screen_occupancy", "task_description": "Position where shower head occupies 20% of vertical FOV", "target_object": {"label": "shower head", "id": "116", "bbox_min": [6.9925389861062035, 2.9635069925704594, 0.7784950024414063], "bbox_max": [7.505619013893797, 3.208243007429541, 2.083364997558594], "center": [7.249079, 3.085875, 1.43093]}}
{"scene_id": "0329_840484", "object_label": "shower head", "preset": "occupancy_20", "distance": 4.11931245406258, "init_camera": {"intrinsics": [[320.0, 0.0, 320.0], [0.0, 320.0, 240.0], [0.0, 0.0, 1.0]], "extrinsics": [[0.0, -0.12887014942837788, 0.9916614768086475, 5.94807790216843], [-1.0, -0.0, 0.0, 3.085875], [0.0, -0.9916614768086475, -0.12887014942837788, 1.6], [0.0, 0.0, 0.0, 1.0]]}, "target_region": {"type": "circle", "params": {"center": [7.249079, 3.085875], "radius": 4.11931245406258, "object_center": [7.249079, 3.085875, 1.43093], "object_height": 1.3048699951171876, "occupancy_ratio": 0.2, "fov_vertical": 90.0, "sample_distance": 4.11931245406258, "min_distance": 1.3048699951171876}, "sample_point": [3.7623994908661436, 5.279456795780857, 1.5], "sample_forward": [0.8463037269252881, -0.5324367909988871, -0.01676500471741107], "height": 1.5}, "sample_target": [3.7623994908661436, 5.279456795780857, 1.5], "camera_params": {"forward": [0.8463037269252881, -0.5324367909988871, -0.01676500471741107]}, "task_type": "screen_occupancy", "task_description": "Position where shower head occupies 20% of vertical FOV", "target_object": {"label": "shower head", "id": "116", "bbox_min": [6.9925389861062035, 2.9635069925704594, 0.7784950024414063], "bbox_max": [7.505619013893797, 3.208243007429541, 2.083364997558594], "center": [7.249079, 3.085875, 1.43093]}}
{"scene_id": "0329_840484", "object_label": "shower head", "preset": "occupancy_50", "distance": 1.5751174196728144, "init_camera": {"intrinsics": [[320.0, 0.0, 320.0], [0.0, 320.0, 240.0], [0.0, 0.0, 1.0]], "extrinsics": [[0.0, -0.12887014942837788, 0.9916614768086475, 5.94807790216843], [-1.0, -0.0, 0.0, 3.085875], [0.0, -0.9916614768086475, -0.12887014942837788, 1.6], [0.0, 0.0, 0.0, 1.0]]}, "target_region": {"type": "circle", "params": {"center": [7.249079, 3.085875], "radius": 1.5751174196728144, "object_center": [7.249079, 3.085875, 1.43093], "object_height": 1.3048699951171876, "occupancy_ratio": 0.5, "fov_vertical": 90.0, "sample_distance": 1.5751174196728144, "min_distance": 1.3048699951171876}, "sample_point": [7.7115248758213815, 1.580172938603875, 1.5], "sample_forward": [-0.2933126733209954, 0.955012294289795, -0.04380859989354986], "height": 1.5}, "sample_target": [7.7115248758213815, 1.580172938603875, 1.5], "camera_params": {"forward": [-0.2933126733209954, 0.955012294289795, -0.04380859989354986]}, "task_type": "screen_occupancy", "task_description": "Position where shower head occupies 50% of vertical FOV", "target_object": {"label": "shower head", "id": "116", "bbox_min": [6.9925389861062035, 2.9635069925704594, 0.7784950024414063], "bbox_max": [7.505619013893797, 3.208243007429541, 2.083364997558594], "center": [7.249079, 3.085875, 1.43093]}}
{"scene_id": "0329_840484", "object_label": "shower head", "preset": "occupancy_20", "distance": 4.11931245406258, "init_camera": {"intrinsics": [[320.0, 0.0, 320.0], [0.0, 320.0, 240.0], [0.0, 0.0, 1.0]], "extrinsics": [[-0.17364817766693072, -0.16404876375406297, 0.9710480490190574, 6.2635128709062124], [-0.9848077530122079, 0.028926223201710254, -0.17122197060637626, 3.2596568998316373], [0.0, -0.9860280303936844, -0.16657948036283315, 1.6], [0.0, 0.0, 0.0, 1.0]]}, "target_region": {"type": "circle", "params": {"center": [7.249079, 3.085875], "radius": 4.11931245406258, "object_center": [7.249079, 3.085875, 1.43093], "object_height": 1.3048699951171876, "occupancy_ratio": 0.2, "fov_vertical": 90.0, "sample_distance": 4.11931245406258, "min_distance": 1.3048699951171876}, "sample_point": [5.5693086728600925, -0.6753889819953298, 1.5], "sample_forward": [0.4077219843444, 0.9129521992410612, -0.016765004717411075], "height": 1.5}, "sample_target": [5.5693086728600925, -0.6753889819953298, 1.5], "camera_params": {"forward": [0.4077219843444, 0.9129521992410612, -0.016765004717411075]}, "task_type": "screen_occupancy", "task_description": "Position where shower head occupies 20% of vertical FOV", "target_object": {"label": "shower head", "id": "116", "bbox_min": [6.9925389861062035, 2.9635069925704594, 0.7784950024414063], "bbox_max": [7.505619013893797, 3.208243007429541, 2.083364997558594], "center": [7.249079, 3.085875, 1.43093]}}
{"scene_id": "0329_840484", "object_label": "shower head", "preset": "occupancy_30", "distance": 2.7175873453297528, "init_camera": {"intrinsics": [[320.0, 0.0, 320.0], [0.0, 320.0, 240.0], [0.0, 0.0, 1.0]], "extrinsics": [[-0.17364817766693072, -0.16404876375406297, 0.9710480490190574, 6.2635128709062124], [-0.9848077530122079, 0.028926223201710254, -0.17122197060637626, 3.2596568998316373], [0.0, -0.9860280303936844, -0.16657948036283315, 1.6], [0.0, 0.0, 0.0, 1.0]]}, "target_region": {"type": "circle", "params": {"center": [7.249079, 3.085875], "radius": 2.7175873453297528, "object_center": [7.249079, 3.085875, 1.43093], "object_height": 1.3048699951171876, "occupancy_ratio": 0.3, "fov_vertical": 90.0, "sample_distance": 2.7175873453297528, "min_distance": 1.3048699951171876}, "sample_point": [6.062714514189167, 5.53083313589992, 1.5], "sample_forward": [0.43640970578638577, -0.8993892463148542, -0.025407721437366054], "height": 1.5}, "sample_target": [6.062714514189167, 5.53083313589992, 1.5], "camera_params": {"forward": [0.43640970578638577, -0.8993892463148542, -0.025407721437366054]}, "task_type": "screen_occupancy", "task_description": "Position where shower head occupies 30% of vertical FOV", "target_object": {"label": "shower head", "id": "116", "bbox_min": [6.9925389861062035, 2.9635069925704594, 0.7784950024414063], "bbox_max": [7.505619013893797, 3.208243007429541, 2.083364997558594], "center": [7.249079, 3.085875, 1.43093]}}
