{"scene_id": "0363_840304", "object_label": "bed", "preset": "occupancy_20", "distance": 2.8941984393209816, "init_camera": {"intrinsics": [[320.0, 0.0, 320.0], [0.0, 320.0, 240.0], [0.0, 0.0, 1.0]], "extrinsics": [[-0.9396926207859083, -0.11406689583806141, 0.322438399875666, -5.123360175756825], [-0.3420201433256688, 0.313396220622356, -0.8858922228234721, -2.346146951393993], [0.0, -0.9427468123380172, -0.3335092919642683, 1.0167920000000001], [0.0, 0.0, 0.0, 1.0]]}, "target_region": {"type": "circle", "params": {"center": [-4.583500216603835, -3.8293999988345266], "radius": 2.8941984393209816, "object_center": [-4.583500216603835, -3.8293999988345266, 0.458396], "object_height": 0.916792, "occupancy_ratio": 0.2, "fov_vertical": 90.0, "sample_distance": 2.8941984393209816, "min_distance": 2.091310246278115}, "sample_point": [-2.2611507560835395, -5.5565588188013235, 1.5], "sample_forward": [-0.7550081257022783, 0.5615084919911836, -0.33863098432559224], "height": 1.5}, "sample_target": [-2.2611507560835395, -5.5565588188013235, 1.5], "camera_params": {"forward": [-0.7550081257022783, 0.5615084919911836, -0.33863098432559224]}, "task_type": "screen_occupancy", "task_description": "Position where bed occupies 20% of vertical FOV", "target_object": {"label": "bed", "id": "67", "bbox_min": [-5.399013478668349, -4.875055121973584, 0.0], "bbox_max": [-3.7679869545393223, -2.783744875695469, 0.916792], "center": [-4.583500216603835, -3.8293999988345266, 0.458396]}}
{"scene_id": "0363_840304", "object_label": "bed", "preset": "occupancy_20", "distance": 2.8941984393209816, "init_camera": {"intrinsics": [[320.0, 0.0, 320.0], [0.0, 320.0, 240.0], [0.0, 0.0, 1.0]], "extrinsics": [[-0.8660254037844388, -0.13615759388458665, 0.4811040528072485, -5.570028294130944], [-0.49999999999999983, 0.23583187044443368, -0.833296663189455, -2.1206832454643245], [0.0, -0.9622081056144974, -0.2723151877691734, 1.0167920000000001], [0.0, 0.0, 0.0, 1.0]]}, "target_region": {"type": "circle", "params": {"center": [-4.583500216603835, -3.8293999988345266], "radius": 2.8941984393209816, "object_center": [-4.583500216603835, -3.8293999988345266, 0.458396], "object_height": 0.916792, "occupancy_ratio": 0.2, "fov_vertical": 90.0, "sample_distance": 2.8941984393209816, "min_distance": 2.091310246278115}, "sample_point": [-1.889446786863913, -2.7718269640636093, 1.5], "sample_forward": [-0.875851057348635, -0.3438226022180018, -0.33863098432559224], "height": 1.5}, "sample_target": [-1.889446786863913, -2.7718269640636093, 1.5], "camera_params": {"forward": [-0.875851057348635, -0.3438226022180018, -0.33863098432559224]}, "task_type": "screen_occupancy", "task_description": "Position where bed occupies 20% of vertical FOV", "target_object": {"label": "bed", "id": "67", "bbox_min": [-5.399013478668349, -4.875055121973584, 0.0], "bbox_max": [-3.7679869545393223, -2.783744875695469, 0.916792], "center": [-4.583500216603835, -3.8293999988345266, 0.458396]}}
{"scene_id": "0363_840304", "object_label": "bed", "preset": "occupancy_20", "distance": 2.8941984393209816, "init_camera": {"intrinsics": [[320.0, 0.0, 320.0], [0.0, 320.0, 240.0], [0.0, 0.0, 1.0]], "extrinsics": [[-0.984807753012208, 0.057913280784583375, -0.16370626596380408, -4.309406131996087], [0.1736481776669302, 0.3284425364280236, -0.9284243699180244, -2.2749351999338447], [0.0, -0.942746812338017, -0.3335092919642684, 1.0167920000000001], [0.0, 0.0, 0.0, 1.0]]}, "target_region": {"type": "circle", "params": {"center": [-4.583500216603835, -3.8293999988345266], "radius": 2.8941984393209816, "object_center": [-4.583500216603835, -3.8293999988345266, 0.458396], "object_height": 0.916792, "occupancy_ratio": 0.2, "fov_vertical": 90.0, "sample_distance": 2.8941984393209816, "min_distance": 2.091310246278115}, "sample_point": [-1.691796013093636, -3.7092692135650864, 1.5], "sample_forward": [-0.9401083721002526, -0.03905515537920064, -0.33863098432559224], "height": 1.5}, "sample_target": [-1.691796013093636, -3.7092692135650864, 1.5], "camera_params": {"forward": [-0.9401083721002526, -0.03905515537920064, -0.33863098432559224]}, "task_type": "screen_occupancy", "task_description": "Position where bed occupies 20% of vertical FOV", "target_object": {"label": "bed", "id": "67", "bbox_min": [-5.399013478668349, -4.875055121973584, 0.0], "bbox_max": [-3.7679869545393223, -2.783744875695469, 0.916792], "center": [-4.583500216603835, -3.8293999988345266, 0.458396]}}
{"scene_id": "0363_840304", "object_label": "bed", "preset": "occupancy_30", "distance": 2.091310246278115, "init_camera": {"intrinsics": [[320.0, 0.0, 320.0], [0.0, 320.0, 240.0], [0.0, 0.0, 1.0]], "extrinsics": [[-0.984807753012208, 0.057913280784583375, -0.16370626596380408, -4.309406131996087], [0.1736481776669302, 0.3284425364280236, -0.9284243699180244, -2.2749351999338447], [0.0, -0.942746812338017, -0.3335092919642684, 1.0167920000000001], [0.0, 0.0, 0.0, 1.0]]}, "target_region": {"type": "circle", "params": {"center": [-4.583500216603835, -3.8293999988345266], "radius": 2.091310246278115, "object_center": [-4.583500216603835, -3.8293999988345266, 0.458396], "object_height": 0.916792, "occupancy_ratio": 0.3, "fov_vertical": 90.0, "sample_distance": 2.091310246278115, "min_distance": 2.091310246278115}, "sample_point": [-6.655917711060524, -4.109871521199436, 1.5], "sample_forward": [0.8870332484455857, 0.12004703021726175, -0.44582589279682666], "height": 1.5}, "sample_target": [-6.655917711060524, -4.109871521199436, 1.5], "camera_params": {"forward": [0.8870332484455857, 0.12004703021726175, -0.44582589279682666]}, "task_type": "screen_occupancy", "task_description": "Position where bed occupies 30% of vertical FOV", "target_object": {"label": "bed", "id": "67", "bbox_min": [-5.399013478668349, -4.875055121973584, 0.0], "bbox_max": [-3.7679869545393223, -2.783744875695469, 0.916792], "center": [-4.583500216603835, -3.8293999988345266, 0.458396]}}
{"scene_id": "0363_840304", "object_label": "bed", "preset": "occupancy_20", "distance": 2.8941984393209816, "init_camera": {"intrinsics": [[320.0, 0.0, 320.0], [0.0, 320.0, 240.0], [0.0, 0.0, 1.0]], "extrinsics": [[-0.8660254037844387, -0.16675464598213416, 0.47137340616900836, -5.372722678625522], [-0.49999999999999983, 0.28882751923921784, -0.8164426888215237, -2.462426596138365], [0.0, -0.942746812338017, -0.33350929196426843, 1.0167920000000001], [0.0, 0.0, 0.0, 1.0]]}, "target_region": {"type": "circle", "params": {"center": [-4.583500216603835, -3.8293999988345266], "radius": 2.8941984393209816, "object_center": [-4.583500216603835, -3.8293999988345266, 0.458396], "object_height": 0.916792, "occupancy_ratio": 0.2, "fov_vertical": 90.0, "sample_distance": 2.8941984393209816, "min_distance": 2.091310246278115}, "sample_point": [-6.4820762299184524, -1.6449564248701218, 1.5], "sample_forward": [0.6172371306232384, -0.710174190628378, -0.33863098432559224], "height": 1.5}, "sample_target": [-6.4820762299184524, -1.6449564248701218, 1.5], "camera_params": {"forward": [0.6172371306232384, -0.710174190628378, -0.33863098432559224]}, "task_type": "screen_occupancy", "task_description": "Position where bed occupies 20% of vertical FOV", "target_object": {"label": "bed", "id": "67", "bbox_min": [-5.399013478668349, -4.875055121973584, 0.0], "bbox_max": [-3.7679869545393223, -2.783744875695469, 0.916792], "center": [-4.583500216603835, -3.8293999988345266, 0.458396]}}
{"scene_id": "0363_840304", "object_label": "bed", "preset": "occupancy_30", "distance": 2.091310246278115, "init_camera": {"intrinsics": [[320.0, 0.0, 320.0], [0.0, 320.0, 240.0], [0.0, 0.0, 1.0]], "extrinsics": [[-0.8660254037844387, -0.16675464598213416, 0.47137340616900836, -5.372722678625522], [-0.49999999999999983, 0.28882751923921784, -0.8164426888215237, -2.462426596138365], [0.0, -0.942746812338017, -0.33350929196426843, 1.0167920000000001], [0.0, 0.0, 0.0, 1.0]]}, "target_region": {"type": "circle", "params": {"center": [-4.583500216603835, -3.8293999988345266], "radius": 2.091310246278115, "object_center": [-4.583500216603835, -3.8293999988345266, 0.458396], "object_height": 0.916792, "occupancy_ratio": 0.3, "fov_vertical": 90.0, "sample_distance": 2.091310246278115, "min_distance": 2.091310246278115}, "sample_point": [-2.658094067610054, -4.645726960048455, 1.5], "sample_forward": [-0.8241096571937631, 0.34940312853764005, -0.44582589279682666], "height": 1.5}, "sample_target": [-2.658094067610054, -4.645726960048455, 1.5], "camera_params": {"forward": [-0.8241096571937631, 0.34940312853764005, -0.44582589279682666]}, "task_type": "screen_occupancy", "task_description": "Position where bed occupies 30% of vertical FOV", "target_object": {"label": "bed", "id": "67", "bbox_min": [-5.399013478668349, -4.875055121973584, 0.0], "bbox_max": [-3.7679869545393223, -2.783744875695469, 0.916792], "center": [-4.583500216603835, -3.8293999988345266, 0.458396]}}
{"scene_id": "0363_840304", "object_label": "bed", "preset": "occupancy_30", "distance": 2.091310246278115, "init_camera": {"intrinsics": [[320.0, 0.0, 320.0], [0.0, 320.0, 240.0], [0.0, 0.0, 1.0]], "extrinsics": [[-0.766044443118978, 0.17504082862748813, -0.6184954482289561, -3.3152441669192196], [0.6427876096865394, 0.20860553636747636, -0.7370941724300245, -2.3179512952935455], [0.0, -0.9622081056144975, -0.2723151877691734, 1.0167920000000001], [0.0, 0.0, 0.0, 1.0]]}, "target_region": {"type": "circle", "params": {"center": [-4.583500216603835, -3.8293999988345266], "radius": 2.091310246278115, "object_center": [-4.583500216603835, -3.8293999988345266, 0.458396], "object_height": 0.916792, "occupancy_ratio": 0.3, "fov_vertical": 90.0, "sample_distance": 2.091310246278115, "min_distance": 2.091310246278115}, "sample_point": [-3.6375115278561343, -5.694523036853529, 1.5], "sample_forward": [-0.4049007604969289, 0.7983073640277415, -0.44582589279682666], "height": 1.5}, "sample_target": [-3.6375115278561343, -5.694523036853529, 1.5], "camera_params": {"forward": [-0.4049007604969289, 0.7983073640277415, -0.44582589279682666]}, "task_type": "screen_occupancy", "task_description": "Position where bed occupies 30% of vertical FOV", "target_object": {"label": "bed", "id": "67", "bbox_min": [-5.399013478668349, -4.875055121973584, 0.0], "bbox_max": [-3.7679869545393223, -2.783744875695469, 0.916792], "center": [-4.583500216603835, -3.8293999988345266, 0.458396]}}
{"scene_id": "0363_840304", "object_label": "massage chair", "preset": "occupancy_20", "distance": 3.5256618137509346, "init_camera": {"intrinsics": [[320.0, 0.0, 320.0], [0.0, 320.0, 240.0], [0.0, 0.0, 1.0]], "extrinsics": [[0.0, 0.5199055505583815, -0.8542237520103185, 2.3936462619798293], [1.0, -0.0, 0.0, -1.1904141], [-0.0, -0.8542237520103185, -0.5199055505583815, 1.2268199731445313], [0.0, 0.0, 0.0, 1.0]]}, "target_region": {"type": "circle", "params": {"center": [1.3118547, -1.1904141000000001], "radius": 3.5256618137509346, "object_center": [1.3118547, -1.1904141000000001, 0.56841], "object_height": 1.1168199462890624, "occupancy_ratio": 0.2, "fov_vertical": 90.0, "sample_distance": 3.5256618137509346, "min_distance": 1.3405200548904856}, "sample_point": [4.099627406800948, -3.34879649433082, 1.5], "sample_forward": [-0.7644722570985326, 0.5918787628024623, -0.2554636926651253], "height": 1.5}, "sample_target": [4.099627406800948, -3.34879649433082, 1.5], "camera_params": {"forward": [-0.7644722570985326, 0.5918787628024623, -0.2554636926651253]}, "task_type": "screen_occupancy", "task_description": "Position where massage chair occupies 20% of vertical FOV", "target_object": {"label": "massage chair", "id": "74", "bbox_min": [0.6415946725547573, -1.594876623194481, 0.010000026855468719], "bbox_max": [1.9821147274452429, -0.785951576805519, 1.1268199731445312], "center": [1.3118547, -1.1904141, 0.56841]}}
{"scene_id": "0363_840304", "object_label": "massage chair", "preset": "occupancy_50", "distance": 1.348120930529923, "init_camera": {"intrinsics": [[320.0, 0.0, 320.0], [0.0, 320.0, 240.0], [0.0, 0.0, 1.0]], "extrinsics": [[0.0, 0.5199055505583815, -0.8542237520103185, 2.3936462619798293], [1.0, -0.0, 0.0, -1.1904141], [-0.0, -0.8542237520103185, -0.5199055505583815, 1.2268199731445313], [0.0, 0.0, 0.0, 1.0]]}, "target_region": {"type": "circle", "params": {"center": [1.3118547, -1.1904141000000001], "radius": 1.348120930529923, "object_center": [1.3118547, -1.1904141000000001, 0.56841], "object_height": 1.1168199462890624, "occupancy_ratio": 0.5, "fov_vertical": 90.0, "sample_distance": 1.348120930529923, "min_distance": 1.3405200548904856}, "sample_point": [2.0027435134364278, -0.032786054900335815, 1.5], "sample_forward": [-0.4216116141333495, -0.7064370115256081, -0.5684983690166925], "height": 1.5}, "sample_target": [2.0027435134364278, -0.032786054900335815, 1.5], "camera_params": {"forward": [-0.4216116141333495, -0.7064370115256081, -0.5684983690166925]}, "task_type": "screen_occupancy", "task_description": "Position where massage chair occupies 50% of vertical FOV", "target_object": {"label": "massage chair", "id": "74", "bbox_min": [0.6415946725547573, -1.594876623194481, 0.010000026855468719], "bbox_max": [1.9821147274452429, -0.785951576805519, 1.1268199731445312], "center": [1.3118547, -1.1904141, 0.56841]}}
{"scene_id": "0363_840304", "object_label": "massage chair", "preset": "occupancy_20", "distance": 3.5256618137509346, "init_camera": {"intrinsics": [[320.0, 0.0, 320.0], [0.0, 320.0, 240.0], [0.0, 0.0, 1.0]], "extrinsics": [[-0.6427876096865395, -0.3982707579519609, 0.6543733584077484, 0.4831542853323523], [-0.7660444431189778, 0.3341888461061863, -0.54908444369218, -0.49505188769591735], [0.0, -0.8542237520103186, -0.5199055505583814, 1.2268199731445313], [0.0, 0.0, 0.0, 1.0]]}, "target_region": {"type": "circle", "params": {"center": [1.3118547, -1.1904141000000001], "radius": 3.5256618137509346, "object_center": [1.3118547, -1.1904141000000001, 0.56841], "object_height": 1.1168199462890624, "occupancy_ratio": 0.2, "fov_vertical": 90.0, "sample_distance": 3.5256618137509346, "min_distance": 1.3405200548904856}, "sample_point": [0.3348717172343316, -4.578008449435574, 1.5], "sample_forward": [0.26791150661589985, 0.9289573329021614, -0.2554636926651253], "height": 1.5}, "sample_target": [0.3348717172343316, -4.578008449435574, 1.5], "camera_params": {"forward": [0.26791150661589985, 0.9289573329021614, -0.2554636926651253]}, "task_type": "screen_occupancy", "task_description": "Position where massage chair occupies 20% of vertical FOV", "target_object": {"label": "massage chair", "id": "74", "bbox_min": [0.6415946725547573, -1.594876623194481, 0.010000026855468719], "bbox_max": [1.9821147274452429, -0.785951576805519, 1.1268199731445312], "center": [1.3118547, -1.1904141, 0.56841]}}
{"scene_id": "0363_840304", "object_label": "massage chair", "preset": "occupancy_30", "distance": 2.325944932755112, "init_camera": {"intrinsics": [[320.0, 0.0, 320.0], [0.0, 320.0, 240.0], [0.0, 0.0, 1.0]], "extrinsics": [[-0.6427876096865395, -0.3982707579519609, 0.6543733584077484, 0.4831542853323523], [-0.7660444431189778, 0.3341888461061863, -0.54908444369218, -0.49505188769591735], [0.0, -0.8542237520103186, -0.5199055505583814, 1.2268199731445313], [0.0, 0.0, 0.0, 1.0]]}, "target_region": {"type": "circle", "params": {"center": [1.3118547, -1.1904141000000001], "radius": 2.325944932755112, "object_center": [1.3118547, -1.1904141000000001, 0.56841], "object_height": 1.1168199462890624, "occupancy_ratio": 0.3, "fov_vertical": 90.0, "sample_distance": 2.325944932755112, "min_distance": 1.3405200548904856}, "sample_point": [-0.9933802162709857, -1.5001104206340767, 1.5], "sample_forward": [0.9200442010467847, 0.1236031529254406, -0.37180765014597744], "height": 1.5}, "sample_target": [-0.9933802162709857, -1.5001104206340767, 1.5], "camera_params": {"forward": [0.9200442010467847, 0.1236031529254406, -0.37180765014597744]}, "task_type": "screen_occupancy", "task_description": "Position where massage chair occupies 30% of vertical FOV", "target_object": {"label": "massage chair", "id": "74", "bbox_min": [0.6415946725547573, -1.594876623194481, 0.010000026855468719], "bbox_max": [1.9821147274452429, -0.785951576805519, 1.1268199731445312], "center": [1.3118547, -1.1904141, 0.56841]}}
{"scene_id": "0363_840304", "object_label": "massage chair", "preset": "occupancy_50", "distance": 1.348120930529923, "init_camera": {"intrinsics": [[320.0, 0.0, 320.0], [0.0, 320.0, 240.0], [0.0, 0.0, 1.0]], "extrinsics": [[-0.6427876096865395, -0.3982707579519609, 0.6543733584077484, 0.4831542853323523], [-0.7660444431189778, 0.3341888461061863, -0.54908444369218, -0.49505188769591735], [0.0, -0.8542237520103186, -0.5199055505583814, 1.2268199731445313], [0.0, 0.0, 0.0, 1.0]]}, "target_region": {"type": "circle", "params": {"center": [1.3118547, -1.1904141000000001], "radius": 1.348120930529923, "object_center": [1.3118547, -1.1904141000000001, 0.56841], "object_height": 1.1168199462890624, "occupancy_ratio": 0.5, "fov_vertical": 90.0, "sample_distance": 1.348120930529923, "min_distance": 1.3405200548904856}, "sample_point": [2.6339045012651754, -1.4542594454347397, 1.5], "sample_forward": [-0.8067746066167459, 0.1610103678144841, -0.5684983690166923], "height": 1.5}, "sample_target": [2.6339045012651754, -1.4542594454347397, 1.5], "camera_params": {"forward": [-0.8067746066167459, 0.1610103678144841, -0.5684983690166923]}, "task_type": "screen_occupancy", "task_description": "Position where massage chair occupies 50% of vertical FOV", "target_object": {"label": "massage chair", "id": "74", "bbox_min": [0.6415946725547573, -1.594876623194481, 0.010000026855468719], "bbox_max": [1.9821147274452429, -0.785951576805519, 1.1268199731445312], "center": [1.3118547, -1.1904141, 0.56841]}}
{"scene_id": "0363_840304", "object_label": "massage chair", "preset": "occupancy_20", "distance": 3.5256618137509346, "init_camera": {"intrinsics": [[320.0, 0.0, 320.0], [0.0, 320.0, 240.0], [0.0, 0.0, 1.0]], "extrinsics": [[-0.3420201433256687, 0.488551409365346, -0.8027077562641483, 2.3284062480209076], [0.9396926207859084, 0.17781817091778832, -0.29216173009475965, -0.8204195949231596], [0.0, -0.8542237520103186, -0.5199055505583814, 1.2268199731445313], [0.0, 0.0, 0.0, 1.0]]}, "target_region": {"type": "circle", "params": {"center": [1.3118547, -1.1904141000000001], "radius": 3.5256618137509346, "object_center": [1.3118547, -1.1904141000000001, 0.56841], "object_height": 1.1168199462890624, "occupancy_ratio": 0.2, "fov_vertical": 90.0, "sample_distance": 3.5256618137509346, "min_distance": 1.3405200548904856}, "sample_point": [4.517592817796293, 0.2770784366247734, 1.5], "sample_forward": [-0.8790881152541241, -0.40242065969436797, -0.2554636926651253], "height": 1.5}, "sample_target": [4.517592817796293, 0.2770784366247734, 1.5], "camera_params": {"forward": [-0.8790881152541241, -0.40242065969436797, -0.2554636926651253]}, "task_type": "screen_occupancy", "task_description": "Position where massage chair occupies 20% of vertical FOV", "target_object": {"label": "massage chair", "id": "74", "bbox_min": [0.6415946725547573, -1.594876623194481, 0.010000026855468719], "bbox_max": [1.9821147274452429, -0.785951576805519, 1.1268199731445312], "center": [1.3118547, -1.1904141, 0.56841]}}
{"scene_id": "0363_840304", "object_label": "massage chair", "preset": "occupancy_30", "distance": 2.325944932755112, "init_camera": {"intrinsics": [[320.0, 0.0, 320.0], [0.0, 320.0, 240.0], [0.0, 0.0, 1.0]], "extrinsics": [[-0.3420201433256687, 0.488551409365346, -0.8027077562641483, 2.3284062480209076], [0.9396926207859084, 0.17781817091778832, -0.29216173009475965, -0.8204195949231596], [0.0, -0.8542237520103186, -0.5199055505583814, 1.2268199731445313], [0.0, 0.0, 0.0, 1.0]]}, "target_region": {"type": "circle", "params": {"center": [1.3118547, -1.1904141000000001], "radius": 2.325944932755112, "object_center": [1.3118547, -1.1904141000000001, 0.56841], "object_height": 1.1168199462890624, "occupancy_ratio": 0.3, "fov_vertical": 90.0, "sample_distance": 2.325944932755112, "min_distance": 1.3405200548904856}, "sample_point": [2.7108266168467052, 0.6677832539114295, 1.5], "sample_forward": [-0.5583448309052129, -0.7416266723185971, -0.3718076501459775], "height": 1.5}, "sample_target": [2.7108266168467052, 0.6677832539114295, 1.5], "camera_params": {"forward": [-0.5583448309052129, -0.7416266723185971, -0.3718076501459775]}, "task_type": "screen_occupancy", "task_description": "Position where massage chair occupies 30% of vertical FOV", "target_object": {"label": "massage chair", "id": "74", "bbox_min": [0.6415946725547573, -1.594876623194481, 0.010000026855468719], "bbox_max": [1.9821147274452429, -0.785951576805519, 1.1268199731445312], "center": [1.3118547, -1.1904141, 0.56841]}}
{"scene_id": "0363_840304", "object_label": "massage chair", "preset": "occupancy_50", "distance": 1.348120930529923, "init_camera": {"intrinsics": [[320.0, 0.0, 320.0], [0.0, 320.0, 240.0], [0.0, 0.0, 1.0]], "extrinsics": [[-0.3420201433256687, 0.488551409365346, -0.8027077562641483, 2.3284062480209076], [0.9396926207859084, 0.17781817091778832, -0.29216173009475965, -0.8204195949231596], [0.0, -0.8542237520103186, -0.5199055505583814, 1.2268199731445313], [0.0, 0.0, 0.0, 1.0]]}, "target_region": {"type": "circle", "params": {"center": [1.3118547, -1.1904141000000001], "radius": 1.348120930529923, "object_center": [1.3118547, -1.1904141000000001, 0.56841], "object_height": 1.1168199462890624, "occupancy_ratio": 0.5, "fov_vertical": 90.0, "sample_distance": 1.348120930529923, "min_distance": 1.3405200548904856}, "sample_point": [1.9443467344055694, -2.38095341885779, 1.5], "sample_forward": [-0.38597525732952886, 0.7265209598867499, -0.5684983690166923], "height": 1.5}, "sample_target": [1.9443467344055694, -2.38095341885779, 1.5], "camera_params": {"forward": [-0.38597525732952886, 0.7265209598867499, -0.5684983690166923]}, "task_type": "screen_occupancy", "task_description": "Position where massage chair occupies 50% of vertical FOV", "target_object": {"label": "massage chair", "id": "74", "bbox_min": [0.6415946725547573, -1.594876623194481, 0.010000026855468719], "bbox_max": [1.9821147274452429, -0.785951576805519, 1.1268199731445312], "center": [1.3118547, -1.1904141, 0.56841]}}
{"scene_id": "0363_840304", "object_label": "massage chair", "preset": "occupancy_20", "distance": 3.5256618137509346, "init_camera": {"intrinsics": [[320.0, 0.0, 320.0], [0.0, 320.0, 240.0], [0.0, 0.0, 1.0]], "extrinsics": [[-0.6427876096865394, 0.39827075795196104, -0.6543733584077485, 2.140555114667648], [0.766044443118978, 0.33418884610618627, -0.5490844436921798, -0.4950518876959177], [0.0, -0.8542237520103186, -0.5199055505583815, 1.2268199731445313], [0.0, 0.0, 0.0, 1.0]]}, "target_region": {"type": "circle", "params": {"center": [1.3118547, -1.1904141000000001], "radius": 3.5256618137509346, "object_center": [1.3118547, -1.1904141000000001, 0.56841], "object_height": 1.1168199462890624, "occupancy_ratio": 0.2, "fov_vertical": 90.0, "sample_distance": 3.5256618137509346, "min_distance": 1.3405200548904856}, "sample_point": [0.24068986436967998, 2.1685882995005716, 1.5], "sample_forward": [0.29373836597983405, -0.9211167537730467, -0.25546369266512536], "height": 1.5}, "sample_target": [0.24068986436967998, 2.1685882995005716, 1.5], "camera_params": {"forward": [0.29373836597983405, -0.9211167537730467, -0.25546369266512536]}, "task_type": "screen_occupancy", "task_description": "Position where massage chair occupies 20% of vertical FOV", "target_object": {"label": "massage chair", "id": "74", "bbox_min": [0.6415946725547573, -1.594876623194481, 0.010000026855468719], "bbox_max": [1.9821147274452429, -0.785951576805519, 1.1268199731445312], "center": [1.3118547, -1.1904141, 0.56841]}}
{"scene_id": "0363_840304", "object_label": "massage chair", "preset": "occupancy_30", "distance": 2.325944932755112, "init_camera": {"intrinsics": [[320.0, 0.0, 320.0], [0.0, 320.0, 240.0], [0.0, 0.0, 1.0]], "extrinsics": [[-0.6427876096865394, 0.39827075795196104, -0.6543733584077485, 2.140555114667648], [0.766044443118978, 0.33418884610618627, -0.5490844436921798, -0.4950518876959177], [0.0, -0.8542237520103186, -0.5199055505583815, 1.2268199731445313], [0.0, 0.0, 0.0, 1.0]]}, "target_region": {"type": "circle", "params": {"center": [1.3118547, -1.1904141000000001], "radius": 2.325944932755112, "object_center": [1.3118547, -1.1904141000000001, 0.56841], "object_height": 1.1168199462890624, "occupancy_ratio": 0.3, "fov_vertical": 90.0, "sample_distance": 2.325944932755112, "min_distance": 1.3405200548904856}, "sample_point": [1.1299188459884557, -3.509232586909718, 1.5], "sample_forward": [0.0726125681440697, 0.9254655510825075, -0.37180765014597744], "height": 1.5}, "sample_target": [1.1299188459884557, -3.509232586909718, 1.5], "camera_params": {"forward": [0.0726125681440697, 0.9254655510825075, -0.37180765014597744]}, "task_type": "screen_occupancy", "task_description": "Position where massage chair occupies 30% of vertical FOV", "target_object": {"label": "massage chair", "id": "74", "bbox_min": [0.6415946725547573, -1.594876623194481, 0.010000026855468719], "bbox_max": [1.9821147274452429, -0.785951576805519, 1.1268199731445312], "center": [1.3118547, -1.1904141, 0.56841]}}
{"scene_id": "0363_840304", "object_label": "massage chair", "preset": "occupancy_50", "distance": 1.348120930529923, "init_camera": {"intrinsics": [[320.0, 0.0, 320.0], [0.0, 320.0, 240.0], [0.0, 0.0, 1.0]], "extrinsics": [[-0.6427876096865394, 0.39827075795196104, -0.6543733584077485, 2.140555114667648], [0.766044443118978, 0.33418884610618627, -0.5490844436921798, -0.4950518876959177], [0.0, -0.8542237520103186, -0.5199055505583815, 1.2268199731445313], [0.0, 0.0, 0.0, 1.0]]}, "target_region": {"type": "circle", "params": {"center": [1.3118547, -1.1904141000000001], "radius": 1.348120930529923, "object_center": [1.3118547, -1.1904141000000001, 0.56841], "object_height": 1.1168199462890624, "occupancy_ratio": 0.5, "fov_vertical": 90.0, "sample_distance": 1.348120930529923, "min_distance": 1.3405200548904856}, "sample_point": [1.6564647027121024, -2.493745979976712, 1.5], "sample_forward": [-0.21029661598843719, 0.7953520841295209, -0.5684983690166926], "height": 1.5}, "sample_target": [1.6564647027121024, -2.493745979976712, 1.5], "camera_params": {"forward": [-0.21029661598843719, 0.7953520841295209, -0.5684983690166926]}, "task_type": "screen_occupancy", "task_description": "Position where massage chair occupies 50% of vertical FOV", "target_object": {"label": "massage chair", "id": "74", "bbox_min": [0.6415946725547573, -1.594876623194481, 0.010000026855468719], "bbox_max": [1.9821147274452429, -0.785951576805519, 1.1268199731445312], "center": [1.3118547, -1.1904141, 0.56841]}}
{"scene_id": "0363_840304", "object_label": "massage chair", "preset": "occupancy_20", "distance": 3.5256618137509346, "init_camera": {"intrinsics": [[320.0, 0.0, 320.0], [0.0, 320.0, 240.0], [0.0, 0.0, 1.0]], "extrinsics": [[-0.984807753012208, -0.09028065141338508, 0.14833439785639968, 1.1240035666467405], [-0.17364817766693036, 0.5120070170239746, -0.8412461737869396, -0.12505738261907728], [0.0, -0.8542237520103186, -0.5199055505583815, 1.2268199731445313], [0.0, 0.0, 0.0, 1.0]]}, "target_region": {"type": "circle", "params": {"center": [1.3118547, -1.1904141000000001], "radius": 3.5256618137509346, "object_center": [1.3118547, -1.1904141000000001, 0.56841], "object_height": 1.1168199462890624, "occupancy_ratio": 0.2, "fov_vertical": 90.0, "sample_distance": 3.5256618137509346, "min_distance": 1.3405200548904856}, "sample_point": [4.506816348638129, 0.30039483768217545, 1.5], "sample_forward": [-0.8761329562195312, -0.408814560352152, -0.25546369266512536], "height": 1.5}, "sample_target": [4.506816348638129, 0.30039483768217545, 1.5], "camera_params": {"forward": [-0.8761329562195312, -0.408814560352152, -0.25546369266512536]}, "task_type": "screen_occupancy", "task_description": "Position where massage chair occupies 20% of vertical FOV", "target_object": {"label": "massage chair", "id": "74", "bbox_min": [0.6415946725547573, -1.594876623194481, 0.010000026855468719], "bbox_max": [1.9821147274452429, -0.785951576805519, 1.1268199731445312], "center": [1.3118547, -1.1904141, 0.56841]}}
{"scene_id": "0363_840304", "object_label": "massage chair", "preset": "occupancy_30", "distance": 2.325944932755112, "init_camera": {"intrinsics": [[320.0, 0.0, 320.0], [0.0, 320.0, 240.0], [0.0, 0.0, 1.0]], "extrinsics": [[-0.984807753012208, -0.09028065141338508, 0.14833439785639968, 1.1240035666467405], [-0.17364817766693036, 0.5120070170239746, -0.8412461737869396, -0.12505738261907728], [0.0, -0.8542237520103186, -0.5199055505583815, 1.2268199731445313], [0.0, 0.0, 0.0, 1.0]]}, "target_region": {"type": "circle", "params": {"center": [1.3118547, -1.1904141000000001], "radius": 2.325944932755112, "object_center": [1.3118547, -1.1904141000000001, 0.56841], "object_height": 1.1168199462890624, "occupancy_ratio": 0.3, "fov_vertical": 90.0, "sample_distance": 2.325944932755112, "min_distance": 1.3405200548904856}, "sample_point": [0.6170312577759505, 1.0293246716452369, 1.5], "sample_forward": [0.27731155478232183, -0.8859217645351862, -0.3718076501459775], "height": 1.5}, "sample_target": [0.6170312577759505, 1.0293246716452369, 1.5], "camera_params": {"forward": [0.27731155478232183, -0.8859217645351862, -0.3718076501459775]}, "task_type": "screen_occupancy", "task_description": "Position where massage chair occupies 30% of vertical FOV", "target_object": {"label": "massage chair", "id": "74", "bbox_min": [0.6415946725547573, -1.594876623194481, 0.010000026855468719], "bbox_max": [1.9821147274452429, -0.785951576805519, 1.1268199731445312], "center": [1.3118547, -1.1904141, 0.56841]}}
{"scene_id": "0363_840304", "object_label": "wardrobe", "preset": "occupancy_20", "distance": 7.892188758811775, "init_camera": {"intrinsics": [[320.0, 0.0, 320.0], [0.0, 320.0, 240.0], [0.0, 0.0, 1.0]], "extrinsics": [[0.3420201433256693, 0.16836964916150238, -0.9244857396416244, 3.0714068469935576], [0.9396926207859081, -0.06128154064863044, 0.33648529123312604, 3.0954281416087577], [-0.0, -0.9838171750975702, -0.17917523819723846, 1.6], [0.0, 0.0, 0.0, 1.0]]}, "target_region": {"type": "circle", "params": {"center": [1.2655211, 3.7527168], "radius": 7.892188758811775, "object_center": [1.2655211, 3.7527168, 1.25], "object_height": 2.4999997989999994, "occupancy_ratio": 0.2, "fov_vertical": 90.0, "sample_distance": 7.892188758811775, "min_distance": 2.4999997989999994}, "sample_point": [8.476456831602036, 0.5450620056962321, 1.5], "sample_forward": [-0.9132220293016874, 0.40623036032836446, -0.031661009863791945], "height": 1.5}, "sample_target": [8.476456831602036, 0.5450620056962321, 1.5], "camera_params": {"forward": [-0.9132220293016874, 0.40623036032836446, -0.031661009863791945]}, "task_type": "screen_occupancy", "task_description": "Position where wardrobe occupies 20% of vertical FOV", "target_object": {"label": "wardrobe", "id": "82", "bbox_min": [0.9655210484246868, 2.6277167868865843, 1.0050000014416582e-07], "bbox_max": [1.5655211515753131, 4.877716813113417, 2.4999998994999997], "center": [1.2655211, 3.752716800000001, 1.25]}}
{"scene_id": "0363_840304", "object_label": "wardrobe", "preset": "occupancy_30", "distance": 5.2066242940003935, "init_camera": {"intrinsics": [[320.0, 0.0, 320.0], [0.0, 320.0, 240.0], [0.0, 0.0, 1.0]], "extrinsics": [[0.3420201433256693, 0.16836964916150238, -0.9244857396416244, 3.0714068469935576], [0.9396926207859081, -0.06128154064863044, 0.33648529123312604, 3.0954281416087577], [-0.0, -0.9838171750975702, -0.17917523819723846, 1.6], [0.0, 0.0, 0.0, 1.0]]}, "target_region": {"type": "circle", "params": {"center": [1.2655211, 3.7527168], "radius": 5.2066242940003935, "object_center": [1.2655211, 3.7527168, 1.25], "object_height": 2.4999997989999994, "occupancy_ratio": 0.3, "fov_vertical": 90.0, "sample_distance": 5.2066242940003935, "min_distance": 2.4999997989999994}, "sample_point": [5.076080828809827, 0.204679160395838, 1.5], "sample_forward": [-0.7310254106500945, 0.680662647244144, -0.047960500731897705], "height": 1.5}, "sample_target": [5.076080828809827, 0.204679160395838, 1.5], "camera_params": {"forward": [-0.7310254106500945, 0.680662647244144, -0.047960500731897705]}, "task_type": "screen_occupancy", "task_description": "Position where wardrobe occupies 30% of vertical FOV", "target_object": {"label": "wardrobe", "id": "82", "bbox_min": [0.9655210484246868, 2.6277167868865843, 1.0050000014416582e-07], "bbox_max": [1.5655211515753131, 4.877716813113417, 2.4999998994999997], "center": [1.2655211, 3.752716800000001, 1.25]}}
{"scene_id": "0363_840304", "object_label": "wardrobe", "preset": "occupancy_50", "distance": 3.0177667103379053, "init_camera": {"intrinsics": [[320.0, 0.0, 320.0], [0.0, 320.0, 240.0], [0.0, 0.0, 1.0]], "extrinsics": [[0.3420201433256693, 0.16836964916150238, -0.9244857396416244, 3.0714068469935576], [0.9396926207859081, -0.06128154064863044, 0.33648529123312604, 3.0954281416087577], [-0.0, -0.9838171750975702, -0.17917523819723846, 1.6], [0.0, 0.0, 0.0, 1.0]]}, "target_region": {"type": "circle", "params": {"center": [1.2655211, 3.7527168], "radius": 3.0177667103379053, "object_center": [1.2655211, 3.7527168, 1.25], "object_height": 2.4999997989999994, "occupancy_ratio": 0.5, "fov_vertical": 90.0, "sample_distance": 3.0177667103379053, "min_distance": 2.4999997989999994}, "sample_point": [-0.9266893057053895, 1.6788003467308057, 1.5], "sample_forward": [0.7239547111592834, 0.6848893623474391, -0.082559902698566], "height": 1.5}, "sample_target": [-0.9266893057053895, 1.6788003467308057, 1.5], "camera_params": {"forward": [0.7239547111592834, 0.6848893623474391, -0.082559902698566]}, "task_type": "screen_occupancy", "task_description": "Position where wardrobe occupies 50% of vertical FOV", "target_object": {"label": "wardrobe", "id": "82", "bbox_min": [0.9655210484246868, 2.6277167868865843, 1.0050000014416582e-07], "bbox_max": [1.5655211515753131, 4.877716813113417, 2.4999998994999997], "center": [1.2655211, 3.752716800000001, 1.25]}}
{"scene_id": "0363_840304", "object_label": "wardrobe", "preset": "occupancy_20", "distance": 7.892188758811775, "init_camera": {"intrinsics": [[320.0, 0.0, 320.0], [0.0, 320.0, 240.0], [0.0, 0.0, 1.0]], "extrinsics": [[0.17364817766693033, 0.17645316372444958, -0.968870781582656, 3.1581083624242794], [0.9848077530122081, -0.031113453595988626, 0.17083805961312035, 3.4190026022894275], [-0.0, -0.9838171750975702, -0.17917523819723846, 1.6], [0.0, 0.0, 0.0, 1.0]]}, "target_region": {"type": "circle", "params": {"center": [1.2655211, 3.7527168], "radius": 7.892188758811775, "object_center": [1.2655211, 3.7527168, 1.25], "object_height": 2.4999997989999994, "occupancy_ratio": 0.2, "fov_vertical": 90.0, "sample_distance": 7.892188758811775, "min_distance": 2.4999997989999994}, "sample_point": [1.1273189745046623, 11.643695419741883, 1.5], "sample_forward": [0.017502475434019588, -0.9993454076584765, -0.031661009863791945], "height": 1.5}, "sample_target": [1.1273189745046623, 11.643695419741883, 1.5], "camera_params": {"forward": [0.017502475434019588, -0.9993454076584765, -0.031661009863791945]}, "task_type": "screen_occupancy", "task_description": "Position where wardrobe occupies 20% of vertical FOV", "target_object": {"label": "wardrobe", "id": "82", "bbox_min": [0.9655210484246868, 2.6277167868865843, 1.0050000014416582e-07], "bbox_max": [1.5655211515753131, 4.877716813113417, 2.4999998994999997], "center": [1.2655211, 3.752716800000001, 1.25]}}
{"scene_id": "0363_840304", "object_label": "wardrobe", "preset": "occupancy_50", "distance": 3.0177667103379053, "init_camera": {"intrinsics": [[320.0, 0.0, 320.0], [0.0, 320.0, 240.0], [0.0, 0.0, 1.0]], "extrinsics": [[0.17364817766693033, 0.17645316372444958, -0.968870781582656, 3.1581083624242794], [0.9848077530122081, -0.031113453595988626, 0.17083805961312035, 3.4190026022894275], [-0.0, -0.9838171750975702, -0.17917523819723846, 1.6], [0.0, 0.0, 0.0, 1.0]]}, "target_region": {"type": "circle", "params": {"center": [1.2655211, 3.7527168], "radius": 3.0177667103379053, "object_center": [1.2655211, 3.7527168, 1.25], "object_height": 2.4999997989999994, "occupancy_ratio": 0.5, "fov_vertical": 90.0, "sample_distance": 3.0177667103379053, "min_distance": 2.4999997989999994}, "sample_point": [2.164987636942703, 0.8721134140851734, 1.5], "sample_forward": [-0.2970394790824228, 0.9512893410171516, -0.08255990269856602], "height": 1.5}, "sample_target": [2.164987636942703, 0.8721134140851734, 1.5], "camera_params": {"forward": [-0.2970394790824228, 0.9512893410171516, -0.08255990269856602]}, "task_type": "screen_occupancy", "task_description": "Position where wardrobe occupies 50% of vertical FOV", "target_object": {"label": "wardrobe", "id": "82", "bbox_min": [0.9655210484246868, 2.6277167868865843, 1.0050000014416582e-07], "bbox_max": [1.5655211515753131, 4.877716813113417, 2.4999998994999997], "center": [1.2655211, 3.752716800000001, 1.25]}}
{"scene_id": "0363_840304", "object_label": "wardrobe", "preset": "occupancy_20", "distance": 7.892188758811775, "init_camera": {"intrinsics": [[320.0, 0.0, 320.0], [0.0, 320.0, 240.0], [0.0, 0.0, 1.0]], "extrinsics": [[0.0, 0.17917523819723846, -0.98381717509757, 3.1873045715816035], [1.0, -0.0, 0.0, 3.7527168], [-0.0, -0.9838171750975702, -0.17917523819723843, 1.6], [0.0, 0.0, 0.0, 1.0]]}, "target_region": {"type": "circle", "params": {"center": [1.2655211, 3.7527168], "radius": 7.892188758811775, "object_center": [1.2655211, 3.7527168, 1.25], "object_height": 2.4999997989999994, "occupancy_ratio": 0.2, "fov_vertical": 90.0, "sample_distance": 7.892188758811775, "min_distance": 2.4999997989999994}, "sample_point": [5.889618790707906, 10.148368756720657, 1.5], "sample_forward": [-0.5856144103865621, -0.8099711987484518, -0.03166100986379194], "height": 1.5}, "sample_target": [5.889618790707906, 10.148368756720657, 1.5], "camera_params": {"forward": [-0.5856144103865621, -0.8099711987484518, -0.03166100986379194]}, "task_type": "screen_occupancy", "task_description": "Position where wardrobe occupies 20% of vertical FOV", "target_object": {"label": "wardrobe", "id": "82", "bbox_min": [0.9655210484246868, 2.6277167868865843, 1.0050000014416582e-07], "bbox_max": [1.5655211515753131, 4.877716813113417, 2.4999998994999997], "center": [1.2655211, 3.752716800000001, 1.25]}}
