{"scene_id": "0333_840470", "object_label": "wardrobe", "preset": "occupancy_20", "distance": 7.8921893958276526, "init_camera": {"intrinsics": [[320.0, 0.0, 320.0], [0.0, 320.0, 240.0], [0.0, 0.0, 1.0]], "extrinsics": [[0.984807753012208, -0.021039412335504992, 0.17236888563665548, -3.4089465541649875], [-0.1736481776669304, -0.11932043667379001, 0.9775525273789282, 8.256789475073102], [0.0, -0.9926328508167321, -0.12116114674039416, 1.6], [0.0, 0.0, 0.0, 1.0]]}, "target_region": {"type": "circle", "params": {"center": [-2.9110219999999996, 11.080659946650249], "radius": 7.8921893958276526, "object_center": [-2.9110219999999996, 11.080659946650249, 1.25], "object_height": 2.5000000007868057, "occupancy_ratio": 0.2, "fov_vertical": 90.0, "sample_distance": 7.8921893958276526, "min_distance": 2.5000000007868057}, "sample_point": [-1.6327538752720234, 3.2926766351042573, 1.5], "sample_forward": [-0.16188502576892524, 0.986301586254355, -0.03166100731084401], "height": 1.5}, "sample_target": [-1.6327538752720234, 3.2926766351042573, 1.5], "camera_params": {"forward": [-0.16188502576892524, 0.986301586254355, -0.03166100731084401]}, "task_type": "screen_occupancy", "task_description": "Position where wardrobe occupies 20% of vertical FOV", "target_object": {"label": "wardrobe", "id": "104", "bbox_min": [-3.8010220546392377, 10.755659893300498, -3.9340284274658187e-10], "bbox_max": [-2.0210219453607623, 11.40566, 2.500000000393403], "center": [-2.911022, 11.080659946650249, 1.2500000000000002]}}
{"scene_id": "0333_840470", "object_label": "wardrobe", "preset": "occupancy_30", "distance": 5.206624714251663, "init_camera": {"intrinsics": [[320.0, 0.0, 320.0], [0.0, 320.0, 240.0], [0.0, 0.0, 1.0]], "extrinsics": [[0.984807753012208, -0.021039412335504992, 0.17236888563665548, -3.4089465541649875], [-0.1736481776669304, -0.11932043667379001, 0.9775525273789282, 8.256789475073102], [0.0, -0.9926328508167321, -0.12116114674039416, 1.6], [0.0, 0.0, 0.0, 1.0]]}, "target_region": {"type": "circle", "params": {"center": [-2.9110219999999996, 11.080659946650249], "radius": 5.206624714251663, "object_center": [-2.9110219999999996, 11.080659946650249, 1.25], "object_height": 2.5000000007868057, "occupancy_ratio": 0.3, "fov_vertical": 90.0, "sample_distance": 5.206624714251663, "min_distance": 2.5000000007868057}, "sample_point": [1.7553314380929748, 8.771095809014298, 1.5], "sample_forward": [-0.8952025178419812, 0.4430713743736899, -0.04796049686968358], "height": 1.5}, "sample_target": [1.7553314380929748, 8.771095809014298, 1.5], "camera_params": {"forward": [-0.8952025178419812, 0.4430713743736899, -0.04796049686968358]}, "task_type": "screen_occupancy", "task_description": "Position where wardrobe occupies 30% of vertical FOV", "target_object": {"label": "wardrobe", "id": "104", "bbox_min": [-3.8010220546392377, 10.755659893300498, -3.9340284274658187e-10], "bbox_max": [-2.0210219453607623, 11.40566, 2.500000000393403], "center": [-2.911022, 11.080659946650249, 1.2500000000000002]}}
{"scene_id": "0333_840470", "object_label": "wardrobe", "preset": "occupancy_20", "distance": 7.8921893958276526, "init_camera": {"intrinsics": [[320.0, 0.0, 320.0], [0.0, 320.0, 240.0], [0.0, 0.0, 1.0]], "extrinsics": [[0.9848077530122081, -0.033784624187398936, 0.17032994092514092, -3.2174371102553767], [-0.17364817766693028, -0.19160212493661238, 0.9659890973053107, 9.342893502602774], [0.0, -0.9808910361953009, -0.1945578965544935, 1.6], [0.0, 0.0, 0.0, 1.0]]}, "target_region": {"type": "circle", "params": {"center": [-2.9110219999999996, 11.080659946650249], "radius": 7.8921893958276526, "object_center": [-2.9110219999999996, 11.080659946650249, 1.25], "object_height": 2.5000000007868057, "occupancy_ratio": 0.2, "fov_vertical": 90.0, "sample_distance": 7.8921893958276526, "min_distance": 2.5000000007868057}, "sample_point": [2.1666212722829363, 17.122529877313625, 1.5], "sample_forward": [-0.6430532030624317, -0.765166752183607, -0.031661007310844015], "height": 1.5}, "sample_target": [2.1666212722829363, 17.122529877313625, 1.5], "camera_params": {"forward": [-0.6430532030624317, -0.765166752183607, -0.031661007310844015]}, "task_type": "screen_occupancy", "task_description": "Position where wardrobe occupies 20% of vertical FOV", "target_object": {"label": "wardrobe", "id": "104", "bbox_min": [-3.8010220546392377, 10.755659893300498, -3.9340284274658187e-10], "bbox_max": [-2.0210219453607623, 11.40566, 2.500000000393403], "center": [-2.911022, 11.080659946650249, 1.2500000000000002]}}
{"scene_id": "0333_840470", "object_label": "wardrobe", "preset": "occupancy_30", "distance": 5.206624714251663, "init_camera": {"intrinsics": [[320.0, 0.0, 320.0], [0.0, 320.0, 240.0], [0.0, 0.0, 1.0]], "extrinsics": [[0.9848077530122081, -0.033784624187398936, 0.17032994092514092, -3.2174371102553767], [-0.17364817766693028, -0.19160212493661238, 0.9659890973053107, 9.342893502602774], [0.0, -0.9808910361953009, -0.1945578965544935, 1.6], [0.0, 0.0, 0.0, 1.0]]}, "target_region": {"type": "circle", "params": {"center": [-2.9110219999999996, 11.080659946650249], "radius": 5.206624714251663, "object_center": [-2.9110219999999996, 11.080659946650249, 1.25], "object_height": 2.5000000007868057, "occupancy_ratio": 0.3, "fov_vertical": 90.0, "sample_distance": 5.206624714251663, "min_distance": 2.5000000007868057}, "sample_point": [2.279731778493136, 11.486881716273002, 1.5], "sample_forward": [-0.995804521378873, -0.07793039164155757, -0.04796049686968358], "height": 1.5}, "sample_target": [2.279731778493136, 11.486881716273002, 1.5], "camera_params": {"forward": [-0.995804521378873, -0.07793039164155757, -0.04796049686968358]}, "task_type": "screen_occupancy", "task_description": "Position where wardrobe occupies 30% of vertical FOV", "target_object": {"label": "wardrobe", "id": "104", "bbox_min": [-3.8010220546392377, 10.755659893300498, -3.9340284274658187e-10], "bbox_max": [-2.0210219453607623, 11.40566, 2.500000000393403], "center": [-2.911022, 11.080659946650249, 1.2500000000000002]}}
{"scene_id": "0333_840470", "object_label": "wardrobe", "preset": "occupancy_50", "distance": 3.0177669539161274, "init_camera": {"intrinsics": [[320.0, 0.0, 320.0], [0.0, 320.0, 240.0], [0.0, 0.0, 1.0]], "extrinsics": [[0.9848077530122081, -0.033784624187398936, 0.17032994092514092, -3.2174371102553767], [-0.17364817766693028, -0.19160212493661238, 0.9659890973053107, 9.342893502602774], [0.0, -0.9808910361953009, -0.1945578965544935, 1.6], [0.0, 0.0, 0.0, 1.0]]}, "target_region": {"type": "circle", "params": {"center": [-2.9110219999999996, 11.080659946650249], "radius": 3.0177669539161274, "object_center": [-2.9110219999999996, 11.080659946650249, 1.25], "object_height": 2.5000000007868057, "occupancy_ratio": 0.5, "fov_vertical": 90.0, "sample_distance": 3.0177669539161274, "min_distance": 2.5000000007868057}, "sample_point": [-0.17652201601092887, 12.357150144698002, 1.5], "sample_forward": [-0.9030401380376509, -0.4215475923928031, -0.08255989608018774], "height": 1.5}, "sample_target": [-0.17652201601092887, 12.357150144698002, 1.5], "camera_params": {"forward": [-0.9030401380376509, -0.4215475923928031, -0.08255989608018774]}, "task_type": "screen_occupancy", "task_description": "Position where wardrobe occupies 50% of vertical FOV", "target_object": {"label": "wardrobe", "id": "104", "bbox_min": [-3.8010220546392377, 10.755659893300498, -3.9340284274658187e-10], "bbox_max": [-2.0210219453607623, 11.40566, 2.500000000393403], "center": [-2.911022, 11.080659946650249, 1.2500000000000002]}}
{"scene_id": "0333_840470", "object_label": "wardrobe", "preset": "occupancy_20", "distance": 7.8921893958276526, "init_camera": {"intrinsics": [[320.0, 0.0, 320.0], [0.0, 320.0, 240.0], [0.0, 0.0, 1.0]], "extrinsics": [[1.0, -4.8964253257481236e-17, 2.468601787170722e-16, -2.9110220000000004], [-2.5166931861728316e-16, -0.1945578965544935, 0.9808910361953008, 9.316085654122382], [0.0, -0.9808910361953008, -0.1945578965544935, 1.6], [0.0, 0.0, 0.0, 1.0]]}, "target_region": {"type": "circle", "params": {"center": [-2.9110219999999996, 11.080659946650249], "radius": 7.8921893958276526, "object_center": [-2.9110219999999996, 11.080659946650249, 1.25], "object_height": 2.5000000007868057, "occupancy_ratio": 0.2, "fov_vertical": 90.0, "sample_distance": 7.8921893958276526, "min_distance": 2.5000000007868057}, "sample_point": [-10.312485634618849, 8.341136352112471, 1.5], "sample_forward": [0.9373511769864538, 0.34694430621956085, -0.03166100731084401], "height": 1.5}, "sample_target": [-10.312485634618849, 8.341136352112471, 1.5], "camera_params": {"forward": [0.9373511769864538, 0.34694430621956085, -0.03166100731084401]}, "task_type": "screen_occupancy", "task_description": "Position where wardrobe occupies 20% of vertical FOV", "target_object": {"label": "wardrobe", "id": "104", "bbox_min": [-3.8010220546392377, 10.755659893300498, -3.9340284274658187e-10], "bbox_max": [-2.0210219453607623, 11.40566, 2.500000000393403], "center": [-2.911022, 11.080659946650249, 1.2500000000000002]}}
{"scene_id": "0333_840470", "object_label": "wardrobe", "preset": "occupancy_30", "distance": 5.206624714251663, "init_camera": {"intrinsics": [[320.0, 0.0, 320.0], [0.0, 320.0, 240.0], [0.0, 0.0, 1.0]], "extrinsics": [[1.0, -4.8964253257481236e-17, 2.468601787170722e-16, -2.9110220000000004], [-2.5166931861728316e-16, -0.1945578965544935, 0.9808910361953008, 9.316085654122382], [0.0, -0.9808910361953008, -0.1945578965544935, 1.6], [0.0, 0.0, 0.0, 1.0]]}, "target_region": {"type": "circle", "params": {"center": [-2.9110219999999996, 11.080659946650249], "radius": 5.206624714251663, "object_center": [-2.9110219999999996, 11.080659946650249, 1.25], "object_height": 2.5000000007868057, "occupancy_ratio": 0.3, "fov_vertical": 90.0, "sample_distance": 5.206624714251663, "min_distance": 2.5000000007868057}, "sample_point": [1.4613312706851853, 8.253741519920396, 1.5], "sample_forward": [-0.8388009414073903, 0.5423216494241117, -0.04796049686968358], "height": 1.5}, "sample_target": [1.4613312706851853, 8.253741519920396, 1.5], "camera_params": {"forward": [-0.8388009414073903, 0.5423216494241117, -0.04796049686968358]}, "task_type": "screen_occupancy", "task_description": "Position where wardrobe occupies 30% of vertical FOV", "target_object": {"label": "wardrobe", "id": "104", "bbox_min": [-3.8010220546392377, 10.755659893300498, -3.9340284274658187e-10], "bbox_max": [-2.0210219453607623, 11.40566, 2.500000000393403], "center": [-2.911022, 11.080659946650249, 1.2500000000000002]}}
{"scene_id": "0333_840470", "object_label": "wardrobe", "preset": "occupancy_50", "distance": 3.0177669539161274, "init_camera": {"intrinsics": [[320.0, 0.0, 320.0], [0.0, 320.0, 240.0], [0.0, 0.0, 1.0]], "extrinsics": [[1.0, -4.8964253257481236e-17, 2.468601787170722e-16, -2.9110220000000004], [-2.5166931861728316e-16, -0.1945578965544935, 0.9808910361953008, 9.316085654122382], [0.0, -0.9808910361953008, -0.1945578965544935, 1.6], [0.0, 0.0, 0.0, 1.0]]}, "target_region": {"type": "circle", "params": {"center": [-2.9110219999999996, 11.080659946650249], "radius": 3.0177669539161274, "object_center": [-2.9110219999999996, 11.080659946650249, 1.25], "object_height": 2.5000000007868057, "occupancy_ratio": 0.5, "fov_vertical": 90.0, "sample_distance": 3.0177669539161274, "min_distance": 2.5000000007868057}, "sample_point": [-2.6107050227410067, 8.077873390579663, 1.5], "sample_forward": [-0.0991765537344742, 0.9916389840806893, -0.08255989608018773], "height": 1.5}, "sample_target": [-2.6107050227410067, 8.077873390579663, 1.5], "camera_params": {"forward": [-0.0991765537344742, 0.9916389840806893, -0.08255989608018773]}, "task_type": "screen_occupancy", "task_description": "Position where wardrobe occupies 50% of vertical FOV", "target_object": {"label": "wardrobe", "id": "104", "bbox_min": [-3.8010220546392377, 10.755659893300498, -3.9340284274658187e-10], "bbox_max": [-2.0210219453607623, 11.40566, 2.500000000393403], "center": [-2.911022, 11.080659946650249, 1.2500000000000002]}}
{"scene_id": "0333_840470", "object_label": "wardrobe", "preset": "occupancy_20", "distance": 7.8921893958276526, "init_camera": {"intrinsics": [[320.0, 0.0, 320.0], [0.0, 320.0, 240.0], [0.0, 0.0, 1.0]], "extrinsics": [[1.0, -3.155284481199296e-17, 1.9884763861201452e-16, -2.9110220000000004], [-2.0133545489382648e-16, -0.15671777645239998, 0.9876434268215506, 8.874942080990415], [0.0, -0.9876434268215506, -0.15671777645239998, 1.6], [0.0, 0.0, 0.0, 1.0]]}, "target_region": {"type": "circle", "params": {"center": [-2.9110219999999996, 11.080659946650249], "radius": 7.8921893958276526, "object_center": [-2.9110219999999996, 11.080659946650249, 1.25], "object_height": 2.5000000007868057, "occupancy_ratio": 0.2, "fov_vertical": 90.0, "sample_distance": 7.8921893958276526, "min_distance": 2.5000000007868057}, "sample_point": [-7.5232166094384265, 4.676418044263865, 1.5], "sample_forward": [0.5841069089938615, 0.8110589987674753, -0.03166100731084401], "height": 1.5}, "sample_target": [-7.5232166094384265, 4.676418044263865, 1.5], "camera_params": {"forward": [0.5841069089938615, 0.8110589987674753, -0.03166100731084401]}, "task_type": "screen_occupancy", "task_description": "Position where wardrobe occupies 20% of vertical FOV", "target_object": {"label": "wardrobe", "id": "104", "bbox_min": [-3.8010220546392377, 10.755659893300498, -3.9340284274658187e-10], "bbox_max": [-2.0210219453607623, 11.40566, 2.500000000393403], "center": [-2.911022, 11.080659946650249, 1.2500000000000002]}}
{"scene_id": "0333_840470", "object_label": "wardrobe", "preset": "occupancy_30", "distance": 5.206624714251663, "init_camera": {"intrinsics": [[320.0, 0.0, 320.0], [0.0, 320.0, 240.0], [0.0, 0.0, 1.0]], "extrinsics": [[1.0, -3.155284481199296e-17, 1.9884763861201452e-16, -2.9110220000000004], [-2.0133545489382648e-16, -0.15671777645239998, 0.9876434268215506, 8.874942080990415], [0.0, -0.9876434268215506, -0.15671777645239998, 1.6], [0.0, 0.0, 0.0, 1.0]]}, "target_region": {"type": "circle", "params": {"center": [-2.9110219999999996, 11.080659946650249], "radius": 5.206624714251663, "object_center": [-2.9110219999999996, 11.080659946650249, 1.25], "object_height": 2.5000000007868057, "occupancy_ratio": 0.3, "fov_vertical": 90.0, "sample_distance": 5.206624714251663, "min_distance": 2.5000000007868057}, "sample_point": [-0.8271533652310459, 15.852078229308184, 1.5], "sample_forward": [-0.3997735005386727, -0.9153583664374674, -0.04796049686968357], "height": 1.5}, "sample_target": [-0.8271533652310459, 15.852078229308184, 1.5], "camera_params": {"forward": [-0.3997735005386727, -0.9153583664374674, -0.04796049686968357]}, "task_type": "screen_occupancy", "task_description": "Position where wardrobe occupies 30% of vertical FOV", "target_object": {"label": "wardrobe", "id": "104", "bbox_min": [-3.8010220546392377, 10.755659893300498, -3.9340284274658187e-10], "bbox_max": [-2.0210219453607623, 11.40566, 2.500000000393403], "center": [-2.911022, 11.080659946650249, 1.2500000000000002]}}
{"scene_id": "0333_840470", "object_label": "wardrobe", "preset": "occupancy_50", "distance": 3.0177669539161274, "init_camera": {"intrinsics": [[320.0, 0.0, 320.0], [0.0, 320.0, 240.0], [0.0, 0.0, 1.0]], "extrinsics": [[1.0, -3.155284481199296e-17, 1.9884763861201452e-16, -2.9110220000000004], [-2.0133545489382648e-16, -0.15671777645239998, 0.9876434268215506, 8.874942080990415], [0.0, -0.9876434268215506, -0.15671777645239998, 1.6], [0.0, 0.0, 0.0, 1.0]]}, "target_region": {"type": "circle", "params": {"center": [-2.9110219999999996, 11.080659946650249], "radius": 3.0177669539161274, "object_center": [-2.9110219999999996, 11.080659946650249, 1.25], "object_height": 2.5000000007868057, "occupancy_ratio": 0.5, "fov_vertical": 90.0, "sample_distance": 3.0177669539161274, "min_distance": 2.5000000007868057}, "sample_point": [-5.816637060045724, 11.895717313332927, 1.5], "sample_forward": [0.9595491096256139, -0.2691642059708536, -0.08255989608018774], "height": 1.5}, "sample_target": [-5.816637060045724, 11.895717313332927, 1.5], "camera_params": {"forward": [0.9595491096256139, -0.2691642059708536, -0.08255989608018774]}, "task_type": "screen_occupancy", "task_description": "Position where wardrobe occupies 50% of vertical FOV", "target_object": {"label": "wardrobe", "id": "104", "bbox_min": [-3.8010220546392377, 10.755659893300498, -3.9340284274658187e-10], "bbox_max": [-2.0210219453607623, 11.40566, 2.500000000393403], "center": [-2.911022, 11.080659946650249, 1.2500000000000002]}}
{"scene_id": "0333_840470", "object_label": "wardrobe", "preset": "left", "distance": 2.5000000007868057, "init_camera": {"intrinsics": [[320.0, 0.0, 320.0], [0.0, 320.0, 240.0], [0.0, 0.0, 1.0]], "extrinsics": [[1.0, -2.201338426272725e-17, 2.3584010119510084e-16, -2.911022000000001], [-2.3686524105156057e-16, -0.09293632178786165, 0.9956720544901031, 7.330939575028532], [0.0, -0.9956720544901032, -0.09293632178786164, 1.6], [0.0, 0.0, 0.0, 1.0]]}, "target_region": {"type": "circle", "params": {"center": [-2.9110219999999996, 11.080659946650249], "radius": 2.5000000007868057, "object_center": [-2.9110219999999996, 11.080659946650249, 1.25], "sample_distance": 2.5000000007868057, "min_distance": 2.5000000007868057, "requested_distance": 0.8}, "sample_point": [-4.0983627070611774, 8.88060948148144, 1.5], "sample_forward": [0.47257926424317975, 0.8756528129998415, -0.09950371898999291], "height": 1.5}, "sample_target": [-4.0983627070611774, 8.88060948148144, 1.5], "camera_params": {"forward": [0.47257926424317975, 0.8756528129998415, -0.09950371898999291]}, "task_type": "absolute_positioning", "task_description": "Move to any position 2.5m from wardrobe", "target_object": {"label": "wardrobe", "id": "104", "bbox_min": [-3.8010220546392377, 10.755659893300498, -3.9340284274658187e-10], "bbox_max": [-2.0210219453607623, 11.40566, 2.500000000393403], "center": [-2.911022, 11.080659946650249, 1.2500000000000002]}}
{"scene_id": "0333_840470", "object_label": "wardrobe", "preset": "right", "distance": 2.5000000007868057, "init_camera": {"intrinsics": [[320.0, 0.0, 320.0], [0.0, 320.0, 240.0], [0.0, 0.0, 1.0]], "extrinsics": [[1.0, -2.201338426272725e-17, 2.3584010119510084e-16, -2.911022000000001], [-2.3686524105156057e-16, -0.09293632178786165, 0.9956720544901031, 7.330939575028532], [0.0, -0.9956720544901032, -0.09293632178786164, 1.6], [0.0, 0.0, 0.0, 1.0]]}, "target_region": {"type": "circle", "params": {"center": [-2.9110219999999996, 11.080659946650249], "radius": 2.5000000007868057, "object_center": [-2.9110219999999996, 11.080659946650249, 1.25], "sample_distance": 2.5000000007868057, "min_distance": 2.5000000007868057, "requested_distance": 1.0}, "sample_point": [-4.536540184888625, 12.980052121671093, 1.5], "sample_forward": [0.6469804187291248, -0.7559863409402626, -0.09950371898999295], "height": 1.5}, "sample_target": [-4.536540184888625, 12.980052121671093, 1.5], "camera_params": {"forward": [0.6469804187291248, -0.7559863409402626, -0.09950371898999295]}, "task_type": "absolute_positioning", "task_description": "Move to any position 2.5m from wardrobe", "target_object": {"label": "wardrobe", "id": "104", "bbox_min": [-3.8010220546392377, 10.755659893300498, -3.9340284274658187e-10], "bbox_max": [-2.0210219453607623, 11.40566, 2.500000000393403], "center": [-2.911022, 11.080659946650249, 1.2500000000000002]}}
{"scene_id": "0333_840470", "object_label": "wardrobe", "preset": "back", "distance": 2.5000000007868057, "init_camera": {"intrinsics": [[320.0, 0.0, 320.0], [0.0, 320.0, 240.0], [0.0, 0.0, 1.0]], "extrinsics": [[1.0, -2.201338426272725e-17, 2.3584010119510084e-16, -2.911022000000001], [-2.3686524105156057e-16, -0.09293632178786165, 0.9956720544901031, 7.330939575028532], [0.0, -0.9956720544901032, -0.09293632178786164, 1.6], [0.0, 0.0, 0.0, 1.0]]}, "target_region": {"type": "circle", "params": {"center": [-2.9110219999999996, 11.080659946650249], "radius": 2.5000000007868057, "object_center": [-2.9110219999999996, 11.080659946650249, 1.25], "sample_distance": 2.5000000007868057, "min_distance": 2.5000000007868057, "requested_distance": 1.2}, "sample_point": [-5.409070109006054, 10.981889257550169, 1.5], "sample_forward": [0.9942603082480868, 0.03931220357064933, -0.09950371898999294], "height": 1.5}, "sample_target": [-5.409070109006054, 10.981889257550169, 1.5], "camera_params": {"forward": [0.9942603082480868, 0.03931220357064933, -0.09950371898999294]}, "task_type": "absolute_positioning", "task_description": "Move to any position 2.5m from wardrobe", "target_object": {"label": "wardrobe", "id": "104", "bbox_min": [-3.8010220546392377, 10.755659893300498, -3.9340284274658187e-10], "bbox_max": [-2.0210219453607623, 11.40566, 2.500000000393403], "center": [-2.911022, 11.080659946650249, 1.2500000000000002]}}
{"scene_id": "0333_840470", "object_label": "wardrobe", "preset": "right", "distance": 2.5000000007868057, "init_camera": {"intrinsics": [[320.0, 0.0, 320.0], [0.0, 320.0, 240.0], [0.0, 0.0, 1.0]], "extrinsics": [[1.0, -2.201338426272725e-17, 2.3584010119510084e-16, -2.911022000000001], [-2.3686524105156057e-16, -0.09293632178786165, 0.9956720544901031, 7.330939575028532], [0.0, -0.9956720544901032, -0.09293632178786164, 1.6], [0.0, 0.0, 0.0, 1.0]]}, "target_region": {"type": "circle", "params": {"center": [-2.9110219999999996, 11.080659946650249], "radius": 2.5000000007868057, "object_center": [-2.9110219999999996, 11.080659946650249, 1.25], "sample_distance": 2.5000000007868057, "min_distance": 2.5000000007868057, "requested_distance": 1.5}, "sample_point": [-4.5742782039835825, 12.947094730896445, 1.5], "sample_forward": [0.6620007117181794, -0.7428688091391268, -0.09950371898999295], "height": 1.5}, "sample_target": [-4.5742782039835825, 12.947094730896445, 1.5], "camera_params": {"forward": [0.6620007117181794, -0.7428688091391268, -0.09950371898999295]}, "task_type": "absolute_positioning", "task_description": "Move to any position 2.5m from wardrobe", "target_object": {"label": "wardrobe", "id": "104", "bbox_min": [-3.8010220546392377, 10.755659893300498, -3.9340284274658187e-10], "bbox_max": [-2.0210219453607623, 11.40566, 2.500000000393403], "center": [-2.911022, 11.080659946650249, 1.2500000000000002]}}
{"scene_id": "0333_840470", "object_label": "wardrobe", "preset": "closer", "distance": 3.2497203716217165, "init_camera": {"intrinsics": [[320.0, 0.0, 320.0], [0.0, 320.0, 240.0], [0.0, 0.0, 1.0]], "extrinsics": [[1.0, -2.201338426272725e-17, 2.3584010119510084e-16, -2.911022000000001], [-2.3686524105156057e-16, -0.09293632178786165, 0.9956720544901031, 7.330939575028532], [0.0, -0.9956720544901032, -0.09293632178786164, 1.6], [0.0, 0.0, 0.0, 1.0]]}, "target_region": {"type": "point", "params": {"delta": 0.5, "start_position": [-2.911022000000001, 7.330939575028532, 1.6], "sample_distance": 3.2497203716217165, "min_distance": 2.5000000007868057, "min_distance_enforced": false}, "sample_point": [-2.911022000000001, 7.830939575028532, 1.6], "sample_forward": [4.076065481186257e-16, 0.9942501593878185, -0.10708230739621434], "height": 1.6}, "sample_target": [-2.911022000000001, 7.830939575028532, 1.6], "camera_params": {"forward": [4.076065481186257e-16, 0.9942501593878185, -0.10708230739621434]}, "task_type": "delta_control", "task_description": "Move 0.5m toward wardrobe", "target_object": {"label": "wardrobe", "id": "104", "bbox_min": [-3.8010220546392377, 10.755659893300498, -3.9340284274658187e-10], "bbox_max": [-2.0210219453607623, 11.40566, 2.500000000393403], "center": [-2.911022, 11.080659946650249, 1.2500000000000002]}}
{"scene_id": "0333_840470", "object_label": "wardrobe", "preset": "closer", "distance": 3.049720371621717, "init_camera": {"intrinsics": [[320.0, 0.0, 320.0], [0.0, 320.0, 240.0], [0.0, 0.0, 1.0]], "extrinsics": [[1.0, -2.201338426272725e-17, 2.3584010119510084e-16, -2.911022000000001], [-2.3686524105156057e-16, -0.09293632178786165, 0.9956720544901031, 7.330939575028532], [0.0, -0.9956720544901032, -0.09293632178786164, 1.6], [0.0, 0.0, 0.0, 1.0]]}, "target_region": {"type": "point", "params": {"delta": 0.7, "start_position": [-2.911022000000001, 7.330939575028532, 1.6], "sample_distance": 3.049720371621717, "min_distance": 2.5000000007868057, "min_distance_enforced": false}, "sample_point": [-2.9110220000000004, 8.030939575028532, 1.6], "sample_forward": [2.893335784267876e-16, 0.9934788875193604, -0.11401622714900715], "height": 1.6}, "sample_target": [-2.9110220000000004, 8.030939575028532, 1.6], "camera_params": {"forward": [2.893335784267876e-16, 0.9934788875193604, -0.11401622714900715]}, "task_type": "delta_control", "task_description": "Move 0.7m toward wardrobe", "target_object": {"label": "wardrobe", "id": "104", "bbox_min": [-3.8010220546392377, 10.755659893300498, -3.9340284274658187e-10], "bbox_max": [-2.0210219453607623, 11.40566, 2.500000000393403], "center": [-2.911022, 11.080659946650249, 1.2500000000000002]}}
{"scene_id": "0333_840470", "object_label": "wardrobe", "preset": "closer", "distance": 2.7497203716217165, "init_camera": {"intrinsics": [[320.0, 0.0, 320.0], [0.0, 320.0, 240.0], [0.0, 0.0, 1.0]], "extrinsics": [[1.0, -2.201338426272725e-17, 2.3584010119510084e-16, -2.911022000000001], [-2.3686524105156057e-16, -0.09293632178786165, 0.9956720544901031, 7.330939575028532], [0.0, -0.9956720544901032, -0.09293632178786164, 1.6], [0.0, 0.0, 0.0, 1.0]]}, "target_region": {"type": "point", "params": {"delta": 1.0, "start_position": [-2.911022000000001, 7.330939575028532, 1.6], "sample_distance": 2.7497203716217165, "min_distance": 2.5000000007868057, "min_distance_enforced": false}, "sample_point": [-2.9110220000000004, 8.330939575028532, 1.6], "sample_forward": [3.2042156663701654e-16, 0.9919963036100612, -0.12626691420944464], "height": 1.6}, "sample_target": [-2.9110220000000004, 8.330939575028532, 1.6], "camera_params": {"forward": [3.2042156663701654e-16, 0.9919963036100612, -0.12626691420944464]}, "task_type": "delta_control", "task_description": "Move 1.0m toward wardrobe", "target_object": {"label": "wardrobe", "id": "104", "bbox_min": [-3.8010220546392377, 10.755659893300498, -3.9340284274658187e-10], "bbox_max": [-2.0210219453607623, 11.40566, 2.500000000393403], "center": [-2.911022, 11.080659946650249, 1.2500000000000002]}}
{"scene_id": "0333_840470", "object_label": "wardrobe", "preset": "closer", "distance": 2.5000000007868053, "init_camera": {"intrinsics": [[320.0, 0.0, 320.0], [0.0, 320.0, 240.0], [0.0, 0.0, 1.0]], "extrinsics": [[1.0, -2.201338426272725e-17, 2.3584010119510084e-16, -2.911022000000001], [-2.3686524105156057e-16, -0.09293632178786165, 0.9956720544901031, 7.330939575028532], [0.0, -0.9956720544901032, -0.09293632178786164, 1.6], [0.0, 0.0, 0.0, 1.0]]}, "target_region": {"type": "point", "params": {"delta": 1.5, "start_position": [-2.911022000000001, 7.330939575028532, 1.6], "sample_distance": 2.5000000007868053, "min_distance": 2.5000000007868057, "min_distance_enforced": true}, "sample_point": [-2.9110220000000004, 8.580659945863443, 1.6], "sample_forward": [3.5184006690110405e-16, 0.9903417466803216, -0.13864784449160952], "height": 1.6}, "sample_target": [-2.9110220000000004, 8.580659945863443, 1.6], "camera_params": {"forward": [3.5184006690110405e-16, 0.9903417466803216, -0.13864784449160952]}, "task_type": "delta_control", "task_description": "Move 1.5m toward wardrobe", "target_object": {"label": "wardrobe", "id": "104", "bbox_min": [-3.8010220546392377, 10.755659893300498, -3.9340284274658187e-10], "bbox_max": [-2.0210219453607623, 11.40566, 2.500000000393403], "center": [-2.911022, 11.080659946650249, 1.2500000000000002]}}
{"scene_id": "0333_840470", "object_label": "wardrobe", "preset": "occupancy_20", "distance": 7.8921893958276526, "init_camera": {"intrinsics": [[320.0, 0.0, 320.0], [0.0, 320.0, 240.0], [0.0, 0.0, 1.0]], "extrinsics": [[1.0, -2.201338426272725e-17, 2.3584010119510084e-16, -2.911022000000001], [-2.3686524105156057e-16, -0.09293632178786165, 0.9956720544901031, 7.330939575028532], [0.0, -0.9956720544901032, -0.09293632178786164, 1.6], [0.0, 0.0, 0.0, 1.0]]}, "target_region": {"type": "circle", "params": {"center": [-2.9110219999999996, 11.080659946650249], "radius": 7.8921893958276526, "object_center": [-2.9110219999999996, 11.080659946650249, 1.25], "object_height": 2.5000000007868057, "occupancy_ratio": 0.2, "fov_vertical": 90.0, "sample_distance": 7.8921893958276526, "min_distance": 2.5000000007868057}, "sample_point": [4.9749149260111505, 11.394749517614095, 1.5], "sample_forward": [-0.9987068266691751, -0.03977756881018475, -0.031661007310844015], "height": 1.5}, "sample_target": [4.9749149260111505, 11.394749517614095, 1.5], "camera_params": {"forward": [-0.9987068266691751, -0.03977756881018475, -0.031661007310844015]}, "task_type": "screen_occupancy", "task_description": "Position where wardrobe occupies 20% of vertical FOV", "target_object": {"label": "wardrobe", "id": "104", "bbox_min": [-3.8010220546392377, 10.755659893300498, -3.9340284274658187e-10], "bbox_max": [-2.0210219453607623, 11.40566, 2.500000000393403], "center": [-2.911022, 11.080659946650249, 1.2500000000000002]}}
{"scene_id": "0333_840470", "object_label": "wardrobe", "preset": "occupancy_30", "distance": 5.206624714251663, "init_camera": {"intrinsics": [[320.0, 0.0, 320.0], [0.0, 320.0, 240.0], [0.0, 0.0, 1.0]], "extrinsics": [[1.0, -2.201338426272725e-17, 2.3584010119510084e-16, -2.911022000000001], [-2.3686524105156057e-16, -0.09293632178786165, 0.9956720544901031, 7.330939575028532], [0.0, -0.9956720544901032, -0.09293632178786164, 1.6], [0.0, 0.0, 0.0, 1.0]]}, "target_region": {"type": "circle", "params": {"center": [-2.9110219999999996, 11.080659946650249], "radius": 5.206624714251663, "object_center": [-2.9110219999999996, 11.080659946650249, 1.25], "object_height": 2.5000000007868057, "occupancy_ratio": 0.3, "fov_vertical": 90.0, "sample_distance": 5.206624714251663, "min_distance": 2.5000000007868057}, "sample_point": [0.05283562611828385, 6.7999486871564825, 1.5], "sample_forward": [-0.568592337598535, 0.8212201558438801, -0.04796049686968358], "height": 1.5}, "sample_target": [0.05283562611828385, 6.7999486871564825, 1.5], "camera_params": {"forward": [-0.568592337598535, 0.8212201558438801, -0.04796049686968358]}, "task_type": "screen_occupancy", "task_description": "Position where wardrobe occupies 30% of vertical FOV", "target_object": {"label": "wardrobe", "id": "104", "bbox_min": [-3.8010220546392377, 10.755659893300498, -3.9340284274658187e-10], "bbox_max": [-2.0210219453607623, 11.40566, 2.500000000393403], "center": [-2.911022, 11.080659946650249, 1.2500000000000002]}}
{"scene_id": "0333_840470", "object_label": "wardrobe", "preset": "occupancy_50", "distance": 3.0177669539161274, "init_camera": {"intrinsics": [[320.0, 0.0, 320.0], [0.0, 320.0, 240.0], [0.0, 0.0, 1.0]], "extrinsics": [[1.0, -2.201338426272725e-17, 2.3584010119510084e-16, -2.911022000000001], [-2.3686524105156057e-16, -0.09293632178786165, 0.9956720544901031, 7.330939575028532], [0.0, -0.9956720544901032, -0.09293632178786164, 1.6], [0.0, 0.0, 0.0, 1.0]]}, "target_region": {"type": "circle", "params": {"center": [-2.9110219999999996, 11.080659946650249], "radius": 3.0177669539161274, "object_center": [-2.9110219999999996, 11.080659946650249, 1.25], "object_height": 2.5000000007868057, "occupancy_ratio": 0.5, "fov_vertical": 90.0, "sample_distance": 3.0177669539161274, "min_distance": 2.5000000007868057}, "sample_point": [-5.905807788500088, 10.708940335725396, 1.5], "sample_forward": [0.9889968139239617, 0.12275652979569462, -0.08255989608018775], "height": 1.5}, "sample_target": [-5.905807788500088, 10.708940335725396, 1.5], "camera_params": {"forward": [0.9889968139239617, 0.12275652979569462, -0.08255989608018775]}, "task_type": "screen_occupancy", "task_description": "Position where wardrobe occupies 50% of vertical FOV", "target_object": {"label": "wardrobe", "id": "104", "bbox_min": [-3.8010220546392377, 10.755659893300498, -3.9340284274658187e-10], "bbox_max": [-2.0210219453607623, 11.40566, 2.500000000393403], "center": [-2.911022, 11.080659946650249, 1.2500000000000002]}}
{"scene_id": "0333_840470", "object_label": "wardrobe", "preset": "occupancy_20", "distance": 7.892189396103634, "init_camera": {"intrinsics": [[320.0, 0.0, 320.0], [0.0, 320.0, 240.0], [0.0, 0.0, 1.0]], "extrinsics": [[-1.0, -0.0, 0.0, 2.6995278844012836], [-0.0, 0.17541589487688597, -0.984494420413108, 5.318980673568055], [0.0, -0.984494420413108, -0.17541589487688597, 1.6], [0.0, 0.0, 0.0, 1.0]]}, "target_region": {"type": "circle", "params": {"center": [2.699527884401284, 3.3546601208794895], "radius": 7.892189396103634, "object_center": [2.699527884401284, 3.3546601208794895, 1.249999999562886], "object_height": 2.500000000874228, "occupancy_ratio": 0.2, "fov_vertical": 90.0, "sample_distance": 7.892189396103634, "min_distance": 2.500000000874228}, "sample_point": [1.9646758701357319, 11.212563529620304, 1.5], "sample_forward": [0.09306461998078615, -0.995156549051687, -0.031661007365040336], "height": 1.5}, "sample_target": [1.9646758701357319, 11.212563529620304, 1.5], "camera_params": {"forward": [0.09306461998078615, -0.995156549051687, -0.031661007365040336]}, "task_type": "screen_occupancy", "task_description": "Position where wardrobe occupies 20% of vertical FOV", "target_object": {"label": "wardrobe", "id": "111", "bbox_min": [2.1090278, 3.154659998641029, -8.742276804696303e-10], "bbox_max": [3.2900279688025678, 3.554660243117949, 2.5], "center": [2.6995278844012836, 3.354660120879489, 1.249999999562886]}}
{"scene_id": "0333_840470", "object_label": "wardrobe", "preset": "occupancy_30", "distance": 5.206624714433732, "init_camera": {"intrinsics": [[320.0, 0.0, 320.0], [0.0, 320.0, 240.0], [0.0, 0.0, 1.0]], "extrinsics": [[-1.0, -0.0, 0.0, 2.6995278844012836], [-0.0, 0.17541589487688597, -0.984494420413108, 5.318980673568055], [0.0, -0.984494420413108, -0.17541589487688597, 1.6], [0.0, 0.0, 0.0, 1.0]]}, "target_region": {"type": "circle", "params": {"center": [2.699527884401284, 3.3546601208794895], "radius": 5.206624714433732, "object_center": [2.699527884401284, 3.3546601208794895, 1.249999999562886], "object_height": 2.500000000874228, "occupancy_ratio": 0.3, "fov_vertical": 90.0, "sample_distance": 5.206624714433732, "min_distance": 2.500000000874228}, "sample_point": [-2.238985465955323, 1.7054097441016944, 1.5], "sample_forward": [0.9474142162858106, 0.31639547011879265, -0.04796049695167423], "height": 1.5}, "sample_target": [-2.238985465955323, 1.7054097441016944, 1.5], "camera_params": {"forward": [0.9474142162858106, 0.31639547011879265, -0.04796049695167423]}, "task_type": "screen_occupancy", "task_description": "Position where wardrobe occupies 30% of vertical FOV", "target_object": {"label": "wardrobe", "id": "111", "bbox_min": [2.1090278, 3.154659998641029, -8.742276804696303e-10], "bbox_max": [3.2900279688025678, 3.554660243117949, 2.5], "center": [2.6995278844012836, 3.354660120879489, 1.249999999562886]}}
{"scene_id": "0333_840470", "object_label": "wardrobe", "preset": "occupancy_50", "distance": 3.0177669540216554, "init_camera": {"intrinsics": [[320.0, 0.0, 320.0], [0.0, 320.0, 240.0], [0.0, 0.0, 1.0]], "extrinsics": [[-1.0, -0.0, 0.0, 2.6995278844012836], [-0.0, 0.17541589487688597, -0.984494420413108, 5.318980673568055], [0.0, -0.984494420413108, -0.17541589487688597, 1.6], [0.0, 0.0, 0.0, 1.0]]}, "target_region": {"type": "circle", "params": {"center": [2.699527884401284, 3.3546601208794895], "radius": 3.0177669540216554, "object_center": [2.699527884401284, 3.3546601208794895, 1.249999999562886], "object_height": 2.500000000874228, "occupancy_ratio": 0.5, "fov_vertical": 90.0, "sample_distance": 3.0177669540216554, "min_distance": 2.500000000874228}, "sample_point": [5.686897743443912, 2.9274146246261417, 1.5], "sample_forward": [-0.9865477804165571, 0.1410933750790368, -0.08255989622068878], "height": 1.5}, "sample_target": [5.686897743443912, 2.9274146246261417, 1.5], "camera_params": {"forward": [-0.9865477804165571, 0.1410933750790368, -0.08255989622068878]}, "task_type": "screen_occupancy", "task_description": "Position where wardrobe occupies 50% of vertical FOV", "target_object": {"label": "wardrobe", "id": "111", "bbox_min": [2.1090278, 3.154659998641029, -8.742276804696303e-10], "bbox_max": [3.2900279688025678, 3.554660243117949, 2.5], "center": [2.6995278844012836, 3.354660120879489, 1.249999999562886]}}
{"scene_id": "0333_840470", "object_label": "wardrobe", "preset": "occupancy_20", "distance": 7.892189396103634, "init_camera": {"intrinsics": [[320.0, 0.0, 320.0], [0.0, 320.0, 240.0], [0.0, 0.0, 1.0]], "extrinsics": [[-0.984807753012208, -0.03046065047918509, 0.17095566202799703, 2.3584272000732165], [-0.17364817766693041, 0.1727509332763318, -0.9695377380200888, 5.2891382305684145], [0.0, -0.984494420413108, -0.17541589487688597, 1.6], [0.0, 0.0, 0.0, 1.0]]}, "target_region": {"type": "circle", "params": {"center": [2.699527884401284, 3.3546601208794895], "radius": 7.892189396103634, "object_center": [2.699527884401284, 3.3546601208794895, 1.249999999562886], "object_height": 2.500000000874228, "occupancy_ratio": 0.2, "fov_vertical": 90.0, "sample_distance": 7.892189396103634, "min_distance": 2.500000000874228}, "sample_point": [-4.425027164065181, -0.040537785773616, 1.5], "sample_forward": [0.9022823578709278, 0.42998154296145047, -0.03166100736504034], "height": 1.5}, "sample_target": [-4.425027164065181, -0.040537785773616, 1.5], "camera_params": {"forward": [0.9022823578709278, 0.42998154296145047, -0.03166100736504034]}, "task_type": "screen_occupancy", "task_description": "Position where wardrobe occupies 20% of vertical FOV", "target_object": {"label": "wardrobe", "id": "111", "bbox_min": [2.1090278, 3.154659998641029, -8.742276804696303e-10], "bbox_max": [3.2900279688025678, 3.554660243117949, 2.5], "center": [2.6995278844012836, 3.354660120879489, 1.249999999562886]}}
{"scene_id": "0333_840470", "object_label": "wardrobe", "preset": "occupancy_30", "distance": 5.206624714433732, "init_camera": {"intrinsics": [[320.0, 0.0, 320.0], [0.0, 320.0, 240.0], [0.0, 0.0, 1.0]], "extrinsics": [[-0.984807753012208, -0.03046065047918509, 0.17095566202799703, 2.3584272000732165], [-0.17364817766693041, 0.1727509332763318, -0.9695377380200888, 5.2891382305684145], [0.0, -0.984494420413108, -0.17541589487688597, 1.6], [0.0, 0.0, 0.0, 1.0]]}, "target_region": {"type": "circle", "params": {"center": [2.699527884401284, 3.3546601208794895], "radius": 5.206624714433732, "object_center": [2.699527884401284, 3.3546601208794895, 1.249999999562886], "object_height": 2.500000000874228, "occupancy_ratio": 0.3, "fov_vertical": 90.0, "sample_distance": 5.206624714433732, "min_distance": 2.500000000874228}, "sample_point": [-2.358630959520125, 2.1201683118293904, 1.5], "sample_forward": [0.9703672455632629, 0.2368273621651742, -0.047960496951674224], "height": 1.5}, "sample_target": [-2.358630959520125, 2.1201683118293904, 1.5], "camera_params": {"forward": [0.9703672455632629, 0.2368273621651742, -0.047960496951674224]}, "task_type": "screen_occupancy", "task_description": "Position where wardrobe occupies 30% of vertical FOV", "target_object": {"label": "wardrobe", "id": "111", "bbox_min": [2.1090278, 3.154659998641029, -8.742276804696303e-10], "bbox_max": [3.2900279688025678, 3.554660243117949, 2.5], "center": [2.6995278844012836, 3.354660120879489, 1.249999999562886]}}
