{"scene_id": "0257_840812", "object_label": "cabinet", "preset": "occupancy_20", "distance": 6.8105424183596055, "init_camera": {"intrinsics": [[320.0, 0.0, 320.0], [0.0, 320.0, 240.0], [0.0, 0.0, 1.0]], "extrinsics": [[-0.1736481776669306, -0.2420182411891923, 0.954606453636599, 2.603784708419223], [-0.984807753012208, 0.042674345745263395, -0.168322873734557, 2.3827695201722685], [0.0, -0.9693327969004784, -0.2457517626652886, 1.6], [0.0, 0.0, 0.0, 1.0]]}, "target_region": {"type": "circle", "params": {"center": [4.6288022, 2.0257043], "radius": 6.8105424183596055, "object_center": [4.6288022, 2.0257043, 1.0786840000000002], "object_height": 2.1573678984768, "occupancy_ratio": 0.2, "fov_vertical": 90.0, "sample_distance": 6.8105424183596055, "min_distance": 2.93490499587183}, "sample_point": [-0.2738347450018752, 6.753033251720854, 1.5], "sample_forward": [0.7184864901298358, -0.6927949232858753, -0.06174429342236884], "height": 1.5}, "sample_target": [-0.2738347450018752, 6.753033251720854, 1.5], "camera_params": {"forward": [0.7184864901298358, -0.6927949232858753, -0.06174429342236884]}, "task_type": "screen_occupancy", "task_description": "Position where cabinet occupies 20% of vertical FOV", "target_object": {"label": "cabinet", "id": "102", "bbox_min": [4.474473593118133, 0.5582518020640853, 5.076160005046404e-08], "bbox_max": [4.783130806881867, 3.493156797935915, 2.1573679492384], "center": [4.6288022, 2.0257043, 1.0786840000000002]}}
{"scene_id": "0257_840812", "object_label": "cabinet", "preset": "occupancy_30", "distance": 4.493042005762931, "init_camera": {"intrinsics": [[320.0, 0.0, 320.0], [0.0, 320.0, 240.0], [0.0, 0.0, 1.0]], "extrinsics": [[-0.1736481776669306, -0.2420182411891923, 0.954606453636599, 2.603784708419223], [-0.984807753012208, 0.042674345745263395, -0.168322873734557, 2.3827695201722685], [0.0, -0.9693327969004784, -0.2457517626652886, 1.6], [0.0, 0.0, 0.0, 1.0]]}, "target_region": {"type": "circle", "params": {"center": [4.6288022, 2.0257043], "radius": 4.493042005762931, "object_center": [4.6288022, 2.0257043, 1.0786840000000002], "object_height": 2.1573678984768, "occupancy_ratio": 0.3, "fov_vertical": 90.0, "sample_distance": 4.493042005762931, "min_distance": 2.93490499587183}, "sample_point": [1.6581509580351295, -1.3451498445993697, 1.5], "sample_forward": [0.658279254303182, 0.7469619190989178, -0.0933612059160996], "height": 1.5}, "sample_target": [1.6581509580351295, -1.3451498445993697, 1.5], "camera_params": {"forward": [0.658279254303182, 0.7469619190989178, -0.0933612059160996]}, "task_type": "screen_occupancy", "task_description": "Position where cabinet occupies 30% of vertical FOV", "target_object": {"label": "cabinet", "id": "102", "bbox_min": [4.474473593118133, 0.5582518020640853, 5.076160005046404e-08], "bbox_max": [4.783130806881867, 3.493156797935915, 2.1573679492384], "center": [4.6288022, 2.0257043, 1.0786840000000002]}}
{"scene_id": "0257_840812", "object_label": "cabinet", "preset": "occupancy_20", "distance": 6.8105424183596055, "init_camera": {"intrinsics": [[320.0, 0.0, 320.0], [0.0, 320.0, 240.0], [0.0, 0.0, 1.0]], "extrinsics": [[-0.1736481776669306, -0.1957543142023142, 0.965156235468712, 2.097530335524029], [-0.984807753012208, 0.034516767183950296, -0.17018308491214654, 2.4720358252153356], [0.0, -0.9800453261223946, -0.19877414003247348, 1.6], [0.0, 0.0, 0.0, 1.0]]}, "target_region": {"type": "circle", "params": {"center": [4.6288022, 2.0257043], "radius": 6.8105424183596055, "object_center": [4.6288022, 2.0257043, 1.0786840000000002], "object_height": 2.1573678984768, "occupancy_ratio": 0.2, "fov_vertical": 90.0, "sample_distance": 6.8105424183596055, "min_distance": 2.93490499587183}, "sample_point": [2.1899828749658026, -4.333198776169288, 1.5], "sample_forward": [0.35741148213942764, 0.9319037904551467, -0.06174429342236885], "height": 1.5}, "sample_target": [2.1899828749658026, -4.333198776169288, 1.5], "camera_params": {"forward": [0.35741148213942764, 0.9319037904551467, -0.06174429342236885]}, "task_type": "screen_occupancy", "task_description": "Position where cabinet occupies 20% of vertical FOV", "target_object": {"label": "cabinet", "id": "102", "bbox_min": [4.474473593118133, 0.5582518020640853, 5.076160005046404e-08], "bbox_max": [4.783130806881867, 3.493156797935915, 2.1573679492384], "center": [4.6288022, 2.0257043, 1.0786840000000002]}}
{"scene_id": "0257_840812", "object_label": "cabinet", "preset": "occupancy_30", "distance": 4.493042005762931, "init_camera": {"intrinsics": [[320.0, 0.0, 320.0], [0.0, 320.0, 240.0], [0.0, 0.0, 1.0]], "extrinsics": [[-0.1736481776669306, -0.1957543142023142, 0.965156235468712, 2.097530335524029], [-0.984807753012208, 0.034516767183950296, -0.17018308491214654, 2.4720358252153356], [0.0, -0.9800453261223946, -0.19877414003247348, 1.6], [0.0, 0.0, 0.0, 1.0]]}, "target_region": {"type": "circle", "params": {"center": [4.6288022, 2.0257043], "radius": 4.493042005762931, "object_center": [4.6288022, 2.0257043, 1.0786840000000002], "object_height": 2.1573678984768, "occupancy_ratio": 0.3, "fov_vertical": 90.0, "sample_distance": 4.493042005762931, "min_distance": 2.93490499587183}, "sample_point": [4.821990363184759, -2.4631825106865284, 1.5], "sample_forward": [-0.04280938745180663, 0.9947115368667907, -0.0933612059160996], "height": 1.5}, "sample_target": [4.821990363184759, -2.4631825106865284, 1.5], "camera_params": {"forward": [-0.04280938745180663, 0.9947115368667907, -0.0933612059160996]}, "task_type": "screen_occupancy", "task_description": "Position where cabinet occupies 30% of vertical FOV", "target_object": {"label": "cabinet", "id": "102", "bbox_min": [4.474473593118133, 0.5582518020640853, 5.076160005046404e-08], "bbox_max": [4.783130806881867, 3.493156797935915, 2.1573679492384], "center": [4.6288022, 2.0257043, 1.0786840000000002]}}
{"scene_id": "0257_840812", "object_label": "cabinet", "preset": "occupancy_20", "distance": 6.8105424183596055, "init_camera": {"intrinsics": [[320.0, 0.0, 320.0], [0.0, 320.0, 240.0], [0.0, 0.0, 1.0]], "extrinsics": [[0.3420201433256687, -0.23093111792170162, 0.9108748763331449, 2.6965529990970727], [-0.9396926207859084, -0.08405205308931774, 0.3315313421261728, 1.3224231056866795], [0.0, -0.9693327969004781, -0.2457517626652886, 1.6], [0.0, 0.0, 0.0, 1.0]]}, "target_region": {"type": "circle", "params": {"center": [4.6288022, 2.0257043], "radius": 6.8105424183596055, "object_center": [4.6288022, 2.0257043, 1.0786840000000002], "object_height": 2.1573678984768, "occupancy_ratio": 0.2, "fov_vertical": 90.0, "sample_distance": 6.8105424183596055, "min_distance": 2.93490499587183}, "sample_point": [7.788488386429048, -4.007526280341263, 1.5], "sample_forward": [-0.4630552625997608, 0.8841761510063698, -0.06174429342236883], "height": 1.5}, "sample_target": [7.788488386429048, -4.007526280341263, 1.5], "camera_params": {"forward": [-0.4630552625997608, 0.8841761510063698, -0.06174429342236883]}, "task_type": "screen_occupancy", "task_description": "Position where cabinet occupies 20% of vertical FOV", "target_object": {"label": "cabinet", "id": "102", "bbox_min": [4.474473593118133, 0.5582518020640853, 5.076160005046404e-08], "bbox_max": [4.783130806881867, 3.493156797935915, 2.1573679492384], "center": [4.6288022, 2.0257043, 1.0786840000000002]}}
{"scene_id": "0257_840812", "object_label": "cabinet", "preset": "occupancy_30", "distance": 4.493042005762931, "init_camera": {"intrinsics": [[320.0, 0.0, 320.0], [0.0, 320.0, 240.0], [0.0, 0.0, 1.0]], "extrinsics": [[0.3420201433256687, -0.23093111792170162, 0.9108748763331449, 2.6965529990970727], [-0.9396926207859084, -0.08405205308931774, 0.3315313421261728, 1.3224231056866795], [0.0, -0.9693327969004781, -0.2457517626652886, 1.6], [0.0, 0.0, 0.0, 1.0]]}, "target_region": {"type": "circle", "params": {"center": [4.6288022, 2.0257043], "radius": 4.493042005762931, "object_center": [4.6288022, 2.0257043, 1.0786840000000002], "object_height": 2.1573678984768, "occupancy_ratio": 0.3, "fov_vertical": 90.0, "sample_distance": 4.493042005762931, "min_distance": 2.93490499587183}, "sample_point": [8.960445970927381, 0.8322686262679839, 1.5], "sample_forward": [-0.9598673823276154, 0.26445849121066817, -0.0933612059160996], "height": 1.5}, "sample_target": [8.960445970927381, 0.8322686262679839, 1.5], "camera_params": {"forward": [-0.9598673823276154, 0.26445849121066817, -0.0933612059160996]}, "task_type": "screen_occupancy", "task_description": "Position where cabinet occupies 30% of vertical FOV", "target_object": {"label": "cabinet", "id": "102", "bbox_min": [4.474473593118133, 0.5582518020640853, 5.076160005046404e-08], "bbox_max": [4.783130806881867, 3.493156797935915, 2.1573679492384], "center": [4.6288022, 2.0257043, 1.0786840000000002]}}
{"scene_id": "0257_840812", "object_label": "cabinet", "preset": "occupancy_50", "distance": 2.93490499587183, "init_camera": {"intrinsics": [[320.0, 0.0, 320.0], [0.0, 320.0, 240.0], [0.0, 0.0, 1.0]], "extrinsics": [[0.3420201433256687, -0.23093111792170162, 0.9108748763331449, 2.6965529990970727], [-0.9396926207859084, -0.08405205308931774, 0.3315313421261728, 1.3224231056866795], [0.0, -0.9693327969004781, -0.2457517626652886, 1.6], [0.0, 0.0, 0.0, 1.0]]}, "target_region": {"type": "circle", "params": {"center": [4.6288022, 2.0257043], "radius": 2.93490499587183, "object_center": [4.6288022, 2.0257043, 1.0786840000000002], "object_height": 2.1573678984768, "occupancy_ratio": 0.5, "fov_vertical": 90.0, "sample_distance": 2.93490499587183, "min_distance": 2.93490499587183}, "sample_point": [1.6968644502252395, 1.8937635320806785, 1.5], "sample_forward": [0.988851996546929, 0.04449954361854349, -0.14209686675959324], "height": 1.5}, "sample_target": [1.6968644502252395, 1.8937635320806785, 1.5], "camera_params": {"forward": [0.988851996546929, 0.04449954361854349, -0.14209686675959324]}, "task_type": "screen_occupancy", "task_description": "Position where cabinet occupies 50% of vertical FOV", "target_object": {"label": "cabinet", "id": "102", "bbox_min": [4.474473593118133, 0.5582518020640853, 5.076160005046404e-08], "bbox_max": [4.783130806881867, 3.493156797935915, 2.1573679492384], "center": [4.6288022, 2.0257043, 1.0786840000000002]}}
{"scene_id": "0257_840812", "object_label": "cabinet", "preset": "occupancy_20", "distance": 6.8105424183596055, "init_camera": {"intrinsics": [[320.0, 0.0, 320.0], [0.0, 320.0, 240.0], [0.0, 0.0, 1.0]], "extrinsics": [[-0.34202014332566893, -0.2309311179217016, 0.9108748763331449, 2.696552999097073], [-0.9396926207859083, 0.08405205308931779, -0.3315313421261731, 2.728985494313321], [0.0, -0.9693327969004781, -0.24575176266528861, 1.6], [0.0, 0.0, 0.0, 1.0]]}, "target_region": {"type": "circle", "params": {"center": [4.6288022, 2.0257043], "radius": 6.8105424183596055, "object_center": [4.6288022, 2.0257043, 1.0786840000000002], "object_height": 2.1573678984768, "occupancy_ratio": 0.2, "fov_vertical": 90.0, "sample_distance": 6.8105424183596055, "min_distance": 2.93490499587183}, "sample_point": [-1.9063611529226083, 0.10864196849044827, 1.5], "sample_forward": [0.9577349154220716, 0.2809474577412117, -0.06174429342236884], "height": 1.5}, "sample_target": [-1.9063611529226083, 0.10864196849044827, 1.5], "camera_params": {"forward": [0.9577349154220716, 0.2809474577412117, -0.06174429342236884]}, "task_type": "screen_occupancy", "task_description": "Position where cabinet occupies 20% of vertical FOV", "target_object": {"label": "cabinet", "id": "102", "bbox_min": [4.474473593118133, 0.5582518020640853, 5.076160005046404e-08], "bbox_max": [4.783130806881867, 3.493156797935915, 2.1573679492384], "center": [4.6288022, 2.0257043, 1.0786840000000002]}}
{"scene_id": "0257_840812", "object_label": "cabinet", "preset": "occupancy_30", "distance": 4.493042005762931, "init_camera": {"intrinsics": [[320.0, 0.0, 320.0], [0.0, 320.0, 240.0], [0.0, 0.0, 1.0]], "extrinsics": [[-0.34202014332566893, -0.2309311179217016, 0.9108748763331449, 2.696552999097073], [-0.9396926207859083, 0.08405205308931779, -0.3315313421261731, 2.728985494313321], [0.0, -0.9693327969004781, -0.24575176266528861, 1.6], [0.0, 0.0, 0.0, 1.0]]}, "target_region": {"type": "circle", "params": {"center": [4.6288022, 2.0257043], "radius": 4.493042005762931, "object_center": [4.6288022, 2.0257043, 1.0786840000000002], "object_height": 2.1573678984768, "occupancy_ratio": 0.3, "fov_vertical": 90.0, "sample_distance": 4.493042005762931, "min_distance": 2.93490499587183}, "sample_point": [7.18277680662202, -1.6708671079779487, 1.5], "sample_forward": [-0.5659461049505076, 0.8191389940182563, -0.0933612059160996], "height": 1.5}, "sample_target": [7.18277680662202, -1.6708671079779487, 1.5], "camera_params": {"forward": [-0.5659461049505076, 0.8191389940182563, -0.0933612059160996]}, "task_type": "screen_occupancy", "task_description": "Position where cabinet occupies 30% of vertical FOV", "target_object": {"label": "cabinet", "id": "102", "bbox_min": [4.474473593118133, 0.5582518020640853, 5.076160005046404e-08], "bbox_max": [4.783130806881867, 3.493156797935915, 2.1573679492384], "center": [4.6288022, 2.0257043, 1.0786840000000002]}}
{"scene_id": "0257_840812", "object_label": "cabinet", "preset": "occupancy_50", "distance": 2.93490499587183, "init_camera": {"intrinsics": [[320.0, 0.0, 320.0], [0.0, 320.0, 240.0], [0.0, 0.0, 1.0]], "extrinsics": [[-0.34202014332566893, -0.2309311179217016, 0.9108748763331449, 2.696552999097073], [-0.9396926207859083, 0.08405205308931779, -0.3315313421261731, 2.728985494313321], [0.0, -0.9693327969004781, -0.24575176266528861, 1.6], [0.0, 0.0, 0.0, 1.0]]}, "target_region": {"type": "circle", "params": {"center": [4.6288022, 2.0257043], "radius": 2.93490499587183, "object_center": [4.6288022, 2.0257043, 1.0786840000000002], "object_height": 2.1573678984768, "occupancy_ratio": 0.5, "fov_vertical": 90.0, "sample_distance": 2.93490499587183, "min_distance": 2.93490499587183}, "sample_point": [1.7103450728003917, 2.3359869638586757, 1.5], "sample_forward": [0.9843053991475952, -0.10464875377184321, -0.14209686675959324], "height": 1.5}, "sample_target": [1.7103450728003917, 2.3359869638586757, 1.5], "camera_params": {"forward": [0.9843053991475952, -0.10464875377184321, -0.14209686675959324]}, "task_type": "screen_occupancy", "task_description": "Position where cabinet occupies 50% of vertical FOV", "target_object": {"label": "cabinet", "id": "102", "bbox_min": [4.474473593118133, 0.5582518020640853, 5.076160005046404e-08], "bbox_max": [4.783130806881867, 3.493156797935915, 2.1573679492384], "center": [4.6288022, 2.0257043, 1.0786840000000002]}}
{"scene_id": "0257_840812", "object_label": "cabinet", "preset": "occupancy_20", "distance": 6.8105424183596055, "init_camera": {"intrinsics": [[320.0, 0.0, 320.0], [0.0, 320.0, 240.0], [0.0, 0.0, 1.0]], "extrinsics": [[-0.34202014332566893, -0.18678659259158018, 0.9209413609929331, 2.213490698871341], [-0.9396926207859083, 0.06798475986334318, -0.3351952429060333, 2.9048057928916515], [0.0, -0.9800453261223946, -0.19877414003247348, 1.6], [0.0, 0.0, 0.0, 1.0]]}, "target_region": {"type": "circle", "params": {"center": [4.6288022, 2.0257043], "radius": 6.8105424183596055, "object_center": [4.6288022, 2.0257043, 1.0786840000000002], "object_height": 2.1573678984768, "occupancy_ratio": 0.2, "fov_vertical": 90.0, "sample_distance": 6.8105424183596055, "min_distance": 2.93490499587183}, "sample_point": [-1.831176843247702, 4.18259066536003, 1.5], "sample_forward": [0.9467165774588191, -0.3160939167311387, -0.06174429342236884], "height": 1.5}, "sample_target": [-1.831176843247702, 4.18259066536003, 1.5], "camera_params": {"forward": [0.9467165774588191, -0.3160939167311387, -0.06174429342236884]}, "task_type": "screen_occupancy", "task_description": "Position where cabinet occupies 20% of vertical FOV", "target_object": {"label": "cabinet", "id": "102", "bbox_min": [4.474473593118133, 0.5582518020640853, 5.076160005046404e-08], "bbox_max": [4.783130806881867, 3.493156797935915, 2.1573679492384], "center": [4.6288022, 2.0257043, 1.0786840000000002]}}
{"scene_id": "0257_840812", "object_label": "cabinet", "preset": "occupancy_30", "distance": 4.493042005762931, "init_camera": {"intrinsics": [[320.0, 0.0, 320.0], [0.0, 320.0, 240.0], [0.0, 0.0, 1.0]], "extrinsics": [[-0.34202014332566893, -0.18678659259158018, 0.9209413609929331, 2.213490698871341], [-0.9396926207859083, 0.06798475986334318, -0.3351952429060333, 2.9048057928916515], [0.0, -0.9800453261223946, -0.19877414003247348, 1.6], [0.0, 0.0, 0.0, 1.0]]}, "target_region": {"type": "circle", "params": {"center": [4.6288022, 2.0257043], "radius": 4.493042005762931, "object_center": [4.6288022, 2.0257043, 1.0786840000000002], "object_height": 2.1573678984768, "occupancy_ratio": 0.3, "fov_vertical": 90.0, "sample_distance": 4.493042005762931, "min_distance": 2.93490499587183}, "sample_point": [0.5497363046142372, 0.14191877965780342, 1.5], "sample_forward": [0.9038975757019662, 0.4174360524319863, -0.0933612059160996], "height": 1.5}, "sample_target": [0.5497363046142372, 0.14191877965780342, 1.5], "camera_params": {"forward": [0.9038975757019662, 0.4174360524319863, -0.0933612059160996]}, "task_type": "screen_occupancy", "task_description": "Position where cabinet occupies 30% of vertical FOV", "target_object": {"label": "cabinet", "id": "102", "bbox_min": [4.474473593118133, 0.5582518020640853, 5.076160005046404e-08], "bbox_max": [4.783130806881867, 3.493156797935915, 2.1573679492384], "center": [4.6288022, 2.0257043, 1.0786840000000002]}}
{"scene_id": "0257_840812", "object_label": "bed", "preset": "occupancy_20", "distance": 3.4399168386895966, "init_camera": {"intrinsics": [[320.0, 0.0, 320.0], [0.0, 320.0, 240.0], [0.0, 0.0, 1.0]], "extrinsics": [[0.1736481776669301, -0.347544158209078, 0.9214441754592069, -7.511022930857049], [-0.9848077530122081, -0.06128141207987171, 0.16247546935012275, -3.0167084886301345], [0.0, -0.9356589371283963, -0.3529055870509274, 1.1896605432587999], [0.0, 0.0, 0.0, 1.0]]}, "target_region": {"type": "circle", "params": {"center": [-5.82735957313442, -2.7198332122334277], "radius": 3.4399168386895966, "object_center": [-5.82735957313442, -2.7198332122334277, 0.5448312399999999], "object_height": 1.0896586065175997, "occupancy_ratio": 0.2, "fov_vertical": 90.0, "sample_distance": 3.4399168386895966, "min_distance": 2.046541823727928}, "sample_point": [-3.7586499061903305, 0.028524146443260623, 1.5], "sample_forward": [-0.5794596919295893, -0.7698336474270727, -0.2675492865211842], "height": 1.5}, "sample_target": [-3.7586499061903305, 0.028524146443260623, 1.5], "camera_params": {"forward": [-0.5794596919295893, -0.7698336474270727, -0.2675492865211842]}, "task_type": "screen_occupancy", "task_description": "Position where bed occupies 20% of vertical FOV", "target_object": {"label": "bed", "id": "249", "bbox_min": [-6.850630484998384, -3.7024296354894304, 1.9367411999837712e-06], "bbox_max": [-4.804088661270456, -1.7372367889774243, 1.0896605432587998], "center": [-5.82735957313442, -2.7198332122334272, 0.5448312399999999]}}
{"scene_id": "0257_840812", "object_label": "bed", "preset": "occupancy_30", "distance": 2.2693773716024013, "init_camera": {"intrinsics": [[320.0, 0.0, 320.0], [0.0, 320.0, 240.0], [0.0, 0.0, 1.0]], "extrinsics": [[0.1736481776669301, -0.347544158209078, 0.9214441754592069, -7.511022930857049], [-0.9848077530122081, -0.06128141207987171, 0.16247546935012275, -3.0167084886301345], [0.0, -0.9356589371283963, -0.3529055870509274, 1.1896605432587999], [0.0, 0.0, 0.0, 1.0]]}, "target_region": {"type": "circle", "params": {"center": [-5.82735957313442, -2.7198332122334277], "radius": 2.2693773716024013, "object_center": [-5.82735957313442, -2.7198332122334277, 0.5448312399999999], "object_height": 1.0896586065175997, "occupancy_ratio": 0.3, "fov_vertical": 90.0, "sample_distance": 2.2693773716024013, "min_distance": 2.046541823727928}, "sample_point": [-5.02343798583636, -4.842045203580472, 1.5], "sample_forward": [-0.3265056072358145, 0.8619175375632626, -0.38793330210804794], "height": 1.5}, "sample_target": [-5.02343798583636, -4.842045203580472, 1.5], "camera_params": {"forward": [-0.3265056072358145, 0.8619175375632626, -0.38793330210804794]}, "task_type": "screen_occupancy", "task_description": "Position where bed occupies 30% of vertical FOV", "target_object": {"label": "bed", "id": "249", "bbox_min": [-6.850630484998384, -3.7024296354894304, 1.9367411999837712e-06], "bbox_max": [-4.804088661270456, -1.7372367889774243, 1.0896605432587998], "center": [-5.82735957313442, -2.7198332122334272, 0.5448312399999999]}}
{"scene_id": "0257_840812", "object_label": "bed", "preset": "occupancy_20", "distance": 3.4399168386895966, "init_camera": {"intrinsics": [[320.0, 0.0, 320.0], [0.0, 320.0, 240.0], [0.0, 0.0, 1.0]], "extrinsics": [[-0.3420201433256687, -0.3316227759858754, 0.8792317987919402, -7.4338924505415775], [-0.9396926207859084, 0.1207008194635874, -0.320014203780597, -2.1351030644871885], [0.0, -0.9356589371283963, -0.3529055870509273, 1.1896605432587999], [0.0, 0.0, 0.0, 1.0]]}, "target_region": {"type": "circle", "params": {"center": [-5.82735957313442, -2.7198332122334277], "radius": 3.4399168386895966, "object_center": [-5.82735957313442, -2.7198332122334277, 0.5448312399999999], "object_height": 1.0896586065175997, "occupancy_ratio": 0.2, "fov_vertical": 90.0, "sample_distance": 3.4399168386895966, "min_distance": 2.046541823727928}, "sample_point": [-2.497081093050314, -1.858280484776238, 1.5], "sample_forward": [-0.932833723815838, -0.2413267970903397, -0.2675492865211842], "height": 1.5}, "sample_target": [-2.497081093050314, -1.858280484776238, 1.5], "camera_params": {"forward": [-0.932833723815838, -0.2413267970903397, -0.2675492865211842]}, "task_type": "screen_occupancy", "task_description": "Position where bed occupies 20% of vertical FOV", "target_object": {"label": "bed", "id": "249", "bbox_min": [-6.850630484998384, -3.7024296354894304, 1.9367411999837712e-06], "bbox_max": [-4.804088661270456, -1.7372367889774243, 1.0896605432587998], "center": [-5.82735957313442, -2.7198332122334272, 0.5448312399999999]}}
{"scene_id": "0257_840812", "object_label": "bed", "preset": "occupancy_30", "distance": 2.2693773716024013, "init_camera": {"intrinsics": [[320.0, 0.0, 320.0], [0.0, 320.0, 240.0], [0.0, 0.0, 1.0]], "extrinsics": [[-0.3420201433256687, -0.3316227759858754, 0.8792317987919402, -7.4338924505415775], [-0.9396926207859084, 0.1207008194635874, -0.320014203780597, -2.1351030644871885], [0.0, -0.9356589371283963, -0.3529055870509273, 1.1896605432587999], [0.0, 0.0, 0.0, 1.0]]}, "target_region": {"type": "circle", "params": {"center": [-5.82735957313442, -2.7198332122334277], "radius": 2.2693773716024013, "object_center": [-5.82735957313442, -2.7198332122334277, 0.5448312399999999], "object_height": 1.0896586065175997, "occupancy_ratio": 0.3, "fov_vertical": 90.0, "sample_distance": 2.2693773716024013, "min_distance": 2.046541823727928}, "sample_point": [-5.159117141687477, -0.551071881991001, 1.5], "sample_forward": [-0.2714007240353249, -0.8808231378140833, -0.38793330210804783], "height": 1.5}, "sample_target": [-5.159117141687477, -0.551071881991001, 1.5], "camera_params": {"forward": [-0.2714007240353249, -0.8808231378140833, -0.38793330210804783]}, "task_type": "screen_occupancy", "task_description": "Position where bed occupies 30% of vertical FOV", "target_object": {"label": "bed", "id": "249", "bbox_min": [-6.850630484998384, -3.7024296354894304, 1.9367411999837712e-06], "bbox_max": [-4.804088661270456, -1.7372367889774243, 1.0896605432587998], "center": [-5.82735957313442, -2.7198332122334272, 0.5448312399999999]}}
{"scene_id": "0257_840812", "object_label": "bed", "preset": "occupancy_20", "distance": 3.4399168386895966, "init_camera": {"intrinsics": [[320.0, 0.0, 320.0], [0.0, 320.0, 240.0], [0.0, 0.0, 1.0]], "extrinsics": [[0.4999999999999998, -0.3056252035235638, 0.8103044088311382, -7.30794828169095], [-0.8660254037844387, -0.17645279352546364, 0.46782946856419794, -3.57465150167766], [0.0, -0.9356589371283963, -0.3529055870509274, 1.1896605432587999], [0.0, 0.0, 0.0, 1.0]]}, "target_region": {"type": "circle", "params": {"center": [-5.82735957313442, -2.7198332122334277], "radius": 3.4399168386895966, "object_center": [-5.82735957313442, -2.7198332122334277, 0.5448312399999999], "object_height": 1.0896586065175997, "occupancy_ratio": 0.2, "fov_vertical": 90.0, "sample_distance": 3.4399168386895966, "min_distance": 2.046541823727928}, "sample_point": [-3.893900204339615, 0.1252964379441912, 1.5], "sample_forward": [-0.5415751606436013, -0.7969402265263454, -0.26754928652118426], "height": 1.5}, "sample_target": [-3.893900204339615, 0.1252964379441912, 1.5], "camera_params": {"forward": [-0.5415751606436013, -0.7969402265263454, -0.26754928652118426]}, "task_type": "screen_occupancy", "task_description": "Position where bed occupies 20% of vertical FOV", "target_object": {"label": "bed", "id": "249", "bbox_min": [-6.850630484998384, -3.7024296354894304, 1.9367411999837712e-06], "bbox_max": [-4.804088661270456, -1.7372367889774243, 1.0896605432587998], "center": [-5.82735957313442, -2.7198332122334272, 0.5448312399999999]}}
{"scene_id": "0257_840812", "object_label": "bed", "preset": "occupancy_20", "distance": 3.4399168386895966, "init_camera": {"intrinsics": [[320.0, 0.0, 320.0], [0.0, 320.0, 240.0], [0.0, 0.0, 1.0]], "extrinsics": [[-0.6427876096865396, -0.27034136390600366, 0.716756329441817, -7.137017174144869], [-0.7660444431189779, 0.22684333874549065, -0.60142997167861, -1.620900002257038], [0.0, -0.9356589371283963, -0.3529055870509274, 1.1896605432587999], [0.0, 0.0, 0.0, 1.0]]}, "target_region": {"type": "circle", "params": {"center": [-5.82735957313442, -2.7198332122334277], "radius": 3.4399168386895966, "object_center": [-5.82735957313442, -2.7198332122334277, 0.5448312399999999], "object_height": 1.0896586065175997, "occupancy_ratio": 0.2, "fov_vertical": 90.0, "sample_distance": 3.4399168386895966, "min_distance": 2.046541823727928}, "sample_point": [-9.260541867233336, -2.5046886269287105, 1.5], "sample_forward": [0.9616577842048846, -0.06026346621425634, -0.2675492865211842], "height": 1.5}, "sample_target": [-9.260541867233336, -2.5046886269287105, 1.5], "camera_params": {"forward": [0.9616577842048846, -0.06026346621425634, -0.2675492865211842]}, "task_type": "screen_occupancy", "task_description": "Position where bed occupies 20% of vertical FOV", "target_object": {"label": "bed", "id": "249", "bbox_min": [-6.850630484998384, -3.7024296354894304, 1.9367411999837712e-06], "bbox_max": [-4.804088661270456, -1.7372367889774243, 1.0896605432587998], "center": [-5.82735957313442, -2.7198332122334272, 0.5448312399999999]}}
{"scene_id": "0257_840812", "object_label": "bed", "preset": "occupancy_30", "distance": 2.2693773716024013, "init_camera": {"intrinsics": [[320.0, 0.0, 320.0], [0.0, 320.0, 240.0], [0.0, 0.0, 1.0]], "extrinsics": [[-0.6427876096865396, -0.27034136390600366, 0.716756329441817, -7.137017174144869], [-0.7660444431189779, 0.22684333874549065, -0.60142997167861, -1.620900002257038], [0.0, -0.9356589371283963, -0.3529055870509274, 1.1896605432587999], [0.0, 0.0, 0.0, 1.0]]}, "target_region": {"type": "circle", "params": {"center": [-5.82735957313442, -2.7198332122334277], "radius": 2.2693773716024013, "object_center": [-5.82735957313442, -2.7198332122334277, 0.5448312399999999], "object_height": 1.0896586065175997, "occupancy_ratio": 0.3, "fov_vertical": 90.0, "sample_distance": 2.2693773716024013, "min_distance": 2.046541823727928}, "sample_point": [-5.394068911284426, -0.4922037867915261, 1.5], "sample_forward": [-0.17597715112044704, -0.9047318914457904, -0.38793330210804783], "height": 1.5}, "sample_target": [-5.394068911284426, -0.4922037867915261, 1.5], "camera_params": {"forward": [-0.17597715112044704, -0.9047318914457904, -0.38793330210804783]}, "task_type": "screen_occupancy", "task_description": "Position where bed occupies 30% of vertical FOV", "target_object": {"label": "bed", "id": "249", "bbox_min": [-6.850630484998384, -3.7024296354894304, 1.9367411999837712e-06], "bbox_max": [-4.804088661270456, -1.7372367889774243, 1.0896605432587998], "center": [-5.82735957313442, -2.7198332122334272, 0.5448312399999999]}}
{"scene_id": "0257_840812", "object_label": "bed", "preset": "occupancy_20", "distance": 3.4399168386895966, "init_camera": {"intrinsics": [[320.0, 0.0, 320.0], [0.0, 320.0, 240.0], [0.0, 0.0, 1.0]], "extrinsics": [[0.49999999999999967, -0.2501727535764369, 0.8291040907919727, -7.678095458830083], [-0.8660254037844388, -0.14443730662126567, 0.4786834700049649, -3.788356074038718], [0.0, -0.9573669400099305, -0.2888746132425315, 1.1896605432587999], [0.0, 0.0, 0.0, 1.0]]}, "target_region": {"type": "circle", "params": {"center": [-5.82735957313442, -2.7198332122334277], "radius": 3.4399168386895966, "object_center": [-5.82735957313442, -2.7198332122334277, 0.5448312399999999], "object_height": 1.0896586065175997, "occupancy_ratio": 0.2, "fov_vertical": 90.0, "sample_distance": 3.4399168386895966, "min_distance": 2.046541823727928}, "sample_point": [-8.996302862608987, -4.0580507899069325, 1.5], "sample_forward": [0.8876426361819191, 0.3748438737848311, -0.2675492865211842], "height": 1.5}, "sample_target": [-8.996302862608987, -4.0580507899069325, 1.5], "camera_params": {"forward": [0.8876426361819191, 0.3748438737848311, -0.2675492865211842]}, "task_type": "screen_occupancy", "task_description": "Position where bed occupies 20% of vertical FOV", "target_object": {"label": "bed", "id": "249", "bbox_min": [-6.850630484998384, -3.7024296354894304, 1.9367411999837712e-06], "bbox_max": [-4.804088661270456, -1.7372367889774243, 1.0896605432587998], "center": [-5.82735957313442, -2.7198332122334272, 0.5448312399999999]}}
{"scene_id": "0257_840812", "object_label": "bed", "preset": "occupancy_30", "distance": 2.2693773716024013, "init_camera": {"intrinsics": [[320.0, 0.0, 320.0], [0.0, 320.0, 240.0], [0.0, 0.0, 1.0]], "extrinsics": [[0.49999999999999967, -0.2501727535764369, 0.8291040907919727, -7.678095458830083], [-0.8660254037844388, -0.14443730662126567, 0.4786834700049649, -3.788356074038718], [0.0, -0.9573669400099305, -0.2888746132425315, 1.1896605432587999], [0.0, 0.0, 0.0, 1.0]]}, "target_region": {"type": "circle", "params": {"center": [-5.82735957313442, -2.7198332122334277], "radius": 2.2693773716024013, "object_center": [-5.82735957313442, -2.7198332122334277, 0.5448312399999999], "object_height": 1.0896586065175997, "occupancy_ratio": 0.3, "fov_vertical": 90.0, "sample_distance": 2.2693773716024013, "min_distance": 2.046541823727928}, "sample_point": [-6.666079962336868, -4.828534652332788, 1.5], "sample_forward": [0.3406388313292958, 0.856430347258992, -0.38793330210804794], "height": 1.5}, "sample_target": [-6.666079962336868, -4.828534652332788, 1.5], "camera_params": {"forward": [0.3406388313292958, 0.856430347258992, -0.38793330210804794]}, "task_type": "screen_occupancy", "task_description": "Position where bed occupies 30% of vertical FOV", "target_object": {"label": "bed", "id": "249", "bbox_min": [-6.850630484998384, -3.7024296354894304, 1.9367411999837712e-06], "bbox_max": [-4.804088661270456, -1.7372367889774243, 1.0896605432587998], "center": [-5.82735957313442, -2.7198332122334272, 0.5448312399999999]}}
{"scene_id": "0257_840812", "object_label": "wardrobe", "preset": "occupancy_20", "distance": 7.832914084148742, "init_camera": {"intrinsics": [[320.0, 0.0, 320.0], [0.0, 320.0, 240.0], [0.0, 0.0, 1.0]], "extrinsics": [[0.9396926207859086, 0.05324997912937751, -0.33784940160259486, 1.9048540058883667], [0.3420201433256681, -0.14630311524439493, 0.9282336020793875, -3.289754194910171], [-0.0, -0.9878055669981347, -0.15569252328706681, 1.6], [0.0, 0.0, 0.0, 1.0]]}, "target_region": {"type": "circle", "params": {"center": [1.1249894, -1.1470938000000002], "radius": 7.832914084148742, "object_center": [1.1249894, -1.1470938000000002, 1.2406118], "object_height": 2.481223426656152, "occupancy_ratio": 0.2, "fov_vertical": 90.0, "sample_distance": 7.832914084148742, "min_distance": 2.481223426656152}, "sample_point": [2.0474546217132596, -8.925499868365499, 1.5], "sample_forward": [-0.11770330088912265, 0.9924971135520931, -0.033097017245792906], "height": 1.5}, "sample_target": [2.0474546217132596, -8.925499868365499, 1.5], "camera_params": {"forward": [-0.11770330088912265, 0.9924971135520931, -0.033097017245792906]}, "task_type": "screen_occupancy", "task_description": "Position where wardrobe occupies 20% of vertical FOV", "target_object": {"label": "wardrobe", "id": "250", "bbox_min": [0.12498941000000002, -1.4470938055750002, 8.667192378197797e-08], "bbox_max": [2.1249893899999996, -0.847093794425, 2.481223513328076], "center": [1.1249893999999998, -1.1470938000000002, 1.2406118]}}
{"scene_id": "0257_840812", "object_label": "wardrobe", "preset": "occupancy_30", "distance": 5.167519684296914, "init_camera": {"intrinsics": [[320.0, 0.0, 320.0], [0.0, 320.0, 240.0], [0.0, 0.0, 1.0]], "extrinsics": [[0.9396926207859086, 0.05324997912937751, -0.33784940160259486, 1.9048540058883667], [0.3420201433256681, -0.14630311524439493, 0.9282336020793875, -3.289754194910171], [-0.0, -0.9878055669981347, -0.15569252328706681, 1.6], [0.0, 0.0, 0.0, 1.0]]}, "target_region": {"type": "circle", "params": {"center": [1.1249894, -1.1470938000000002], "radius": 5.167519684296914, "object_center": [1.1249894, -1.1470938000000002, 1.2406118], "object_height": 2.481223426656152, "occupancy_ratio": 0.3, "fov_vertical": 90.0, "sample_distance": 5.167519684296914, "min_distance": 2.481223426656152}, "sample_point": [3.5575040621355587, -5.706274878449463, 1.5], "sample_forward": [-0.4701396560457629, 0.8811670726748247, -0.05013276221047241], "height": 1.5}, "sample_target": [3.5575040621355587, -5.706274878449463, 1.5], "camera_params": {"forward": [-0.4701396560457629, 0.8811670726748247, -0.05013276221047241]}, "task_type": "screen_occupancy", "task_description": "Position where wardrobe occupies 30% of vertical FOV", "target_object": {"label": "wardrobe", "id": "250", "bbox_min": [0.12498941000000002, -1.4470938055750002, 8.667192378197797e-08], "bbox_max": [2.1249893899999996, -0.847093794425, 2.481223513328076], "center": [1.1249893999999998, -1.1470938000000002, 1.2406118]}}
{"scene_id": "0257_840812", "object_label": "wardrobe", "preset": "occupancy_20", "distance": 7.832914084148742, "init_camera": {"intrinsics": [[320.0, 0.0, 320.0], [0.0, 320.0, 240.0], [0.0, 0.0, 1.0]], "extrinsics": [[0.9848077530122081, -0.027035722945165267, 0.17153063659847492, 0.7290417627565811], [-0.17364817766693033, -0.15332720401913716, 0.9727985808483831, -3.3926244366191893], [0.0, -0.9878055669981346, -0.15569252328706681, 1.6], [0.0, 0.0, 0.0, 1.0]]}, "target_region": {"type": "circle", "params": {"center": [1.1249894, -1.1470938000000002], "radius": 7.832914084148742, "object_center": [1.1249894, -1.1470938000000002, 1.2406118], "object_height": 2.481223426656152, "occupancy_ratio": 0.2, "fov_vertical": 90.0, "sample_distance": 7.832914084148742, "min_distance": 2.481223426656152}, "sample_point": [-2.8760103165787574, -7.881078082547178, 1.5], "sample_forward": [0.5105134181894921, 0.8592325862639943, -0.033097017245792906], "height": 1.5}, "sample_target": [-2.8760103165787574, -7.881078082547178, 1.5], "camera_params": {"forward": [0.5105134181894921, 0.8592325862639943, -0.033097017245792906]}, "task_type": "screen_occupancy", "task_description": "Position where wardrobe occupies 20% of vertical FOV", "target_object": {"label": "wardrobe", "id": "250", "bbox_min": [0.12498941000000002, -1.4470938055750002, 8.667192378197797e-08], "bbox_max": [2.1249893899999996, -0.847093794425, 2.481223513328076], "center": [1.1249893999999998, -1.1470938000000002, 1.2406118]}}
{"scene_id": "0257_840812", "object_label": "wardrobe", "preset": "occupancy_30", "distance": 5.167519684296914, "init_camera": {"intrinsics": [[320.0, 0.0, 320.0], [0.0, 320.0, 240.0], [0.0, 0.0, 1.0]], "extrinsics": [[0.9848077530122081, -0.027035722945165267, 0.17153063659847492, 0.7290417627565811], [-0.17364817766693033, -0.15332720401913716, 0.9727985808483831, -3.3926244366191893], [0.0, -0.9878055669981346, -0.15569252328706681, 1.6], [0.0, 0.0, 0.0, 1.0]]}, "target_region": {"type": "circle", "params": {"center": [1.1249894, -1.1470938000000002], "radius": 5.167519684296914, "object_center": [1.1249894, -1.1470938000000002, 1.2406118], "object_height": 2.481223426656152, "occupancy_ratio": 0.3, "fov_vertical": 90.0, "sample_distance": 5.167519684296914, "min_distance": 2.481223426656152}, "sample_point": [6.1814581531762, -0.08155007224932631, 1.5], "sample_forward": [-0.9772794044897427, -0.20594094229492657, -0.050132762210472415], "height": 1.5}, "sample_target": [6.1814581531762, -0.08155007224932631, 1.5], "camera_params": {"forward": [-0.9772794044897427, -0.20594094229492657, -0.050132762210472415]}, "task_type": "screen_occupancy", "task_description": "Position where wardrobe occupies 30% of vertical FOV", "target_object": {"label": "wardrobe", "id": "250", "bbox_min": [0.12498941000000002, -1.4470938055750002, 8.667192378197797e-08], "bbox_max": [2.1249893899999996, -0.847093794425, 2.481223513328076], "center": [1.1249893999999998, -1.1470938000000002, 1.2406118]}}
{"scene_id": "0257_840812", "object_label": "wardrobe", "preset": "occupancy_50", "distance": 2.9951016239555637, "init_camera": {"intrinsics": [[320.0, 0.0, 320.0], [0.0, 320.0, 240.0], [0.0, 0.0, 1.0]], "extrinsics": [[0.9848077530122081, -0.027035722945165267, 0.17153063659847492, 0.7290417627565811], [-0.17364817766693033, -0.15332720401913716, 0.9727985808483831, -3.3926244366191893], [0.0, -0.9878055669981346, -0.15569252328706681, 1.6], [0.0, 0.0, 0.0, 1.0]]}, "target_region": {"type": "circle", "params": {"center": [1.1249894, -1.1470938000000002], "radius": 2.9951016239555637, "object_center": [1.1249894, -1.1470938000000002, 1.2406118], "object_height": 2.481223426656152, "occupancy_ratio": 0.5, "fov_vertical": 90.0, "sample_distance": 2.9951016239555637, "min_distance": 2.481223426656152}, "sample_point": [-0.0321842312571885, 1.6154381771804103, 1.5], "sample_forward": [0.38491459521106774, -0.9189103942843778, -0.08628117795689468], "height": 1.5}, "sample_target": [-0.0321842312571885, 1.6154381771804103, 1.5], "camera_params": {"forward": [0.38491459521106774, -0.9189103942843778, -0.08628117795689468]}, "task_type": "screen_occupancy", "task_description": "Position where wardrobe occupies 50% of vertical FOV", "target_object": {"label": "wardrobe", "id": "250", "bbox_min": [0.12498941000000002, -1.4470938055750002, 8.667192378197797e-08], "bbox_max": [2.1249893899999996, -0.847093794425, 2.481223513328076], "center": [1.1249893999999998, -1.1470938000000002, 1.2406118]}}
