{"scene_id": "0236_840815", "object_label": "basin cabinet", "preset": "right", "distance": 1.5, "init_camera": {"intrinsics": [[320.0, 0.0, 320.0], [0.0, 320.0, 240.0], [0.0, 0.0, 1.0]], "extrinsics": [[-1.2489794531049476e-16, -0.39830945008773117, 0.9172511008283442, 5.831746195600057], [-1.0, 4.974803191371069e-17, -1.1456277782724965e-16, 0.12144887000000226], [0.0, -0.9172511008283442, -0.39830945008773117, 0.672], [0.0, 0.0, 0.0, 1.0]]}, "target_region": {"type": "circle", "params": {"center": [6.72065035, 0.12144887000000218], "radius": 1.5, "object_center": [6.72065035, 0.12144887000000218, 0.28600000000000003], "sample_distance": 1.5, "min_distance": 1.366594681885138, "requested_distance": 1.5}, "sample_point": [5.921368632941613, 1.3907592090330525, 1.5], "sample_forward": [0.4141969898801759, -0.6577712343855225, -0.6291087797743308], "height": 1.5}, "sample_target": [5.921368632941613, 1.3907592090330525, 1.5], "camera_params": {"forward": [0.4141969898801759, -0.6577712343855225, -0.6291087797743308]}, "task_type": "absolute_positioning", "task_description": "Move to any position 1.5m from basin cabinet", "target_object": {"label": "basin cabinet", "id": "82", "bbox_min": [6.445649870132125, -0.5618484709425668, 0.0], "bbox_max": [6.995650829867875, 0.8047462109425711, 0.5720000000000001], "center": [6.72065035, 0.12144887000000215, 0.28600000000000003]}}
{"scene_id": "0236_840815", "object_label": "basin cabinet", "preset": "occupancy_20", "distance": 1.8057329331970629, "init_camera": {"intrinsics": [[320.0, 0.0, 320.0], [0.0, 320.0, 240.0], [0.0, 0.0, 1.0]], "extrinsics": [[-1.2489794531049476e-16, -0.39830945008773117, 0.9172511008283442, 5.831746195600057], [-1.0, 4.974803191371069e-17, -1.1456277782724965e-16, 0.12144887000000226], [0.0, -0.9172511008283442, -0.39830945008773117, 0.672], [0.0, 0.0, 0.0, 1.0]]}, "target_region": {"type": "circle", "params": {"center": [6.72065035, 0.12144887000000218], "radius": 1.8057329331970629, "object_center": [6.72065035, 0.12144887000000218, 0.28600000000000003], "object_height": 0.5720000000000001, "occupancy_ratio": 0.2, "fov_vertical": 90.0, "sample_distance": 1.8057329331970629, "min_distance": 1.366594681885138}, "sample_point": [6.170370025756458, 1.8412927555846477, 1.5], "sample_forward": [0.25289976050526125, -0.7904118821051956, -0.557934375857326], "height": 1.5}, "sample_target": [6.170370025756458, 1.8412927555846477, 1.5], "camera_params": {"forward": [0.25289976050526125, -0.7904118821051956, -0.557934375857326]}, "task_type": "screen_occupancy", "task_description": "Position where basin cabinet occupies 20% of vertical FOV", "target_object": {"label": "basin cabinet", "id": "82", "bbox_min": [6.445649870132125, -0.5618484709425668, 0.0], "bbox_max": [6.995650829867875, 0.8047462109425711, 0.5720000000000001], "center": [6.72065035, 0.12144887000000215, 0.28600000000000003]}}
{"scene_id": "0236_840815", "object_label": "basin cabinet", "preset": "back", "distance": 1.5, "init_camera": {"intrinsics": [[320.0, 0.0, 320.0], [0.0, 320.0, 240.0], [0.0, 0.0, 1.0]], "extrinsics": [[-0.6427876096865398, -0.3051227408814824, 0.702655108734318, 6.03971026205655], [-0.7660444431189777, 0.256028379337453, -0.5895976425837985, 0.6928254466471759], [0.0, -0.9172511008283442, -0.3983094500877313, 0.672], [0.0, 0.0, 0.0, 1.0]]}, "target_region": {"type": "circle", "params": {"center": [6.72065035, 0.12144887000000218], "radius": 1.5, "object_center": [6.72065035, 0.12144887000000218, 0.28600000000000003], "sample_distance": 1.5, "min_distance": 1.366594681885138, "requested_distance": 1.5}, "sample_point": [5.240577716154959, -0.12224150433391368, 1.5], "sample_forward": [0.766990682582894, 0.12628315818777572, -0.6291087797743309], "height": 1.5}, "sample_target": [5.240577716154959, -0.12224150433391368, 1.5], "camera_params": {"forward": [0.766990682582894, 0.12628315818777572, -0.6291087797743309]}, "task_type": "absolute_positioning", "task_description": "Move to any position 1.5m from basin cabinet", "target_object": {"label": "basin cabinet", "id": "82", "bbox_min": [6.445649870132125, -0.5618484709425668, 0.0], "bbox_max": [6.995650829867875, 0.8047462109425711, 0.5720000000000001], "center": [6.72065035, 0.12144887000000215, 0.28600000000000003]}}
{"scene_id": "0236_840815", "object_label": "basin cabinet", "preset": "occupancy_20", "distance": 1.8057329331970629, "init_camera": {"intrinsics": [[320.0, 0.0, 320.0], [0.0, 320.0, 240.0], [0.0, 0.0, 1.0]], "extrinsics": [[-0.6427876096865398, -0.3051227408814824, 0.702655108734318, 6.03971026205655], [-0.7660444431189777, 0.256028379337453, -0.5895976425837985, 0.6928254466471759], [0.0, -0.9172511008283442, -0.3983094500877313, 0.672], [0.0, 0.0, 0.0, 1.0]]}, "target_region": {"type": "circle", "params": {"center": [6.72065035, 0.12144887000000218], "radius": 1.8057329331970629, "object_center": [6.72065035, 0.12144887000000218, 0.28600000000000003], "object_height": 0.5720000000000001, "occupancy_ratio": 0.2, "fov_vertical": 90.0, "sample_distance": 1.8057329331970629, "min_distance": 1.366594681885138}, "sample_point": [5.100407224140518, -0.675723406949945, 1.5], "sample_forward": [0.744637015785447, 0.36636722964648455, -0.557934375857326], "height": 1.5}, "sample_target": [5.100407224140518, -0.675723406949945, 1.5], "camera_params": {"forward": [0.744637015785447, 0.36636722964648455, -0.557934375857326]}, "task_type": "screen_occupancy", "task_description": "Position where basin cabinet occupies 20% of vertical FOV", "target_object": {"label": "basin cabinet", "id": "82", "bbox_min": [6.445649870132125, -0.5618484709425668, 0.0], "bbox_max": [6.995650829867875, 0.8047462109425711, 0.5720000000000001], "center": [6.72065035, 0.12144887000000215, 0.28600000000000003]}}
{"scene_id": "0236_840815", "object_label": "basin cabinet", "preset": "occupancy_30", "distance": 1.366594681885138, "init_camera": {"intrinsics": [[320.0, 0.0, 320.0], [0.0, 320.0, 240.0], [0.0, 0.0, 1.0]], "extrinsics": [[-0.6427876096865398, -0.3051227408814824, 0.702655108734318, 6.03971026205655], [-0.7660444431189777, 0.256028379337453, -0.5895976425837985, 0.6928254466471759], [0.0, -0.9172511008283442, -0.3983094500877313, 0.672], [0.0, 0.0, 0.0, 1.0]]}, "target_region": {"type": "circle", "params": {"center": [6.72065035, 0.12144887000000218], "radius": 1.366594681885138, "object_center": [6.72065035, 0.12144887000000218, 0.28600000000000003], "object_height": 0.5720000000000001, "occupancy_ratio": 0.3, "fov_vertical": 90.0, "sample_distance": 1.366594681885138, "min_distance": 1.366594681885138}, "sample_point": [8.053892836981607, -0.17862694619290273, 1.5], "sample_forward": [-0.7293674939643594, 0.16416034456824818, -0.6641343538918795], "height": 1.5}, "sample_target": [8.053892836981607, -0.17862694619290273, 1.5], "camera_params": {"forward": [-0.7293674939643594, 0.16416034456824818, -0.6641343538918795]}, "task_type": "screen_occupancy", "task_description": "Position where basin cabinet occupies 30% of vertical FOV", "target_object": {"label": "basin cabinet", "id": "82", "bbox_min": [6.445649870132125, -0.5618484709425668, 0.0], "bbox_max": [6.995650829867875, 0.8047462109425711, 0.5720000000000001], "center": [6.72065035, 0.12144887000000215, 0.28600000000000003]}}
{"scene_id": "0236_840815", "object_label": "basin cabinet", "preset": "right", "distance": 1.5, "init_camera": {"intrinsics": [[320.0, 0.0, 320.0], [0.0, 320.0, 240.0], [0.0, 0.0, 1.0]], "extrinsics": [[-0.3420201433256689, -0.374288451036734, 0.8619340908561461, 5.885353675524436], [-0.9396926207859083, 0.13622985520697417, -0.3137183529709378, 0.425471996290653], [0.0, -0.9172511008283442, -0.39830945008773117, 0.672], [0.0, 0.0, 0.0, 1.0]]}, "target_region": {"type": "circle", "params": {"center": [6.72065035, 0.12144887000000218], "radius": 1.5, "object_center": [6.72065035, 0.12144887000000218, 0.28600000000000003], "sample_distance": 1.5, "min_distance": 1.366594681885138, "requested_distance": 1.5}, "sample_point": [6.116699406696121, 1.4944904782851827, 1.5], "sample_forward": [0.3129743335959302, -0.7115259726257616, -0.6291087797743308], "height": 1.5}, "sample_target": [6.116699406696121, 1.4944904782851827, 1.5], "camera_params": {"forward": [0.3129743335959302, -0.7115259726257616, -0.6291087797743308]}, "task_type": "absolute_positioning", "task_description": "Move to any position 1.5m from basin cabinet", "target_object": {"label": "basin cabinet", "id": "82", "bbox_min": [6.445649870132125, -0.5618484709425668, 0.0], "bbox_max": [6.995650829867875, 0.8047462109425711, 0.5720000000000001], "center": [6.72065035, 0.12144887000000215, 0.28600000000000003]}}
{"scene_id": "0236_840815", "object_label": "basin cabinet", "preset": "occupancy_30", "distance": 1.366594681885138, "init_camera": {"intrinsics": [[320.0, 0.0, 320.0], [0.0, 320.0, 240.0], [0.0, 0.0, 1.0]], "extrinsics": [[-0.3420201433256689, -0.374288451036734, 0.8619340908561461, 5.885353675524436], [-0.9396926207859083, 0.13622985520697417, -0.3137183529709378, 0.425471996290653], [0.0, -0.9172511008283442, -0.39830945008773117, 0.672], [0.0, 0.0, 0.0, 1.0]]}, "target_region": {"type": "circle", "params": {"center": [6.72065035, 0.12144887000000218], "radius": 1.366594681885138, "object_center": [6.72065035, 0.12144887000000218, 0.28600000000000003], "object_height": 0.5720000000000001, "occupancy_ratio": 0.3, "fov_vertical": 90.0, "sample_distance": 1.366594681885138, "min_distance": 1.366594681885138}, "sample_point": [7.408135286117461, 1.3025269737544964, 1.5], "sample_forward": [-0.3760974990599424, -0.6461240060402281, -0.6641343538918792], "height": 1.5}, "sample_target": [7.408135286117461, 1.3025269737544964, 1.5], "camera_params": {"forward": [-0.3760974990599424, -0.6461240060402281, -0.6641343538918792]}, "task_type": "screen_occupancy", "task_description": "Position where basin cabinet occupies 30% of vertical FOV", "target_object": {"label": "basin cabinet", "id": "82", "bbox_min": [6.445649870132125, -0.5618484709425668, 0.0], "bbox_max": [6.995650829867875, 0.8047462109425711, 0.5720000000000001], "center": [6.72065035, 0.12144887000000215, 0.28600000000000003]}}
{"scene_id": "0236_840815", "object_label": "basin cabinet", "preset": "occupancy_20", "distance": 1.8057329331970629, "init_camera": {"intrinsics": [[320.0, 0.0, 320.0], [0.0, 320.0, 240.0], [0.0, 0.0, 1.0]], "extrinsics": [[-0.6427876096865396, -0.25138247911718997, 0.7236234780784551, 5.869475240070687], [-0.7660444431189778, 0.21093494551166453, -0.6071921935668526, 0.8356695908089693], [0.0, -0.9446233630155919, -0.3281565206499991, 0.672], [0.0, 0.0, 0.0, 1.0]]}, "target_region": {"type": "circle", "params": {"center": [6.72065035, 0.12144887000000218], "radius": 1.8057329331970629, "object_center": [6.72065035, 0.12144887000000218, 0.28600000000000003], "object_height": 0.5720000000000001, "occupancy_ratio": 0.2, "fov_vertical": 90.0, "sample_distance": 1.8057329331970629, "min_distance": 1.366594681885138}, "sample_point": [8.167000007462091, 1.202533554190727, 1.5], "sample_forward": [-0.6647184459699911, -0.49684868906331653, -0.5579343758573259], "height": 1.5}, "sample_target": [8.167000007462091, 1.202533554190727, 1.5], "camera_params": {"forward": [-0.6647184459699911, -0.49684868906331653, -0.5579343758573259]}, "task_type": "screen_occupancy", "task_description": "Position where basin cabinet occupies 20% of vertical FOV", "target_object": {"label": "basin cabinet", "id": "82", "bbox_min": [6.445649870132125, -0.5618484709425668, 0.0], "bbox_max": [6.995650829867875, 0.8047462109425711, 0.5720000000000001], "center": [6.72065035, 0.12144887000000215, 0.28600000000000003]}}
{"scene_id": "0236_840815", "object_label": "basin cabinet", "preset": "occupancy_30", "distance": 1.366594681885138, "init_camera": {"intrinsics": [[320.0, 0.0, 320.0], [0.0, 320.0, 240.0], [0.0, 0.0, 1.0]], "extrinsics": [[0.17364817766693008, -0.3231710857376301, 0.9302724115742205, 5.62640072132772], [-0.9848077530122081, -0.05698378180039269, 0.1640321255692645, -0.07149686316513965], [0.0, -0.944623363015592, -0.3281565206499993, 0.672], [0.0, 0.0, 0.0, 1.0]]}, "target_region": {"type": "circle", "params": {"center": [6.72065035, 0.12144887000000218], "radius": 1.366594681885138, "object_center": [6.72065035, 0.12144887000000218, 0.28600000000000003], "object_height": 0.5720000000000001, "occupancy_ratio": 0.3, "fov_vertical": 90.0, "sample_distance": 1.366594681885138, "min_distance": 1.366594681885138}, "sample_point": [6.588327499649274, 1.481622273589339, 1.5], "sample_forward": [0.072388921517966, -0.7441003991546313, -0.6641343538918792], "height": 1.5}, "sample_target": [6.588327499649274, 1.481622273589339, 1.5], "camera_params": {"forward": [0.072388921517966, -0.7441003991546313, -0.6641343538918792]}, "task_type": "screen_occupancy", "task_description": "Position where basin cabinet occupies 30% of vertical FOV", "target_object": {"label": "basin cabinet", "id": "82", "bbox_min": [6.445649870132125, -0.5618484709425668, 0.0], "bbox_max": [6.995650829867875, 0.8047462109425711, 0.5720000000000001], "center": [6.72065035, 0.12144887000000215, 0.28600000000000003]}}
{"scene_id": "0236_840815", "object_label": "toilet", "preset": "occupancy_20", "distance": 2.594951872531443, "init_camera": {"intrinsics": [[320.0, 0.0, 320.0], [0.0, 320.0, 240.0], [0.0, 0.0, 1.0]], "extrinsics": [[1.0, 0.0, 0.0, 5.194113], [-0.0, -0.538306153998303, 0.8427493604670105, 0.6711433], [0.0, -0.8427493604670105, -0.538306153998303, 0.922], [0.0, 0.0, 0.0, 1.0]]}, "target_region": {"type": "circle", "params": {"center": [5.194113, 1.4711432999999998], "radius": 2.594951872531443, "object_center": [5.194113, 1.4711432999999998, 0.41100000000000003], "object_height": 0.8220000000000001, "occupancy_ratio": 0.2, "fov_vertical": 90.0, "sample_distance": 2.594951872531443, "min_distance": 0.8220000000000001}, "sample_point": [4.074406780574318, -0.8698037739283901, 1.5], "sample_forward": [0.3978779107178278, 0.8318352749289704, -0.3869667214976768], "height": 1.5}, "sample_target": [4.074406780574318, -0.8698037739283901, 1.5], "camera_params": {"forward": [0.3978779107178278, 0.8318352749289704, -0.3869667214976768]}, "task_type": "screen_occupancy", "task_description": "Position where toilet occupies 20% of vertical FOV", "target_object": {"label": "toilet", "id": "83", "bbox_min": [5.009112932030805, 1.1186432643282243, 0.0], "bbox_max": [5.379113067969195, 1.8236433356717758, 0.8220000000000001], "center": [5.194113, 1.4711433, 0.41100000000000003]}}
{"scene_id": "0236_840815", "object_label": "toilet", "preset": "occupancy_30", "distance": 1.7119382055071617, "init_camera": {"intrinsics": [[320.0, 0.0, 320.0], [0.0, 320.0, 240.0], [0.0, 0.0, 1.0]], "extrinsics": [[1.0, 0.0, 0.0, 5.194113], [-0.0, -0.538306153998303, 0.8427493604670105, 0.6711433], [0.0, -0.8427493604670105, -0.538306153998303, 0.922], [0.0, 0.0, 0.0, 1.0]]}, "target_region": {"type": "circle", "params": {"center": [5.194113, 1.4711432999999998], "radius": 1.7119382055071617, "object_center": [5.194113, 1.4711432999999998, 0.41100000000000003], "object_height": 0.8220000000000001, "occupancy_ratio": 0.3, "fov_vertical": 90.0, "sample_distance": 1.7119382055071617, "min_distance": 0.8220000000000001}, "sample_point": [5.822999755651242, -0.12109847436767973, 1.5], "sample_forward": [-0.3099561771802056, 0.7847600050323279, -0.5367298228433871], "height": 1.5}, "sample_target": [5.822999755651242, -0.12109847436767973, 1.5], "camera_params": {"forward": [-0.3099561771802056, 0.7847600050323279, -0.5367298228433871]}, "task_type": "screen_occupancy", "task_description": "Position where toilet occupies 30% of vertical FOV", "target_object": {"label": "toilet", "id": "83", "bbox_min": [5.009112932030805, 1.1186432643282243, 0.0], "bbox_max": [5.379113067969195, 1.8236433356717758, 0.8220000000000001], "center": [5.194113, 1.4711433, 0.41100000000000003]}}
{"scene_id": "0236_840815", "object_label": "toilet", "preset": "occupancy_50", "distance": 0.9922417741353422, "init_camera": {"intrinsics": [[320.0, 0.0, 320.0], [0.0, 320.0, 240.0], [0.0, 0.0, 1.0]], "extrinsics": [[1.0, 0.0, 0.0, 5.194113], [-0.0, -0.538306153998303, 0.8427493604670105, 0.6711433], [0.0, -0.8427493604670105, -0.538306153998303, 0.922], [0.0, 0.0, 0.0, 1.0]]}, "target_region": {"type": "circle", "params": {"center": [5.194113, 1.4711432999999998], "radius": 0.9922417741353422, "object_center": [5.194113, 1.4711432999999998, 0.41100000000000003], "object_height": 0.8220000000000001, "occupancy_ratio": 0.5, "fov_vertical": 90.0, "sample_distance": 0.9922417741353422, "min_distance": 0.8220000000000001}, "sample_point": [4.214354941685252, 1.3142424220337936, 1.5], "sample_forward": [0.6650318984081196, 0.10649985254037707, -0.7391822207741272], "height": 1.5}, "sample_target": [4.214354941685252, 1.3142424220337936, 1.5], "camera_params": {"forward": [0.6650318984081196, 0.10649985254037707, -0.7391822207741272]}, "task_type": "screen_occupancy", "task_description": "Position where toilet occupies 50% of vertical FOV", "target_object": {"label": "toilet", "id": "83", "bbox_min": [5.009112932030805, 1.1186432643282243, 0.0], "bbox_max": [5.379113067969195, 1.8236433356717758, 0.8220000000000001], "center": [5.194113, 1.4711433, 0.41100000000000003]}}
{"scene_id": "0236_840815", "object_label": "toilet", "preset": "occupancy_20", "distance": 2.594951872531443, "init_camera": {"intrinsics": [[320.0, 0.0, 320.0], [0.0, 320.0, 240.0], [0.0, 0.0, 1.0]], "extrinsics": [[1.0, 0.0, 0.0, 5.194113], [-0.0, -0.455032609775309, 0.8904747745113678, 0.47114330000000004], [0.0, -0.8904747745113679, -0.45503260977530896, 0.922], [0.0, 0.0, 0.0, 1.0]]}, "target_region": {"type": "circle", "params": {"center": [5.194113, 1.4711432999999998], "radius": 2.594951872531443, "object_center": [5.194113, 1.4711432999999998, 0.41100000000000003], "object_height": 0.8220000000000001, "occupancy_ratio": 0.2, "fov_vertical": 90.0, "sample_distance": 2.594951872531443, "min_distance": 0.8220000000000001}, "sample_point": [2.6205010180428987, 1.8032525999018307, 1.5], "sample_forward": [0.9145107355969493, -0.11801216433599655, -0.38696672149767686], "height": 1.5}, "sample_target": [2.6205010180428987, 1.8032525999018307, 1.5], "camera_params": {"forward": [0.9145107355969493, -0.11801216433599655, -0.38696672149767686]}, "task_type": "screen_occupancy", "task_description": "Position where toilet occupies 20% of vertical FOV", "target_object": {"label": "toilet", "id": "83", "bbox_min": [5.009112932030805, 1.1186432643282243, 0.0], "bbox_max": [5.379113067969195, 1.8236433356717758, 0.8220000000000001], "center": [5.194113, 1.4711433, 0.41100000000000003]}}
{"scene_id": "0236_840815", "object_label": "toilet", "preset": "occupancy_30", "distance": 1.7119382055071617, "init_camera": {"intrinsics": [[320.0, 0.0, 320.0], [0.0, 320.0, 240.0], [0.0, 0.0, 1.0]], "extrinsics": [[1.0, 0.0, 0.0, 5.194113], [-0.0, -0.455032609775309, 0.8904747745113678, 0.47114330000000004], [0.0, -0.8904747745113679, -0.45503260977530896, 0.922], [0.0, 0.0, 0.0, 1.0]]}, "target_region": {"type": "circle", "params": {"center": [5.194113, 1.4711432999999998], "radius": 1.7119382055071617, "object_center": [5.194113, 1.4711432999999998, 0.41100000000000003], "object_height": 0.8220000000000001, "occupancy_ratio": 0.3, "fov_vertical": 90.0, "sample_distance": 1.7119382055071617, "min_distance": 0.8220000000000001}, "sample_point": [3.558402627356932, 1.9763006975534332, 1.5], "sample_forward": [0.8061841492486728, -0.24897432552514306, -0.5367298228433871], "height": 1.5}, "sample_target": [3.558402627356932, 1.9763006975534332, 1.5], "camera_params": {"forward": [0.8061841492486728, -0.24897432552514306, -0.5367298228433871]}, "task_type": "screen_occupancy", "task_description": "Position where toilet occupies 30% of vertical FOV", "target_object": {"label": "toilet", "id": "83", "bbox_min": [5.009112932030805, 1.1186432643282243, 0.0], "bbox_max": [5.379113067969195, 1.8236433356717758, 0.8220000000000001], "center": [5.194113, 1.4711433, 0.41100000000000003]}}
{"scene_id": "0236_840815", "object_label": "toilet", "preset": "back", "distance": 1.5, "init_camera": {"intrinsics": [[320.0, 0.0, 320.0], [0.0, 320.0, 240.0], [0.0, 0.0, 1.0]], "extrinsics": [[0.9848077530122081, 0.09347588266869891, -0.14634189067506675, 5.3330315421335435], [0.1736481776669296, -0.5301280739517126, 0.829946104033992, 0.6832970975902335], [-0.0, -0.8427493604670107, -0.538306153998303, 0.922], [0.0, 0.0, 0.0, 1.0]]}, "target_region": {"type": "circle", "params": {"center": [5.194113, 1.4711432999999998], "radius": 1.5, "object_center": [5.194113, 1.4711432999999998, 0.41100000000000003], "sample_distance": 1.5, "min_distance": 0.8220000000000001, "requested_distance": 1.5}, "sample_point": [3.9540550231244618, 2.315096032081215, 1.5], "sample_forward": [0.6689912006468711, -0.45529883445190455, -0.5874978679142546], "height": 1.5}, "sample_target": [3.9540550231244618, 2.315096032081215, 1.5], "camera_params": {"forward": [0.6689912006468711, -0.45529883445190455, -0.5874978679142546]}, "task_type": "absolute_positioning", "task_description": "Move to any position 1.5m from toilet", "target_object": {"label": "toilet", "id": "83", "bbox_min": [5.009112932030805, 1.1186432643282243, 0.0], "bbox_max": [5.379113067969195, 1.8236433356717758, 0.8220000000000001], "center": [5.194113, 1.4711433, 0.41100000000000003]}}
{"scene_id": "0236_840815", "object_label": "toilet", "preset": "occupancy_20", "distance": 2.594951872531443, "init_camera": {"intrinsics": [[320.0, 0.0, 320.0], [0.0, 320.0, 240.0], [0.0, 0.0, 1.0]], "extrinsics": [[0.9848077530122081, 0.09347588266869891, -0.14634189067506675, 5.3330315421335435], [0.1736481776669296, -0.5301280739517126, 0.829946104033992, 0.6832970975902335], [-0.0, -0.8427493604670107, -0.538306153998303, 0.922], [0.0, 0.0, 0.0, 1.0]]}, "target_region": {"type": "circle", "params": {"center": [5.194113, 1.4711432999999998], "radius": 2.594951872531443, "object_center": [5.194113, 1.4711432999999998, 0.41100000000000003], "object_height": 0.8220000000000001, "occupancy_ratio": 0.2, "fov_vertical": 90.0, "sample_distance": 2.594951872531443, "min_distance": 0.8220000000000001}, "sample_point": [3.6906356967920346, -0.6438818108421736, 1.5], "sample_forward": [0.5342476426708493, 0.7515558613662594, -0.38696672149767686], "height": 1.5}, "sample_target": [3.6906356967920346, -0.6438818108421736, 1.5], "camera_params": {"forward": [0.5342476426708493, 0.7515558613662594, -0.38696672149767686]}, "task_type": "screen_occupancy", "task_description": "Position where toilet occupies 20% of vertical FOV", "target_object": {"label": "toilet", "id": "83", "bbox_min": [5.009112932030805, 1.1186432643282243, 0.0], "bbox_max": [5.379113067969195, 1.8236433356717758, 0.8220000000000001], "center": [5.194113, 1.4711433, 0.41100000000000003]}}
{"scene_id": "0236_840815", "object_label": "toilet", "preset": "occupancy_30", "distance": 1.7119382055071617, "init_camera": {"intrinsics": [[320.0, 0.0, 320.0], [0.0, 320.0, 240.0], [0.0, 0.0, 1.0]], "extrinsics": [[0.9848077530122081, 0.09347588266869891, -0.14634189067506675, 5.3330315421335435], [0.1736481776669296, -0.5301280739517126, 0.829946104033992, 0.6832970975902335], [-0.0, -0.8427493604670107, -0.538306153998303, 0.922], [0.0, 0.0, 0.0, 1.0]]}, "target_region": {"type": "circle", "params": {"center": [5.194113, 1.4711432999999998], "radius": 1.7119382055071617, "object_center": [5.194113, 1.4711432999999998, 0.41100000000000003], "object_height": 0.8220000000000001, "occupancy_ratio": 0.3, "fov_vertical": 90.0, "sample_distance": 1.7119382055071617, "min_distance": 0.8220000000000001}, "sample_point": [6.6934076608594975, 0.6447971622385388, 1.5], "sample_forward": [-0.7389496397733284, 0.40727696614143827, -0.5367298228433872], "height": 1.5}, "sample_target": [6.6934076608594975, 0.6447971622385388, 1.5], "camera_params": {"forward": [-0.7389496397733284, 0.40727696614143827, -0.5367298228433872]}, "task_type": "screen_occupancy", "task_description": "Position where toilet occupies 30% of vertical FOV", "target_object": {"label": "toilet", "id": "83", "bbox_min": [5.009112932030805, 1.1186432643282243, 0.0], "bbox_max": [5.379113067969195, 1.8236433356717758, 0.8220000000000001], "center": [5.194113, 1.4711433, 0.41100000000000003]}}
{"scene_id": "0236_840815", "object_label": "toilet", "preset": "occupancy_50", "distance": 0.9922417741353422, "init_camera": {"intrinsics": [[320.0, 0.0, 320.0], [0.0, 320.0, 240.0], [0.0, 0.0, 1.0]], "extrinsics": [[0.9848077530122081, 0.09347588266869891, -0.14634189067506675, 5.3330315421335435], [0.1736481776669296, -0.5301280739517126, 0.829946104033992, 0.6832970975902335], [-0.0, -0.8427493604670107, -0.538306153998303, 0.922], [0.0, 0.0, 0.0, 1.0]]}, "target_region": {"type": "circle", "params": {"center": [5.194113, 1.4711432999999998], "radius": 0.9922417741353422, "object_center": [5.194113, 1.4711432999999998, 0.41100000000000003], "object_height": 0.8220000000000001, "occupancy_ratio": 0.5, "fov_vertical": 90.0, "sample_distance": 0.9922417741353422, "min_distance": 0.8220000000000001}, "sample_point": [6.12682493070355, 1.8096579860366728, 1.5], "sample_forward": [-0.6330983253259632, -0.22977413901675334, -0.7391822207741272], "height": 1.5}, "sample_target": [6.12682493070355, 1.8096579860366728, 1.5], "camera_params": {"forward": [-0.6330983253259632, -0.22977413901675334, -0.7391822207741272]}, "task_type": "screen_occupancy", "task_description": "Position where toilet occupies 50% of vertical FOV", "target_object": {"label": "toilet", "id": "83", "bbox_min": [5.009112932030805, 1.1186432643282243, 0.0], "bbox_max": [5.379113067969195, 1.8236433356717758, 0.8220000000000001], "center": [5.194113, 1.4711433, 0.41100000000000003]}}
{"scene_id": "0236_840815", "object_label": "toilet", "preset": "occupancy_20", "distance": 2.594951872531443, "init_camera": {"intrinsics": [[320.0, 0.0, 320.0], [0.0, 320.0, 240.0], [0.0, 0.0, 1.0]], "extrinsics": [[0.9848077530122081, -0.07901558346650975, 0.15462932185226952, 5.02046482233307], [-0.17364817766693014, -0.44811964198010296, 0.8769464618005928, 0.486335546987792], [0.0, -0.8904747745113678, -0.45503260977530896, 0.922], [0.0, 0.0, 0.0, 1.0]]}, "target_region": {"type": "circle", "params": {"center": [5.194113, 1.4711432999999998], "radius": 2.594951872531443, "object_center": [5.194113, 1.4711432999999998, 0.41100000000000003], "object_height": 0.8220000000000001, "occupancy_ratio": 0.2, "fov_vertical": 90.0, "sample_distance": 2.594951872531443, "min_distance": 0.8220000000000001}, "sample_point": [6.514388414885465, -0.7628325390822976, 1.5], "sample_forward": [-0.46914843780735865, 0.7938239727775008, -0.38696672149767686], "height": 1.5}, "sample_target": [6.514388414885465, -0.7628325390822976, 1.5], "camera_params": {"forward": [-0.46914843780735865, 0.7938239727775008, -0.38696672149767686]}, "task_type": "screen_occupancy", "task_description": "Position where toilet occupies 20% of vertical FOV", "target_object": {"label": "toilet", "id": "83", "bbox_min": [5.009112932030805, 1.1186432643282243, 0.0], "bbox_max": [5.379113067969195, 1.8236433356717758, 0.8220000000000001], "center": [5.194113, 1.4711433, 0.41100000000000003]}}
{"scene_id": "0236_840815", "object_label": "toilet", "preset": "occupancy_50", "distance": 0.9922417741353422, "init_camera": {"intrinsics": [[320.0, 0.0, 320.0], [0.0, 320.0, 240.0], [0.0, 0.0, 1.0]], "extrinsics": [[0.9848077530122081, -0.07901558346650975, 0.15462932185226952, 5.02046482233307], [-0.17364817766693014, -0.44811964198010296, 0.8769464618005928, 0.486335546987792], [0.0, -0.8904747745113678, -0.45503260977530896, 0.922], [0.0, 0.0, 0.0, 1.0]]}, "target_region": {"type": "circle", "params": {"center": [5.194113, 1.4711432999999998], "radius": 0.9922417741353422, "object_center": [5.194113, 1.4711432999999998, 0.41100000000000003], "object_height": 0.8220000000000001, "occupancy_ratio": 0.5, "fov_vertical": 90.0, "sample_distance": 0.9922417741353422, "min_distance": 0.8220000000000001}, "sample_point": [6.178093134119316, 1.3433667998218217, 1.5], "sample_forward": [-0.667897723357153, 0.08673105341088276, -0.7391822207741271], "height": 1.5}, "sample_target": [6.178093134119316, 1.3433667998218217, 1.5], "camera_params": {"forward": [-0.667897723357153, 0.08673105341088276, -0.7391822207741271]}, "task_type": "screen_occupancy", "task_description": "Position where toilet occupies 50% of vertical FOV", "target_object": {"label": "toilet", "id": "83", "bbox_min": [5.009112932030805, 1.1186432643282243, 0.0], "bbox_max": [5.379113067969195, 1.8236433356717758, 0.8220000000000001], "center": [5.194113, 1.4711433, 0.41100000000000003]}}
{"scene_id": "0236_840815", "object_label": "toilet", "preset": "occupancy_20", "distance": 2.594951872531443, "init_camera": {"intrinsics": [[320.0, 0.0, 320.0], [0.0, 320.0, 240.0], [0.0, 0.0, 1.0]], "extrinsics": [[0.8660254037844387, 0.22751630488765448, -0.4452373872556839, 5.694113], [0.5, -0.3940697996157489, 0.7711737761560643, 0.6051178962155614], [-0.0, -0.8904747745113679, -0.45503260977530896, 0.922], [0.0, 0.0, 0.0, 1.0]]}, "target_region": {"type": "circle", "params": {"center": [5.194113, 1.4711432999999998], "radius": 2.594951872531443, "object_center": [5.194113, 1.4711432999999998, 0.41100000000000003], "object_height": 0.8220000000000001, "occupancy_ratio": 0.2, "fov_vertical": 90.0, "sample_distance": 2.594951872531443, "min_distance": 0.8220000000000001}, "sample_point": [2.732023313393515, 0.6514545811192136, 1.5], "sample_forward": [0.8748822534980295, 0.291269289434278, -0.38696672149767686], "height": 1.5}, "sample_target": [2.732023313393515, 0.6514545811192136, 1.5], "camera_params": {"forward": [0.8748822534980295, 0.291269289434278, -0.38696672149767686]}, "task_type": "screen_occupancy", "task_description": "Position where toilet occupies 20% of vertical FOV", "target_object": {"label": "toilet", "id": "83", "bbox_min": [5.009112932030805, 1.1186432643282243, 0.0], "bbox_max": [5.379113067969195, 1.8236433356717758, 0.8220000000000001], "center": [5.194113, 1.4711433, 0.41100000000000003]}}
{"scene_id": "0236_840815", "object_label": "toilet", "preset": "occupancy_30", "distance": 1.7119382055071617, "init_camera": {"intrinsics": [[320.0, 0.0, 320.0], [0.0, 320.0, 240.0], [0.0, 0.0, 1.0]], "extrinsics": [[0.8660254037844387, 0.22751630488765448, -0.4452373872556839, 5.694113], [0.5, -0.3940697996157489, 0.7711737761560643, 0.6051178962155614], [-0.0, -0.8904747745113679, -0.45503260977530896, 0.922], [0.0, 0.0, 0.0, 1.0]]}, "target_region": {"type": "circle", "params": {"center": [5.194113, 1.4711432999999998], "radius": 1.7119382055071617, "object_center": [5.194113, 1.4711432999999998, 0.41100000000000003], "object_height": 0.8220000000000001, "occupancy_ratio": 0.3, "fov_vertical": 90.0, "sample_distance": 1.7119382055071617, "min_distance": 0.8220000000000001}, "sample_point": [5.862127222230473, 3.047369622065742, 1.5], "sample_forward": [-0.3292407301695364, -0.7768665515183009, -0.5367298228433872], "height": 1.5}, "sample_target": [5.862127222230473, 3.047369622065742, 1.5], "camera_params": {"forward": [-0.3292407301695364, -0.7768665515183009, -0.5367298228433872]}, "task_type": "screen_occupancy", "task_description": "Position where toilet occupies 30% of vertical FOV", "target_object": {"label": "toilet", "id": "83", "bbox_min": [5.009112932030805, 1.1186432643282243, 0.0], "bbox_max": [5.379113067969195, 1.8236433356717758, 0.8220000000000001], "center": [5.194113, 1.4711433, 0.41100000000000003]}}
{"scene_id": "0236_840815", "object_label": "display cabinet", "preset": "occupancy_20", "distance": 7.892190058918342, "init_camera": {"intrinsics": [[320.0, 0.0, 320.0], [0.0, 320.0, 240.0], [0.0, 0.0, 1.0]], "extrinsics": [[-0.34202014332566877, 0.16439502016630786, -0.9252007884259547, 0.2707353453257335], [0.9396926207859084, 0.05983489400212814, -0.33674554770666987, 5.320951803587735], [0.0, -0.9845781141200902, -0.17494552636671415, 1.6], [0.0, 0.0, 0.0, 1.0]]}, "target_region": {"type": "circle", "params": {"center": [-1.5802424000000004, 4.647251000000001], "radius": 7.892190058918342, "object_center": [-1.5802424000000004, 4.647251000000001, 1.25], "object_height": 2.500000210833301, "occupancy_ratio": 0.2, "fov_vertical": 90.0, "sample_distance": 7.892190058918342, "min_distance": 2.500000210833301}, "sample_point": [-3.234764494548841, 12.364065146054006, 1.5], "sample_forward": [0.20953532693863822, -0.9772883543504729, -0.031661004653397336], "height": 1.5}, "sample_target": [-3.234764494548841, 12.364065146054006, 1.5], "camera_params": {"forward": [0.20953532693863822, -0.9772883543504729, -0.031661004653397336]}, "task_type": "screen_occupancy", "task_description": "Position where display cabinet occupies 20% of vertical FOV", "target_object": {"label": "display cabinet", "id": "84", "bbox_min": [-2.7919048077987254, 4.460044823391719, -1.054166505127796e-07], "bbox_max": [-0.368579992201275, 4.834457176608282, 2.5000001054166505], "center": [-1.5802424000000002, 4.647251000000001, 1.25]}}
{"scene_id": "0236_840815", "object_label": "display cabinet", "preset": "occupancy_30", "distance": 5.206625151704972, "init_camera": {"intrinsics": [[320.0, 0.0, 320.0], [0.0, 320.0, 240.0], [0.0, 0.0, 1.0]], "extrinsics": [[-0.34202014332566877, 0.16439502016630786, -0.9252007884259547, 0.2707353453257335], [0.9396926207859084, 0.05983489400212814, -0.33674554770666987, 5.320951803587735], [0.0, -0.9845781141200902, -0.17494552636671415, 1.6], [0.0, 0.0, 0.0, 1.0]]}, "target_region": {"type": "circle", "params": {"center": [-1.5802424000000004, 4.647251000000001], "radius": 5.206625151704972, "object_center": [-1.5802424000000004, 4.647251000000001, 1.25], "object_height": 2.500000210833301, "occupancy_ratio": 0.3, "fov_vertical": 90.0, "sample_distance": 5.206625151704972, "min_distance": 2.500000210833301}, "sample_point": [-0.6920544697563206, 9.777559730567418, 1.5], "sample_forward": [-0.17039172350942722, -0.9842085407499427, -0.047960492849379074], "height": 1.5}, "sample_target": [-0.6920544697563206, 9.777559730567418, 1.5], "camera_params": {"forward": [-0.17039172350942722, -0.9842085407499427, -0.047960492849379074]}, "task_type": "screen_occupancy", "task_description": "Position where display cabinet occupies 30% of vertical FOV", "target_object": {"label": "display cabinet", "id": "84", "bbox_min": [-2.7919048077987254, 4.460044823391719, -1.054166505127796e-07], "bbox_max": [-0.368579992201275, 4.834457176608282, 2.5000001054166505], "center": [-1.5802424000000002, 4.647251000000001, 1.25]}}
{"scene_id": "0236_840815", "object_label": "display cabinet", "preset": "occupancy_20", "distance": 7.892190058918342, "init_camera": {"intrinsics": [[320.0, 0.0, 320.0], [0.0, 320.0, 240.0], [0.0, 0.0, 1.0]], "extrinsics": [[0.17364817766693044, 0.1722877107207418, -0.9696201602316034, 0.3596017510855951], [0.984807753012208, -0.030378971844561852, 0.17097019528769675, 4.305204137794102], [-0.0, -0.9845781141200902, -0.17494552636671418, 1.6], [0.0, 0.0, 0.0, 1.0]]}, "target_region": {"type": "circle", "params": {"center": [-1.5802424000000004, 4.647251000000001], "radius": 7.892190058918342, "object_center": [-1.5802424000000004, 4.647251000000001, 1.25], "object_height": 2.500000210833301, "occupancy_ratio": 0.2, "fov_vertical": 90.0, "sample_distance": 7.892190058918342, "min_distance": 2.500000210833301}, "sample_point": [1.943047271526114, -2.4148374883019486, 1.5], "sample_forward": [-0.4462035627418202, 0.894371265963327, -0.03166100465339733], "height": 1.5}, "sample_target": [1.943047271526114, -2.4148374883019486, 1.5], "camera_params": {"forward": [-0.4462035627418202, 0.894371265963327, -0.03166100465339733]}, "task_type": "screen_occupancy", "task_description": "Position where display cabinet occupies 20% of vertical FOV", "target_object": {"label": "display cabinet", "id": "84", "bbox_min": [-2.7919048077987254, 4.460044823391719, -1.054166505127796e-07], "bbox_max": [-0.368579992201275, 4.834457176608282, 2.5000001054166505], "center": [-1.5802424000000002, 4.647251000000001, 1.25]}}
{"scene_id": "0236_840815", "object_label": "display cabinet", "preset": "occupancy_30", "distance": 5.206625151704972, "init_camera": {"intrinsics": [[320.0, 0.0, 320.0], [0.0, 320.0, 240.0], [0.0, 0.0, 1.0]], "extrinsics": [[0.17364817766693044, 0.1722877107207418, -0.9696201602316034, 0.3596017510855951], [0.984807753012208, -0.030378971844561852, 0.17097019528769675, 4.305204137794102], [-0.0, -0.9845781141200902, -0.17494552636671418, 1.6], [0.0, 0.0, 0.0, 1.0]]}, "target_region": {"type": "circle", "params": {"center": [-1.5802424000000004, 4.647251000000001], "radius": 5.206625151704972, "object_center": [-1.5802424000000004, 4.647251000000001, 1.25], "object_height": 2.500000210833301, "occupancy_ratio": 0.3, "fov_vertical": 90.0, "sample_distance": 5.206625151704972, "min_distance": 2.500000210833301}, "sample_point": [-6.113210625581565, 2.0857778816099715, 1.5], "sample_forward": [0.8696135606778687, 0.49139805271368686, -0.047960492849379074], "height": 1.5}, "sample_target": [-6.113210625581565, 2.0857778816099715, 1.5], "camera_params": {"forward": [0.8696135606778687, 0.49139805271368686, -0.047960492849379074]}, "task_type": "screen_occupancy", "task_description": "Position where display cabinet occupies 30% of vertical FOV", "target_object": {"label": "display cabinet", "id": "84", "bbox_min": [-2.7919048077987254, 4.460044823391719, -1.054166505127796e-07], "bbox_max": [-0.368579992201275, 4.834457176608282, 2.5000001054166505], "center": [-1.5802424000000002, 4.647251000000001, 1.25]}}
{"scene_id": "0236_840815", "object_label": "display cabinet", "preset": "occupancy_50", "distance": 3.017767207464676, "init_camera": {"intrinsics": [[320.0, 0.0, 320.0], [0.0, 320.0, 240.0], [0.0, 0.0, 1.0]], "extrinsics": [[0.17364817766693044, 0.1722877107207418, -0.9696201602316034, 0.3596017510855951], [0.984807753012208, -0.030378971844561852, 0.17097019528769675, 4.305204137794102], [-0.0, -0.9845781141200902, -0.17494552636671418, 1.6], [0.0, 0.0, 0.0, 1.0]]}, "target_region": {"type": "circle", "params": {"center": [-1.5802424000000004, 4.647251000000001], "radius": 3.017767207464676, "object_center": [-1.5802424000000004, 4.647251000000001, 1.25], "object_height": 2.500000210833301, "occupancy_ratio": 0.5, "fov_vertical": 90.0, "sample_distance": 3.017767207464676, "min_distance": 2.500000210833301}, "sample_point": [1.184359798943282, 3.437336292242831, 1.5], "sample_forward": [-0.9129810048067275, 0.39956169681149883, -0.08255988919090217], "height": 1.5}, "sample_target": [1.184359798943282, 3.437336292242831, 1.5], "camera_params": {"forward": [-0.9129810048067275, 0.39956169681149883, -0.08255988919090217]}, "task_type": "screen_occupancy", "task_description": "Position where display cabinet occupies 50% of vertical FOV", "target_object": {"label": "display cabinet", "id": "84", "bbox_min": [-2.7919048077987254, 4.460044823391719, -1.054166505127796e-07], "bbox_max": [-0.368579992201275, 4.834457176608282, 2.5000001054166505], "center": [-1.5802424000000002, 4.647251000000001, 1.25]}}
