{"scene_id": "0369_840232", "object_label": "ceiling combination", "preset": "right", "distance": 2.4000000007868056, "init_camera": {"intrinsics": [[320.0, 0.0, 320.0], [0.0, 320.0, 240.0], [0.0, 0.0, 1.0]], "extrinsics": [[-0.49999999999999994, 0.20572460395447262, -0.8412356312756702, -2.3665895635343235], [0.8660254037844387, 0.11877515547204388, -0.48568761816891287, 2.6838269541953648], [0.0, -0.971375236337826, -0.23755031094408777, 1.6], [0.0, 0.0, 0.0, 1.0]]}, "target_region": {"type": "circle", "params": {"center": [-3.7831074000000005, 1.866], "radius": 2.4000000007868056, "object_center": [-3.7831074000000005, 1.866, 1.2000000000000002], "sample_distance": 2.4000000007868056, "min_distance": 2.4000000007868056, "requested_distance": 1.0}, "sample_point": [-4.070134977036679, 4.248774679611381, 1.5], "sample_forward": [0.1186712977534537, -0.985156082920279, -0.12403473454917095], "height": 1.5}, "sample_target": [-4.070134977036679, 4.248774679611381, 1.5], "camera_params": {"forward": [0.1186712977534537, -0.985156082920279, -0.12403473454917095]}, "task_type": "absolute_positioning", "task_description": "Move to any position 2.4m from ceiling combination", "target_object": {"label": "ceiling combination", "id": "118", "bbox_min": [-4.5650073743093635, 1.6159998992131905, -3.9340284274658187e-10], "bbox_max": [-3.0012074256906374, 2.1160001007868097, 2.400000000393403], "center": [-3.7831074000000005, 1.866, 1.2000000000000002]}}
{"scene_id": "0369_840232", "object_label": "ceiling combination", "preset": "back", "distance": 2.4000000007868056, "init_camera": {"intrinsics": [[320.0, 0.0, 320.0], [0.0, 320.0, 240.0], [0.0, 0.0, 1.0]], "extrinsics": [[-0.49999999999999994, 0.20572460395447262, -0.8412356312756702, -2.3665895635343235], [0.8660254037844387, 0.11877515547204388, -0.48568761816891287, 2.6838269541953648], [0.0, -0.971375236337826, -0.23755031094408777, 1.6], [0.0, 0.0, 0.0, 1.0]]}, "target_region": {"type": "circle", "params": {"center": [-3.7831074000000005, 1.866], "radius": 2.4000000007868056, "object_center": [-3.7831074000000005, 1.866, 1.2000000000000002], "sample_distance": 2.4000000007868056, "min_distance": 2.4000000007868056, "requested_distance": 1.2}, "sample_point": [-6.167765268533718, 2.136936992337505, 1.5], "sample_forward": [0.9859346857139056, -0.1120186597471107, -0.12403473454917097], "height": 1.5}, "sample_target": [-6.167765268533718, 2.136936992337505, 1.5], "camera_params": {"forward": [0.9859346857139056, -0.1120186597471107, -0.12403473454917097]}, "task_type": "absolute_positioning", "task_description": "Move to any position 2.4m from ceiling combination", "target_object": {"label": "ceiling combination", "id": "118", "bbox_min": [-4.5650073743093635, 1.6159998992131905, -3.9340284274658187e-10], "bbox_max": [-3.0012074256906374, 2.1160001007868097, 2.400000000393403], "center": [-3.7831074000000005, 1.866, 1.2000000000000002]}}
{"scene_id": "0369_840232", "object_label": "ceiling combination", "preset": "front", "distance": 2.4000000007868056, "init_camera": {"intrinsics": [[320.0, 0.0, 320.0], [0.0, 320.0, 240.0], [0.0, 0.0, 1.0]], "extrinsics": [[-0.49999999999999994, 0.20572460395447262, -0.8412356312756702, -2.3665895635343235], [0.8660254037844387, 0.11877515547204388, -0.48568761816891287, 2.6838269541953648], [0.0, -0.971375236337826, -0.23755031094408777, 1.6], [0.0, 0.0, 0.0, 1.0]]}, "target_region": {"type": "circle", "params": {"center": [-3.7831074000000005, 1.866], "radius": 2.4000000007868056, "object_center": [-3.7831074000000005, 1.866, 1.2000000000000002], "sample_distance": 2.4000000007868056, "min_distance": 2.4000000007868056, "requested_distance": 1.5}, "sample_point": [-1.5011386752203122, 1.122616691804268, 1.5], "sample_forward": [-0.9434779500918633, 0.30735117100114084, -0.12403473454917097], "height": 1.5}, "sample_target": [-1.5011386752203122, 1.122616691804268, 1.5], "camera_params": {"forward": [-0.9434779500918633, 0.30735117100114084, -0.12403473454917097]}, "task_type": "absolute_positioning", "task_description": "Move to any position 2.4m from ceiling combination", "target_object": {"label": "ceiling combination", "id": "118", "bbox_min": [-4.5650073743093635, 1.6159998992131905, -3.9340284274658187e-10], "bbox_max": [-3.0012074256906374, 2.1160001007868097, 2.400000000393403], "center": [-3.7831074000000005, 1.866, 1.2000000000000002]}}
{"scene_id": "0369_840232", "object_label": "ceiling combination", "preset": "occupancy_20", "distance": 7.576501820093901, "init_camera": {"intrinsics": [[320.0, 0.0, 320.0], [0.0, 320.0, 240.0], [0.0, 0.0, 1.0]], "extrinsics": [[-0.49999999999999994, 0.20572460395447262, -0.8412356312756702, -2.3665895635343235], [0.8660254037844387, 0.11877515547204388, -0.48568761816891287, 2.6838269541953648], [0.0, -0.971375236337826, -0.23755031094408777, 1.6], [0.0, 0.0, 0.0, 1.0]]}, "target_region": {"type": "circle", "params": {"center": [-3.7831074000000005, 1.866], "radius": 7.576501820093901, "object_center": [-3.7831074000000005, 1.866, 1.2000000000000002], "object_height": 2.4000000007868056, "occupancy_ratio": 0.2, "fov_vertical": 90.0, "sample_distance": 7.576501820093901, "min_distance": 2.4000000007868056}, "sample_point": [-11.358850403861494, 1.9732276518899252, 1.5], "sample_forward": [0.9991169191583918, -0.014141578080228286, -0.03956510610176942], "height": 1.5}, "sample_target": [-11.358850403861494, 1.9732276518899252, 1.5], "camera_params": {"forward": [0.9991169191583918, -0.014141578080228286, -0.03956510610176942]}, "task_type": "screen_occupancy", "task_description": "Position where ceiling combination occupies 20% of vertical FOV", "target_object": {"label": "ceiling combination", "id": "118", "bbox_min": [-4.5650073743093635, 1.6159998992131905, -3.9340284274658187e-10], "bbox_max": [-3.0012074256906374, 2.1160001007868097, 2.400000000393403], "center": [-3.7831074000000005, 1.866, 1.2000000000000002]}}
{"scene_id": "0369_840232", "object_label": "ceiling combination", "preset": "occupancy_30", "distance": 4.998359725747141, "init_camera": {"intrinsics": [[320.0, 0.0, 320.0], [0.0, 320.0, 240.0], [0.0, 0.0, 1.0]], "extrinsics": [[-0.49999999999999994, 0.20572460395447262, -0.8412356312756702, -2.3665895635343235], [0.8660254037844387, 0.11877515547204388, -0.48568761816891287, 2.6838269541953648], [0.0, -0.971375236337826, -0.23755031094408777, 1.6], [0.0, 0.0, 0.0, 1.0]]}, "target_region": {"type": "circle", "params": {"center": [-3.7831074000000005, 1.866], "radius": 4.998359725747141, "object_center": [-3.7831074000000005, 1.866, 1.2000000000000002], "object_height": 2.4000000007868056, "occupancy_ratio": 0.3, "fov_vertical": 90.0, "sample_distance": 4.998359725747141, "min_distance": 2.4000000007868056}, "sample_point": [-8.669350931181466, 2.918722234000175, 1.5], "sample_forward": [0.9758133656111033, -0.2102352082244588, -0.05991187459552328], "height": 1.5}, "sample_target": [-8.669350931181466, 2.918722234000175, 1.5], "camera_params": {"forward": [0.9758133656111033, -0.2102352082244588, -0.05991187459552328]}, "task_type": "screen_occupancy", "task_description": "Position where ceiling combination occupies 30% of vertical FOV", "target_object": {"label": "ceiling combination", "id": "118", "bbox_min": [-4.5650073743093635, 1.6159998992131905, -3.9340284274658187e-10], "bbox_max": [-3.0012074256906374, 2.1160001007868097, 2.400000000393403], "center": [-3.7831074000000005, 1.866, 1.2000000000000002]}}
{"scene_id": "0369_840232", "object_label": "ceiling combination", "preset": "occupancy_50", "distance": 2.8970562757974725, "init_camera": {"intrinsics": [[320.0, 0.0, 320.0], [0.0, 320.0, 240.0], [0.0, 0.0, 1.0]], "extrinsics": [[-0.49999999999999994, 0.20572460395447262, -0.8412356312756702, -2.3665895635343235], [0.8660254037844387, 0.11877515547204388, -0.48568761816891287, 2.6838269541953648], [0.0, -0.971375236337826, -0.23755031094408777, 1.6], [0.0, 0.0, 0.0, 1.0]]}, "target_region": {"type": "circle", "params": {"center": [-3.7831074000000005, 1.866], "radius": 2.8970562757974725, "object_center": [-3.7831074000000005, 1.866, 1.2000000000000002], "object_height": 2.4000000007868056, "occupancy_ratio": 0.5, "fov_vertical": 90.0, "sample_distance": 2.8970562757974725, "min_distance": 2.4000000007868056}, "sample_point": [-2.7593018558632885, 4.576121265355566, 1.5], "sample_forward": [-0.3515154399646898, -0.9304984470975995, -0.10300259907102553], "height": 1.5}, "sample_target": [-2.7593018558632885, 4.576121265355566, 1.5], "camera_params": {"forward": [-0.3515154399646898, -0.9304984470975995, -0.10300259907102553]}, "task_type": "screen_occupancy", "task_description": "Position where ceiling combination occupies 50% of vertical FOV", "target_object": {"label": "ceiling combination", "id": "118", "bbox_min": [-4.5650073743093635, 1.6159998992131905, -3.9340284274658187e-10], "bbox_max": [-3.0012074256906374, 2.1160001007868097, 2.400000000393403], "center": [-3.7831074000000005, 1.866, 1.2000000000000002]}}
{"scene_id": "0369_840232", "object_label": "ceiling combination", "preset": "right", "distance": 2.4000000007868056, "init_camera": {"intrinsics": [[320.0, 0.0, 320.0], [0.0, 320.0, 240.0], [0.0, 0.0, 1.0]], "extrinsics": [[-0.984807753012208, -0.041250178599653506, 0.16867753962084728, -4.067135720485843], [-0.17364817766693036, 0.2339413879481984, -0.9566178638295569, 3.4768046502279106], [0.0, -0.971375236337826, -0.23755031094408777, 1.6], [0.0, 0.0, 0.0, 1.0]]}, "target_region": {"type": "circle", "params": {"center": [-3.7831074000000005, 1.866], "radius": 2.4000000007868056, "object_center": [-3.7831074000000005, 1.866, 1.2000000000000002], "sample_distance": 2.4000000007868056, "min_distance": 2.4000000007868056, "requested_distance": 1.0}, "sample_point": [-3.1885689651329248, 4.191193336744813, 1.5], "sample_forward": [-0.24581138982672446, -0.9613491276621469, -0.12403473454917095], "height": 1.5}, "sample_target": [-3.1885689651329248, 4.191193336744813, 1.5], "camera_params": {"forward": [-0.24581138982672446, -0.9613491276621469, -0.12403473454917095]}, "task_type": "absolute_positioning", "task_description": "Move to any position 2.4m from ceiling combination", "target_object": {"label": "ceiling combination", "id": "118", "bbox_min": [-4.5650073743093635, 1.6159998992131905, -3.9340284274658187e-10], "bbox_max": [-3.0012074256906374, 2.1160001007868097, 2.400000000393403], "center": [-3.7831074000000005, 1.866, 1.2000000000000002]}}
{"scene_id": "0369_840232", "object_label": "ceiling combination", "preset": "right", "distance": 2.4000000007868056, "init_camera": {"intrinsics": [[320.0, 0.0, 320.0], [0.0, 320.0, 240.0], [0.0, 0.0, 1.0]], "extrinsics": [[-0.984807753012208, -0.041250178599653506, 0.16867753962084728, -4.067135720485843], [-0.17364817766693036, 0.2339413879481984, -0.9566178638295569, 3.4768046502279106], [0.0, -0.971375236337826, -0.23755031094408777, 1.6], [0.0, 0.0, 0.0, 1.0]]}, "target_region": {"type": "circle", "params": {"center": [-3.7831074000000005, 1.866], "radius": 2.4000000007868056, "object_center": [-3.7831074000000005, 1.866, 1.2000000000000002], "sample_distance": 2.4000000007868056, "min_distance": 2.4000000007868056, "requested_distance": 1.2}, "sample_point": [-2.163953511258529, 3.637536250927437, 1.5], "sample_forward": [-0.6694377426143546, -0.7324400954267275, -0.12403473454917095], "height": 1.5}, "sample_target": [-2.163953511258529, 3.637536250927437, 1.5], "camera_params": {"forward": [-0.6694377426143546, -0.7324400954267275, -0.12403473454917095]}, "task_type": "absolute_positioning", "task_description": "Move to any position 2.4m from ceiling combination", "target_object": {"label": "ceiling combination", "id": "118", "bbox_min": [-4.5650073743093635, 1.6159998992131905, -3.9340284274658187e-10], "bbox_max": [-3.0012074256906374, 2.1160001007868097, 2.400000000393403], "center": [-3.7831074000000005, 1.866, 1.2000000000000002]}}
{"scene_id": "0369_840232", "object_label": "ceiling combination", "preset": "left", "distance": 2.4000000007868056, "init_camera": {"intrinsics": [[320.0, 0.0, 320.0], [0.0, 320.0, 240.0], [0.0, 0.0, 1.0]], "extrinsics": [[-0.984807753012208, -0.041250178599653506, 0.16867753962084728, -4.067135720485843], [-0.17364817766693036, 0.2339413879481984, -0.9566178638295569, 3.4768046502279106], [0.0, -0.971375236337826, -0.23755031094408777, 1.6], [0.0, 0.0, 0.0, 1.0]]}, "target_region": {"type": "circle", "params": {"center": [-3.7831074000000005, 1.866], "radius": 2.4000000007868056, "object_center": [-3.7831074000000005, 1.866, 1.2000000000000002], "sample_distance": 2.4000000007868056, "min_distance": 2.4000000007868056, "requested_distance": 1.5}, "sample_point": [-2.226105521211065, 0.03959775700302215, 1.5], "sample_forward": [-0.6437410490938207, 0.7551243913004692, -0.12403473454917097], "height": 1.5}, "sample_target": [-2.226105521211065, 0.03959775700302215, 1.5], "camera_params": {"forward": [-0.6437410490938207, 0.7551243913004692, -0.12403473454917097]}, "task_type": "absolute_positioning", "task_description": "Move to any position 2.4m from ceiling combination", "target_object": {"label": "ceiling combination", "id": "118", "bbox_min": [-4.5650073743093635, 1.6159998992131905, -3.9340284274658187e-10], "bbox_max": [-3.0012074256906374, 2.1160001007868097, 2.400000000393403], "center": [-3.7831074000000005, 1.866, 1.2000000000000002]}}
{"scene_id": "0369_840232", "object_label": "ceiling combination", "preset": "occupancy_20", "distance": 7.576501820093901, "init_camera": {"intrinsics": [[320.0, 0.0, 320.0], [0.0, 320.0, 240.0], [0.0, 0.0, 1.0]], "extrinsics": [[-0.984807753012208, -0.041250178599653506, 0.16867753962084728, -4.067135720485843], [-0.17364817766693036, 0.2339413879481984, -0.9566178638295569, 3.4768046502279106], [0.0, -0.971375236337826, -0.23755031094408777, 1.6], [0.0, 0.0, 0.0, 1.0]]}, "target_region": {"type": "circle", "params": {"center": [-3.7831074000000005, 1.866], "radius": 7.576501820093901, "object_center": [-3.7831074000000005, 1.866, 1.2000000000000002], "object_height": 2.4000000007868056, "occupancy_ratio": 0.2, "fov_vertical": 90.0, "sample_distance": 7.576501820093901, "min_distance": 2.4000000007868056}, "sample_point": [3.6407313996206963, 0.352726294706563, 1.5], "sample_forward": [-0.9790832326314185, 0.19957611570317538, -0.039565106101769415], "height": 1.5}, "sample_target": [3.6407313996206963, 0.352726294706563, 1.5], "camera_params": {"forward": [-0.9790832326314185, 0.19957611570317538, -0.039565106101769415]}, "task_type": "screen_occupancy", "task_description": "Position where ceiling combination occupies 20% of vertical FOV", "target_object": {"label": "ceiling combination", "id": "118", "bbox_min": [-4.5650073743093635, 1.6159998992131905, -3.9340284274658187e-10], "bbox_max": [-3.0012074256906374, 2.1160001007868097, 2.400000000393403], "center": [-3.7831074000000005, 1.866, 1.2000000000000002]}}
{"scene_id": "0369_840232", "object_label": "ceiling combination", "preset": "occupancy_30", "distance": 4.998359725747141, "init_camera": {"intrinsics": [[320.0, 0.0, 320.0], [0.0, 320.0, 240.0], [0.0, 0.0, 1.0]], "extrinsics": [[-0.984807753012208, -0.041250178599653506, 0.16867753962084728, -4.067135720485843], [-0.17364817766693036, 0.2339413879481984, -0.9566178638295569, 3.4768046502279106], [0.0, -0.971375236337826, -0.23755031094408777, 1.6], [0.0, 0.0, 0.0, 1.0]]}, "target_region": {"type": "circle", "params": {"center": [-3.7831074000000005, 1.866], "radius": 4.998359725747141, "object_center": [-3.7831074000000005, 1.866, 1.2000000000000002], "object_height": 2.4000000007868056, "occupancy_ratio": 0.3, "fov_vertical": 90.0, "sample_distance": 4.998359725747141, "min_distance": 2.4000000007868056}, "sample_point": [-8.576539799012018, 3.282547134433914, 1.5], "sample_forward": [0.9572784025724216, -0.2828933142561752, -0.05991187459552328], "height": 1.5}, "sample_target": [-8.576539799012018, 3.282547134433914, 1.5], "camera_params": {"forward": [0.9572784025724216, -0.2828933142561752, -0.05991187459552328]}, "task_type": "screen_occupancy", "task_description": "Position where ceiling combination occupies 30% of vertical FOV", "target_object": {"label": "ceiling combination", "id": "118", "bbox_min": [-4.5650073743093635, 1.6159998992131905, -3.9340284274658187e-10], "bbox_max": [-3.0012074256906374, 2.1160001007868097, 2.400000000393403], "center": [-3.7831074000000005, 1.866, 1.2000000000000002]}}
{"scene_id": "0369_840232", "object_label": "ceiling combination", "preset": "occupancy_50", "distance": 2.8970562757974725, "init_camera": {"intrinsics": [[320.0, 0.0, 320.0], [0.0, 320.0, 240.0], [0.0, 0.0, 1.0]], "extrinsics": [[-0.984807753012208, -0.041250178599653506, 0.16867753962084728, -4.067135720485843], [-0.17364817766693036, 0.2339413879481984, -0.9566178638295569, 3.4768046502279106], [0.0, -0.971375236337826, -0.23755031094408777, 1.6], [0.0, 0.0, 0.0, 1.0]]}, "target_region": {"type": "circle", "params": {"center": [-3.7831074000000005, 1.866], "radius": 2.8970562757974725, "object_center": [-3.7831074000000005, 1.866, 1.2000000000000002], "object_height": 2.4000000007868056, "occupancy_ratio": 0.5, "fov_vertical": 90.0, "sample_distance": 2.8970562757974725, "min_distance": 2.4000000007868056}, "sample_point": [-1.4058583664520103, 0.21021556426186105, 1.5], "sample_forward": [-0.8162094303150889, 0.5685003346079328, -0.10300259907102552], "height": 1.5}, "sample_target": [-1.4058583664520103, 0.21021556426186105, 1.5], "camera_params": {"forward": [-0.8162094303150889, 0.5685003346079328, -0.10300259907102552]}, "task_type": "screen_occupancy", "task_description": "Position where ceiling combination occupies 50% of vertical FOV", "target_object": {"label": "ceiling combination", "id": "118", "bbox_min": [-4.5650073743093635, 1.6159998992131905, -3.9340284274658187e-10], "bbox_max": [-3.0012074256906374, 2.1160001007868097, 2.400000000393403], "center": [-3.7831074000000005, 1.866, 1.2000000000000002]}}
{"scene_id": "0369_840232", "object_label": "ceiling combination", "preset": "occupancy_20", "distance": 7.576501820093901, "init_camera": {"intrinsics": [[320.0, 0.0, 320.0], [0.0, 320.0, 240.0], [0.0, 0.0, 1.0]], "extrinsics": [[-0.9848077530122081, -0.033340534548858436, 0.17041742388336398, -4.138142800607303], [-0.17364817766693025, 0.1890835674432771, -0.9664852378158075, 3.8795058127848883], [0.0, -0.9813948304728938, -0.19200048625219665, 1.6], [0.0, 0.0, 0.0, 1.0]]}, "target_region": {"type": "circle", "params": {"center": [-3.7831074000000005, 1.866], "radius": 7.576501820093901, "object_center": [-3.7831074000000005, 1.866, 1.2000000000000002], "object_height": 2.4000000007868056, "occupancy_ratio": 0.2, "fov_vertical": 90.0, "sample_distance": 7.576501820093901, "min_distance": 2.4000000007868056}, "sample_point": [-3.8419327006817823, 9.442273451630815, 1.5], "sample_forward": [0.00775809754314396, -0.9991868765659739, -0.039565106101769415], "height": 1.5}, "sample_target": [-3.8419327006817823, 9.442273451630815, 1.5], "camera_params": {"forward": [0.00775809754314396, -0.9991868765659739, -0.039565106101769415]}, "task_type": "screen_occupancy", "task_description": "Position where ceiling combination occupies 20% of vertical FOV", "target_object": {"label": "ceiling combination", "id": "118", "bbox_min": [-4.5650073743093635, 1.6159998992131905, -3.9340284274658187e-10], "bbox_max": [-3.0012074256906374, 2.1160001007868097, 2.400000000393403], "center": [-3.7831074000000005, 1.866, 1.2000000000000002]}}
{"scene_id": "0369_840232", "object_label": "ceiling combination", "preset": "occupancy_30", "distance": 4.998359725747141, "init_camera": {"intrinsics": [[320.0, 0.0, 320.0], [0.0, 320.0, 240.0], [0.0, 0.0, 1.0]], "extrinsics": [[-0.9848077530122081, -0.033340534548858436, 0.17041742388336398, -4.138142800607303], [-0.17364817766693025, 0.1890835674432771, -0.9664852378158075, 3.8795058127848883], [0.0, -0.9813948304728938, -0.19200048625219665, 1.6], [0.0, 0.0, 0.0, 1.0]]}, "target_region": {"type": "circle", "params": {"center": [-3.7831074000000005, 1.866], "radius": 4.998359725747141, "object_center": [-3.7831074000000005, 1.866, 1.2000000000000002], "object_height": 2.4000000007868056, "occupancy_ratio": 0.3, "fov_vertical": 90.0, "sample_distance": 4.998359725747141, "min_distance": 2.4000000007868056}, "sample_point": [-2.6808124693346587, 6.741299563493563, 1.5], "sample_forward": [-0.2201351855110101, -0.9736277868787864, -0.05991187459552328], "height": 1.5}, "sample_target": [-2.6808124693346587, 6.741299563493563, 1.5], "camera_params": {"forward": [-0.2201351855110101, -0.9736277868787864, -0.05991187459552328]}, "task_type": "screen_occupancy", "task_description": "Position where ceiling combination occupies 30% of vertical FOV", "target_object": {"label": "ceiling combination", "id": "118", "bbox_min": [-4.5650073743093635, 1.6159998992131905, -3.9340284274658187e-10], "bbox_max": [-3.0012074256906374, 2.1160001007868097, 2.400000000393403], "center": [-3.7831074000000005, 1.866, 1.2000000000000002]}}
{"scene_id": "0369_840232", "object_label": "ceiling combination", "preset": "occupancy_50", "distance": 2.8970562757974725, "init_camera": {"intrinsics": [[320.0, 0.0, 320.0], [0.0, 320.0, 240.0], [0.0, 0.0, 1.0]], "extrinsics": [[-0.9848077530122081, -0.033340534548858436, 0.17041742388336398, -4.138142800607303], [-0.17364817766693025, 0.1890835674432771, -0.9664852378158075, 3.8795058127848883], [0.0, -0.9813948304728938, -0.19200048625219665, 1.6], [0.0, 0.0, 0.0, 1.0]]}, "target_region": {"type": "circle", "params": {"center": [-3.7831074000000005, 1.866], "radius": 2.8970562757974725, "object_center": [-3.7831074000000005, 1.866, 1.2000000000000002], "object_height": 2.4000000007868056, "occupancy_ratio": 0.5, "fov_vertical": 90.0, "sample_distance": 2.8970562757974725, "min_distance": 2.4000000007868056}, "sample_point": [-0.9579933997086956, 1.224388006272029, 1.5], "sample_forward": [-0.9699802823398217, 0.2202923431637453, -0.10300259907102552], "height": 1.5}, "sample_target": [-0.9579933997086956, 1.224388006272029, 1.5], "camera_params": {"forward": [-0.9699802823398217, 0.2202923431637453, -0.10300259907102552]}, "task_type": "screen_occupancy", "task_description": "Position where ceiling combination occupies 50% of vertical FOV", "target_object": {"label": "ceiling combination", "id": "118", "bbox_min": [-4.5650073743093635, 1.6159998992131905, -3.9340284274658187e-10], "bbox_max": [-3.0012074256906374, 2.1160001007868097, 2.400000000393403], "center": [-3.7831074000000005, 1.866, 1.2000000000000002]}}
{"scene_id": "0369_840232", "object_label": "ceiling combination", "preset": "left", "distance": 2.4000000017868053, "init_camera": {"intrinsics": [[320.0, 0.0, 320.0], [0.0, 320.0, 240.0], [0.0, 0.0, 1.0]], "extrinsics": [[0.34202014332566943, 0.22337608760860098, -0.9127570021885142, -0.0791673737535541], [0.9396926207859082, -0.08130224693637042, 0.33221637991467085, 1.766945239231403], [-0.0, -0.9713357134007646, -0.23771186733570523, 1.6], [0.0, 0.0, 0.0, 1.0]]}, "target_region": {"type": "circle", "params": {"center": [-1.615, 2.3259426], "radius": 2.4000000017868053, "object_center": [-1.615, 2.3259426, 1.2000187995000002], "sample_distance": 2.4000000017868053, "min_distance": 2.4000000017868053, "requested_distance": 0.8}, "sample_point": [-3.2896533364798426, 0.6067752983118844, 1.5], "sample_forward": [0.6923846073812425, 0.7107888846440809, -0.1240270814296056], "height": 1.5}, "sample_target": [-3.2896533364798426, 0.6067752983118844, 1.5], "camera_params": {"forward": [0.6923846073812425, 0.7107888846440809, -0.1240270814296056]}, "task_type": "absolute_positioning", "task_description": "Move to any position 2.4m from ceiling combination", "target_object": {"label": "ceiling combination", "id": "123", "bbox_min": [-1.790000034182307, 1.5259425398968387, 1.87986065975565e-05], "bbox_max": [-1.439999965817693, 3.1259426601031612, 2.400018800393403], "center": [-1.615, 2.3259426, 1.2000187995000002]}}
{"scene_id": "0369_840232", "object_label": "ceiling combination", "preset": "right", "distance": 2.4000000017868053, "init_camera": {"intrinsics": [[320.0, 0.0, 320.0], [0.0, 320.0, 240.0], [0.0, 0.0, 1.0]], "extrinsics": [[0.34202014332566943, 0.22337608760860098, -0.9127570021885142, -0.0791673737535541], [0.9396926207859082, -0.08130224693637042, 0.33221637991467085, 1.766945239231403], [-0.0, -0.9713357134007646, -0.23771186733570523, 1.6], [0.0, 0.0, 0.0, 1.0]]}, "target_region": {"type": "circle", "params": {"center": [-1.615, 2.3259426], "radius": 2.4000000017868053, "object_center": [-1.615, 2.3259426, 1.2000187995000002], "sample_distance": 2.4000000017868053, "min_distance": 2.4000000017868053, "requested_distance": 1.0}, "sample_point": [-1.9439771526058784, 4.70328860797612, 1.5], "sample_forward": [0.13601544372354463, -0.9829125506069912, -0.1240270814296056], "height": 1.5}, "sample_target": [-1.9439771526058784, 4.70328860797612, 1.5], "camera_params": {"forward": [0.13601544372354463, -0.9829125506069912, -0.1240270814296056]}, "task_type": "absolute_positioning", "task_description": "Move to any position 2.4m from ceiling combination", "target_object": {"label": "ceiling combination", "id": "123", "bbox_min": [-1.790000034182307, 1.5259425398968387, 1.87986065975565e-05], "bbox_max": [-1.439999965817693, 3.1259426601031612, 2.400018800393403], "center": [-1.615, 2.3259426, 1.2000187995000002]}}
{"scene_id": "0369_840232", "object_label": "ceiling combination", "preset": "back", "distance": 2.4000000017868053, "init_camera": {"intrinsics": [[320.0, 0.0, 320.0], [0.0, 320.0, 240.0], [0.0, 0.0, 1.0]], "extrinsics": [[0.34202014332566943, 0.22337608760860098, -0.9127570021885142, -0.0791673737535541], [0.9396926207859082, -0.08130224693637042, 0.33221637991467085, 1.766945239231403], [-0.0, -0.9713357134007646, -0.23771186733570523, 1.6], [0.0, 0.0, 0.0, 1.0]]}, "target_region": {"type": "circle", "params": {"center": [-1.615, 2.3259426], "radius": 2.4000000017868053, "object_center": [-1.615, 2.3259426, 1.2000187995000002], "sample_distance": 2.4000000017868053, "min_distance": 2.4000000017868053, "requested_distance": 1.5}, "sample_point": [-3.5883046777112173, 0.9599013643487133, 1.5], "sample_forward": [0.8158618591431064, 0.5647890844090455, -0.1240270814296056], "height": 1.5}, "sample_target": [-3.5883046777112173, 0.9599013643487133, 1.5], "camera_params": {"forward": [0.8158618591431064, 0.5647890844090455, -0.1240270814296056]}, "task_type": "absolute_positioning", "task_description": "Move to any position 2.4m from ceiling combination", "target_object": {"label": "ceiling combination", "id": "123", "bbox_min": [-1.790000034182307, 1.5259425398968387, 1.87986065975565e-05], "bbox_max": [-1.439999965817693, 3.1259426601031612, 2.400018800393403], "center": [-1.615, 2.3259426, 1.2000187995000002]}}
{"scene_id": "0369_840232", "object_label": "ceiling combination", "preset": "occupancy_20", "distance": 7.576501823250775, "init_camera": {"intrinsics": [[320.0, 0.0, 320.0], [0.0, 320.0, 240.0], [0.0, 0.0, 1.0]], "extrinsics": [[0.34202014332566943, 0.22337608760860098, -0.9127570021885142, -0.0791673737535541], [0.9396926207859082, -0.08130224693637042, 0.33221637991467085, 1.766945239231403], [-0.0, -0.9713357134007646, -0.23771186733570523, 1.6], [0.0, 0.0, 0.0, 1.0]]}, "target_region": {"type": "circle", "params": {"center": [-1.615, 2.3259426], "radius": 7.576501823250775, "object_center": [-1.615, 2.3259426, 1.2000187995000002], "object_height": 2.4000000017868053, "occupancy_ratio": 0.2, "fov_vertical": 90.0, "sample_distance": 7.576501823250775, "min_distance": 2.4000000017868053}, "sample_point": [2.9444757236380923, 8.376939295031091, 1.5], "sample_forward": [-0.6013205279821972, -0.7980278321498173, -0.03956263061873717], "height": 1.5}, "sample_target": [2.9444757236380923, 8.376939295031091, 1.5], "camera_params": {"forward": [-0.6013205279821972, -0.7980278321498173, -0.03956263061873717]}, "task_type": "screen_occupancy", "task_description": "Position where ceiling combination occupies 20% of vertical FOV", "target_object": {"label": "ceiling combination", "id": "123", "bbox_min": [-1.790000034182307, 1.5259425398968387, 1.87986065975565e-05], "bbox_max": [-1.439999965817693, 3.1259426601031612, 2.400018800393403], "center": [-1.615, 2.3259426, 1.2000187995000002]}}
{"scene_id": "0369_840232", "object_label": "ceiling combination", "preset": "occupancy_30", "distance": 4.998359727829791, "init_camera": {"intrinsics": [[320.0, 0.0, 320.0], [0.0, 320.0, 240.0], [0.0, 0.0, 1.0]], "extrinsics": [[0.34202014332566943, 0.22337608760860098, -0.9127570021885142, -0.0791673737535541], [0.9396926207859082, -0.08130224693637042, 0.33221637991467085, 1.766945239231403], [-0.0, -0.9713357134007646, -0.23771186733570523, 1.6], [0.0, 0.0, 0.0, 1.0]]}, "target_region": {"type": "circle", "params": {"center": [-1.615, 2.3259426], "radius": 4.998359727829791, "object_center": [-1.615, 2.3259426, 1.2000187995000002], "object_height": 2.4000000017868053, "occupancy_ratio": 0.3, "fov_vertical": 90.0, "sample_distance": 4.998359727829791, "min_distance": 2.4000000017868053}, "sample_point": [1.182008090685544, 6.468447362752881, 1.5], "sample_forward": [-0.5585801186459913, -0.8272842719246298, -0.05990813366785333], "height": 1.5}, "sample_target": [1.182008090685544, 6.468447362752881, 1.5], "camera_params": {"forward": [-0.5585801186459913, -0.8272842719246298, -0.05990813366785333]}, "task_type": "screen_occupancy", "task_description": "Position where ceiling combination occupies 30% of vertical FOV", "target_object": {"label": "ceiling combination", "id": "123", "bbox_min": [-1.790000034182307, 1.5259425398968387, 1.87986065975565e-05], "bbox_max": [-1.439999965817693, 3.1259426601031612, 2.400018800393403], "center": [-1.615, 2.3259426, 1.2000187995000002]}}
{"scene_id": "0369_840232", "object_label": "ceiling combination", "preset": "occupancy_50", "distance": 2.897056277004579, "init_camera": {"intrinsics": [[320.0, 0.0, 320.0], [0.0, 320.0, 240.0], [0.0, 0.0, 1.0]], "extrinsics": [[0.34202014332566943, 0.22337608760860098, -0.9127570021885142, -0.0791673737535541], [0.9396926207859082, -0.08130224693637042, 0.33221637991467085, 1.766945239231403], [-0.0, -0.9713357134007646, -0.23771186733570523, 1.6], [0.0, 0.0, 0.0, 1.0]]}, "target_region": {"type": "circle", "params": {"center": [-1.615, 2.3259426], "radius": 2.897056277004579, "object_center": [-1.615, 2.3259426, 1.2000187995000002], "object_height": 2.4000000017868053, "occupancy_ratio": 0.5, "fov_vertical": 90.0, "sample_distance": 2.897056277004579, "min_distance": 2.4000000017868053}, "sample_point": [-0.18935677005085805, 4.847941103772714, 1.5], "sample_forward": [-0.48948351866212414, -0.8659085777942624, -0.10299621284524756], "height": 1.5}, "sample_target": [-0.18935677005085805, 4.847941103772714, 1.5], "camera_params": {"forward": [-0.48948351866212414, -0.8659085777942624, -0.10299621284524756]}, "task_type": "screen_occupancy", "task_description": "Position where ceiling combination occupies 50% of vertical FOV", "target_object": {"label": "ceiling combination", "id": "123", "bbox_min": [-1.790000034182307, 1.5259425398968387, 1.87986065975565e-05], "bbox_max": [-1.439999965817693, 3.1259426601031612, 2.400018800393403], "center": [-1.615, 2.3259426, 1.2000187995000002]}}
{"scene_id": "0369_840232", "object_label": "ceiling combination", "preset": "right", "distance": 2.4000000017868053, "init_camera": {"intrinsics": [[320.0, 0.0, 320.0], [0.0, 320.0, 240.0], [0.0, 0.0, 1.0]], "extrinsics": [[-0.17364817766693022, 0.234100489935212, -0.9565789413347171, -0.005431249325308585], [0.9848077530122081, 0.04127823257264829, -0.16867067653485038, 2.609752998049164], [0.0, -0.9713357134007646, -0.23771186733570523, 1.6], [0.0, 0.0, 0.0, 1.0]]}, "target_region": {"type": "circle", "params": {"center": [-1.615, 2.3259426], "radius": 2.4000000017868053, "object_center": [-1.615, 2.3259426, 1.2000187995000002], "sample_distance": 2.4000000017868053, "min_distance": 2.4000000017868053, "requested_distance": 0.8}, "sample_point": [-0.9941100808827119, 4.644238464835891, 1.5], "sample_forward": [-0.2567066350452224, -0.9584982976488863, -0.1240270814296056], "height": 1.5}, "sample_target": [-0.9941100808827119, 4.644238464835891, 1.5], "camera_params": {"forward": [-0.2567066350452224, -0.9584982976488863, -0.1240270814296056]}, "task_type": "absolute_positioning", "task_description": "Move to any position 2.4m from ceiling combination", "target_object": {"label": "ceiling combination", "id": "123", "bbox_min": [-1.790000034182307, 1.5259425398968387, 1.87986065975565e-05], "bbox_max": [-1.439999965817693, 3.1259426601031612, 2.400018800393403], "center": [-1.615, 2.3259426, 1.2000187995000002]}}
{"scene_id": "0369_840232", "object_label": "ceiling combination", "preset": "front", "distance": 2.4000000017868053, "init_camera": {"intrinsics": [[320.0, 0.0, 320.0], [0.0, 320.0, 240.0], [0.0, 0.0, 1.0]], "extrinsics": [[-0.17364817766693022, 0.234100489935212, -0.9565789413347171, -0.005431249325308585], [0.9848077530122081, 0.04127823257264829, -0.16867067653485038, 2.609752998049164], [0.0, -0.9713357134007646, -0.23771186733570523, 1.6], [0.0, 0.0, 0.0, 1.0]]}, "target_region": {"type": "circle", "params": {"center": [-1.615, 2.3259426], "radius": 2.4000000017868053, "object_center": [-1.615, 2.3259426, 1.2000187995000002], "sample_distance": 2.4000000017868053, "min_distance": 2.4000000017868053, "requested_distance": 1.0}, "sample_point": [0.6728057156691054, 3.0511632670582665, 1.5], "sample_forward": [-0.9458921603069238, -0.2998421320327658, -0.1240270814296056], "height": 1.5}, "sample_target": [0.6728057156691054, 3.0511632670582665, 1.5], "camera_params": {"forward": [-0.9458921603069238, -0.2998421320327658, -0.1240270814296056]}, "task_type": "absolute_positioning", "task_description": "Move to any position 2.4m from ceiling combination", "target_object": {"label": "ceiling combination", "id": "123", "bbox_min": [-1.790000034182307, 1.5259425398968387, 1.87986065975565e-05], "bbox_max": [-1.439999965817693, 3.1259426601031612, 2.400018800393403], "center": [-1.615, 2.3259426, 1.2000187995000002]}}
{"scene_id": "0369_840232", "object_label": "ceiling combination", "preset": "right", "distance": 2.4000000017868053, "init_camera": {"intrinsics": [[320.0, 0.0, 320.0], [0.0, 320.0, 240.0], [0.0, 0.0, 1.0]], "extrinsics": [[-0.17364817766693022, 0.234100489935212, -0.9565789413347171, -0.005431249325308585], [0.9848077530122081, 0.04127823257264829, -0.16867067653485038, 2.609752998049164], [0.0, -0.9713357134007646, -0.23771186733570523, 1.6], [0.0, 0.0, 0.0, 1.0]]}, "target_region": {"type": "circle", "params": {"center": [-1.615, 2.3259426], "radius": 2.4000000017868053, "object_center": [-1.615, 2.3259426, 1.2000187995000002], "sample_distance": 2.4000000017868053, "min_distance": 2.4000000017868053, "requested_distance": 1.5}, "sample_point": [-0.20990681492204932, 4.2716335183691445, 1.5], "sample_forward": [-0.5809350939038161, -0.8044449637750356, -0.1240270814296056], "height": 1.5}, "sample_target": [-0.20990681492204932, 4.2716335183691445, 1.5], "camera_params": {"forward": [-0.5809350939038161, -0.8044449637750356, -0.1240270814296056]}, "task_type": "absolute_positioning", "task_description": "Move to any position 2.4m from ceiling combination", "target_object": {"label": "ceiling combination", "id": "123", "bbox_min": [-1.790000034182307, 1.5259425398968387, 1.87986065975565e-05], "bbox_max": [-1.439999965817693, 3.1259426601031612, 2.400018800393403], "center": [-1.615, 2.3259426, 1.2000187995000002]}}
{"scene_id": "0369_840232", "object_label": "ceiling combination", "preset": "occupancy_20", "distance": 7.576501823250775, "init_camera": {"intrinsics": [[320.0, 0.0, 320.0], [0.0, 320.0, 240.0], [0.0, 0.0, 1.0]], "extrinsics": [[-0.17364817766693022, 0.234100489935212, -0.9565789413347171, -0.005431249325308585], [0.9848077530122081, 0.04127823257264829, -0.16867067653485038, 2.609752998049164], [0.0, -0.9713357134007646, -0.23771186733570523, 1.6], [0.0, 0.0, 0.0, 1.0]]}, "target_region": {"type": "circle", "params": {"center": [-1.615, 2.3259426], "radius": 7.576501823250775, "object_center": [-1.615, 2.3259426, 1.2000187995000002], "object_height": 2.4000000017868053, "occupancy_ratio": 0.2, "fov_vertical": 90.0, "sample_distance": 7.576501823250775, "min_distance": 2.4000000017868053}, "sample_point": [5.887226604825315, 3.384231713415393, 1.5], "sample_forward": [-0.9894214020413816, -0.13957108382824837, -0.03956263061873717], "height": 1.5}, "sample_target": [5.887226604825315, 3.384231713415393, 1.5], "camera_params": {"forward": [-0.9894214020413816, -0.13957108382824837, -0.03956263061873717]}, "task_type": "screen_occupancy", "task_description": "Position where ceiling combination occupies 20% of vertical FOV", "target_object": {"label": "ceiling combination", "id": "123", "bbox_min": [-1.790000034182307, 1.5259425398968387, 1.87986065975565e-05], "bbox_max": [-1.439999965817693, 3.1259426601031612, 2.400018800393403], "center": [-1.615, 2.3259426, 1.2000187995000002]}}
{"scene_id": "0369_840232", "object_label": "ceiling combination", "preset": "occupancy_30", "distance": 4.998359727829791, "init_camera": {"intrinsics": [[320.0, 0.0, 320.0], [0.0, 320.0, 240.0], [0.0, 0.0, 1.0]], "extrinsics": [[-0.17364817766693022, 0.234100489935212, -0.9565789413347171, -0.005431249325308585], [0.9848077530122081, 0.04127823257264829, -0.16867067653485038, 2.609752998049164], [0.0, -0.9713357134007646, -0.23771186733570523, 1.6], [0.0, 0.0, 0.0, 1.0]]}, "target_region": {"type": "circle", "params": {"center": [-1.615, 2.3259426], "radius": 4.998359727829791, "object_center": [-1.615, 2.3259426, 1.2000187995000002], "object_height": 2.4000000017868053, "occupancy_ratio": 0.3, "fov_vertical": 90.0, "sample_distance": 4.998359727829791, "min_distance": 2.4000000017868053}, "sample_point": [2.454860543647399, 5.227637815568443, 1.5], "sample_forward": [-0.8127767641837638, -0.5794867963322419, -0.059908133667853344], "height": 1.5}, "sample_target": [2.454860543647399, 5.227637815568443, 1.5], "camera_params": {"forward": [-0.8127767641837638, -0.5794867963322419, -0.059908133667853344]}, "task_type": "screen_occupancy", "task_description": "Position where ceiling combination occupies 30% of vertical FOV", "target_object": {"label": "ceiling combination", "id": "123", "bbox_min": [-1.790000034182307, 1.5259425398968387, 1.87986065975565e-05], "bbox_max": [-1.439999965817693, 3.1259426601031612, 2.400018800393403], "center": [-1.615, 2.3259426, 1.2000187995000002]}}
