{"scene_id": "0263_840792", "object_label": "wardrobe", "preset": "occupancy_20", "distance": 7.892189397345558, "init_camera": {"intrinsics": [[320.0, 0.0, 320.0], [0.0, 320.0, 240.0], [0.0, 0.0, 1.0]], "extrinsics": [[-0.3420201433256689, -0.1688551540898293, 0.9243971865474218, 2.465719096272863], [-0.9396926207859082, 0.0614582499911309, -0.33645306054268365, -0.9437209047562951], [0.0, -0.9837229388630356, -0.17969190175039143, 1.6], [0.0, 0.0, 0.0, 1.0]]}, "target_region": {"type": "circle", "params": {"center": [4.266239945360763, -1.5990569000000003], "radius": 7.892189397345558, "object_center": [4.266239945360763, -1.5990569000000003, 1.2499999997595876], "object_height": 2.500000001267631, "occupancy_ratio": 0.2, "fov_vertical": 90.0, "sample_distance": 7.892189397345558, "min_distance": 2.500000001267631}, "sample_point": [8.924313934819313, 4.7718928088191905, 1.5], "sample_forward": [-0.5899172584248842, -0.8068427410759734, -0.03166100733517702], "height": 1.5}, "sample_target": [8.924313934819313, 4.7718928088191905, 1.5], "camera_params": {"forward": [-0.5899172584248842, -0.8068427410759734, -0.03166100733517702]}, "task_type": "screen_occupancy", "task_description": "Position where wardrobe occupies 20% of vertical FOV", "target_object": {"label": "wardrobe", "id": "106", "bbox_min": [3.1450408907215257, -1.8840569, -8.742276804696303e-10], "bbox_max": [5.3874390000000005, -1.3140569, 2.500000000393403], "center": [4.266239945360763, -1.5990569, 1.2499999997595876]}}
{"scene_id": "0263_840792", "object_label": "wardrobe", "preset": "occupancy_30", "distance": 5.206624715253053, "init_camera": {"intrinsics": [[320.0, 0.0, 320.0], [0.0, 320.0, 240.0], [0.0, 0.0, 1.0]], "extrinsics": [[-0.3420201433256689, -0.1688551540898293, 0.9243971865474218, 2.465719096272863], [-0.9396926207859082, 0.0614582499911309, -0.33645306054268365, -0.9437209047562951], [0.0, -0.9837229388630356, -0.17969190175039143, 1.6], [0.0, 0.0, 0.0, 1.0]]}, "target_region": {"type": "circle", "params": {"center": [4.266239945360763, -1.5990569000000003], "radius": 5.206624715253053, "object_center": [4.266239945360763, -1.5990569000000003, 1.2499999997595876], "object_height": 2.500000001267631, "occupancy_ratio": 0.3, "fov_vertical": 90.0, "sample_distance": 5.206624715253053, "min_distance": 2.500000001267631}, "sample_point": [7.3758281603195375, -5.7751079124845734, 1.5], "sample_forward": [-0.5965495832823512, 0.8011419258921201, -0.04796049690649566], "height": 1.5}, "sample_target": [7.3758281603195375, -5.7751079124845734, 1.5], "camera_params": {"forward": [-0.5965495832823512, 0.8011419258921201, -0.04796049690649566]}, "task_type": "screen_occupancy", "task_description": "Position where wardrobe occupies 30% of vertical FOV", "target_object": {"label": "wardrobe", "id": "106", "bbox_min": [3.1450408907215257, -1.8840569, -8.742276804696303e-10], "bbox_max": [5.3874390000000005, -1.3140569, 2.500000000393403], "center": [4.266239945360763, -1.5990569, 1.2499999997595876]}}
{"scene_id": "0263_840792", "object_label": "wardrobe", "preset": "occupancy_50", "distance": 3.0177669544965346, "init_camera": {"intrinsics": [[320.0, 0.0, 320.0], [0.0, 320.0, 240.0], [0.0, 0.0, 1.0]], "extrinsics": [[-0.3420201433256689, -0.1688551540898293, 0.9243971865474218, 2.465719096272863], [-0.9396926207859082, 0.0614582499911309, -0.33645306054268365, -0.9437209047562951], [0.0, -0.9837229388630356, -0.17969190175039143, 1.6], [0.0, 0.0, 0.0, 1.0]]}, "target_region": {"type": "circle", "params": {"center": [4.266239945360763, -1.5990569000000003], "radius": 3.0177669544965346, "object_center": [4.266239945360763, -1.5990569000000003, 1.2499999997595876], "object_height": 2.500000001267631, "occupancy_ratio": 0.5, "fov_vertical": 90.0, "sample_distance": 3.0177669544965346, "min_distance": 2.500000001267631}, "sample_point": [7.119827471010151, -0.617244481505769, 1.5], "sample_forward": [-0.9423675581071471, -0.32423332490042617, -0.08255989614326975], "height": 1.5}, "sample_target": [7.119827471010151, -0.617244481505769, 1.5], "camera_params": {"forward": [-0.9423675581071471, -0.32423332490042617, -0.08255989614326975]}, "task_type": "screen_occupancy", "task_description": "Position where wardrobe occupies 50% of vertical FOV", "target_object": {"label": "wardrobe", "id": "106", "bbox_min": [3.1450408907215257, -1.8840569, -8.742276804696303e-10], "bbox_max": [5.3874390000000005, -1.3140569, 2.500000000393403], "center": [4.266239945360763, -1.5990569, 1.2499999997595876]}}
{"scene_id": "0263_840792", "object_label": "wardrobe", "preset": "occupancy_20", "distance": 7.892189397345558, "init_camera": {"intrinsics": [[320.0, 0.0, 320.0], [0.0, 320.0, 240.0], [0.0, 0.0, 1.0]], "extrinsics": [[-1.158851766915519e-16, -0.17969190175039146, 0.9837229388630355, 2.3501656788819636], [-1.0, 2.0823627784385098e-17, -1.1399890658567558e-16, -1.5990568999999997], [0.0, -0.9837229388630356, -0.17969190175039143, 1.6], [0.0, 0.0, 0.0, 1.0]]}, "target_region": {"type": "circle", "params": {"center": [4.266239945360763, -1.5990569000000003], "radius": 7.892189397345558, "object_center": [4.266239945360763, -1.5990569000000003, 1.2499999997595876], "object_height": 2.500000001267631, "occupancy_ratio": 0.2, "fov_vertical": 90.0, "sample_distance": 7.892189397345558, "min_distance": 2.500000001267631}, "sample_point": [3.5192520005223678, 6.257702132440778, 1.5], "sample_forward": [0.09460156311229535, -0.9950116204704507, -0.031661007335177016], "height": 1.5}, "sample_target": [3.5192520005223678, 6.257702132440778, 1.5], "camera_params": {"forward": [0.09460156311229535, -0.9950116204704507, -0.031661007335177016]}, "task_type": "screen_occupancy", "task_description": "Position where wardrobe occupies 20% of vertical FOV", "target_object": {"label": "wardrobe", "id": "106", "bbox_min": [3.1450408907215257, -1.8840569, -8.742276804696303e-10], "bbox_max": [5.3874390000000005, -1.3140569, 2.500000000393403], "center": [4.266239945360763, -1.5990569, 1.2499999997595876]}}
{"scene_id": "0263_840792", "object_label": "wardrobe", "preset": "occupancy_50", "distance": 3.0177669544965346, "init_camera": {"intrinsics": [[320.0, 0.0, 320.0], [0.0, 320.0, 240.0], [0.0, 0.0, 1.0]], "extrinsics": [[-1.158851766915519e-16, -0.17969190175039146, 0.9837229388630355, 2.3501656788819636], [-1.0, 2.0823627784385098e-17, -1.1399890658567558e-16, -1.5990568999999997], [0.0, -0.9837229388630356, -0.17969190175039143, 1.6], [0.0, 0.0, 0.0, 1.0]]}, "target_region": {"type": "circle", "params": {"center": [4.266239945360763, -1.5990569000000003], "radius": 3.0177669544965346, "object_center": [4.266239945360763, -1.5990569000000003, 1.2499999997595876], "object_height": 2.500000001267631, "occupancy_ratio": 0.5, "fov_vertical": 90.0, "sample_distance": 3.0177669544965346, "min_distance": 2.500000001267631}, "sample_point": [6.21284752971436, -3.9050569659558407, 1.5], "sample_forward": [-0.6428468793655435, 0.7615325030744221, -0.08255989614326974], "height": 1.5}, "sample_target": [6.21284752971436, -3.9050569659558407, 1.5], "camera_params": {"forward": [-0.6428468793655435, 0.7615325030744221, -0.08255989614326974]}, "task_type": "screen_occupancy", "task_description": "Position where wardrobe occupies 50% of vertical FOV", "target_object": {"label": "wardrobe", "id": "106", "bbox_min": [3.1450408907215257, -1.8840569, -8.742276804696303e-10], "bbox_max": [5.3874390000000005, -1.3140569, 2.500000000393403], "center": [4.266239945360763, -1.5990569, 1.2499999997595876]}}
{"scene_id": "0263_840792", "object_label": "wardrobe", "preset": "occupancy_30", "distance": 5.206624715253053, "init_camera": {"intrinsics": [[320.0, 0.0, 320.0], [0.0, 320.0, 240.0], [0.0, 0.0, 1.0]], "extrinsics": [[0.9396926207859085, 0.061458249991130774, -0.336453060542683, 4.921575940604466], [0.3420201433256682, -0.16885515408982935, 0.924397186547422, -3.3995777490879], [-0.0, -0.9837229388630356, -0.17969190175039143, 1.6], [0.0, 0.0, 0.0, 1.0]]}, "target_region": {"type": "circle", "params": {"center": [4.266239945360763, -1.5990569000000003], "radius": 5.206624715253053, "object_center": [4.266239945360763, -1.5990569000000003, 1.2499999997595876], "object_height": 2.500000001267631, "occupancy_ratio": 0.3, "fov_vertical": 90.0, "sample_distance": 5.206624715253053, "min_distance": 2.500000001267631}, "sample_point": [1.4833215857020434, -5.999546228354104, 1.5], "sample_forward": [0.533880589004362, 0.8441986184665535, -0.04796049690649566], "height": 1.5}, "sample_target": [1.4833215857020434, -5.999546228354104, 1.5], "camera_params": {"forward": [0.533880589004362, 0.8441986184665535, -0.04796049690649566]}, "task_type": "screen_occupancy", "task_description": "Position where wardrobe occupies 30% of vertical FOV", "target_object": {"label": "wardrobe", "id": "106", "bbox_min": [3.1450408907215257, -1.8840569, -8.742276804696303e-10], "bbox_max": [5.3874390000000005, -1.3140569, 2.500000000393403], "center": [4.266239945360763, -1.5990569, 1.2499999997595876]}}
{"scene_id": "0263_840792", "object_label": "wardrobe", "preset": "occupancy_50", "distance": 3.0177669544965346, "init_camera": {"intrinsics": [[320.0, 0.0, 320.0], [0.0, 320.0, 240.0], [0.0, 0.0, 1.0]], "extrinsics": [[0.9396926207859085, 0.061458249991130774, -0.336453060542683, 4.921575940604466], [0.3420201433256682, -0.16885515408982935, 0.924397186547422, -3.3995777490879], [-0.0, -0.9837229388630356, -0.17969190175039143, 1.6], [0.0, 0.0, 0.0, 1.0]]}, "target_region": {"type": "circle", "params": {"center": [4.266239945360763, -1.5990569000000003], "radius": 3.0177669544965346, "object_center": [4.266239945360763, -1.5990569000000003, 1.2499999997595876], "object_height": 2.500000001267631, "occupancy_ratio": 0.5, "fov_vertical": 90.0, "sample_distance": 3.0177669544965346, "min_distance": 2.500000001267631}, "sample_point": [4.647723054945733, -4.592614654370655, 1.5], "sample_forward": [-0.12598082350983764, 0.9885912682482055, -0.08255989614326972], "height": 1.5}, "sample_target": [4.647723054945733, -4.592614654370655, 1.5], "camera_params": {"forward": [-0.12598082350983764, 0.9885912682482055, -0.08255989614326972]}, "task_type": "screen_occupancy", "task_description": "Position where wardrobe occupies 50% of vertical FOV", "target_object": {"label": "wardrobe", "id": "106", "bbox_min": [3.1450408907215257, -1.8840569, -8.742276804696303e-10], "bbox_max": [5.3874390000000005, -1.3140569, 2.500000000393403], "center": [4.266239945360763, -1.5990569, 1.2499999997595876]}}
{"scene_id": "0263_840792", "object_label": "wardrobe", "preset": "occupancy_20", "distance": 7.892189397345558, "init_camera": {"intrinsics": [[320.0, 0.0, 320.0], [0.0, 320.0, 240.0], [0.0, 0.0, 1.0]], "extrinsics": [[0.17364817766693003, -0.1769619779972935, 0.9687779770082718, 2.3792751523852615], [-0.9848077530122081, -0.03120317128046051, 0.17082169566272293, -1.931779704648543], [0.0, -0.9837229388630356, -0.17969190175039143, 1.6], [0.0, 0.0, 0.0, 1.0]]}, "target_region": {"type": "circle", "params": {"center": [4.266239945360763, -1.5990569000000003], "radius": 7.892189397345558, "object_center": [4.266239945360763, -1.5990569000000003, 1.2499999997595876], "object_height": 2.500000001267631, "occupancy_ratio": 0.2, "fov_vertical": 90.0, "sample_distance": 7.892189397345558, "min_distance": 2.500000001267631}, "sample_point": [2.593030348123624, -9.311839998680215, 1.5], "sample_forward": [0.21190200512187912, 0.9767779281084565, -0.03166100733517702], "height": 1.5}, "sample_target": [2.593030348123624, -9.311839998680215, 1.5], "camera_params": {"forward": [0.21190200512187912, 0.9767779281084565, -0.03166100733517702]}, "task_type": "screen_occupancy", "task_description": "Position where wardrobe occupies 20% of vertical FOV", "target_object": {"label": "wardrobe", "id": "106", "bbox_min": [3.1450408907215257, -1.8840569, -8.742276804696303e-10], "bbox_max": [5.3874390000000005, -1.3140569, 2.500000000393403], "center": [4.266239945360763, -1.5990569, 1.2499999997595876]}}
{"scene_id": "0263_840792", "object_label": "wardrobe", "preset": "occupancy_30", "distance": 5.206624715253053, "init_camera": {"intrinsics": [[320.0, 0.0, 320.0], [0.0, 320.0, 240.0], [0.0, 0.0, 1.0]], "extrinsics": [[0.17364817766693003, -0.1769619779972935, 0.9687779770082718, 2.3792751523852615], [-0.9848077530122081, -0.03120317128046051, 0.17082169566272293, -1.931779704648543], [0.0, -0.9837229388630356, -0.17969190175039143, 1.6], [0.0, 0.0, 0.0, 1.0]]}, "target_region": {"type": "circle", "params": {"center": [4.266239945360763, -1.5990569000000003], "radius": 5.206624715253053, "object_center": [4.266239945360763, -1.5990569000000003, 1.2499999997595876], "object_height": 2.500000001267631, "occupancy_ratio": 0.3, "fov_vertical": 90.0, "sample_distance": 5.206624715253053, "min_distance": 2.500000001267631}, "sample_point": [-0.6764684737767679, 0.03757818726621864, 1.5], "sample_forward": [0.948219006471168, -0.31397532785764076, -0.047960496906495655], "height": 1.5}, "sample_target": [-0.6764684737767679, 0.03757818726621864, 1.5], "camera_params": {"forward": [0.948219006471168, -0.31397532785764076, -0.047960496906495655]}, "task_type": "screen_occupancy", "task_description": "Position where wardrobe occupies 30% of vertical FOV", "target_object": {"label": "wardrobe", "id": "106", "bbox_min": [3.1450408907215257, -1.8840569, -8.742276804696303e-10], "bbox_max": [5.3874390000000005, -1.3140569, 2.500000000393403], "center": [4.266239945360763, -1.5990569, 1.2499999997595876]}}
{"scene_id": "0263_840792", "object_label": "wardrobe", "preset": "occupancy_50", "distance": 3.0177669544965346, "init_camera": {"intrinsics": [[320.0, 0.0, 320.0], [0.0, 320.0, 240.0], [0.0, 0.0, 1.0]], "extrinsics": [[0.17364817766693003, -0.1769619779972935, 0.9687779770082718, 2.3792751523852615], [-0.9848077530122081, -0.03120317128046051, 0.17082169566272293, -1.931779704648543], [0.0, -0.9837229388630356, -0.17969190175039143, 1.6], [0.0, 0.0, 0.0, 1.0]]}, "target_region": {"type": "circle", "params": {"center": [4.266239945360763, -1.5990569000000003], "radius": 3.0177669544965346, "object_center": [4.266239945360763, -1.5990569000000003, 1.2499999997595876], "object_height": 2.500000001267631, "occupancy_ratio": 0.5, "fov_vertical": 90.0, "sample_distance": 3.0177669544965346, "min_distance": 2.500000001267631}, "sample_point": [6.769596662873071, -3.2843232102718485, 1.5], "sample_forward": [-0.8267074816344887, 0.5565416456639829, -0.08255989614326975], "height": 1.5}, "sample_target": [6.769596662873071, -3.2843232102718485, 1.5], "camera_params": {"forward": [-0.8267074816344887, 0.5565416456639829, -0.08255989614326975]}, "task_type": "screen_occupancy", "task_description": "Position where wardrobe occupies 50% of vertical FOV", "target_object": {"label": "wardrobe", "id": "106", "bbox_min": [3.1450408907215257, -1.8840569, -8.742276804696303e-10], "bbox_max": [5.3874390000000005, -1.3140569, 2.500000000393403], "center": [4.266239945360763, -1.5990569, 1.2499999997595876]}}
{"scene_id": "0263_840792", "object_label": "wardrobe", "preset": "occupancy_30", "distance": 5.206624715253053, "init_camera": {"intrinsics": [[320.0, 0.0, 320.0], [0.0, 320.0, 240.0], [0.0, 0.0, 1.0]], "extrinsics": [[0.6427876096865393, -0.13765198280936877, 0.7535754908846986, 2.7984419009214068], [-0.766044443118978, -0.1155037280061626, 0.6323249164655883, -2.8306856977317962], [0.0, -0.9837229388630356, -0.17969190175039146, 1.6], [0.0, 0.0, 0.0, 1.0]]}, "target_region": {"type": "circle", "params": {"center": [4.266239945360763, -1.5990569000000003], "radius": 5.206624715253053, "object_center": [4.266239945360763, -1.5990569000000003, 1.2499999997595876], "object_height": 2.500000001267631, "occupancy_ratio": 0.3, "fov_vertical": 90.0, "sample_distance": 5.206624715253053, "min_distance": 2.500000001267631}, "sample_point": [-0.9394162336870471, -1.6994793627525806, 1.5], "sample_forward": [0.9986634273256458, 0.019265244838224792, -0.047960496906495655], "height": 1.5}, "sample_target": [-0.9394162336870471, -1.6994793627525806, 1.5], "camera_params": {"forward": [0.9986634273256458, 0.019265244838224792, -0.047960496906495655]}, "task_type": "screen_occupancy", "task_description": "Position where wardrobe occupies 30% of vertical FOV", "target_object": {"label": "wardrobe", "id": "106", "bbox_min": [3.1450408907215257, -1.8840569, -8.742276804696303e-10], "bbox_max": [5.3874390000000005, -1.3140569, 2.500000000393403], "center": [4.266239945360763, -1.5990569, 1.2499999997595876]}}
{"scene_id": "0263_840792", "object_label": "wardrobe", "preset": "occupancy_50", "distance": 3.0177669544965346, "init_camera": {"intrinsics": [[320.0, 0.0, 320.0], [0.0, 320.0, 240.0], [0.0, 0.0, 1.0]], "extrinsics": [[0.6427876096865393, -0.13765198280936877, 0.7535754908846986, 2.7984419009214068], [-0.766044443118978, -0.1155037280061626, 0.6323249164655883, -2.8306856977317962], [0.0, -0.9837229388630356, -0.17969190175039146, 1.6], [0.0, 0.0, 0.0, 1.0]]}, "target_region": {"type": "circle", "params": {"center": [4.266239945360763, -1.5990569000000003], "radius": 3.0177669544965346, "object_center": [4.266239945360763, -1.5990569000000003, 1.2499999997595876], "object_height": 2.500000001267631, "occupancy_ratio": 0.5, "fov_vertical": 90.0, "sample_distance": 3.0177669544965346, "min_distance": 2.500000001267631}, "sample_point": [6.397233655211099, -3.735826237160563, 1.5], "sample_forward": [-0.7037384767920697, 0.7056458175538137, -0.08255989614326975], "height": 1.5}, "sample_target": [6.397233655211099, -3.735826237160563, 1.5], "camera_params": {"forward": [-0.7037384767920697, 0.7056458175538137, -0.08255989614326975]}, "task_type": "screen_occupancy", "task_description": "Position where wardrobe occupies 50% of vertical FOV", "target_object": {"label": "wardrobe", "id": "106", "bbox_min": [3.1450408907215257, -1.8840569, -8.742276804696303e-10], "bbox_max": [5.3874390000000005, -1.3140569, 2.500000000393403], "center": [4.266239945360763, -1.5990569, 1.2499999997595876]}}
{"scene_id": "0263_840792", "object_label": "door", "preset": "closer", "distance": 2.8185563003710854, "init_camera": {"intrinsics": [[320.0, 0.0, 320.0], [0.0, 320.0, 240.0], [0.0, 0.0, 1.0]], "extrinsics": [[-0.6427876096865393, 0.09133226970207253, -0.7605803740200855, 2.327008813076744], [0.766044443118978, 0.07663687382159293, -0.6382027113209313, -2.719711268998323], [0.0, -0.9928671643688903, -0.1192258106203471, 1.6], [0.0, 0.0, 0.0, 1.0]]}, "target_region": {"type": "point", "params": {"delta": 0.5, "start_position": [2.327008813076744, -2.719711268998323, 1.6], "sample_distance": 2.8185563003710854, "min_distance": 2.7060002100769402, "min_distance_enforced": false}, "sample_point": [1.943986591517255, -3.0411050738415923, 1.6], "sample_forward": [-0.7585009051161541, -0.6364578297305978, -0.13999217089749053], "height": 1.6}, "sample_target": [1.943986591517255, -3.0411050738415923, 1.6], "camera_params": {"forward": [-0.7585009051161541, -0.6364578297305978, -0.13999217089749053]}, "task_type": "delta_control", "task_description": "Move 0.5m toward door", "target_object": {"label": "door", "id": "107", "bbox_min": [-1.5681529050384702, -4.997838400000001, -1.7484558156866115e-09], "bbox_max": [1.13784730503847, -4.707837881848114, 2.403000001748456], "center": [-0.21515280000000003, -4.8528381409240575, 1.2015000000000002]}}
{"scene_id": "0263_840792", "object_label": "door", "preset": "closer", "distance": 2.7060002100769402, "init_camera": {"intrinsics": [[320.0, 0.0, 320.0], [0.0, 320.0, 240.0], [0.0, 0.0, 1.0]], "extrinsics": [[-0.6427876096865393, 0.09133226970207253, -0.7605803740200855, 2.327008813076744], [0.766044443118978, 0.07663687382159293, -0.6382027113209313, -2.719711268998323], [0.0, -0.9928671643688903, -0.1192258106203471, 1.6], [0.0, 0.0, 0.0, 1.0]]}, "target_region": {"type": "point", "params": {"delta": 0.7, "start_position": [2.327008813076744, -2.719711268998323, 1.6], "sample_distance": 2.7060002100769402, "min_distance": 2.7060002100769402, "min_distance_enforced": true}, "sample_point": [1.8577636240082274, -3.113454734077428, 1.6], "sample_forward": [-0.7578705247119336, -0.635928877765915, -0.1456939607404581], "height": 1.6}, "sample_target": [1.8577636240082274, -3.113454734077428, 1.6], "camera_params": {"forward": [-0.7578705247119336, -0.635928877765915, -0.1456939607404581]}, "task_type": "delta_control", "task_description": "Move 0.7m toward door", "target_object": {"label": "door", "id": "107", "bbox_min": [-1.5681529050384702, -4.997838400000001, -1.7484558156866115e-09], "bbox_max": [1.13784730503847, -4.707837881848114, 2.403000001748456], "center": [-0.21515280000000003, -4.8528381409240575, 1.2015000000000002]}}
{"scene_id": "0263_840792", "object_label": "door", "preset": "closer", "distance": 2.7060002100769402, "init_camera": {"intrinsics": [[320.0, 0.0, 320.0], [0.0, 320.0, 240.0], [0.0, 0.0, 1.0]], "extrinsics": [[-0.6427876096865393, 0.09133226970207253, -0.7605803740200855, 2.327008813076744], [0.766044443118978, 0.07663687382159293, -0.6382027113209313, -2.719711268998323], [0.0, -0.9928671643688903, -0.1192258106203471, 1.6], [0.0, 0.0, 0.0, 1.0]]}, "target_region": {"type": "point", "params": {"delta": 1.0, "start_position": [2.327008813076744, -2.719711268998323, 1.6], "sample_distance": 2.7060002100769402, "min_distance": 2.7060002100769402, "min_distance_enforced": true}, "sample_point": [1.8577636240082274, -3.113454734077428, 1.6], "sample_forward": [-0.7578705247119336, -0.635928877765915, -0.1456939607404581], "height": 1.6}, "sample_target": [1.8577636240082274, -3.113454734077428, 1.6], "camera_params": {"forward": [-0.7578705247119336, -0.635928877765915, -0.1456939607404581]}, "task_type": "delta_control", "task_description": "Move 1.0m toward door", "target_object": {"label": "door", "id": "107", "bbox_min": [-1.5681529050384702, -4.997838400000001, -1.7484558156866115e-09], "bbox_max": [1.13784730503847, -4.707837881848114, 2.403000001748456], "center": [-0.21515280000000003, -4.8528381409240575, 1.2015000000000002]}}
{"scene_id": "0263_840792", "object_label": "door", "preset": "closer", "distance": 2.7060002100769402, "init_camera": {"intrinsics": [[320.0, 0.0, 320.0], [0.0, 320.0, 240.0], [0.0, 0.0, 1.0]], "extrinsics": [[-0.6427876096865393, 0.09133226970207253, -0.7605803740200855, 2.327008813076744], [0.766044443118978, 0.07663687382159293, -0.6382027113209313, -2.719711268998323], [0.0, -0.9928671643688903, -0.1192258106203471, 1.6], [0.0, 0.0, 0.0, 1.0]]}, "target_region": {"type": "point", "params": {"delta": 1.5, "start_position": [2.327008813076744, -2.719711268998323, 1.6], "sample_distance": 2.7060002100769402, "min_distance": 2.7060002100769402, "min_distance_enforced": true}, "sample_point": [1.8577636240082274, -3.113454734077428, 1.6], "sample_forward": [-0.7578705247119336, -0.635928877765915, -0.1456939607404581], "height": 1.6}, "sample_target": [1.8577636240082274, -3.113454734077428, 1.6], "camera_params": {"forward": [-0.7578705247119336, -0.635928877765915, -0.1456939607404581]}, "task_type": "delta_control", "task_description": "Move 1.5m toward door", "target_object": {"label": "door", "id": "107", "bbox_min": [-1.5681529050384702, -4.997838400000001, -1.7484558156866115e-09], "bbox_max": [1.13784730503847, -4.707837881848114, 2.403000001748456], "center": [-0.21515280000000003, -4.8528381409240575, 1.2015000000000002]}}
{"scene_id": "0263_840792", "object_label": "door", "preset": "occupancy_20", "distance": 7.585972455921381, "init_camera": {"intrinsics": [[320.0, 0.0, 320.0], [0.0, 320.0, 240.0], [0.0, 0.0, 1.0]], "extrinsics": [[-0.6427876096865393, 0.09133226970207253, -0.7605803740200855, 2.327008813076744], [0.766044443118978, 0.07663687382159293, -0.6382027113209313, -2.719711268998323], [0.0, -0.9928671643688903, -0.1192258106203471, 1.6], [0.0, 0.0, 0.0, 1.0]]}, "target_region": {"type": "circle", "params": {"center": [-0.21515280000000012, -4.8528381409240575], "radius": 7.585972455921381, "object_center": [-0.21515280000000012, -4.8528381409240575, 1.2015000000000002], "object_height": 2.4030000034969117, "occupancy_ratio": 0.2, "fov_vertical": 90.0, "sample_distance": 7.585972455921381, "min_distance": 2.7060002100769402}, "sample_point": [7.278807917917243, -6.030773139262735, 1.5], "sample_forward": [-0.9871069125003236, 0.15515797628297706, -0.03931851586529763], "height": 1.5}, "sample_target": [7.278807917917243, -6.030773139262735, 1.5], "camera_params": {"forward": [-0.9871069125003236, 0.15515797628297706, -0.03931851586529763]}, "task_type": "screen_occupancy", "task_description": "Position where door occupies 20% of vertical FOV", "target_object": {"label": "door", "id": "107", "bbox_min": [-1.5681529050384702, -4.997838400000001, -1.7484558156866115e-09], "bbox_max": [1.13784730503847, -4.707837881848114, 2.403000001748456], "center": [-0.21515280000000003, -4.8528381409240575, 1.2015000000000002]}}
{"scene_id": "0263_840792", "object_label": "door", "preset": "occupancy_30", "distance": 5.004607681046479, "init_camera": {"intrinsics": [[320.0, 0.0, 320.0], [0.0, 320.0, 240.0], [0.0, 0.0, 1.0]], "extrinsics": [[-0.6427876096865393, 0.09133226970207253, -0.7605803740200855, 2.327008813076744], [0.766044443118978, 0.07663687382159293, -0.6382027113209313, -2.719711268998323], [0.0, -0.9928671643688903, -0.1192258106203471, 1.6], [0.0, 0.0, 0.0, 1.0]]}, "target_region": {"type": "circle", "params": {"center": [-0.21515280000000012, -4.8528381409240575], "radius": 5.004607681046479, "object_center": [-0.21515280000000012, -4.8528381409240575, 1.2015000000000002], "object_height": 2.4030000034969117, "occupancy_ratio": 0.3, "fov_vertical": 90.0, "sample_distance": 5.004607681046479, "min_distance": 2.7060002100769402}, "sample_point": [-3.642966570338685, -1.2064439223752865, 1.5], "sample_forward": [0.6837164735523213, -0.7273148319377362, -0.059539222673465925], "height": 1.5}, "sample_target": [-3.642966570338685, -1.2064439223752865, 1.5], "camera_params": {"forward": [0.6837164735523213, -0.7273148319377362, -0.059539222673465925]}, "task_type": "screen_occupancy", "task_description": "Position where door occupies 30% of vertical FOV", "target_object": {"label": "door", "id": "107", "bbox_min": [-1.5681529050384702, -4.997838400000001, -1.7484558156866115e-09], "bbox_max": [1.13784730503847, -4.707837881848114, 2.403000001748456], "center": [-0.21515280000000003, -4.8528381409240575, 1.2015000000000002]}}
{"scene_id": "0263_840792", "object_label": "door", "preset": "occupancy_50", "distance": 2.9006775994124196, "init_camera": {"intrinsics": [[320.0, 0.0, 320.0], [0.0, 320.0, 240.0], [0.0, 0.0, 1.0]], "extrinsics": [[-0.6427876096865393, 0.09133226970207253, -0.7605803740200855, 2.327008813076744], [0.766044443118978, 0.07663687382159293, -0.6382027113209313, -2.719711268998323], [0.0, -0.9928671643688903, -0.1192258106203471, 1.6], [0.0, 0.0, 0.0, 1.0]]}, "target_region": {"type": "circle", "params": {"center": [-0.21515280000000012, -4.8528381409240575], "radius": 2.9006775994124196, "object_center": [-0.21515280000000012, -4.8528381409240575, 1.2015000000000002], "object_height": 2.4030000034969117, "occupancy_ratio": 0.5, "fov_vertical": 90.0, "sample_distance": 2.9006775994124196, "min_distance": 2.7060002100769402}, "sample_point": [1.971142266347434, -6.759155118396027, 1.5], "sample_forward": [-0.7497592766684208, 0.6537447118324974, -0.10236639487981988], "height": 1.5}, "sample_target": [1.971142266347434, -6.759155118396027, 1.5], "camera_params": {"forward": [-0.7497592766684208, 0.6537447118324974, -0.10236639487981988]}, "task_type": "screen_occupancy", "task_description": "Position where door occupies 50% of vertical FOV", "target_object": {"label": "door", "id": "107", "bbox_min": [-1.5681529050384702, -4.997838400000001, -1.7484558156866115e-09], "bbox_max": [1.13784730503847, -4.707837881848114, 2.403000001748456], "center": [-0.21515280000000003, -4.8528381409240575, 1.2015000000000002]}}
{"scene_id": "0263_840792", "object_label": "door", "preset": "right", "distance": 2.7060002100769402, "init_camera": {"intrinsics": [[320.0, 0.0, 320.0], [0.0, 320.0, 240.0], [0.0, 0.0, 1.0]], "extrinsics": [[-0.766044443118978, 0.05877838985691874, -0.6400945336841762, 2.574320801749038], [0.6427876096865395, 0.07004935727888596, -0.7628349601180324, -1.5284729545929316], [0.0, -0.9958103174955777, -0.09144294160489884, 1.6], [0.0, 0.0, 0.0, 1.0]]}, "target_region": {"type": "circle", "params": {"center": [-0.21515280000000012, -4.8528381409240575], "radius": 2.7060002100769402, "object_center": [-0.21515280000000012, -4.8528381409240575, 1.2015000000000002], "sample_distance": 2.7060002100769402, "min_distance": 2.7060002100769402, "requested_distance": 1.0}, "sample_point": [-2.04032927763687, -2.855047370493502, 1.5], "sample_forward": [0.6704256976750885, -0.7338305569272373, -0.10964532647008464], "height": 1.5}, "sample_target": [-2.04032927763687, -2.855047370493502, 1.5], "camera_params": {"forward": [0.6704256976750885, -0.7338305569272373, -0.10964532647008464]}, "task_type": "absolute_positioning", "task_description": "Move to any position 2.7m from door", "target_object": {"label": "door", "id": "107", "bbox_min": [-1.5681529050384702, -4.997838400000001, -1.7484558156866115e-09], "bbox_max": [1.13784730503847, -4.707837881848114, 2.403000001748456], "center": [-0.21515280000000003, -4.8528381409240575, 1.2015000000000002]}}
{"scene_id": "0263_840792", "object_label": "door", "preset": "back", "distance": 2.7060002100769402, "init_camera": {"intrinsics": [[320.0, 0.0, 320.0], [0.0, 320.0, 240.0], [0.0, 0.0, 1.0]], "extrinsics": [[-0.766044443118978, 0.05877838985691874, -0.6400945336841762, 2.574320801749038], [0.6427876096865395, 0.07004935727888596, -0.7628349601180324, -1.5284729545929316], [0.0, -0.9958103174955777, -0.09144294160489884, 1.6], [0.0, 0.0, 0.0, 1.0]]}, "target_region": {"type": "circle", "params": {"center": [-0.21515280000000012, -4.8528381409240575], "radius": 2.7060002100769402, "object_center": [-0.21515280000000012, -4.8528381409240575, 1.2015000000000002], "sample_distance": 2.7060002100769402, "min_distance": 2.7060002100769402, "requested_distance": 1.5}, "sample_point": [-2.8025758700551426, -4.060576193407413, 1.5], "sample_forward": [0.9504148986010887, -0.291014471977513, -0.10964532647008464], "height": 1.5}, "sample_target": [-2.8025758700551426, -4.060576193407413, 1.5], "camera_params": {"forward": [0.9504148986010887, -0.291014471977513, -0.10964532647008464]}, "task_type": "absolute_positioning", "task_description": "Move to any position 2.7m from door", "target_object": {"label": "door", "id": "107", "bbox_min": [-1.5681529050384702, -4.997838400000001, -1.7484558156866115e-09], "bbox_max": [1.13784730503847, -4.707837881848114, 2.403000001748456], "center": [-0.21515280000000003, -4.8528381409240575, 1.2015000000000002]}}
{"scene_id": "0263_840792", "object_label": "door", "preset": "occupancy_20", "distance": 7.585972455921381, "init_camera": {"intrinsics": [[320.0, 0.0, 320.0], [0.0, 320.0, 240.0], [0.0, 0.0, 1.0]], "extrinsics": [[-0.766044443118978, 0.05877838985691874, -0.6400945336841762, 2.574320801749038], [0.6427876096865395, 0.07004935727888596, -0.7628349601180324, -1.5284729545929316], [0.0, -0.9958103174955777, -0.09144294160489884, 1.6], [0.0, 0.0, 0.0, 1.0]]}, "target_region": {"type": "circle", "params": {"center": [-0.21515280000000012, -4.8528381409240575], "radius": 7.585972455921381, "object_center": [-0.21515280000000012, -4.8528381409240575, 1.2015000000000002], "object_height": 2.4030000034969117, "occupancy_ratio": 0.2, "fov_vertical": 90.0, "sample_distance": 7.585972455921381, "min_distance": 2.7060002100769402}, "sample_point": [-1.1860860448421977, 2.6707425714799813, 1.5], "sample_forward": [0.12789163883240498, -0.9910084676867862, -0.03931851586529763], "height": 1.5}, "sample_target": [-1.1860860448421977, 2.6707425714799813, 1.5], "camera_params": {"forward": [0.12789163883240498, -0.9910084676867862, -0.03931851586529763]}, "task_type": "screen_occupancy", "task_description": "Position where door occupies 20% of vertical FOV", "target_object": {"label": "door", "id": "107", "bbox_min": [-1.5681529050384702, -4.997838400000001, -1.7484558156866115e-09], "bbox_max": [1.13784730503847, -4.707837881848114, 2.403000001748456], "center": [-0.21515280000000003, -4.8528381409240575, 1.2015000000000002]}}
{"scene_id": "0263_840792", "object_label": "door", "preset": "occupancy_50", "distance": 2.9006775994124196, "init_camera": {"intrinsics": [[320.0, 0.0, 320.0], [0.0, 320.0, 240.0], [0.0, 0.0, 1.0]], "extrinsics": [[-0.766044443118978, 0.05877838985691874, -0.6400945336841762, 2.574320801749038], [0.6427876096865395, 0.07004935727888596, -0.7628349601180324, -1.5284729545929316], [0.0, -0.9958103174955777, -0.09144294160489884, 1.6], [0.0, 0.0, 0.0, 1.0]]}, "target_region": {"type": "circle", "params": {"center": [-0.21515280000000012, -4.8528381409240575], "radius": 2.9006775994124196, "object_center": [-0.21515280000000012, -4.8528381409240575, 1.2015000000000002], "object_height": 2.4030000034969117, "occupancy_ratio": 0.5, "fov_vertical": 90.0, "sample_distance": 2.9006775994124196, "min_distance": 2.7060002100769402}, "sample_point": [-2.2152995006673653, -2.7520421699781754, 1.5], "sample_forward": [0.685922301434119, -0.7204385592086464, -0.10236639487981988], "height": 1.5}, "sample_target": [-2.2152995006673653, -2.7520421699781754, 1.5], "camera_params": {"forward": [0.685922301434119, -0.7204385592086464, -0.10236639487981988]}, "task_type": "screen_occupancy", "task_description": "Position where door occupies 50% of vertical FOV", "target_object": {"label": "door", "id": "107", "bbox_min": [-1.5681529050384702, -4.997838400000001, -1.7484558156866115e-09], "bbox_max": [1.13784730503847, -4.707837881848114, 2.403000001748456], "center": [-0.21515280000000003, -4.8528381409240575, 1.2015000000000002]}}
{"scene_id": "0263_840792", "object_label": "door", "preset": "front", "distance": 2.7060002100769402, "init_camera": {"intrinsics": [[320.0, 0.0, 320.0], [0.0, 320.0, 240.0], [0.0, 0.0, 1.0]], "extrinsics": [[-0.9396926207859084, 0.031275327993828254, -0.34058718751501715, 1.2690951019448256], [0.34202014332566877, 0.08592825744908016, -0.9357556070530667, -0.7749005454577516], [0.0, -0.9958103174955776, -0.09144294160489883, 1.6], [0.0, 0.0, 0.0, 1.0]]}, "target_region": {"type": "circle", "params": {"center": [-0.21515280000000012, -4.8528381409240575], "radius": 2.7060002100769402, "object_center": [-0.21515280000000012, -4.8528381409240575, 1.2015000000000002], "sample_distance": 2.7060002100769402, "min_distance": 2.7060002100769402, "requested_distance": 0.8}, "sample_point": [2.4847629019294892, -4.671475687778327, 1.5], "sample_forward": [-0.9917358076374099, -0.06661824249440232, -0.10964532647008464], "height": 1.5}, "sample_target": [2.4847629019294892, -4.671475687778327, 1.5], "camera_params": {"forward": [-0.9917358076374099, -0.06661824249440232, -0.10964532647008464]}, "task_type": "absolute_positioning", "task_description": "Move to any position 2.7m from door", "target_object": {"label": "door", "id": "107", "bbox_min": [-1.5681529050384702, -4.997838400000001, -1.7484558156866115e-09], "bbox_max": [1.13784730503847, -4.707837881848114, 2.403000001748456], "center": [-0.21515280000000003, -4.8528381409240575, 1.2015000000000002]}}
{"scene_id": "0263_840792", "object_label": "door", "preset": "back", "distance": 2.7060002100769402, "init_camera": {"intrinsics": [[320.0, 0.0, 320.0], [0.0, 320.0, 240.0], [0.0, 0.0, 1.0]], "extrinsics": [[-0.9396926207859084, 0.031275327993828254, -0.34058718751501715, 1.2690951019448256], [0.34202014332566877, 0.08592825744908016, -0.9357556070530667, -0.7749005454577516], [0.0, -0.9958103174955776, -0.09144294160489883, 1.6], [0.0, 0.0, 0.0, 1.0]]}, "target_region": {"type": "circle", "params": {"center": [-0.21515280000000012, -4.8528381409240575], "radius": 2.7060002100769402, "object_center": [-0.21515280000000012, -4.8528381409240575, 1.2015000000000002], "sample_distance": 2.7060002100769402, "min_distance": 2.7060002100769402, "requested_distance": 1.5}, "sample_point": [-2.837596115956029, -5.520092358995398, 1.5], "sample_forward": [0.9632785712807045, 0.2450965044521716, -0.10964532647008464], "height": 1.5}, "sample_target": [-2.837596115956029, -5.520092358995398, 1.5], "camera_params": {"forward": [0.9632785712807045, 0.2450965044521716, -0.10964532647008464]}, "task_type": "absolute_positioning", "task_description": "Move to any position 2.7m from door", "target_object": {"label": "door", "id": "107", "bbox_min": [-1.5681529050384702, -4.997838400000001, -1.7484558156866115e-09], "bbox_max": [1.13784730503847, -4.707837881848114, 2.403000001748456], "center": [-0.21515280000000003, -4.8528381409240575, 1.2015000000000002]}}
{"scene_id": "0263_840792", "object_label": "door", "preset": "closer", "distance": 3.839650546639111, "init_camera": {"intrinsics": [[320.0, 0.0, 320.0], [0.0, 320.0, 240.0], [0.0, 0.0, 1.0]], "extrinsics": [[-0.9396926207859084, 0.031275327993828254, -0.34058718751501715, 1.2690951019448256], [0.34202014332566877, 0.08592825744908016, -0.9357556070530667, -0.7749005454577516], [0.0, -0.9958103174955776, -0.09144294160489883, 1.6], [0.0, 0.0, 0.0, 1.0]]}, "target_region": {"type": "point", "params": {"delta": 0.5, "start_position": [1.2690951019448256, -0.7749005454577516, 1.6], "sample_distance": 3.839650546639111, "min_distance": 2.7060002100769402, "min_distance_enforced": false}, "sample_point": [1.0980850302819911, -1.2447468558507055, 1.6], "sample_forward": [-0.3401928693684268, -0.9346722268492286, -0.10323100303484845], "height": 1.6}, "sample_target": [1.0980850302819911, -1.2447468558507055, 1.6], "camera_params": {"forward": [-0.3401928693684268, -0.9346722268492286, -0.10323100303484845]}, "task_type": "delta_control", "task_description": "Move 0.5m toward door", "target_object": {"label": "door", "id": "107", "bbox_min": [-1.5681529050384702, -4.997838400000001, -1.7484558156866115e-09], "bbox_max": [1.13784730503847, -4.707837881848114, 2.403000001748456], "center": [-0.21515280000000003, -4.8528381409240575, 1.2015000000000002]}}
{"scene_id": "0263_840792", "object_label": "door", "preset": "closer", "distance": 3.639650546639111, "init_camera": {"intrinsics": [[320.0, 0.0, 320.0], [0.0, 320.0, 240.0], [0.0, 0.0, 1.0]], "extrinsics": [[-0.9396926207859084, 0.031275327993828254, -0.34058718751501715, 1.2690951019448256], [0.34202014332566877, 0.08592825744908016, -0.9357556070530667, -0.7749005454577516], [0.0, -0.9958103174955776, -0.09144294160489883, 1.6], [0.0, 0.0, 0.0, 1.0]]}, "target_region": {"type": "point", "params": {"delta": 0.7, "start_position": [1.2690951019448256, -0.7749005454577516, 1.6], "sample_distance": 3.639650546639111, "min_distance": 2.7060002100769402, "min_distance_enforced": false}, "sample_point": [1.0296810016168574, -1.4326853800078871, 1.6], "sample_forward": [-0.3399883683845455, -0.9341103650137585, -0.10883811527712825], "height": 1.6}, "sample_target": [1.0296810016168574, -1.4326853800078871, 1.6], "camera_params": {"forward": [-0.3399883683845455, -0.9341103650137585, -0.10883811527712825]}, "task_type": "delta_control", "task_description": "Move 0.7m toward door", "target_object": {"label": "door", "id": "107", "bbox_min": [-1.5681529050384702, -4.997838400000001, -1.7484558156866115e-09], "bbox_max": [1.13784730503847, -4.707837881848114, 2.403000001748456], "center": [-0.21515280000000003, -4.8528381409240575, 1.2015000000000002]}}
