{"scene_id": "0306_840556", "object_label": "wardrobe", "preset": "occupancy_30", "distance": 5.373236705237349, "init_camera": {"intrinsics": [[320.0, 0.0, 320.0], [0.0, 320.0, 240.0], [0.0, 0.0, 1.0]], "extrinsics": [[-0.8660254037844387, -0.06747357926163762, 0.495426398268828, 0.020951096914097356], [-0.49999999999999983, 0.11686766744968215, -0.8581036932124642, 3.5384357134810758], [0.0, -0.9908527965376563, -0.1349471585232753, 1.6], [0.0, 0.0, 0.0, 1.0]]}, "target_region": {"type": "circle", "params": {"center": [1.1590423701501122, 1.5672038045855434], "radius": 5.373236705237349, "object_center": [1.1590423701501122, 1.5672038045855434, 1.2899999999999998], "object_height": 2.580000000874228, "occupancy_ratio": 0.3, "fov_vertical": 90.0, "sample_distance": 5.373236705237349, "min_distance": 2.580000000874228}, "sample_point": [-1.4420055358309818, 6.268929283736925, 1.5], "sample_forward": [0.4837054158760372, -0.8743591661646273, -0.03905277449922763], "height": 1.5}, "sample_target": [-1.4420055358309818, 6.268929283736925, 1.5], "camera_params": {"forward": [0.4837054158760372, -0.8743591661646273, -0.03905277449922763]}, "task_type": "screen_occupancy", "task_description": "Position where wardrobe occupies 30% of vertical FOV", "target_object": {"label": "wardrobe", "id": "75", "bbox_min": [0.3344423006638271, 1.0419788819690516, -4.371140676084906e-10], "bbox_max": [1.9836424396363974, 2.0924287272020354, 2.580000000437114], "center": [1.1590423701501122, 1.5672038045855436, 1.29]}}
{"scene_id": "0306_840556", "object_label": "wardrobe", "preset": "occupancy_50", "distance": 3.114335496516579, "init_camera": {"intrinsics": [[320.0, 0.0, 320.0], [0.0, 320.0, 240.0], [0.0, 0.0, 1.0]], "extrinsics": [[-0.8660254037844387, -0.06747357926163762, 0.495426398268828, 0.020951096914097356], [-0.49999999999999983, 0.11686766744968215, -0.8581036932124642, 3.5384357134810758], [0.0, -0.9908527965376563, -0.1349471585232753, 1.6], [0.0, 0.0, 0.0, 1.0]]}, "target_region": {"type": "circle", "params": {"center": [1.1590423701501122, 1.5672038045855434], "radius": 3.114335496516579, "object_center": [1.1590423701501122, 1.5672038045855434, 1.2899999999999998], "object_height": 2.580000000874228, "occupancy_ratio": 0.5, "fov_vertical": 90.0, "sample_distance": 3.114335496516579, "min_distance": 2.580000000874228}, "sample_point": [-1.6428543912534863, 0.2076229414886872, 1.5], "sample_forward": [0.8976388522889761, 0.4355665855914537, -0.06727733925723044], "height": 1.5}, "sample_target": [-1.6428543912534863, 0.2076229414886872, 1.5], "camera_params": {"forward": [0.8976388522889761, 0.4355665855914537, -0.06727733925723044]}, "task_type": "screen_occupancy", "task_description": "Position where wardrobe occupies 50% of vertical FOV", "target_object": {"label": "wardrobe", "id": "75", "bbox_min": [0.3344423006638271, 1.0419788819690516, -4.371140676084906e-10], "bbox_max": [1.9836424396363974, 2.0924287272020354, 2.580000000437114], "center": [1.1590423701501122, 1.5672038045855436, 1.29]}}
{"scene_id": "0306_840556", "object_label": "wardrobe", "preset": "occupancy_30", "distance": 5.373236705237349, "init_camera": {"intrinsics": [[320.0, 0.0, 320.0], [0.0, 320.0, 240.0], [0.0, 0.0, 1.0]], "extrinsics": [[-1.0, 2.0464628549374355e-17, -1.202096266428881e-16, 1.1590423701501125], [1.2193914613152914e-16, 0.1678265692241298, -0.9858165360057918, 3.3881498417631684], [0.0, -0.9858165360057918, -0.1678265692241298, 1.6], [0.0, 0.0, 0.0, 1.0]]}, "target_region": {"type": "circle", "params": {"center": [1.1590423701501122, 1.5672038045855434], "radius": 5.373236705237349, "object_center": [1.1590423701501122, 1.5672038045855434, 1.2899999999999998], "object_height": 2.580000000874228, "occupancy_ratio": 0.3, "fov_vertical": 90.0, "sample_distance": 5.373236705237349, "min_distance": 2.580000000874228}, "sample_point": [5.404152912292965, 4.861245269943493, 1.5], "sample_forward": [-0.7894444986980886, -0.6125783739891869, -0.03905277449922763], "height": 1.5}, "sample_target": [5.404152912292965, 4.861245269943493, 1.5], "camera_params": {"forward": [-0.7894444986980886, -0.6125783739891869, -0.03905277449922763]}, "task_type": "screen_occupancy", "task_description": "Position where wardrobe occupies 30% of vertical FOV", "target_object": {"label": "wardrobe", "id": "75", "bbox_min": [0.3344423006638271, 1.0419788819690516, -4.371140676084906e-10], "bbox_max": [1.9836424396363974, 2.0924287272020354, 2.580000000437114], "center": [1.1590423701501122, 1.5672038045855436, 1.29]}}
{"scene_id": "0306_840556", "object_label": "wardrobe", "preset": "occupancy_50", "distance": 3.114335496516579, "init_camera": {"intrinsics": [[320.0, 0.0, 320.0], [0.0, 320.0, 240.0], [0.0, 0.0, 1.0]], "extrinsics": [[-1.0, 2.0464628549374355e-17, -1.202096266428881e-16, 1.1590423701501125], [1.2193914613152914e-16, 0.1678265692241298, -0.9858165360057918, 3.3881498417631684], [0.0, -0.9858165360057918, -0.1678265692241298, 1.6], [0.0, 0.0, 0.0, 1.0]]}, "target_region": {"type": "circle", "params": {"center": [1.1590423701501122, 1.5672038045855434], "radius": 3.114335496516579, "object_center": [1.1590423701501122, 1.5672038045855434, 1.2899999999999998], "object_height": 2.580000000874228, "occupancy_ratio": 0.5, "fov_vertical": 90.0, "sample_distance": 3.114335496516579, "min_distance": 2.580000000874228}, "sample_point": [-1.9532615595957799, 1.4547323248609336, 1.5], "sample_forward": [0.9970834635863128, 0.036032294753310865, -0.06727733925723044], "height": 1.5}, "sample_target": [-1.9532615595957799, 1.4547323248609336, 1.5], "camera_params": {"forward": [0.9970834635863128, 0.036032294753310865, -0.06727733925723044]}, "task_type": "screen_occupancy", "task_description": "Position where wardrobe occupies 50% of vertical FOV", "target_object": {"label": "wardrobe", "id": "75", "bbox_min": [0.3344423006638271, 1.0419788819690516, -4.371140676084906e-10], "bbox_max": [1.9836424396363974, 2.0924287272020354, 2.580000000437114], "center": [1.1590423701501122, 1.5672038045855436, 1.29]}}
{"scene_id": "0306_840556", "object_label": "wardrobe", "preset": "occupancy_30", "distance": 5.373236705237349, "init_camera": {"intrinsics": [[320.0, 0.0, 320.0], [0.0, 320.0, 240.0], [0.0, 0.0, 1.0]], "extrinsics": [[-0.8660254037844388, -0.08391328461206486, 0.4929082680028956, 0.24856935156130033], [-0.4999999999999997, 0.14534207237808408, -0.8537421636517926, 3.14418933170197], [0.0, -0.9858165360057918, -0.1678265692241298, 1.6], [0.0, 0.0, 0.0, 1.0]]}, "target_region": {"type": "circle", "params": {"center": [1.1590423701501122, 1.5672038045855434], "radius": 5.373236705237349, "object_center": [1.1590423701501122, 1.5672038045855434, 1.2899999999999998], "object_height": 2.580000000874228, "occupancy_ratio": 0.3, "fov_vertical": 90.0, "sample_distance": 5.373236705237349, "min_distance": 2.580000000874228}, "sample_point": [-2.1713837323029668, -2.6494221767660298, 1.5], "sample_forward": [0.6193446645973408, 0.7841473504633679, -0.03905277449922763], "height": 1.5}, "sample_target": [-2.1713837323029668, -2.6494221767660298, 1.5], "camera_params": {"forward": [0.6193446645973408, 0.7841473504633679, -0.03905277449922763]}, "task_type": "screen_occupancy", "task_description": "Position where wardrobe occupies 30% of vertical FOV", "target_object": {"label": "wardrobe", "id": "75", "bbox_min": [0.3344423006638271, 1.0419788819690516, -4.371140676084906e-10], "bbox_max": [1.9836424396363974, 2.0924287272020354, 2.580000000437114], "center": [1.1590423701501122, 1.5672038045855436, 1.29]}}
{"scene_id": "0306_840556", "object_label": "wardrobe", "preset": "occupancy_50", "distance": 3.114335496516579, "init_camera": {"intrinsics": [[320.0, 0.0, 320.0], [0.0, 320.0, 240.0], [0.0, 0.0, 1.0]], "extrinsics": [[-0.8660254037844388, -0.08391328461206486, 0.4929082680028956, 0.24856935156130033], [-0.4999999999999997, 0.14534207237808408, -0.8537421636517926, 3.14418933170197], [0.0, -0.9858165360057918, -0.1678265692241298, 1.6], [0.0, 0.0, 0.0, 1.0]]}, "target_region": {"type": "circle", "params": {"center": [1.1590423701501122, 1.5672038045855434], "radius": 3.114335496516579, "object_center": [1.1590423701501122, 1.5672038045855434, 1.2899999999999998], "object_height": 2.580000000874228, "occupancy_ratio": 0.5, "fov_vertical": 90.0, "sample_distance": 3.114335496516579, "min_distance": 2.580000000874228}, "sample_point": [1.8143649446724344, 4.611811810254681, 1.5], "sample_forward": [-0.20994456747171383, -0.9753958366794387, -0.06727733925723044], "height": 1.5}, "sample_target": [1.8143649446724344, 4.611811810254681, 1.5], "camera_params": {"forward": [-0.20994456747171383, -0.9753958366794387, -0.06727733925723044]}, "task_type": "screen_occupancy", "task_description": "Position where wardrobe occupies 50% of vertical FOV", "target_object": {"label": "wardrobe", "id": "75", "bbox_min": [0.3344423006638271, 1.0419788819690516, -4.371140676084906e-10], "bbox_max": [1.9836424396363974, 2.0924287272020354, 2.580000000437114], "center": [1.1590423701501122, 1.5672038045855436, 1.29]}}
{"scene_id": "0306_840556", "object_label": "wardrobe", "preset": "occupancy_30", "distance": 5.373236705237349, "init_camera": {"intrinsics": [[320.0, 0.0, 320.0], [0.0, 320.0, 240.0], [0.0, 0.0, 1.0]], "extrinsics": [[-0.9396926207859084, -0.05740006725989213, 0.3371691129375151, 0.5362421455263126], [-0.3420201433256687, 0.1577053886717302, -0.9263645243333682, 3.2783333585707], [0.0, -0.9858165360057918, -0.16782656922412978, 1.6], [0.0, 0.0, 0.0, 1.0]]}, "target_region": {"type": "circle", "params": {"center": [1.1590423701501122, 1.5672038045855434], "radius": 5.373236705237349, "object_center": [1.1590423701501122, 1.5672038045855434, 1.2899999999999998], "object_height": 2.580000000874228, "occupancy_ratio": 0.3, "fov_vertical": 90.0, "sample_distance": 5.373236705237349, "min_distance": 2.580000000874228}, "sample_point": [4.21076699561725, 5.989720000240159, 1.5], "sample_forward": [-0.567515779200514, -0.8224358462289602, -0.03905277449922763], "height": 1.5}, "sample_target": [4.21076699561725, 5.989720000240159, 1.5], "camera_params": {"forward": [-0.567515779200514, -0.8224358462289602, -0.03905277449922763]}, "task_type": "screen_occupancy", "task_description": "Position where wardrobe occupies 30% of vertical FOV", "target_object": {"label": "wardrobe", "id": "75", "bbox_min": [0.3344423006638271, 1.0419788819690516, -4.371140676084906e-10], "bbox_max": [1.9836424396363974, 2.0924287272020354, 2.580000000437114], "center": [1.1590423701501122, 1.5672038045855436, 1.29]}}
{"scene_id": "0306_840556", "object_label": "wardrobe", "preset": "occupancy_30", "distance": 5.373236705237349, "init_camera": {"intrinsics": [[320.0, 0.0, 320.0], [0.0, 320.0, 240.0], [0.0, 0.0, 1.0]], "extrinsics": [[-0.9848077530122081, -0.029142777909863075, 0.1711852449913315, 0.8428384091643994], [-0.1736481776669303, 0.1652769065333631, -0.9708397677061422, 3.3604855798149247], [0.0, -0.9858165360057918, -0.16782656922412983, 1.6], [0.0, 0.0, 0.0, 1.0]]}, "target_region": {"type": "circle", "params": {"center": [1.1590423701501122, 1.5672038045855434], "radius": 5.373236705237349, "object_center": [1.1590423701501122, 1.5672038045855434, 1.2899999999999998], "object_height": 2.580000000874228, "occupancy_ratio": 0.3, "fov_vertical": 90.0, "sample_distance": 5.373236705237349, "min_distance": 2.580000000874228}, "sample_point": [3.8814692076715693, 6.19970472793708, 1.5], "sample_forward": [-0.5062777208398609, -0.8614857806052915, -0.03905277449922763], "height": 1.5}, "sample_target": [3.8814692076715693, 6.19970472793708, 1.5], "camera_params": {"forward": [-0.5062777208398609, -0.8614857806052915, -0.03905277449922763]}, "task_type": "screen_occupancy", "task_description": "Position where wardrobe occupies 30% of vertical FOV", "target_object": {"label": "wardrobe", "id": "75", "bbox_min": [0.3344423006638271, 1.0419788819690516, -4.371140676084906e-10], "bbox_max": [1.9836424396363974, 2.0924287272020354, 2.580000000437114], "center": [1.1590423701501122, 1.5672038045855436, 1.29]}}
{"scene_id": "0306_840556", "object_label": "wardrobe", "preset": "occupancy_50", "distance": 3.114335496516579, "init_camera": {"intrinsics": [[320.0, 0.0, 320.0], [0.0, 320.0, 240.0], [0.0, 0.0, 1.0]], "extrinsics": [[-0.9848077530122081, -0.029142777909863075, 0.1711852449913315, 0.8428384091643994], [-0.1736481776669303, 0.1652769065333631, -0.9708397677061422, 3.3604855798149247], [0.0, -0.9858165360057918, -0.16782656922412983, 1.6], [0.0, 0.0, 0.0, 1.0]]}, "target_region": {"type": "circle", "params": {"center": [1.1590423701501122, 1.5672038045855434], "radius": 3.114335496516579, "object_center": [1.1590423701501122, 1.5672038045855434, 1.2899999999999998], "object_height": 2.580000000874228, "occupancy_ratio": 0.5, "fov_vertical": 90.0, "sample_distance": 3.114335496516579, "min_distance": 2.580000000874228}, "sample_point": [2.5496535067902983, 4.353830125338912, 1.5], "sample_forward": [-0.4455077010220217, -0.8927466874497718, -0.06727733925723044], "height": 1.5}, "sample_target": [2.5496535067902983, 4.353830125338912, 1.5], "camera_params": {"forward": [-0.4455077010220217, -0.8927466874497718, -0.06727733925723044]}, "task_type": "screen_occupancy", "task_description": "Position where wardrobe occupies 50% of vertical FOV", "target_object": {"label": "wardrobe", "id": "75", "bbox_min": [0.3344423006638271, 1.0419788819690516, -4.371140676084906e-10], "bbox_max": [1.9836424396363974, 2.0924287272020354, 2.580000000437114], "center": [1.1590423701501122, 1.5672038045855436, 1.29]}}
{"scene_id": "0306_840556", "object_label": "wardrobe", "preset": "occupancy_20", "distance": 7.671208092814024, "init_camera": {"intrinsics": [[320.0, 0.0, 320.0], [0.0, 320.0, 240.0], [0.0, 0.0, 1.0]], "extrinsics": [[0.9396926207859086, 0.05656325700521779, -0.33731050442800065, 4.6169581647042826], [0.34202014332566816, -0.15540627139264468, 0.926752994260782, 2.4006618688224015], [-0.0, -0.9862299370678206, -0.1653798997194116, 1.6], [0.0, 0.0, 0.0, 1.0]]}, "target_region": {"type": "circle", "params": {"center": [3.8317082980329866, 4.558118146131544], "radius": 7.671208092814024, "object_center": [3.8317082980329866, 4.558118146131544, 1.215], "object_height": 2.430000000786805, "occupancy_ratio": 0.2, "fov_vertical": 90.0, "sample_distance": 7.671208092814024, "min_distance": 2.430000000786805}, "sample_point": [11.201142092568997, 6.688582684960101, 1.5], "sample_forward": [-0.9599991398784434, -0.2775307007077484, -0.037126292533927636], "height": 1.5}, "sample_target": [11.201142092568997, 6.688582684960101, 1.5], "camera_params": {"forward": [-0.9599991398784434, -0.2775307007077484, -0.037126292533927636]}, "task_type": "screen_occupancy", "task_description": "Position where wardrobe occupies 20% of vertical FOV", "target_object": {"label": "wardrobe", "id": "77", "bbox_min": [2.7935985960659746, 4.223968292263086, -3.93402387999231e-10], "bbox_max": [4.8698179999999995, 4.8922680000000005, 2.430000000393403], "center": [3.831708298032987, 4.558118146131543, 1.2150000000000003]}}
{"scene_id": "0306_840556", "object_label": "wardrobe", "preset": "occupancy_20", "distance": 7.671208092814024, "init_camera": {"intrinsics": [[320.0, 0.0, 320.0], [0.0, 320.0, 240.0], [0.0, 0.0, 1.0]], "extrinsics": [[0.9396926207859081, -0.0701663882773708, 0.33474536053038983, 3.203508404695948], [-0.3420201433256694, -0.1927805673967614, 0.9197053193244406, 2.83215312428423], [0.0, -0.978729958052931, -0.205152794788928, 1.6], [0.0, 0.0, 0.0, 1.0]]}, "target_region": {"type": "circle", "params": {"center": [3.8317082980329866, 4.558118146131544], "radius": 7.671208092814024, "object_center": [3.8317082980329866, 4.558118146131544, 1.215], "object_height": 2.430000000786805, "occupancy_ratio": 0.2, "fov_vertical": 90.0, "sample_distance": 7.671208092814024, "min_distance": 2.430000000786805}, "sample_point": [1.9511521992565777, 11.995250816899912, 1.5], "sample_forward": [0.2449757047355604, -0.968818116310797, -0.03712629253392765], "height": 1.5}, "sample_target": [1.9511521992565777, 11.995250816899912, 1.5], "camera_params": {"forward": [0.2449757047355604, -0.968818116310797, -0.03712629253392765]}, "task_type": "screen_occupancy", "task_description": "Position where wardrobe occupies 20% of vertical FOV", "target_object": {"label": "wardrobe", "id": "77", "bbox_min": [2.7935985960659746, 4.223968292263086, -3.93402387999231e-10], "bbox_max": [4.8698179999999995, 4.8922680000000005, 2.430000000393403], "center": [3.831708298032987, 4.558118146131543, 1.2150000000000003]}}
{"scene_id": "0306_840556", "object_label": "wardrobe", "preset": "occupancy_30", "distance": 5.060839222298497, "init_camera": {"intrinsics": [[320.0, 0.0, 320.0], [0.0, 320.0, 240.0], [0.0, 0.0, 1.0]], "extrinsics": [[0.9396926207859081, -0.0701663882773708, 0.33474536053038983, 3.203508404695948], [-0.3420201433256694, -0.1927805673967614, 0.9197053193244406, 2.83215312428423], [0.0, -0.978729958052931, -0.205152794788928, 1.6], [0.0, 0.0, 0.0, 1.0]]}, "target_region": {"type": "circle", "params": {"center": [3.8317082980329866, 4.558118146131544], "radius": 5.060839222298497, "object_center": [3.8317082980329866, 4.558118146131544, 1.215], "object_height": 2.430000000786805, "occupancy_ratio": 0.3, "fov_vertical": 90.0, "sample_distance": 5.060839222298497, "min_distance": 2.430000000786805}, "sample_point": [7.587365259173861, 1.1659014042076223, 1.5], "sample_forward": [-0.7409276734654652, 0.6692270578729286, -0.05622568544532647], "height": 1.5}, "sample_target": [7.587365259173861, 1.1659014042076223, 1.5], "camera_params": {"forward": [-0.7409276734654652, 0.6692270578729286, -0.05622568544532647]}, "task_type": "screen_occupancy", "task_description": "Position where wardrobe occupies 30% of vertical FOV", "target_object": {"label": "wardrobe", "id": "77", "bbox_min": [2.7935985960659746, 4.223968292263086, -3.93402387999231e-10], "bbox_max": [4.8698179999999995, 4.8922680000000005, 2.430000000393403], "center": [3.831708298032987, 4.558118146131543, 1.2150000000000003]}}
{"scene_id": "0306_840556", "object_label": "wardrobe", "preset": "occupancy_50", "distance": 2.933269479233068, "init_camera": {"intrinsics": [[320.0, 0.0, 320.0], [0.0, 320.0, 240.0], [0.0, 0.0, 1.0]], "extrinsics": [[0.9396926207859081, -0.0701663882773708, 0.33474536053038983, 3.203508404695948], [-0.3420201433256694, -0.1927805673967614, 0.9197053193244406, 2.83215312428423], [0.0, -0.978729958052931, -0.205152794788928, 1.6], [0.0, 0.0, 0.0, 1.0]]}, "target_region": {"type": "circle", "params": {"center": [3.8317082980329866, 4.558118146131544], "radius": 2.933269479233068, "object_center": [3.8317082980329866, 4.558118146131544, 1.215], "object_height": 2.430000000786805, "occupancy_ratio": 0.5, "fov_vertical": 90.0, "sample_distance": 2.933269479233068, "min_distance": 2.430000000786805}, "sample_point": [0.8992912225617085, 4.487407939762815, 1.5], "sample_forward": [0.9950237725105684, 0.02399329102416491, -0.09670581225896611], "height": 1.5}, "sample_target": [0.8992912225617085, 4.487407939762815, 1.5], "camera_params": {"forward": [0.9950237725105684, 0.02399329102416491, -0.09670581225896611]}, "task_type": "screen_occupancy", "task_description": "Position where wardrobe occupies 50% of vertical FOV", "target_object": {"label": "wardrobe", "id": "77", "bbox_min": [2.7935985960659746, 4.223968292263086, -3.93402387999231e-10], "bbox_max": [4.8698179999999995, 4.8922680000000005, 2.430000000393403], "center": [3.831708298032987, 4.558118146131543, 1.2150000000000003]}}
{"scene_id": "0306_840556", "object_label": "wardrobe", "preset": "occupancy_20", "distance": 7.671208092814024, "init_camera": {"intrinsics": [[320.0, 0.0, 320.0], [0.0, 320.0, 240.0], [0.0, 0.0, 1.0]], "extrinsics": [[0.9396926207859086, 0.07016638827737058, -0.33474536053038856, 4.459908191370023], [0.3420201433256681, -0.19278056739676155, 0.9197053193244411, 2.8321531242842295], [-0.0, -0.9787299580529311, -0.2051527947889281, 1.6], [0.0, 0.0, 0.0, 1.0]]}, "target_region": {"type": "circle", "params": {"center": [3.8317082980329866, 4.558118146131544], "radius": 7.671208092814024, "object_center": [3.8317082980329866, 4.558118146131544, 1.215], "object_height": 2.430000000786805, "occupancy_ratio": 0.2, "fov_vertical": 90.0, "sample_distance": 7.671208092814024, "min_distance": 2.430000000786805}, "sample_point": [-1.7098909960429962, -0.7464186731536184, 1.5], "sample_forward": [0.7218913561321824, 0.6910097744202495, -0.03712629253392765], "height": 1.5}, "sample_target": [-1.7098909960429962, -0.7464186731536184, 1.5], "camera_params": {"forward": [0.7218913561321824, 0.6910097744202495, -0.03712629253392765]}, "task_type": "screen_occupancy", "task_description": "Position where wardrobe occupies 20% of vertical FOV", "target_object": {"label": "wardrobe", "id": "77", "bbox_min": [2.7935985960659746, 4.223968292263086, -3.93402387999231e-10], "bbox_max": [4.8698179999999995, 4.8922680000000005, 2.430000000393403], "center": [3.831708298032987, 4.558118146131543, 1.2150000000000003]}}
{"scene_id": "0306_840556", "object_label": "wardrobe", "preset": "occupancy_30", "distance": 5.060839222298497, "init_camera": {"intrinsics": [[320.0, 0.0, 320.0], [0.0, 320.0, 240.0], [0.0, 0.0, 1.0]], "extrinsics": [[0.9396926207859086, 0.07016638827737058, -0.33474536053038856, 4.459908191370023], [0.3420201433256681, -0.19278056739676155, 0.9197053193244411, 2.8321531242842295], [-0.0, -0.9787299580529311, -0.2051527947889281, 1.6], [0.0, 0.0, 0.0, 1.0]]}, "target_region": {"type": "circle", "params": {"center": [3.8317082980329866, 4.558118146131544], "radius": 5.060839222298497, "object_center": [3.8317082980329866, 4.558118146131544, 1.215], "object_height": 2.430000000786805, "occupancy_ratio": 0.3, "fov_vertical": 90.0, "sample_distance": 5.060839222298497, "min_distance": 2.430000000786805}, "sample_point": [4.314486219375322, -0.47964118839598235, 1.5], "sample_forward": [-0.09524392822927272, 0.9938648129557965, -0.05622568544532648], "height": 1.5}, "sample_target": [4.314486219375322, -0.47964118839598235, 1.5], "camera_params": {"forward": [-0.09524392822927272, 0.9938648129557965, -0.05622568544532648]}, "task_type": "screen_occupancy", "task_description": "Position where wardrobe occupies 30% of vertical FOV", "target_object": {"label": "wardrobe", "id": "77", "bbox_min": [2.7935985960659746, 4.223968292263086, -3.93402387999231e-10], "bbox_max": [4.8698179999999995, 4.8922680000000005, 2.430000000393403], "center": [3.831708298032987, 4.558118146131543, 1.2150000000000003]}}
{"scene_id": "0306_840556", "object_label": "wardrobe", "preset": "occupancy_50", "distance": 2.933269479233068, "init_camera": {"intrinsics": [[320.0, 0.0, 320.0], [0.0, 320.0, 240.0], [0.0, 0.0, 1.0]], "extrinsics": [[0.9396926207859086, 0.07016638827737058, -0.33474536053038856, 4.459908191370023], [0.3420201433256681, -0.19278056739676155, 0.9197053193244411, 2.8321531242842295], [-0.0, -0.9787299580529311, -0.2051527947889281, 1.6], [0.0, 0.0, 0.0, 1.0]]}, "target_region": {"type": "circle", "params": {"center": [3.8317082980329866, 4.558118146131544], "radius": 2.933269479233068, "object_center": [3.8317082980329866, 4.558118146131544, 1.215], "object_height": 2.430000000786805, "occupancy_ratio": 0.5, "fov_vertical": 90.0, "sample_distance": 2.933269479233068, "min_distance": 2.430000000786805}, "sample_point": [6.692343102249394, 3.9093975940399748, 1.5], "sample_forward": [-0.9706667098877763, 0.22012297515473725, -0.0967058122589661], "height": 1.5}, "sample_target": [6.692343102249394, 3.9093975940399748, 1.5], "camera_params": {"forward": [-0.9706667098877763, 0.22012297515473725, -0.0967058122589661]}, "task_type": "screen_occupancy", "task_description": "Position where wardrobe occupies 50% of vertical FOV", "target_object": {"label": "wardrobe", "id": "77", "bbox_min": [2.7935985960659746, 4.223968292263086, -3.93402387999231e-10], "bbox_max": [4.8698179999999995, 4.8922680000000005, 2.430000000393403], "center": [3.831708298032987, 4.558118146131543, 1.2150000000000003]}}
{"scene_id": "0306_840556", "object_label": "wardrobe", "preset": "occupancy_30", "distance": 5.060839222298497, "init_camera": {"intrinsics": [[320.0, 0.0, 320.0], [0.0, 320.0, 240.0], [0.0, 0.0, 1.0]], "extrinsics": [[0.9848077530122081, 0.02871791820901544, -0.17125703133239803, 4.23039010383187], [0.17364817766692991, -0.16286740743605807, 0.9712468882771319, 2.2970812690919735], [-0.0, -0.9862299370678207, -0.1653798997194116, 1.6], [0.0, 0.0, 0.0, 1.0]]}, "target_region": {"type": "circle", "params": {"center": [3.8317082980329866, 4.558118146131544], "radius": 5.060839222298497, "object_center": [3.8317082980329866, 4.558118146131544, 1.215], "object_height": 2.430000000786805, "occupancy_ratio": 0.3, "fov_vertical": 90.0, "sample_distance": 5.060839222298497, "min_distance": 2.430000000786805}, "sample_point": [7.1295865255165385, 0.7193562584072222, 1.5], "sample_forward": [-0.6506156626508107, 0.7573228715743698, -0.05622568544532647], "height": 1.5}, "sample_target": [7.1295865255165385, 0.7193562584072222, 1.5], "camera_params": {"forward": [-0.6506156626508107, 0.7573228715743698, -0.05622568544532647]}, "task_type": "screen_occupancy", "task_description": "Position where wardrobe occupies 30% of vertical FOV", "target_object": {"label": "wardrobe", "id": "77", "bbox_min": [2.7935985960659746, 4.223968292263086, -3.93402387999231e-10], "bbox_max": [4.8698179999999995, 4.8922680000000005, 2.430000000393403], "center": [3.831708298032987, 4.558118146131543, 1.2150000000000003]}}
{"scene_id": "0306_840556", "object_label": "wardrobe", "preset": "occupancy_50", "distance": 2.933269479233068, "init_camera": {"intrinsics": [[320.0, 0.0, 320.0], [0.0, 320.0, 240.0], [0.0, 0.0, 1.0]], "extrinsics": [[0.9848077530122081, 0.02871791820901544, -0.17125703133239803, 4.23039010383187], [0.17364817766692991, -0.16286740743605807, 0.9712468882771319, 2.2970812690919735], [-0.0, -0.9862299370678207, -0.1653798997194116, 1.6], [0.0, 0.0, 0.0, 1.0]]}, "target_region": {"type": "circle", "params": {"center": [3.8317082980329866, 4.558118146131544], "radius": 2.933269479233068, "object_center": [3.8317082980329866, 4.558118146131544, 1.215], "object_height": 2.430000000786805, "occupancy_ratio": 0.5, "fov_vertical": 90.0, "sample_distance": 2.933269479233068, "min_distance": 2.430000000786805}, "sample_point": [4.685163343446153, 7.36448311228599, 1.5], "sample_forward": [-0.2895932048883966, -0.9522519422704271, -0.09670581225896609], "height": 1.5}, "sample_target": [4.685163343446153, 7.36448311228599, 1.5], "camera_params": {"forward": [-0.2895932048883966, -0.9522519422704271, -0.09670581225896609]}, "task_type": "screen_occupancy", "task_description": "Position where wardrobe occupies 50% of vertical FOV", "target_object": {"label": "wardrobe", "id": "77", "bbox_min": [2.7935985960659746, 4.223968292263086, -3.93402387999231e-10], "bbox_max": [4.8698179999999995, 4.8922680000000005, 2.430000000393403], "center": [3.831708298032987, 4.558118146131543, 1.2150000000000003]}}
{"scene_id": "0306_840556", "object_label": "wardrobe", "preset": "occupancy_30", "distance": 5.060839222298497, "init_camera": {"intrinsics": [[320.0, 0.0, 320.0], [0.0, 320.0, 240.0], [0.0, 0.0, 1.0]], "extrinsics": [[0.9848077530122081, -0.02871791820901551, 0.17125703133239845, 3.433026492234103], [-0.17364817766693033, -0.16286740743605807, 0.9712468882771319, 2.297081269091974], [0.0, -0.9862299370678206, -0.16537989971941164, 1.6], [0.0, 0.0, 0.0, 1.0]]}, "target_region": {"type": "circle", "params": {"center": [3.8317082980329866, 4.558118146131544], "radius": 5.060839222298497, "object_center": [3.8317082980329866, 4.558118146131544, 1.215], "object_height": 2.430000000786805, "occupancy_ratio": 0.3, "fov_vertical": 90.0, "sample_distance": 5.060839222298497, "min_distance": 2.430000000786805}, "sample_point": [8.794620571887172, 3.567363183498341, 1.5], "sample_forward": [-0.9790987522893878, 0.19545921713126552, -0.05622568544532648], "height": 1.5}, "sample_target": [8.794620571887172, 3.567363183498341, 1.5], "camera_params": {"forward": [-0.9790987522893878, 0.19545921713126552, -0.05622568544532648]}, "task_type": "screen_occupancy", "task_description": "Position where wardrobe occupies 30% of vertical FOV", "target_object": {"label": "wardrobe", "id": "77", "bbox_min": [2.7935985960659746, 4.223968292263086, -3.93402387999231e-10], "bbox_max": [4.8698179999999995, 4.8922680000000005, 2.430000000393403], "center": [3.831708298032987, 4.558118146131543, 1.2150000000000003]}}
{"scene_id": "0306_840556", "object_label": "wardrobe", "preset": "occupancy_50", "distance": 2.933269479233068, "init_camera": {"intrinsics": [[320.0, 0.0, 320.0], [0.0, 320.0, 240.0], [0.0, 0.0, 1.0]], "extrinsics": [[0.9848077530122081, -0.02871791820901551, 0.17125703133239845, 3.433026492234103], [-0.17364817766693033, -0.16286740743605807, 0.9712468882771319, 2.297081269091974], [0.0, -0.9862299370678206, -0.16537989971941164, 1.6], [0.0, 0.0, 0.0, 1.0]]}, "target_region": {"type": "circle", "params": {"center": [3.8317082980329866, 4.558118146131544], "radius": 2.933269479233068, "object_center": [3.8317082980329866, 4.558118146131544, 1.215], "object_height": 2.430000000786805, "occupancy_ratio": 0.5, "fov_vertical": 90.0, "sample_distance": 2.933269479233068, "min_distance": 2.430000000786805}, "sample_point": [2.1688577855181324, 6.974520018922847, 1.5], "sample_forward": [0.5642361736069723, -0.819930195973228, -0.0967058122589661], "height": 1.5}, "sample_target": [2.1688577855181324, 6.974520018922847, 1.5], "camera_params": {"forward": [0.5642361736069723, -0.819930195973228, -0.0967058122589661]}, "task_type": "screen_occupancy", "task_description": "Position where wardrobe occupies 50% of vertical FOV", "target_object": {"label": "wardrobe", "id": "77", "bbox_min": [2.7935985960659746, 4.223968292263086, -3.93402387999231e-10], "bbox_max": [4.8698179999999995, 4.8922680000000005, 2.430000000393403], "center": [3.831708298032987, 4.558118146131543, 1.2150000000000003]}}
{"scene_id": "0306_840556", "object_label": "wardrobe", "preset": "occupancy_20", "distance": 8.20787697031948, "init_camera": {"intrinsics": [[320.0, 0.0, 320.0], [0.0, 320.0, 240.0], [0.0, 0.0, 1.0]], "extrinsics": [[-0.3420201433256688, 0.1444887029054875, -0.9285177630461243, -2.634509776265001], [0.9396926207859083, 0.05258958704533001, -0.33795282773622815, 5.5357993214414325], [0.0, -0.9881079647827415, -0.1537616660058955, 1.6], [0.0, 0.0, 0.0, 1.0]]}, "target_region": {"type": "circle", "params": {"center": [-4.446114295988387, 4.8764292000000005], "radius": 8.20787697031948, "object_center": [-4.446114295988387, 4.8764292000000005, 1.2999999998032985], "object_height": 2.6000000003934027, "occupancy_ratio": 0.2, "fov_vertical": 90.0, "sample_distance": 8.20787697031948, "min_distance": 2.6000000003934027}, "sample_point": [-0.5591745758511548, 12.105602318131865, 1.5], "sample_forward": [-0.4734216078839985, -0.880499057787532, -0.024359606396617727], "height": 1.5}, "sample_target": [-0.5591745758511548, 12.105602318131865, 1.5], "camera_params": {"forward": [-0.4734216078839985, -0.880499057787532, -0.024359606396617727]}, "task_type": "screen_occupancy", "task_description": "Position where wardrobe occupies 20% of vertical FOV", "target_object": {"label": "wardrobe", "id": "80", "bbox_min": [-4.6301143164551535, 4.48197893771127, -3.9340284274658187e-10], "bbox_max": [-4.262114275521622, 5.270879462288731, 2.6], "center": [-4.446114295988387, 4.8764292000000005, 1.2999999998032987]}}
{"scene_id": "0306_840556", "object_label": "wardrobe", "preset": "occupancy_30", "distance": 5.414889701936863, "init_camera": {"intrinsics": [[320.0, 0.0, 320.0], [0.0, 320.0, 240.0], [0.0, 0.0, 1.0]], "extrinsics": [[-0.3420201433256688, 0.1444887029054875, -0.9285177630461243, -2.634509776265001], [0.9396926207859083, 0.05258958704533001, -0.33795282773622815, 5.5357993214414325], [0.0, -0.9881079647827415, -0.1537616660058955, 1.6], [0.0, 0.0, 0.0, 1.0]]}, "target_region": {"type": "circle", "params": {"center": [-4.446114295988387, 4.8764292000000005], "radius": 5.414889701936863, "object_center": [-4.446114295988387, 4.8764292000000005, 1.2999999998032985], "object_height": 2.6000000003934027, "occupancy_ratio": 0.3, "fov_vertical": 90.0, "sample_distance": 5.414889701936863, "min_distance": 2.6000000003934027}, "sample_point": [0.18185930041966358, 2.0652211189267007, 1.5], "sample_forward": [-0.8540931240765932, 0.5188088139173469, -0.03691002582985758], "height": 1.5}, "sample_target": [0.18185930041966358, 2.0652211189267007, 1.5], "camera_params": {"forward": [-0.8540931240765932, 0.5188088139173469, -0.03691002582985758]}, "task_type": "screen_occupancy", "task_description": "Position where wardrobe occupies 30% of vertical FOV", "target_object": {"label": "wardrobe", "id": "80", "bbox_min": [-4.6301143164551535, 4.48197893771127, -3.9340284274658187e-10], "bbox_max": [-4.262114275521622, 5.270879462288731, 2.6], "center": [-4.446114295988387, 4.8764292000000005, 1.2999999998032987]}}
{"scene_id": "0306_840556", "object_label": "wardrobe", "preset": "occupancy_20", "distance": 8.20787697031948, "init_camera": {"intrinsics": [[320.0, 0.0, 320.0], [0.0, 320.0, 240.0], [0.0, 0.0, 1.0]], "extrinsics": [[-0.17364817766693022, 0.1514256807986796, -0.9730963845311577, -2.547533699576512], [0.9848077530122081, 0.02670043309695493, -0.1715831474227023, 5.211200184196983], [0.0, -0.9881079647827415, -0.15376166600589553, 1.6], [0.0, 0.0, 0.0, 1.0]]}, "target_region": {"type": "circle", "params": {"center": [-4.446114295988387, 4.8764292000000005], "radius": 8.20787697031948, "object_center": [-4.446114295988387, 4.8764292000000005, 1.2999999998032985], "object_height": 2.6000000003934027, "occupancy_ratio": 0.2, "fov_vertical": 90.0, "sample_distance": 8.20787697031948, "min_distance": 2.6000000003934027}, "sample_point": [-5.521872531568943, -3.260645739957324, 1.5], "sample_forward": [0.1310252358544472, 0.9910797128109768, -0.024359606396617727], "height": 1.5}, "sample_target": [-5.521872531568943, -3.260645739957324, 1.5], "camera_params": {"forward": [0.1310252358544472, 0.9910797128109768, -0.024359606396617727]}, "task_type": "screen_occupancy", "task_description": "Position where wardrobe occupies 20% of vertical FOV", "target_object": {"label": "wardrobe", "id": "80", "bbox_min": [-4.6301143164551535, 4.48197893771127, -3.9340284274658187e-10], "bbox_max": [-4.262114275521622, 5.270879462288731, 2.6], "center": [-4.446114295988387, 4.8764292000000005, 1.2999999998032987]}}
{"scene_id": "0306_840556", "object_label": "wardrobe", "preset": "occupancy_30", "distance": 5.414889701936863, "init_camera": {"intrinsics": [[320.0, 0.0, 320.0], [0.0, 320.0, 240.0], [0.0, 0.0, 1.0]], "extrinsics": [[-0.17364817766693022, 0.1514256807986796, -0.9730963845311577, -2.547533699576512], [0.9848077530122081, 0.02670043309695493, -0.1715831474227023, 5.211200184196983], [0.0, -0.9881079647827415, -0.15376166600589553, 1.6], [0.0, 0.0, 0.0, 1.0]]}, "target_region": {"type": "circle", "params": {"center": [-4.446114295988387, 4.8764292000000005], "radius": 5.414889701936863, "object_center": [-4.446114295988387, 4.8764292000000005, 1.2999999998032985], "object_height": 2.6000000003934027, "occupancy_ratio": 0.3, "fov_vertical": 90.0, "sample_distance": 5.414889701936863, "min_distance": 2.6000000003934027}, "sample_point": [-3.013565092351257, -0.3455276423437308, 1.5], "sample_forward": [-0.26437714028392506, 0.9637128087187247, -0.036910025829857585], "height": 1.5}, "sample_target": [-3.013565092351257, -0.3455276423437308, 1.5], "camera_params": {"forward": [-0.26437714028392506, 0.9637128087187247, -0.036910025829857585]}, "task_type": "screen_occupancy", "task_description": "Position where wardrobe occupies 30% of vertical FOV", "target_object": {"label": "wardrobe", "id": "80", "bbox_min": [-4.6301143164551535, 4.48197893771127, -3.9340284274658187e-10], "bbox_max": [-4.262114275521622, 5.270879462288731, 2.6], "center": [-4.446114295988387, 4.8764292000000005, 1.2999999998032987]}}
{"scene_id": "0306_840556", "object_label": "wardrobe", "preset": "occupancy_50", "distance": 3.1384776315599026, "init_camera": {"intrinsics": [[320.0, 0.0, 320.0], [0.0, 320.0, 240.0], [0.0, 0.0, 1.0]], "extrinsics": [[-0.17364817766693022, 0.1514256807986796, -0.9730963845311577, -2.547533699576512], [0.9848077530122081, 0.02670043309695493, -0.1715831474227023, 5.211200184196983], [0.0, -0.9881079647827415, -0.15376166600589553, 1.6], [0.0, 0.0, 0.0, 1.0]]}, "target_region": {"type": "circle", "params": {"center": [-4.446114295988387, 4.8764292000000005], "radius": 3.1384776315599026, "object_center": [-4.446114295988387, 4.8764292000000005, 1.2999999998032985], "object_height": 2.6000000003934027, "occupancy_ratio": 0.5, "fov_vertical": 90.0, "sample_distance": 3.1384776315599026, "min_distance": 2.6000000003934027}, "sample_point": [-4.07594723305153, 7.993000744071876, 1.5], "sample_forward": [-0.11770602905924477, -0.9910099991643906, -0.0635961656021718], "height": 1.5}, "sample_target": [-4.07594723305153, 7.993000744071876, 1.5], "camera_params": {"forward": [-0.11770602905924477, -0.9910099991643906, -0.0635961656021718]}, "task_type": "screen_occupancy", "task_description": "Position where wardrobe occupies 50% of vertical FOV", "target_object": {"label": "wardrobe", "id": "80", "bbox_min": [-4.6301143164551535, 4.48197893771127, -3.9340284274658187e-10], "bbox_max": [-4.262114275521622, 5.270879462288731, 2.6], "center": [-4.446114295988387, 4.8764292000000005, 1.2999999998032987]}}
{"scene_id": "0306_840556", "object_label": "wardrobe", "preset": "occupancy_20", "distance": 8.20787697031948, "init_camera": {"intrinsics": [[320.0, 0.0, 320.0], [0.0, 320.0, 240.0], [0.0, 0.0, 1.0]], "extrinsics": [[0.0, 0.15376166600589553, -0.9881079647827414, -2.5182450335818594], [1.0, -0.0, 0.0, 4.8764292000000005], [-0.0, -0.9881079647827415, -0.1537616660058955, 1.6], [0.0, 0.0, 0.0, 1.0]]}, "target_region": {"type": "circle", "params": {"center": [-4.446114295988387, 4.8764292000000005], "radius": 8.20787697031948, "object_center": [-4.446114295988387, 4.8764292000000005, 1.2999999998032985], "object_height": 2.6000000003934027, "occupancy_ratio": 0.2, "fov_vertical": 90.0, "sample_distance": 8.20787697031948, "min_distance": 2.6000000003934027}, "sample_point": [-10.083759374588649, 10.841846396444447, 1.5], "sample_forward": [0.6866540749173274, -0.7265760737704147, -0.024359606396617727], "height": 1.5}, "sample_target": [-10.083759374588649, 10.841846396444447, 1.5], "camera_params": {"forward": [0.6866540749173274, -0.7265760737704147, -0.024359606396617727]}, "task_type": "screen_occupancy", "task_description": "Position where wardrobe occupies 20% of vertical FOV", "target_object": {"label": "wardrobe", "id": "80", "bbox_min": [-4.6301143164551535, 4.48197893771127, -3.9340284274658187e-10], "bbox_max": [-4.262114275521622, 5.270879462288731, 2.6], "center": [-4.446114295988387, 4.8764292000000005, 1.2999999998032987]}}
