{"scene_id": "0351_840366", "object_label": "wardrobe", "preset": "occupancy_20", "distance": 7.892189394585728, "init_camera": {"intrinsics": [[320.0, 0.0, 320.0], [0.0, 320.0, 240.0], [0.0, 0.0, 1.0]], "extrinsics": [[0.0, -0.19400102087059634, 0.9810013271658538, -4.926073859207361], [-1.0, -0.0, 0.0, 2.7137819666700653], [0.0, -0.9810013271658538, -0.19400102087059634, 1.6], [0.0, 0.0, 0.0, 1.0]]}, "target_region": {"type": "circle", "params": {"center": [-3.1562354162950594, 2.7137819666700658], "radius": 7.892189394585728, "object_center": [-3.1562354162950594, 2.7137819666700658, 1.2499999998032987], "object_height": 2.5000000003934026, "occupancy_ratio": 0.2, "fov_vertical": 90.0, "sample_distance": 7.892189394585728, "min_distance": 2.5000000003934026}, "sample_point": [-7.88318385077916, 9.03379873387407, 1.5], "sample_forward": [0.598639795862371, -0.800392388409604, -0.03166100734070731], "height": 1.5}, "sample_target": [-7.88318385077916, 9.03379873387407, 1.5], "camera_params": {"forward": [0.598639795862371, -0.800392388409604, -0.03166100734070731]}, "task_type": "screen_occupancy", "task_description": "Position where wardrobe occupies 20% of vertical FOV", "target_object": {"label": "wardrobe", "id": "57", "bbox_min": [-3.465235471311854, 1.8099319333401303, -3.9340284274658187e-10], "bbox_max": [-2.8472353612782655, 3.6176320000000004, 2.5], "center": [-3.1562354162950594, 2.7137819666700653, 1.2499999998032987]}}
{"scene_id": "0351_840366", "object_label": "wardrobe", "preset": "occupancy_30", "distance": 5.206624713432341, "init_camera": {"intrinsics": [[320.0, 0.0, 320.0], [0.0, 320.0, 240.0], [0.0, 0.0, 1.0]], "extrinsics": [[0.0, -0.19400102087059634, 0.9810013271658538, -4.926073859207361], [-1.0, -0.0, 0.0, 2.7137819666700653], [0.0, -0.9810013271658538, -0.19400102087059634, 1.6], [0.0, 0.0, 0.0, 1.0]]}, "target_region": {"type": "circle", "params": {"center": [-3.1562354162950594, 2.7137819666700658], "radius": 5.206624713432341, "object_center": [-3.1562354162950594, 2.7137819666700658, 1.2499999998032987], "object_height": 2.5000000003934026, "occupancy_ratio": 0.3, "fov_vertical": 90.0, "sample_distance": 5.206624713432341, "min_distance": 2.5000000003934026}, "sample_point": [-0.24775199827534333, -1.6047438366138227, 1.5], "sample_forward": [-0.5579692395484359, 0.8284745732087496, -0.04796049691486213], "height": 1.5}, "sample_target": [-0.24775199827534333, -1.6047438366138227, 1.5], "camera_params": {"forward": [-0.5579692395484359, 0.8284745732087496, -0.04796049691486213]}, "task_type": "screen_occupancy", "task_description": "Position where wardrobe occupies 30% of vertical FOV", "target_object": {"label": "wardrobe", "id": "57", "bbox_min": [-3.465235471311854, 1.8099319333401303, -3.9340284274658187e-10], "bbox_max": [-2.8472353612782655, 3.6176320000000004, 2.5], "center": [-3.1562354162950594, 2.7137819666700653, 1.2499999998032987]}}
{"scene_id": "0351_840366", "object_label": "wardrobe", "preset": "occupancy_50", "distance": 3.017766953441248, "init_camera": {"intrinsics": [[320.0, 0.0, 320.0], [0.0, 320.0, 240.0], [0.0, 0.0, 1.0]], "extrinsics": [[0.0, -0.19400102087059634, 0.9810013271658538, -4.926073859207361], [-1.0, -0.0, 0.0, 2.7137819666700653], [0.0, -0.9810013271658538, -0.19400102087059634, 1.6], [0.0, 0.0, 0.0, 1.0]]}, "target_region": {"type": "circle", "params": {"center": [-3.1562354162950594, 2.7137819666700658], "radius": 3.017766953441248, "object_center": [-3.1562354162950594, 2.7137819666700658, 1.2499999998032987], "object_height": 2.5000000003934026, "occupancy_ratio": 0.5, "fov_vertical": 90.0, "sample_distance": 3.017766953441248, "min_distance": 2.5000000003934026}, "sample_point": [-3.9518333386773055, 5.62478545879836, 1.5], "sample_forward": [0.2627379272136199, -0.9613285833417915, -0.0825598961576067], "height": 1.5}, "sample_target": [-3.9518333386773055, 5.62478545879836, 1.5], "camera_params": {"forward": [0.2627379272136199, -0.9613285833417915, -0.0825598961576067]}, "task_type": "screen_occupancy", "task_description": "Position where wardrobe occupies 50% of vertical FOV", "target_object": {"label": "wardrobe", "id": "57", "bbox_min": [-3.465235471311854, 1.8099319333401303, -3.9340284274658187e-10], "bbox_max": [-2.8472353612782655, 3.6176320000000004, 2.5], "center": [-3.1562354162950594, 2.7137819666700653, 1.2499999998032987]}}
{"scene_id": "0351_840366", "object_label": "wardrobe", "preset": "occupancy_20", "distance": 7.892189394585728, "init_camera": {"intrinsics": [[320.0, 0.0, 320.0], [0.0, 320.0, 240.0], [0.0, 0.0, 1.0]], "extrinsics": [[-2.007366092101856e-16, -0.15626303898049865, 0.987715476566293, -5.368533469935437], [-1.0, 3.136771258982436e-17, -1.982706556303402e-16, 2.7137819666700658], [0.0, -0.987715476566293, -0.15626303898049865, 1.6], [0.0, 0.0, 0.0, 1.0]]}, "target_region": {"type": "circle", "params": {"center": [-3.1562354162950594, 2.7137819666700658], "radius": 7.892189394585728, "object_center": [-3.1562354162950594, 2.7137819666700658, 1.2499999998032987], "object_height": 2.5000000003934026, "occupancy_ratio": 0.2, "fov_vertical": 90.0, "sample_distance": 7.892189394585728, "min_distance": 2.5000000003934026}, "sample_point": [-5.1128091881543085, -4.932032085167966, 1.5], "sample_forward": [0.24778838601892306, 0.9682966985218471, -0.03166100734070731], "height": 1.5}, "sample_target": [-5.1128091881543085, -4.932032085167966, 1.5], "camera_params": {"forward": [0.24778838601892306, 0.9682966985218471, -0.03166100734070731]}, "task_type": "screen_occupancy", "task_description": "Position where wardrobe occupies 20% of vertical FOV", "target_object": {"label": "wardrobe", "id": "57", "bbox_min": [-3.465235471311854, 1.8099319333401303, -3.9340284274658187e-10], "bbox_max": [-2.8472353612782655, 3.6176320000000004, 2.5], "center": [-3.1562354162950594, 2.7137819666700653, 1.2499999998032987]}}
{"scene_id": "0351_840366", "object_label": "wardrobe", "preset": "occupancy_30", "distance": 5.206624713432341, "init_camera": {"intrinsics": [[320.0, 0.0, 320.0], [0.0, 320.0, 240.0], [0.0, 0.0, 1.0]], "extrinsics": [[-2.007366092101856e-16, -0.15626303898049865, 0.987715476566293, -5.368533469935437], [-1.0, 3.136771258982436e-17, -1.982706556303402e-16, 2.7137819666700658], [0.0, -0.987715476566293, -0.15626303898049865, 1.6], [0.0, 0.0, 0.0, 1.0]]}, "target_region": {"type": "circle", "params": {"center": [-3.1562354162950594, 2.7137819666700658], "radius": 5.206624713432341, "object_center": [-3.1562354162950594, 2.7137819666700658, 1.2499999998032987], "object_height": 2.5000000003934026, "occupancy_ratio": 0.3, "fov_vertical": 90.0, "sample_distance": 5.206624713432341, "min_distance": 2.5000000003934026}, "sample_point": [-5.525045986312701, -1.922776820824934, 1.5], "sample_forward": [0.4544373277833419, 0.8894866529930704, -0.04796049691486212], "height": 1.5}, "sample_target": [-5.525045986312701, -1.922776820824934, 1.5], "camera_params": {"forward": [0.4544373277833419, 0.8894866529930704, -0.04796049691486212]}, "task_type": "screen_occupancy", "task_description": "Position where wardrobe occupies 30% of vertical FOV", "target_object": {"label": "wardrobe", "id": "57", "bbox_min": [-3.465235471311854, 1.8099319333401303, -3.9340284274658187e-10], "bbox_max": [-2.8472353612782655, 3.6176320000000004, 2.5], "center": [-3.1562354162950594, 2.7137819666700653, 1.2499999998032987]}}
{"scene_id": "0351_840366", "object_label": "wardrobe", "preset": "occupancy_20", "distance": 7.892189394585728, "init_camera": {"intrinsics": [[320.0, 0.0, 320.0], [0.0, 320.0, 240.0], [0.0, 0.0, 1.0]], "extrinsics": [[0.6427876096865394, -0.1486134039973292, 0.7514906153677448, -4.512010320706373], [-0.766044443118978, -0.12470145248215905, 0.6305754981882619, 1.5761517444191204], [0.0, -0.9810013271658538, -0.19400102087059634, 1.6], [0.0, 0.0, 0.0, 1.0]]}, "target_region": {"type": "circle", "params": {"center": [-3.1562354162950594, 2.7137819666700658], "radius": 7.892189394585728, "object_center": [-3.1562354162950594, 2.7137819666700658, 1.2499999998032987], "object_height": 2.5000000003934026, "occupancy_ratio": 0.2, "fov_vertical": 90.0, "sample_distance": 7.892189394585728, "min_distance": 2.5000000003934026}, "sample_point": [4.509053633029427, 0.834953280941229, 1.5], "sample_forward": [-0.970763090673422, 0.23794243505595428, -0.03166100734070731], "height": 1.5}, "sample_target": [4.509053633029427, 0.834953280941229, 1.5], "camera_params": {"forward": [-0.970763090673422, 0.23794243505595428, -0.03166100734070731]}, "task_type": "screen_occupancy", "task_description": "Position where wardrobe occupies 20% of vertical FOV", "target_object": {"label": "wardrobe", "id": "57", "bbox_min": [-3.465235471311854, 1.8099319333401303, -3.9340284274658187e-10], "bbox_max": [-2.8472353612782655, 3.6176320000000004, 2.5], "center": [-3.1562354162950594, 2.7137819666700653, 1.2499999998032987]}}
{"scene_id": "0351_840366", "object_label": "wardrobe", "preset": "occupancy_30", "distance": 5.206624713432341, "init_camera": {"intrinsics": [[320.0, 0.0, 320.0], [0.0, 320.0, 240.0], [0.0, 0.0, 1.0]], "extrinsics": [[0.6427876096865394, -0.1486134039973292, 0.7514906153677448, -4.512010320706373], [-0.766044443118978, -0.12470145248215905, 0.6305754981882619, 1.5761517444191204], [0.0, -0.9810013271658538, -0.19400102087059634, 1.6], [0.0, 0.0, 0.0, 1.0]]}, "target_region": {"type": "circle", "params": {"center": [-3.1562354162950594, 2.7137819666700658], "radius": 5.206624713432341, "object_center": [-3.1562354162950594, 2.7137819666700658, 1.2499999998032987], "object_height": 2.5000000003934026, "occupancy_ratio": 0.3, "fov_vertical": 90.0, "sample_distance": 5.206624713432341, "min_distance": 2.5000000003934026}, "sample_point": [-3.132262562692086, 7.920351490724704, 1.5], "sample_forward": [-0.004598999881444852, -0.9988386455958591, -0.04796049691486213], "height": 1.5}, "sample_target": [-3.132262562692086, 7.920351490724704, 1.5], "camera_params": {"forward": [-0.004598999881444852, -0.9988386455958591, -0.04796049691486213]}, "task_type": "screen_occupancy", "task_description": "Position where wardrobe occupies 30% of vertical FOV", "target_object": {"label": "wardrobe", "id": "57", "bbox_min": [-3.465235471311854, 1.8099319333401303, -3.9340284274658187e-10], "bbox_max": [-2.8472353612782655, 3.6176320000000004, 2.5], "center": [-3.1562354162950594, 2.7137819666700653, 1.2499999998032987]}}
{"scene_id": "0351_840366", "object_label": "wardrobe", "preset": "occupancy_50", "distance": 3.017766953441248, "init_camera": {"intrinsics": [[320.0, 0.0, 320.0], [0.0, 320.0, 240.0], [0.0, 0.0, 1.0]], "extrinsics": [[0.6427876096865394, -0.1486134039973292, 0.7514906153677448, -4.512010320706373], [-0.766044443118978, -0.12470145248215905, 0.6305754981882619, 1.5761517444191204], [0.0, -0.9810013271658538, -0.19400102087059634, 1.6], [0.0, 0.0, 0.0, 1.0]]}, "target_region": {"type": "circle", "params": {"center": [-3.1562354162950594, 2.7137819666700658], "radius": 3.017766953441248, "object_center": [-3.1562354162950594, 2.7137819666700658, 1.2499999998032987], "object_height": 2.5000000003934026, "occupancy_ratio": 0.5, "fov_vertical": 90.0, "sample_distance": 3.017766953441248, "min_distance": 2.5000000003934026}, "sample_point": [-1.0166772134754796, 0.5855883471820453, 1.5], "sample_forward": [-0.7065668116358299, 0.7028137763598709, -0.0825598961576067], "height": 1.5}, "sample_target": [-1.0166772134754796, 0.5855883471820453, 1.5], "camera_params": {"forward": [-0.7065668116358299, 0.7028137763598709, -0.0825598961576067]}, "task_type": "screen_occupancy", "task_description": "Position where wardrobe occupies 50% of vertical FOV", "target_object": {"label": "wardrobe", "id": "57", "bbox_min": [-3.465235471311854, 1.8099319333401303, -3.9340284274658187e-10], "bbox_max": [-2.8472353612782655, 3.6176320000000004, 2.5], "center": [-3.1562354162950594, 2.7137819666700653, 1.2499999998032987]}}
{"scene_id": "0351_840366", "object_label": "wardrobe", "preset": "occupancy_20", "distance": 7.892189394585728, "init_camera": {"intrinsics": [[320.0, 0.0, 320.0], [0.0, 320.0, 240.0], [0.0, 0.0, 1.0]], "extrinsics": [[0.17364817766692997, -0.15388905229724398, 0.9727098590926332, -5.334923691493921], [-0.9848077530122081, -0.027134791955660036, 0.17151499255916003, 2.3296204411993178], [0.0, -0.987715476566293, -0.15626303898049865, 1.6], [0.0, 0.0, 0.0, 1.0]]}, "target_region": {"type": "circle", "params": {"center": [-3.1562354162950594, 2.7137819666700658], "radius": 7.892189394585728, "object_center": [-3.1562354162950594, 2.7137819666700658, 1.2499999998032987], "object_height": 2.5000000003934026, "occupancy_ratio": 0.2, "fov_vertical": 90.0, "sample_distance": 7.892189394585728, "min_distance": 2.5000000003934026}, "sample_point": [1.171851444902373, 9.313351464898082, 1.5], "sample_forward": [-0.5481263591030944, -0.8357960726580124, -0.03166100734070731], "height": 1.5}, "sample_target": [1.171851444902373, 9.313351464898082, 1.5], "camera_params": {"forward": [-0.5481263591030944, -0.8357960726580124, -0.03166100734070731]}, "task_type": "screen_occupancy", "task_description": "Position where wardrobe occupies 20% of vertical FOV", "target_object": {"label": "wardrobe", "id": "57", "bbox_min": [-3.465235471311854, 1.8099319333401303, -3.9340284274658187e-10], "bbox_max": [-2.8472353612782655, 3.6176320000000004, 2.5], "center": [-3.1562354162950594, 2.7137819666700653, 1.2499999998032987]}}
{"scene_id": "0351_840366", "object_label": "wardrobe", "preset": "occupancy_30", "distance": 5.206624713432341, "init_camera": {"intrinsics": [[320.0, 0.0, 320.0], [0.0, 320.0, 240.0], [0.0, 0.0, 1.0]], "extrinsics": [[0.17364817766692997, -0.15388905229724398, 0.9727098590926332, -5.334923691493921], [-0.9848077530122081, -0.027134791955660036, 0.17151499255916003, 2.3296204411993178], [0.0, -0.987715476566293, -0.15626303898049865, 1.6], [0.0, 0.0, 0.0, 1.0]]}, "target_region": {"type": "circle", "params": {"center": [-3.1562354162950594, 2.7137819666700658], "radius": 5.206624713432341, "object_center": [-3.1562354162950594, 2.7137819666700658, 1.2499999998032987], "object_height": 2.5000000003934026, "occupancy_ratio": 0.3, "fov_vertical": 90.0, "sample_distance": 5.206624713432341, "min_distance": 2.5000000003934026}, "sample_point": [-2.380591578007896, -2.434743797337682, 1.5], "sample_forward": [-0.1488010555357358, 0.9877034153059969, -0.04796049691486213], "height": 1.5}, "sample_target": [-2.380591578007896, -2.434743797337682, 1.5], "camera_params": {"forward": [-0.1488010555357358, 0.9877034153059969, -0.04796049691486213]}, "task_type": "screen_occupancy", "task_description": "Position where wardrobe occupies 30% of vertical FOV", "target_object": {"label": "wardrobe", "id": "57", "bbox_min": [-3.465235471311854, 1.8099319333401303, -3.9340284274658187e-10], "bbox_max": [-2.8472353612782655, 3.6176320000000004, 2.5], "center": [-3.1562354162950594, 2.7137819666700653, 1.2499999998032987]}}
{"scene_id": "0351_840366", "object_label": "wardrobe", "preset": "occupancy_50", "distance": 3.017766953441248, "init_camera": {"intrinsics": [[320.0, 0.0, 320.0], [0.0, 320.0, 240.0], [0.0, 0.0, 1.0]], "extrinsics": [[0.17364817766692997, -0.15388905229724398, 0.9727098590926332, -5.334923691493921], [-0.9848077530122081, -0.027134791955660036, 0.17151499255916003, 2.3296204411993178], [0.0, -0.987715476566293, -0.15626303898049865, 1.6], [0.0, 0.0, 0.0, 1.0]]}, "target_region": {"type": "circle", "params": {"center": [-3.1562354162950594, 2.7137819666700658], "radius": 3.017766953441248, "object_center": [-3.1562354162950594, 2.7137819666700658, 1.2499999998032987], "object_height": 2.5000000003934026, "occupancy_ratio": 0.5, "fov_vertical": 90.0, "sample_distance": 3.017766953441248, "min_distance": 2.5000000003934026}, "sample_point": [-4.6389663694024055, 5.34217050453494, 1.5], "sample_forward": [0.48965645368758254, -0.8679979383089257, -0.0825598961576067], "height": 1.5}, "sample_target": [-4.6389663694024055, 5.34217050453494, 1.5], "camera_params": {"forward": [0.48965645368758254, -0.8679979383089257, -0.0825598961576067]}, "task_type": "screen_occupancy", "task_description": "Position where wardrobe occupies 50% of vertical FOV", "target_object": {"label": "wardrobe", "id": "57", "bbox_min": [-3.465235471311854, 1.8099319333401303, -3.9340284274658187e-10], "bbox_max": [-2.8472353612782655, 3.6176320000000004, 2.5], "center": [-3.1562354162950594, 2.7137819666700653, 1.2499999998032987]}}
{"scene_id": "0351_840366", "object_label": "wardrobe", "preset": "occupancy_20", "distance": 7.892189394585728, "init_camera": {"intrinsics": [[320.0, 0.0, 320.0], [0.0, 320.0, 240.0], [0.0, 0.0, 1.0]], "extrinsics": [[0.6427876096865391, -0.11970443267589526, 0.7566339522062221, -4.850954046809202], [-0.7660444431189781, -0.10044394530862921, 0.6348912702324484, 1.291744188856384], [0.0, -0.987715476566293, -0.15626303898049865, 1.6], [0.0, 0.0, 0.0, 1.0]]}, "target_region": {"type": "circle", "params": {"center": [-3.1562354162950594, 2.7137819666700658], "radius": 7.892189394585728, "object_center": [-3.1562354162950594, 2.7137819666700658, 1.2499999998032987], "object_height": 2.5000000003934026, "occupancy_ratio": 0.2, "fov_vertical": 90.0, "sample_distance": 7.892189394585728, "min_distance": 2.5000000003934026}, "sample_point": [-7.070748784288584, -4.139191003640807, 1.5], "sample_forward": [0.49574974552730094, 0.8678881093918662, -0.03166100734070731], "height": 1.5}, "sample_target": [-7.070748784288584, -4.139191003640807, 1.5], "camera_params": {"forward": [0.49574974552730094, 0.8678881093918662, -0.03166100734070731]}, "task_type": "screen_occupancy", "task_description": "Position where wardrobe occupies 20% of vertical FOV", "target_object": {"label": "wardrobe", "id": "57", "bbox_min": [-3.465235471311854, 1.8099319333401303, -3.9340284274658187e-10], "bbox_max": [-2.8472353612782655, 3.6176320000000004, 2.5], "center": [-3.1562354162950594, 2.7137819666700653, 1.2499999998032987]}}
{"scene_id": "0351_840366", "object_label": "wardrobe", "preset": "occupancy_30", "distance": 5.206624713432341, "init_camera": {"intrinsics": [[320.0, 0.0, 320.0], [0.0, 320.0, 240.0], [0.0, 0.0, 1.0]], "extrinsics": [[0.6427876096865391, -0.11970443267589526, 0.7566339522062221, -4.850954046809202], [-0.7660444431189781, -0.10044394530862921, 0.6348912702324484, 1.291744188856384], [0.0, -0.987715476566293, -0.15626303898049865, 1.6], [0.0, 0.0, 0.0, 1.0]]}, "target_region": {"type": "circle", "params": {"center": [-3.1562354162950594, 2.7137819666700658], "radius": 5.206624713432341, "object_center": [-3.1562354162950594, 2.7137819666700658, 1.2499999998032987], "object_height": 2.5000000003934026, "occupancy_ratio": 0.3, "fov_vertical": 90.0, "sample_distance": 5.206624713432341, "min_distance": 2.5000000003934026}, "sample_point": [-5.232675164236481, 7.488437857903839, 1.5], "sample_forward": [0.3983483281867439, -0.915979475843485, -0.04796049691486212], "height": 1.5}, "sample_target": [-5.232675164236481, 7.488437857903839, 1.5], "camera_params": {"forward": [0.3983483281867439, -0.915979475843485, -0.04796049691486212]}, "task_type": "screen_occupancy", "task_description": "Position where wardrobe occupies 30% of vertical FOV", "target_object": {"label": "wardrobe", "id": "57", "bbox_min": [-3.465235471311854, 1.8099319333401303, -3.9340284274658187e-10], "bbox_max": [-2.8472353612782655, 3.6176320000000004, 2.5], "center": [-3.1562354162950594, 2.7137819666700653, 1.2499999998032987]}}
{"scene_id": "0351_840366", "object_label": "wardrobe", "preset": "occupancy_30", "distance": 5.206624713432341, "init_camera": {"intrinsics": [[320.0, 0.0, 320.0], [0.0, 320.0, 240.0], [0.0, 0.0, 1.0]], "extrinsics": [[0.17364817766693041, 0.17103477587448684, -0.9698419540494824, 3.4056656789658906], [0.984807753012208, -0.030158045626097283, 0.17100930352194313, 2.8701429701375085], [-0.0, -0.9848033294651163, -0.17367326298086794, 1.6], [0.0, 0.0, 0.0, 1.0]]}, "target_region": {"type": "circle", "params": {"center": [1.4511639998819792, 3.21477435], "radius": 5.206624713432341, "object_center": [1.4511639998819792, 3.21477435, 1.2499999998032987], "object_height": 2.5000000003934026, "occupancy_ratio": 0.3, "fov_vertical": 90.0, "sample_distance": 5.206624713432341, "min_distance": 2.5000000003934026}, "sample_point": [-0.01758367465657984, -1.7803954344079322, 1.5], "sample_forward": [0.28176747303197375, 0.9582832993832541, -0.04796049691486212], "height": 1.5}, "sample_target": [-0.01758367465657984, -1.7803954344079322, 1.5], "camera_params": {"forward": [0.28176747303197375, 0.9582832993832541, -0.04796049691486212]}, "task_type": "screen_occupancy", "task_description": "Position where wardrobe occupies 30% of vertical FOV", "target_object": {"label": "wardrobe", "id": "61", "bbox_min": [1.1421639480752397, 2.0088743333401298, -3.9340284274658187e-10], "bbox_max": [1.7601640516887187, 4.42067436665987, 2.5], "center": [1.4511639998819792, 3.21477435, 1.2499999998032987]}}
{"scene_id": "0351_840366", "object_label": "wardrobe", "preset": "occupancy_50", "distance": 3.017766953441248, "init_camera": {"intrinsics": [[320.0, 0.0, 320.0], [0.0, 320.0, 240.0], [0.0, 0.0, 1.0]], "extrinsics": [[0.17364817766693041, 0.17103477587448684, -0.9698419540494824, 3.4056656789658906], [0.984807753012208, -0.030158045626097283, 0.17100930352194313, 2.8701429701375085], [-0.0, -0.9848033294651163, -0.17367326298086794, 1.6], [0.0, 0.0, 0.0, 1.0]]}, "target_region": {"type": "circle", "params": {"center": [1.4511639998819792, 3.21477435], "radius": 3.017766953441248, "object_center": [1.4511639998819792, 3.21477435, 1.2499999998032987], "object_height": 2.5000000003934026, "occupancy_ratio": 0.5, "fov_vertical": 90.0, "sample_distance": 3.017766953441248, "min_distance": 2.5000000003934026}, "sample_point": [2.2369297966700854, 6.128447203612777, 1.5], "sample_forward": [-0.25949097014393174, -0.962210112168962, -0.08255989615760671], "height": 1.5}, "sample_target": [2.2369297966700854, 6.128447203612777, 1.5], "camera_params": {"forward": [-0.25949097014393174, -0.962210112168962, -0.08255989615760671]}, "task_type": "screen_occupancy", "task_description": "Position where wardrobe occupies 50% of vertical FOV", "target_object": {"label": "wardrobe", "id": "61", "bbox_min": [1.1421639480752397, 2.0088743333401298, -3.9340284274658187e-10], "bbox_max": [1.7601640516887187, 4.42067436665987, 2.5], "center": [1.4511639998819792, 3.21477435, 1.2499999998032987]}}
{"scene_id": "0351_840366", "object_label": "wardrobe", "preset": "occupancy_30", "distance": 5.206624713432341, "init_camera": {"intrinsics": [[320.0, 0.0, 320.0], [0.0, 320.0, 240.0], [0.0, 0.0, 1.0]], "extrinsics": [[-0.34202014332566866, 0.16319948365093212, -0.9254124216237635, 3.3161277956392325], [0.9396926207859084, 0.059399754296553, -0.33682257589125475, 3.893565659639753], [0.0, -0.9848033294651163, -0.17367326298086794, 1.6], [0.0, 0.0, 0.0, 1.0]]}, "target_region": {"type": "circle", "params": {"center": [1.4511639998819792, 3.21477435], "radius": 5.206624713432341, "object_center": [1.4511639998819792, 3.21477435, 1.2499999998032987], "object_height": 2.5000000003934026, "occupancy_ratio": 0.3, "fov_vertical": 90.0, "sample_distance": 5.206624713432341, "min_distance": 2.5000000003934026}, "sample_point": [-1.3561008407159285, 7.599772071922694, 1.5], "sample_forward": [0.5385512664830525, -0.8412266781939217, -0.04796049691486212], "height": 1.5}, "sample_target": [-1.3561008407159285, 7.599772071922694, 1.5], "camera_params": {"forward": [0.5385512664830525, -0.8412266781939217, -0.04796049691486212]}, "task_type": "screen_occupancy", "task_description": "Position where wardrobe occupies 30% of vertical FOV", "target_object": {"label": "wardrobe", "id": "61", "bbox_min": [1.1421639480752397, 2.0088743333401298, -3.9340284274658187e-10], "bbox_max": [1.7601640516887187, 4.42067436665987, 2.5], "center": [1.4511639998819792, 3.21477435, 1.2499999998032987]}}
{"scene_id": "0351_840366", "object_label": "wardrobe", "preset": "occupancy_50", "distance": 3.017766953441248, "init_camera": {"intrinsics": [[320.0, 0.0, 320.0], [0.0, 320.0, 240.0], [0.0, 0.0, 1.0]], "extrinsics": [[-0.34202014332566866, 0.16319948365093212, -0.9254124216237635, 3.3161277956392325], [0.9396926207859084, 0.059399754296553, -0.33682257589125475, 3.893565659639753], [0.0, -0.9848033294651163, -0.17367326298086794, 1.6], [0.0, 0.0, 0.0, 1.0]]}, "target_region": {"type": "circle", "params": {"center": [1.4511639998819792, 3.21477435], "radius": 3.017766953441248, "object_center": [1.4511639998819792, 3.21477435, 1.2499999998032987], "object_height": 2.5000000003934026, "occupancy_ratio": 0.5, "fov_vertical": 90.0, "sample_distance": 3.017766953441248, "min_distance": 2.5000000003934026}, "sample_point": [-1.5436882706849633, 3.58595794710809, 1.5], "sample_forward": [0.9890187690833525, -0.12257951683415709, -0.0825598961576067], "height": 1.5}, "sample_target": [-1.5436882706849633, 3.58595794710809, 1.5], "camera_params": {"forward": [0.9890187690833525, -0.12257951683415709, -0.0825598961576067]}, "task_type": "screen_occupancy", "task_description": "Position where wardrobe occupies 50% of vertical FOV", "target_object": {"label": "wardrobe", "id": "61", "bbox_min": [1.1421639480752397, 2.0088743333401298, -3.9340284274658187e-10], "bbox_max": [1.7601640516887187, 4.42067436665987, 2.5], "center": [1.4511639998819792, 3.21477435, 1.2499999998032987]}}
{"scene_id": "0351_840366", "object_label": "wardrobe", "preset": "occupancy_30", "distance": 5.206624713432341, "init_camera": {"intrinsics": [[320.0, 0.0, 320.0], [0.0, 320.0, 240.0], [0.0, 0.0, 1.0]], "extrinsics": [[0.766044443118978, 0.11163502157793383, -0.6330193781582275, 2.7268743693261372], [0.6427876096865393, -0.1330414380248348, 0.7544031181018205, 1.6944419341052375], [-0.0, -0.9848033294651163, -0.1736732629808679, 1.6], [0.0, 0.0, 0.0, 1.0]]}, "target_region": {"type": "circle", "params": {"center": [1.4511639998819792, 3.21477435], "radius": 5.206624713432341, "object_center": [1.4511639998819792, 3.21477435, 1.2499999998032987], "object_height": 2.5000000003934026, "occupancy_ratio": 0.3, "fov_vertical": 90.0, "sample_distance": 5.206624713432341, "min_distance": 2.5000000003934026}, "sample_point": [-3.4554483078361686, 1.4729085204157564, 1.5], "sample_forward": [0.9412942570463477, 0.33416300272059424, -0.04796049691486212], "height": 1.5}, "sample_target": [-3.4554483078361686, 1.4729085204157564, 1.5], "camera_params": {"forward": [0.9412942570463477, 0.33416300272059424, -0.04796049691486212]}, "task_type": "screen_occupancy", "task_description": "Position where wardrobe occupies 30% of vertical FOV", "target_object": {"label": "wardrobe", "id": "61", "bbox_min": [1.1421639480752397, 2.0088743333401298, -3.9340284274658187e-10], "bbox_max": [1.7601640516887187, 4.42067436665987, 2.5], "center": [1.4511639998819792, 3.21477435, 1.2499999998032987]}}
{"scene_id": "0351_840366", "object_label": "wardrobe", "preset": "occupancy_30", "distance": 5.206624713432341, "init_camera": {"intrinsics": [[320.0, 0.0, 320.0], [0.0, 320.0, 240.0], [0.0, 0.0, 1.0]], "extrinsics": [[0.5000000000000004, 0.15040545769956712, -0.8528647010482867, 3.1699239310957057], [0.8660254037844384, -0.08683663149043405, 0.49240166473255864, 2.222447841041411], [-0.0, -0.9848033294651164, -0.17367326298086794, 1.6], [0.0, 0.0, 0.0, 1.0]]}, "target_region": {"type": "circle", "params": {"center": [1.4511639998819792, 3.21477435], "radius": 5.206624713432341, "object_center": [1.4511639998819792, 3.21477435, 1.2499999998032987], "object_height": 2.5000000003934026, "occupancy_ratio": 0.3, "fov_vertical": 90.0, "sample_distance": 5.206624713432341, "min_distance": 2.5000000003934026}, "sample_point": [5.100014806481546, 6.928913375090755, 1.5], "sample_forward": [-0.7000027908600769, -0.7125278124563159, -0.04796049691486212], "height": 1.5}, "sample_target": [5.100014806481546, 6.928913375090755, 1.5], "camera_params": {"forward": [-0.7000027908600769, -0.7125278124563159, -0.04796049691486212]}, "task_type": "screen_occupancy", "task_description": "Position where wardrobe occupies 30% of vertical FOV", "target_object": {"label": "wardrobe", "id": "61", "bbox_min": [1.1421639480752397, 2.0088743333401298, -3.9340284274658187e-10], "bbox_max": [1.7601640516887187, 4.42067436665987, 2.5], "center": [1.4511639998819792, 3.21477435, 1.2499999998032987]}}
{"scene_id": "0351_840366", "object_label": "wardrobe", "preset": "occupancy_50", "distance": 3.017766953441248, "init_camera": {"intrinsics": [[320.0, 0.0, 320.0], [0.0, 320.0, 240.0], [0.0, 0.0, 1.0]], "extrinsics": [[0.5000000000000004, 0.15040545769956712, -0.8528647010482867, 3.1699239310957057], [0.8660254037844384, -0.08683663149043405, 0.49240166473255864, 2.222447841041411], [-0.0, -0.9848033294651164, -0.17367326298086794, 1.6], [0.0, 0.0, 0.0, 1.0]]}, "target_region": {"type": "circle", "params": {"center": [1.4511639998819792, 3.21477435], "radius": 3.017766953441248, "object_center": [1.4511639998819792, 3.21477435, 1.2499999998032987], "object_height": 2.5000000003934026, "occupancy_ratio": 0.5, "fov_vertical": 90.0, "sample_distance": 3.017766953441248, "min_distance": 2.5000000003934026}, "sample_point": [1.5308630343610465, 6.231488696633631, 1.5], "sample_forward": [-0.02631977602110472, -0.996238491997094, -0.0825598961576067], "height": 1.5}, "sample_target": [1.5308630343610465, 6.231488696633631, 1.5], "camera_params": {"forward": [-0.02631977602110472, -0.996238491997094, -0.0825598961576067]}, "task_type": "screen_occupancy", "task_description": "Position where wardrobe occupies 50% of vertical FOV", "target_object": {"label": "wardrobe", "id": "61", "bbox_min": [1.1421639480752397, 2.0088743333401298, -3.9340284274658187e-10], "bbox_max": [1.7601640516887187, 4.42067436665987, 2.5], "center": [1.4511639998819792, 3.21477435, 1.2499999998032987]}}
{"scene_id": "0351_840366", "object_label": "wardrobe", "preset": "occupancy_30", "distance": 5.206624713432341, "init_camera": {"intrinsics": [[320.0, 0.0, 320.0], [0.0, 320.0, 240.0], [0.0, 0.0, 1.0]], "extrinsics": [[-0.17364817766693041, 0.1375767958277723, -0.9751507245768305, 3.8942910987368684], [0.984807753012208, 0.024258501023856037, -0.1719453830003045, 3.645563574828114], [0.0, -0.9901939963349804, -0.1396991396614917, 1.6], [0.0, 0.0, 0.0, 1.0]]}, "target_region": {"type": "circle", "params": {"center": [1.4511639998819792, 3.21477435], "radius": 5.206624713432341, "object_center": [1.4511639998819792, 3.21477435, 1.2499999998032987], "object_height": 2.5000000003934026, "occupancy_ratio": 0.3, "fov_vertical": 90.0, "sample_distance": 5.206624713432341, "min_distance": 2.5000000003934026}, "sample_point": [2.9099517028739617, -1.7833132186730207, 1.5], "sample_forward": [-0.27985673229495034, 0.9588430529157898, -0.04796049691486212], "height": 1.5}, "sample_target": [2.9099517028739617, -1.7833132186730207, 1.5], "camera_params": {"forward": [-0.27985673229495034, 0.9588430529157898, -0.04796049691486212]}, "task_type": "screen_occupancy", "task_description": "Position where wardrobe occupies 30% of vertical FOV", "target_object": {"label": "wardrobe", "id": "61", "bbox_min": [1.1421639480752397, 2.0088743333401298, -3.9340284274658187e-10], "bbox_max": [1.7601640516887187, 4.42067436665987, 2.5], "center": [1.4511639998819792, 3.21477435, 1.2499999998032987]}}
{"scene_id": "0351_840366", "object_label": "wardrobe", "preset": "occupancy_50", "distance": 3.017766953441248, "init_camera": {"intrinsics": [[320.0, 0.0, 320.0], [0.0, 320.0, 240.0], [0.0, 0.0, 1.0]], "extrinsics": [[-0.17364817766693041, 0.1375767958277723, -0.9751507245768305, 3.8942910987368684], [0.984807753012208, 0.024258501023856037, -0.1719453830003045, 3.645563574828114], [0.0, -0.9901939963349804, -0.1396991396614917, 1.6], [0.0, 0.0, 0.0, 1.0]]}, "target_region": {"type": "circle", "params": {"center": [1.4511639998819792, 3.21477435], "radius": 3.017766953441248, "object_center": [1.4511639998819792, 3.21477435, 1.2499999998032987], "object_height": 2.5000000003934026, "occupancy_ratio": 0.5, "fov_vertical": 90.0, "sample_distance": 3.017766953441248, "min_distance": 2.5000000003934026}, "sample_point": [2.559794650892573, 6.021526114036481, 1.5], "sample_forward": [-0.36611372541023784, -0.926900535986835, -0.0825598961576067], "height": 1.5}, "sample_target": [2.559794650892573, 6.021526114036481, 1.5], "camera_params": {"forward": [-0.36611372541023784, -0.926900535986835, -0.0825598961576067]}, "task_type": "screen_occupancy", "task_description": "Position where wardrobe occupies 50% of vertical FOV", "target_object": {"label": "wardrobe", "id": "61", "bbox_min": [1.1421639480752397, 2.0088743333401298, -3.9340284274658187e-10], "bbox_max": [1.7601640516887187, 4.42067436665987, 2.5], "center": [1.4511639998819792, 3.21477435, 1.2499999998032987]}}
{"scene_id": "0351_840366", "object_label": "shower head", "preset": "right", "distance": 1.5, "init_camera": {"intrinsics": [[320.0, 0.0, 320.0], [0.0, 320.0, 240.0], [0.0, 0.0, 1.0]], "extrinsics": [[-0.17364817766693103, -0.14487014194276948, 0.9740939135249926, -2.2508535032750308], [-0.9848077530122079, 0.0255445147235754, -0.1717590386983552, 4.0764905198653105], [0.0, -0.9891208822692092, -0.14710499739635338, 1.6], [0.0, 0.0, 0.0, 1.0]]}, "target_region": {"type": "circle", "params": {"center": [-1.4624006, 3.9374650000000004], "radius": 1.5, "object_center": [-1.4624006, 3.9374650000000004, 1.4809300000000003], "sample_distance": 1.5, "min_distance": 1.3048699951171878, "requested_distance": 1.5}, "sample_point": [-1.1161118273511974, 5.396945759015818, 1.5], "sample_forward": [-0.23084052727577659, -0.9729085508115645, -0.01271230603717412], "height": 1.5}, "sample_target": [-1.1161118273511974, 5.396945759015818, 1.5], "camera_params": {"forward": [-0.23084052727577659, -0.9729085508115645, -0.01271230603717412]}, "task_type": "absolute_positioning", "task_description": "Move to any position 1.5m from shower head", "target_object": {"label": "shower head", "id": "84", "bbox_min": [-1.718940613893797, 3.8150969925704596, 0.8284950024414063], "bbox_max": [-1.2058605861062028, 4.059833007429541, 2.133364997558594], "center": [-1.4624006, 3.9374650000000004, 1.4809300000000003]}}
{"scene_id": "0351_840366", "object_label": "shower head", "preset": "occupancy_20", "distance": 4.119312454062581, "init_camera": {"intrinsics": [[320.0, 0.0, 320.0], [0.0, 320.0, 240.0], [0.0, 0.0, 1.0]], "extrinsics": [[-0.17364817766693103, -0.14487014194276948, 0.9740939135249926, -2.2508535032750308], [-0.9848077530122079, 0.0255445147235754, -0.1717590386983552, 4.0764905198653105], [0.0, -0.9891208822692092, -0.14710499739635338, 1.6], [0.0, 0.0, 0.0, 1.0]]}, "target_region": {"type": "circle", "params": {"center": [-1.4624006, 3.9374650000000004], "radius": 4.119312454062581, "object_center": [-1.4624006, 3.9374650000000004, 1.4809300000000003], "object_height": 1.3048699951171878, "occupancy_ratio": 0.2, "fov_vertical": 90.0, "sample_distance": 4.119312454062581, "min_distance": 1.3048699951171878}, "sample_point": [2.6066604575109538, 4.57892988948572, 1.5], "sample_forward": [-0.9877904384804014, -0.1557196796753094, -0.004629363726811132], "height": 1.5}, "sample_target": [2.6066604575109538, 4.57892988948572, 1.5], "camera_params": {"forward": [-0.9877904384804014, -0.1557196796753094, -0.004629363726811132]}, "task_type": "screen_occupancy", "task_description": "Position where shower head occupies 20% of vertical FOV", "target_object": {"label": "shower head", "id": "84", "bbox_min": [-1.718940613893797, 3.8150969925704596, 0.8284950024414063], "bbox_max": [-1.2058605861062028, 4.059833007429541, 2.133364997558594], "center": [-1.4624006, 3.9374650000000004, 1.4809300000000003]}}
{"scene_id": "0351_840366", "object_label": "shower head", "preset": "occupancy_30", "distance": 2.717587345329753, "init_camera": {"intrinsics": [[320.0, 0.0, 320.0], [0.0, 320.0, 240.0], [0.0, 0.0, 1.0]], "extrinsics": [[-0.17364817766693103, -0.14487014194276948, 0.9740939135249926, -2.2508535032750308], [-0.9848077530122079, 0.0255445147235754, -0.1717590386983552, 4.0764905198653105], [0.0, -0.9891208822692092, -0.14710499739635338, 1.6], [0.0, 0.0, 0.0, 1.0]]}, "target_region": {"type": "circle", "params": {"center": [-1.4624006, 3.9374650000000004], "radius": 2.717587345329753, "object_center": [-1.4624006, 3.9374650000000004, 1.4809300000000003], "object_height": 1.3048699951171878, "occupancy_ratio": 0.3, "fov_vertical": 90.0, "sample_distance": 2.717587345329753, "min_distance": 1.3048699951171878}, "sample_point": [0.32023518108709337, 1.8862481290952138, 1.5], "sample_forward": [-0.6559464944629275, 0.7547747723501317, -0.007017080988792679], "height": 1.5}, "sample_target": [0.32023518108709337, 1.8862481290952138, 1.5], "camera_params": {"forward": [-0.6559464944629275, 0.7547747723501317, -0.007017080988792679]}, "task_type": "screen_occupancy", "task_description": "Position where shower head occupies 30% of vertical FOV", "target_object": {"label": "shower head", "id": "84", "bbox_min": [-1.718940613893797, 3.8150969925704596, 0.8284950024414063], "bbox_max": [-1.2058605861062028, 4.059833007429541, 2.133364997558594], "center": [-1.4624006, 3.9374650000000004, 1.4809300000000003]}}
{"scene_id": "0351_840366", "object_label": "shower head", "preset": "occupancy_50", "distance": 1.5751174196728146, "init_camera": {"intrinsics": [[320.0, 0.0, 320.0], [0.0, 320.0, 240.0], [0.0, 0.0, 1.0]], "extrinsics": [[-0.17364817766693103, -0.14487014194276948, 0.9740939135249926, -2.2508535032750308], [-0.9848077530122079, 0.0255445147235754, -0.1717590386983552, 4.0764905198653105], [0.0, -0.9891208822692092, -0.14710499739635338, 1.6], [0.0, 0.0, 0.0, 1.0]]}, "target_region": {"type": "circle", "params": {"center": [-1.4624006, 3.9374650000000004], "radius": 1.5751174196728146, "object_center": [-1.4624006, 3.9374650000000004, 1.4809300000000003], "object_height": 1.3048699951171878, "occupancy_ratio": 0.5, "fov_vertical": 90.0, "sample_distance": 1.5751174196728146, "min_distance": 1.3048699951171878}, "sample_point": [-0.49763789192853725, 5.182546444272367, 1.5], "sample_forward": [-0.6124572023684937, -0.7904110427364198, -0.012106146673635576], "height": 1.5}, "sample_target": [-0.49763789192853725, 5.182546444272367, 1.5], "camera_params": {"forward": [-0.6124572023684937, -0.7904110427364198, -0.012106146673635576]}, "task_type": "screen_occupancy", "task_description": "Position where shower head occupies 50% of vertical FOV", "target_object": {"label": "shower head", "id": "84", "bbox_min": [-1.718940613893797, 3.8150969925704596, 0.8284950024414063], "bbox_max": [-1.2058605861062028, 4.059833007429541, 2.133364997558594], "center": [-1.4624006, 3.9374650000000004, 1.4809300000000003]}}
