{"scene_id": "0228_840300", "object_label": "refrigerator", "preset": "occupancy_20", "distance": 5.406623342876269, "init_camera": {"intrinsics": [[320.0, 0.0, 320.0], [0.0, 320.0, 240.0], [0.0, 0.0, 1.0]], "extrinsics": [[-0.8660254037844385, 0.22807906978106046, -0.44494936557748505, -2.813037373689185], [0.5000000000000002, 0.39504453700384384, -0.770674907975742, 4.906838453048181], [0.0, -0.8898987311549695, -0.4561581395621207, 1.6], [0.0, 0.0, 0.0, 1.0]]}, "target_region": {"type": "circle", "params": {"center": [-3.5384386999999995, 3.6504065000000003], "radius": 5.406623342876269, "object_center": [-3.5384386999999995, 3.6504065000000003, 0.8563250000000002], "object_height": 1.7126500244140626, "occupancy_ratio": 0.2, "fov_vertical": 90.0, "sample_distance": 5.406623342876269, "min_distance": 1.7126500244140626}, "sample_point": [-0.055483251731893724, -0.48488034822638193, 1.5], "sample_forward": [-0.6396842345750898, 0.759492287956623, -0.11821820744071311], "height": 1.5}, "sample_target": [-0.055483251731893724, -0.48488034822638193, 1.5], "camera_params": {"forward": [-0.6396842345750898, 0.759492287956623, -0.11821820744071311]}, "task_type": "screen_occupancy", "task_description": "Position where refrigerator occupies 20% of vertical FOV", "target_object": {"label": "refrigerator", "id": "126", "bbox_min": [-3.878157714440129, 3.1860079866152544, -1.2207031204525265e-08], "bbox_max": [-3.198719685559871, 4.114805013384746, 1.7126500122070314], "center": [-3.5384387000000004, 3.6504065000000003, 0.8563250000000001]}}
{"scene_id": "0228_840300", "object_label": "refrigerator", "preset": "occupancy_50", "distance": 2.067351458269521, "init_camera": {"intrinsics": [[320.0, 0.0, 320.0], [0.0, 320.0, 240.0], [0.0, 0.0, 1.0]], "extrinsics": [[-0.8660254037844385, 0.22807906978106046, -0.44494936557748505, -2.813037373689185], [0.5000000000000002, 0.39504453700384384, -0.770674907975742, 4.906838453048181], [0.0, -0.8898987311549695, -0.4561581395621207, 1.6], [0.0, 0.0, 0.0, 1.0]]}, "target_region": {"type": "circle", "params": {"center": [-3.5384386999999995, 3.6504065000000003], "radius": 2.067351458269521, "object_center": [-3.5384386999999995, 3.6504065000000003, 0.8563250000000002], "object_height": 1.7126500244140626, "occupancy_ratio": 0.5, "fov_vertical": 90.0, "sample_distance": 2.067351458269521, "min_distance": 1.7126500244140626}, "sample_point": [-2.9620360187827197, 1.6650344942805064, 1.5], "sample_forward": [-0.2662074274159774, 0.916929763390631, -0.29727666339113884], "height": 1.5}, "sample_target": [-2.9620360187827197, 1.6650344942805064, 1.5], "camera_params": {"forward": [-0.2662074274159774, 0.916929763390631, -0.29727666339113884]}, "task_type": "screen_occupancy", "task_description": "Position where refrigerator occupies 50% of vertical FOV", "target_object": {"label": "refrigerator", "id": "126", "bbox_min": [-3.878157714440129, 3.1860079866152544, -1.2207031204525265e-08], "bbox_max": [-3.198719685559871, 4.114805013384746, 1.7126500122070314], "center": [-3.5384387000000004, 3.6504065000000003, 0.8563250000000001]}}
{"scene_id": "0228_840300", "object_label": "refrigerator", "preset": "right", "distance": 1.7126500244140626, "init_camera": {"intrinsics": [[320.0, 0.0, 320.0], [0.0, 320.0, 240.0], [0.0, 0.0, 1.0]], "extrinsics": [[-0.5000000000000001, 0.4672192326188682, -0.7291818625494163, -2.5332931375614547], [0.8660254037844386, 0.269749149723074, -0.4209933446310983, 4.230727561048652], [0.0, -0.8419866892621963, -0.539498299446148, 1.6], [0.0, 0.0, 0.0, 1.0]]}, "target_region": {"type": "circle", "params": {"center": [-3.5384386999999995, 3.6504065000000003], "radius": 1.7126500244140626, "object_center": [-3.5384386999999995, 3.6504065000000003, 0.8563250000000002], "sample_distance": 1.7126500244140626, "min_distance": 1.7126500244140626, "requested_distance": 0.8}, "sample_point": [-3.6803381338099674, 5.357167952813457, 1.5], "sample_forward": [0.0775570306571251, -0.9328532663317365, -0.3518091677171877], "height": 1.5}, "sample_target": [-3.6803381338099674, 5.357167952813457, 1.5], "camera_params": {"forward": [0.0775570306571251, -0.9328532663317365, -0.3518091677171877]}, "task_type": "absolute_positioning", "task_description": "Move to any position 1.7m from refrigerator", "target_object": {"label": "refrigerator", "id": "126", "bbox_min": [-3.878157714440129, 3.1860079866152544, -1.2207031204525265e-08], "bbox_max": [-3.198719685559871, 4.114805013384746, 1.7126500122070314], "center": [-3.5384387000000004, 3.6504065000000003, 0.8563250000000001]}}
{"scene_id": "0228_840300", "object_label": "refrigerator", "preset": "occupancy_20", "distance": 5.406623342876269, "init_camera": {"intrinsics": [[320.0, 0.0, 320.0], [0.0, 320.0, 240.0], [0.0, 0.0, 1.0]], "extrinsics": [[-0.5000000000000001, 0.4672192326188682, -0.7291818625494163, -2.5332931375614547], [0.8660254037844386, 0.269749149723074, -0.4209933446310983, 4.230727561048652], [0.0, -0.8419866892621963, -0.539498299446148, 1.6], [0.0, 0.0, 0.0, 1.0]]}, "target_region": {"type": "circle", "params": {"center": [-3.5384386999999995, 3.6504065000000003], "radius": 5.406623342876269, "object_center": [-3.5384386999999995, 3.6504065000000003, 0.8563250000000002], "object_height": 1.7126500244140626, "occupancy_ratio": 0.2, "fov_vertical": 90.0, "sample_distance": 5.406623342876269, "min_distance": 1.7126500244140626}, "sample_point": [-3.456813004843951, 9.05641364183998, 1.5], "sample_forward": [-0.014991483842700373, -0.9928744688235761, -0.11821820744071311], "height": 1.5}, "sample_target": [-3.456813004843951, 9.05641364183998, 1.5], "camera_params": {"forward": [-0.014991483842700373, -0.9928744688235761, -0.11821820744071311]}, "task_type": "screen_occupancy", "task_description": "Position where refrigerator occupies 20% of vertical FOV", "target_object": {"label": "refrigerator", "id": "126", "bbox_min": [-3.878157714440129, 3.1860079866152544, -1.2207031204525265e-08], "bbox_max": [-3.198719685559871, 4.114805013384746, 1.7126500122070314], "center": [-3.5384387000000004, 3.6504065000000003, 0.8563250000000001]}}
{"scene_id": "0228_840300", "object_label": "refrigerator", "preset": "occupancy_50", "distance": 2.067351458269521, "init_camera": {"intrinsics": [[320.0, 0.0, 320.0], [0.0, 320.0, 240.0], [0.0, 0.0, 1.0]], "extrinsics": [[-0.5000000000000001, 0.4672192326188682, -0.7291818625494163, -2.5332931375614547], [0.8660254037844386, 0.269749149723074, -0.4209933446310983, 4.230727561048652], [0.0, -0.8419866892621963, -0.539498299446148, 1.6], [0.0, 0.0, 0.0, 1.0]]}, "target_region": {"type": "circle", "params": {"center": [-3.5384386999999995, 3.6504065000000003], "radius": 2.067351458269521, "object_center": [-3.5384386999999995, 3.6504065000000003, 0.8563250000000002], "object_height": 1.7126500244140626, "occupancy_ratio": 0.5, "fov_vertical": 90.0, "sample_distance": 2.067351458269521, "min_distance": 1.7126500244140626}, "sample_point": [-2.6773039831479295, 5.52987159715962, 1.5], "sample_forward": [-0.3977088676056342, -0.8680174203498888, -0.29727666339113884], "height": 1.5}, "sample_target": [-2.6773039831479295, 5.52987159715962, 1.5], "camera_params": {"forward": [-0.3977088676056342, -0.8680174203498888, -0.29727666339113884]}, "task_type": "screen_occupancy", "task_description": "Position where refrigerator occupies 50% of vertical FOV", "target_object": {"label": "refrigerator", "id": "126", "bbox_min": [-3.878157714440129, 3.1860079866152544, -1.2207031204525265e-08], "bbox_max": [-3.198719685559871, 4.114805013384746, 1.7126500122070314], "center": [-3.5384387000000004, 3.6504065000000003, 0.8563250000000001]}}
{"scene_id": "0228_840300", "object_label": "refrigerator", "preset": "back", "distance": 1.7126500244140626, "init_camera": {"intrinsics": [[320.0, 0.0, 320.0], [0.0, 320.0, 240.0], [0.0, 0.0, 1.0]], "extrinsics": [[-0.9848077530122081, 0.05013026657760861, -0.16625476227736685, -3.110158997470439], [0.17364817766693053, 0.28430286945418076, -0.9428776107284939, 6.079301390667178], [0.0, -0.9574230176849609, -0.2886886994792541, 1.6], [0.0, 0.0, 0.0, 1.0]]}, "target_region": {"type": "circle", "params": {"center": [-3.5384386999999995, 3.6504065000000003], "radius": 1.7126500244140626, "object_center": [-3.5384386999999995, 3.6504065000000003, 0.8563250000000002], "sample_distance": 1.7126500244140626, "min_distance": 1.7126500244140626, "requested_distance": 1.2}, "sample_point": [-5.2445758567438805, 3.501188175041593, 1.5], "sample_forward": [0.9325120489772544, 0.08155726836022854, -0.35180916771718784], "height": 1.5}, "sample_target": [-5.2445758567438805, 3.501188175041593, 1.5], "camera_params": {"forward": [0.9325120489772544, 0.08155726836022854, -0.35180916771718784]}, "task_type": "absolute_positioning", "task_description": "Move to any position 1.7m from refrigerator", "target_object": {"label": "refrigerator", "id": "126", "bbox_min": [-3.878157714440129, 3.1860079866152544, -1.2207031204525265e-08], "bbox_max": [-3.198719685559871, 4.114805013384746, 1.7126500122070314], "center": [-3.5384387000000004, 3.6504065000000003, 0.8563250000000001]}}
{"scene_id": "0228_840300", "object_label": "refrigerator", "preset": "right", "distance": 1.7126500244140626, "init_camera": {"intrinsics": [[320.0, 0.0, 320.0], [0.0, 320.0, 240.0], [0.0, 0.0, 1.0]], "extrinsics": [[-0.9848077530122081, 0.05013026657760861, -0.16625476227736685, -3.110158997470439], [0.17364817766693053, 0.28430286945418076, -0.9428776107284939, 6.079301390667178], [0.0, -0.9574230176849609, -0.2886886994792541, 1.6], [0.0, 0.0, 0.0, 1.0]]}, "target_region": {"type": "circle", "params": {"center": [-3.5384386999999995, 3.6504065000000003], "radius": 1.7126500244140626, "object_center": [-3.5384386999999995, 3.6504065000000003, 0.8563250000000002], "sample_distance": 1.7126500244140626, "min_distance": 1.7126500244140626, "requested_distance": 1.5}, "sample_point": [-4.240093792933077, 5.212728565608293, 1.5], "sample_forward": [0.38349896185079774, -0.8539079902246495, -0.3518091677171878], "height": 1.5}, "sample_target": [-4.240093792933077, 5.212728565608293, 1.5], "camera_params": {"forward": [0.38349896185079774, -0.8539079902246495, -0.3518091677171878]}, "task_type": "absolute_positioning", "task_description": "Move to any position 1.7m from refrigerator", "target_object": {"label": "refrigerator", "id": "126", "bbox_min": [-3.878157714440129, 3.1860079866152544, -1.2207031204525265e-08], "bbox_max": [-3.198719685559871, 4.114805013384746, 1.7126500122070314], "center": [-3.5384387000000004, 3.6504065000000003, 0.8563250000000001]}}
{"scene_id": "0228_840300", "object_label": "refrigerator", "preset": "closer", "distance": 1.9663645094567694, "init_camera": {"intrinsics": [[320.0, 0.0, 320.0], [0.0, 320.0, 240.0], [0.0, 0.0, 1.0]], "extrinsics": [[-0.9848077530122081, 0.05013026657760861, -0.16625476227736685, -3.110158997470439], [0.17364817766693053, 0.28430286945418076, -0.9428776107284939, 6.079301390667178], [0.0, -0.9574230176849609, -0.2886886994792541, 1.6], [0.0, 0.0, 0.0, 1.0]]}, "target_region": {"type": "point", "params": {"delta": 0.5, "start_position": [-3.110158997470439, 6.079301390667178, 1.6], "sample_distance": 1.9663645094567694, "min_distance": 1.7126500244140626, "min_distance_enforced": false}, "sample_point": [-3.196983086303904, 5.586897514161074, 1.6], "sample_forward": [-0.16242045266315006, -0.9211321603226013, -0.35374445547049227], "height": 1.6}, "sample_target": [-3.196983086303904, 5.586897514161074, 1.6], "camera_params": {"forward": [-0.16242045266315006, -0.9211321603226013, -0.35374445547049227]}, "task_type": "delta_control", "task_description": "Move 0.5m toward refrigerator", "target_object": {"label": "refrigerator", "id": "126", "bbox_min": [-3.878157714440129, 3.1860079866152544, -1.2207031204525265e-08], "bbox_max": [-3.198719685559871, 4.114805013384746, 1.7126500122070314], "center": [-3.5384387000000004, 3.6504065000000003, 0.8563250000000001]}}
{"scene_id": "0228_840300", "object_label": "refrigerator", "preset": "closer", "distance": 1.7663645094567693, "init_camera": {"intrinsics": [[320.0, 0.0, 320.0], [0.0, 320.0, 240.0], [0.0, 0.0, 1.0]], "extrinsics": [[-0.9848077530122081, 0.05013026657760861, -0.16625476227736685, -3.110158997470439], [0.17364817766693053, 0.28430286945418076, -0.9428776107284939, 6.079301390667178], [0.0, -0.9574230176849609, -0.2886886994792541, 1.6], [0.0, 0.0, 0.0, 1.0]]}, "target_region": {"type": "point", "params": {"delta": 0.7, "start_position": [-3.110158997470439, 6.079301390667178, 1.6], "sample_distance": 1.7663645094567693, "min_distance": 1.7126500244140626, "min_distance_enforced": true}, "sample_point": [-3.2317127218372903, 5.389935963558632, 1.6], "sample_forward": [-0.16004216414925612, -0.9076442159119499, -0.3880315489957024], "height": 1.6}, "sample_target": [-3.2317127218372903, 5.389935963558632, 1.6], "camera_params": {"forward": [-0.16004216414925612, -0.9076442159119499, -0.3880315489957024]}, "task_type": "delta_control", "task_description": "Move 0.7m toward refrigerator", "target_object": {"label": "refrigerator", "id": "126", "bbox_min": [-3.878157714440129, 3.1860079866152544, -1.2207031204525265e-08], "bbox_max": [-3.198719685559871, 4.114805013384746, 1.7126500122070314], "center": [-3.5384387000000004, 3.6504065000000003, 0.8563250000000001]}}
{"scene_id": "0228_840300", "object_label": "refrigerator", "preset": "closer", "distance": 1.712650024414062, "init_camera": {"intrinsics": [[320.0, 0.0, 320.0], [0.0, 320.0, 240.0], [0.0, 0.0, 1.0]], "extrinsics": [[-0.9848077530122081, 0.05013026657760861, -0.16625476227736685, -3.110158997470439], [0.17364817766693053, 0.28430286945418076, -0.9428776107284939, 6.079301390667178], [0.0, -0.9574230176849609, -0.2886886994792541, 1.6], [0.0, 0.0, 0.0, 1.0]]}, "target_region": {"type": "point", "params": {"delta": 1.0, "start_position": [-3.110158997470439, 6.079301390667178, 1.6], "sample_distance": 1.712650024414062, "min_distance": 1.7126500244140626, "min_distance_enforced": true}, "sample_point": [-3.241040144279274, 5.337037522239516, 1.6], "sample_forward": [-0.1592800184732934, -0.9033218729959616, -0.39829570608056414], "height": 1.6}, "sample_target": [-3.241040144279274, 5.337037522239516, 1.6], "camera_params": {"forward": [-0.1592800184732934, -0.9033218729959616, -0.39829570608056414]}, "task_type": "delta_control", "task_description": "Move 1.0m toward refrigerator", "target_object": {"label": "refrigerator", "id": "126", "bbox_min": [-3.878157714440129, 3.1860079866152544, -1.2207031204525265e-08], "bbox_max": [-3.198719685559871, 4.114805013384746, 1.7126500122070314], "center": [-3.5384387000000004, 3.6504065000000003, 0.8563250000000001]}}
{"scene_id": "0228_840300", "object_label": "refrigerator", "preset": "closer", "distance": 1.712650024414062, "init_camera": {"intrinsics": [[320.0, 0.0, 320.0], [0.0, 320.0, 240.0], [0.0, 0.0, 1.0]], "extrinsics": [[-0.9848077530122081, 0.05013026657760861, -0.16625476227736685, -3.110158997470439], [0.17364817766693053, 0.28430286945418076, -0.9428776107284939, 6.079301390667178], [0.0, -0.9574230176849609, -0.2886886994792541, 1.6], [0.0, 0.0, 0.0, 1.0]]}, "target_region": {"type": "point", "params": {"delta": 1.5, "start_position": [-3.110158997470439, 6.079301390667178, 1.6], "sample_distance": 1.712650024414062, "min_distance": 1.7126500244140626, "min_distance_enforced": true}, "sample_point": [-3.241040144279274, 5.337037522239516, 1.6], "sample_forward": [-0.1592800184732934, -0.9033218729959616, -0.39829570608056414], "height": 1.6}, "sample_target": [-3.241040144279274, 5.337037522239516, 1.6], "camera_params": {"forward": [-0.1592800184732934, -0.9033218729959616, -0.39829570608056414]}, "task_type": "delta_control", "task_description": "Move 1.5m toward refrigerator", "target_object": {"label": "refrigerator", "id": "126", "bbox_min": [-3.878157714440129, 3.1860079866152544, -1.2207031204525265e-08], "bbox_max": [-3.198719685559871, 4.114805013384746, 1.7126500122070314], "center": [-3.5384387000000004, 3.6504065000000003, 0.8563250000000001]}}
{"scene_id": "0228_840300", "object_label": "refrigerator", "preset": "occupancy_20", "distance": 5.406623342876269, "init_camera": {"intrinsics": [[320.0, 0.0, 320.0], [0.0, 320.0, 240.0], [0.0, 0.0, 1.0]], "extrinsics": [[-0.9848077530122081, 0.05013026657760861, -0.16625476227736685, -3.110158997470439], [0.17364817766693053, 0.28430286945418076, -0.9428776107284939, 6.079301390667178], [0.0, -0.9574230176849609, -0.2886886994792541, 1.6], [0.0, 0.0, 0.0, 1.0]]}, "target_region": {"type": "circle", "params": {"center": [-3.5384386999999995, 3.6504065000000003], "radius": 5.406623342876269, "object_center": [-3.5384386999999995, 3.6504065000000003, 0.8563250000000002], "object_height": 1.7126500244140626, "occupancy_ratio": 0.2, "fov_vertical": 90.0, "sample_distance": 5.406623342876269, "min_distance": 1.7126500244140626}, "sample_point": [-1.6643705301662897, -1.4210276626950749, 1.5], "sample_forward": [-0.34419385506573835, 0.931426350048403, -0.11821820744071311], "height": 1.5}, "sample_target": [-1.6643705301662897, -1.4210276626950749, 1.5], "camera_params": {"forward": [-0.34419385506573835, 0.931426350048403, -0.11821820744071311]}, "task_type": "screen_occupancy", "task_description": "Position where refrigerator occupies 20% of vertical FOV", "target_object": {"label": "refrigerator", "id": "126", "bbox_min": [-3.878157714440129, 3.1860079866152544, -1.2207031204525265e-08], "bbox_max": [-3.198719685559871, 4.114805013384746, 1.7126500122070314], "center": [-3.5384387000000004, 3.6504065000000003, 0.8563250000000001]}}
{"scene_id": "0228_840300", "object_label": "refrigerator", "preset": "occupancy_50", "distance": 2.067351458269521, "init_camera": {"intrinsics": [[320.0, 0.0, 320.0], [0.0, 320.0, 240.0], [0.0, 0.0, 1.0]], "extrinsics": [[-0.9848077530122081, 0.05013026657760861, -0.16625476227736685, -3.110158997470439], [0.17364817766693053, 0.28430286945418076, -0.9428776107284939, 6.079301390667178], [0.0, -0.9574230176849609, -0.2886886994792541, 1.6], [0.0, 0.0, 0.0, 1.0]]}, "target_region": {"type": "circle", "params": {"center": [-3.5384386999999995, 3.6504065000000003], "radius": 2.067351458269521, "object_center": [-3.5384386999999995, 3.6504065000000003, 0.8563250000000002], "object_height": 1.7126500244140626, "occupancy_ratio": 0.5, "fov_vertical": 90.0, "sample_distance": 2.067351458269521, "min_distance": 1.7126500244140626}, "sample_point": [-4.1893627562973546, 5.612609324618932, 1.5], "sample_forward": [0.30062458783874413, -0.9062292439497948, -0.29727666339113884], "height": 1.5}, "sample_target": [-4.1893627562973546, 5.612609324618932, 1.5], "camera_params": {"forward": [0.30062458783874413, -0.9062292439497948, -0.29727666339113884]}, "task_type": "screen_occupancy", "task_description": "Position where refrigerator occupies 50% of vertical FOV", "target_object": {"label": "refrigerator", "id": "126", "bbox_min": [-3.878157714440129, 3.1860079866152544, -1.2207031204525265e-08], "bbox_max": [-3.198719685559871, 4.114805013384746, 1.7126500122070314], "center": [-3.5384387000000004, 3.6504065000000003, 0.8563250000000001]}}
{"scene_id": "0228_840300", "object_label": "refrigerator", "preset": "occupancy_20", "distance": 5.406623342876269, "init_camera": {"intrinsics": [[320.0, 0.0, 320.0], [0.0, 320.0, 240.0], [0.0, 0.0, 1.0]], "extrinsics": [[-0.4999999999999999, 0.39504453700384395, -0.7706749079757422, -2.2820067469518186], [0.8660254037844387, 0.2280790697810603, -0.4449493655774847, 4.375807826310814], [0.0, -0.8898987311549696, -0.45615813956212065, 1.6], [0.0, 0.0, 0.0, 1.0]]}, "target_region": {"type": "circle", "params": {"center": [-3.5384386999999995, 3.6504065000000003], "radius": 5.406623342876269, "object_center": [-3.5384386999999995, 3.6504065000000003, 0.8563250000000002], "object_height": 1.7126500244140626, "occupancy_ratio": 0.2, "fov_vertical": 90.0, "sample_distance": 5.406623342876269, "min_distance": 1.7126500244140626}, "sample_point": [-8.749472971231611, 5.091481722111666, 1.5], "sample_forward": [0.9570654918353582, -0.2646697938327086, -0.11821820744071311], "height": 1.5}, "sample_target": [-8.749472971231611, 5.091481722111666, 1.5], "camera_params": {"forward": [0.9570654918353582, -0.2646697938327086, -0.11821820744071311]}, "task_type": "screen_occupancy", "task_description": "Position where refrigerator occupies 20% of vertical FOV", "target_object": {"label": "refrigerator", "id": "126", "bbox_min": [-3.878157714440129, 3.1860079866152544, -1.2207031204525265e-08], "bbox_max": [-3.198719685559871, 4.114805013384746, 1.7126500122070314], "center": [-3.5384387000000004, 3.6504065000000003, 0.8563250000000001]}}
{"scene_id": "0228_840300", "object_label": "refrigerator", "preset": "occupancy_30", "distance": 3.5668503764686212, "init_camera": {"intrinsics": [[320.0, 0.0, 320.0], [0.0, 320.0, 240.0], [0.0, 0.0, 1.0]], "extrinsics": [[-0.4999999999999999, 0.39504453700384395, -0.7706749079757422, -2.2820067469518186], [0.8660254037844387, 0.2280790697810603, -0.4449493655774847, 4.375807826310814], [0.0, -0.8898987311549696, -0.45615813956212065, 1.6], [0.0, 0.0, 0.0, 1.0]]}, "target_region": {"type": "circle", "params": {"center": [-3.5384386999999995, 3.6504065000000003], "radius": 3.5668503764686212, "object_center": [-3.5384386999999995, 3.6504065000000003, 0.8563250000000002], "object_height": 1.7126500244140626, "occupancy_ratio": 0.3, "fov_vertical": 90.0, "sample_distance": 3.5668503764686212, "min_distance": 1.7126500244140626}, "sample_point": [-2.4649549711872165, 7.051884751009192, 1.5], "sample_forward": [-0.2961772377664597, -0.9384775993025694, -0.1775917775019896], "height": 1.5}, "sample_target": [-2.4649549711872165, 7.051884751009192, 1.5], "camera_params": {"forward": [-0.2961772377664597, -0.9384775993025694, -0.1775917775019896]}, "task_type": "screen_occupancy", "task_description": "Position where refrigerator occupies 30% of vertical FOV", "target_object": {"label": "refrigerator", "id": "126", "bbox_min": [-3.878157714440129, 3.1860079866152544, -1.2207031204525265e-08], "bbox_max": [-3.198719685559871, 4.114805013384746, 1.7126500122070314], "center": [-3.5384387000000004, 3.6504065000000003, 0.8563250000000001]}}
{"scene_id": "0228_840300", "object_label": "refrigerator", "preset": "occupancy_50", "distance": 2.067351458269521, "init_camera": {"intrinsics": [[320.0, 0.0, 320.0], [0.0, 320.0, 240.0], [0.0, 0.0, 1.0]], "extrinsics": [[-0.4999999999999999, 0.39504453700384395, -0.7706749079757422, -2.2820067469518186], [0.8660254037844387, 0.2280790697810603, -0.4449493655774847, 4.375807826310814], [0.0, -0.8898987311549696, -0.45615813956212065, 1.6], [0.0, 0.0, 0.0, 1.0]]}, "target_region": {"type": "circle", "params": {"center": [-3.5384386999999995, 3.6504065000000003], "radius": 2.067351458269521, "object_center": [-3.5384386999999995, 3.6504065000000003, 0.8563250000000002], "object_height": 1.7126500244140626, "occupancy_ratio": 0.5, "fov_vertical": 90.0, "sample_distance": 2.067351458269521, "min_distance": 1.7126500244140626}, "sample_point": [-5.123748209504028, 4.977333706400265, 1.5], "sample_forward": [0.7321637805221591, -0.6128317745470865, -0.29727666339113884], "height": 1.5}, "sample_target": [-5.123748209504028, 4.977333706400265, 1.5], "camera_params": {"forward": [0.7321637805221591, -0.6128317745470865, -0.29727666339113884]}, "task_type": "screen_occupancy", "task_description": "Position where refrigerator occupies 50% of vertical FOV", "target_object": {"label": "refrigerator", "id": "126", "bbox_min": [-3.878157714440129, 3.1860079866152544, -1.2207031204525265e-08], "bbox_max": [-3.198719685559871, 4.114805013384746, 1.7126500122070314], "center": [-3.5384387000000004, 3.6504065000000003, 0.8563250000000001]}}
{"scene_id": "0228_840300", "object_label": "refrigerator", "preset": "right", "distance": 1.7126500244140626, "init_camera": {"intrinsics": [[320.0, 0.0, 320.0], [0.0, 320.0, 240.0], [0.0, 0.0, 1.0]], "extrinsics": [[-0.8660254037844386, 0.269749149723074, -0.4209933446310983, -2.958117638951348], [0.5000000000000001, 0.4672192326188682, -0.7291818625494163, 4.655552062438545], [0.0, -0.8419866892621963, -0.539498299446148, 1.6], [0.0, 0.0, 0.0, 1.0]]}, "target_region": {"type": "circle", "params": {"center": [-3.5384386999999995, 3.6504065000000003], "radius": 1.7126500244140626, "object_center": [-3.5384386999999995, 3.6504065000000003, 0.8563250000000002], "sample_distance": 1.7126500244140626, "min_distance": 1.7126500244140626, "requested_distance": 0.8}, "sample_point": [-4.483746519005544, 5.078539278649265, 1.5], "sample_forward": [0.5166706133388601, -0.7805650433001632, -0.35180916771718773], "height": 1.5}, "sample_target": [-4.483746519005544, 5.078539278649265, 1.5], "camera_params": {"forward": [0.5166706133388601, -0.7805650433001632, -0.35180916771718773]}, "task_type": "absolute_positioning", "task_description": "Move to any position 1.7m from refrigerator", "target_object": {"label": "refrigerator", "id": "126", "bbox_min": [-3.878157714440129, 3.1860079866152544, -1.2207031204525265e-08], "bbox_max": [-3.198719685559871, 4.114805013384746, 1.7126500122070314], "center": [-3.5384387000000004, 3.6504065000000003, 0.8563250000000001]}}
{"scene_id": "0228_840300", "object_label": "refrigerator", "preset": "left", "distance": 1.7126500244140626, "init_camera": {"intrinsics": [[320.0, 0.0, 320.0], [0.0, 320.0, 240.0], [0.0, 0.0, 1.0]], "extrinsics": [[-0.8660254037844386, 0.269749149723074, -0.4209933446310983, -2.958117638951348], [0.5000000000000001, 0.4672192326188682, -0.7291818625494163, 4.655552062438545], [0.0, -0.8419866892621963, -0.539498299446148, 1.6], [0.0, 0.0, 0.0, 1.0]]}, "target_region": {"type": "circle", "params": {"center": [-3.5384386999999995, 3.6504065000000003], "radius": 1.7126500244140626, "object_center": [-3.5384386999999995, 3.6504065000000003, 0.8563250000000002], "sample_distance": 1.7126500244140626, "min_distance": 1.7126500244140626, "requested_distance": 1.5}, "sample_point": [-3.6792400921977966, 1.9435541120997897, 1.5], "sample_forward": [0.07695688134932745, 0.9329029681178667, -0.35180916771718773], "height": 1.5}, "sample_target": [-3.6792400921977966, 1.9435541120997897, 1.5], "camera_params": {"forward": [0.07695688134932745, 0.9329029681178667, -0.35180916771718773]}, "task_type": "absolute_positioning", "task_description": "Move to any position 1.7m from refrigerator", "target_object": {"label": "refrigerator", "id": "126", "bbox_min": [-3.878157714440129, 3.1860079866152544, -1.2207031204525265e-08], "bbox_max": [-3.198719685559871, 4.114805013384746, 1.7126500122070314], "center": [-3.5384387000000004, 3.6504065000000003, 0.8563250000000001]}}
{"scene_id": "0228_840300", "object_label": "refrigerator", "preset": "occupancy_30", "distance": 3.5668503764686212, "init_camera": {"intrinsics": [[320.0, 0.0, 320.0], [0.0, 320.0, 240.0], [0.0, 0.0, 1.0]], "extrinsics": [[-0.8660254037844386, 0.269749149723074, -0.4209933446310983, -2.958117638951348], [0.5000000000000001, 0.4672192326188682, -0.7291818625494163, 4.655552062438545], [0.0, -0.8419866892621963, -0.539498299446148, 1.6], [0.0, 0.0, 0.0, 1.0]]}, "target_region": {"type": "circle", "params": {"center": [-3.5384386999999995, 3.6504065000000003], "radius": 3.5668503764686212, "object_center": [-3.5384386999999995, 3.6504065000000003, 0.8563250000000002], "object_height": 1.7126500244140626, "occupancy_ratio": 0.3, "fov_vertical": 90.0, "sample_distance": 3.5668503764686212, "min_distance": 1.7126500244140626}, "sample_point": [-6.232926318347409, 5.987532530552664, 1.5], "sample_forward": [0.7434168572640217, -0.6448197708657583, -0.1775917775019896], "height": 1.5}, "sample_target": [-6.232926318347409, 5.987532530552664, 1.5], "camera_params": {"forward": [0.7434168572640217, -0.6448197708657583, -0.1775917775019896]}, "task_type": "screen_occupancy", "task_description": "Position where refrigerator occupies 30% of vertical FOV", "target_object": {"label": "refrigerator", "id": "126", "bbox_min": [-3.878157714440129, 3.1860079866152544, -1.2207031204525265e-08], "bbox_max": [-3.198719685559871, 4.114805013384746, 1.7126500122070314], "center": [-3.5384387000000004, 3.6504065000000003, 0.8563250000000001]}}
{"scene_id": "0228_840300", "object_label": "display cabinet", "preset": "left", "distance": 1.5, "init_camera": {"intrinsics": [[320.0, 0.0, 320.0], [0.0, 320.0, 240.0], [0.0, 0.0, 1.0]], "extrinsics": [[0.9396926207859086, -0.04137670040367551, -0.3395080957859695, -1.5798352853394655], [0.34202014332566816, 0.11368155005063765, 0.9327908268939901, -0.29559109662872685], [-0.0, -0.9926552643500103, 0.12097737870449646, 1.6], [0.0, 0.0, 0.0, 1.0]]}, "target_region": {"type": "circle", "params": {"center": [-1.8534514, 0.45616300000000004], "radius": 1.5, "object_center": [-1.8534514, 0.45616300000000004, 1.6974980000000002], "sample_distance": 1.5, "min_distance": 0.7796766898000003, "requested_distance": 1.5}, "sample_point": [-1.9161179220589868, -1.0425273973179485, 1.5], "sample_forward": [0.04142019871198075, 0.9905776166453883, 0.13053870131038578], "height": 1.5}, "sample_target": [-1.9161179220589868, -1.0425273973179485, 1.5], "camera_params": {"forward": [0.04142019871198075, 0.9905776166453883, 0.13053870131038578]}, "task_type": "absolute_positioning", "task_description": "Move to any position 1.5m from display cabinet", "target_object": {"label": "display cabinet", "id": "146", "bbox_min": [-2.2432897449, 0.306163, 1.3974980000000001], "bbox_max": [-1.4636130551, 0.606163, 1.997498], "center": [-1.8534514, 0.456163, 1.697498]}}
{"scene_id": "0228_840300", "object_label": "display cabinet", "preset": "occupancy_20", "distance": 1.8941254544025128, "init_camera": {"intrinsics": [[320.0, 0.0, 320.0], [0.0, 320.0, 240.0], [0.0, 0.0, 1.0]], "extrinsics": [[0.9396926207859086, -0.04137670040367551, -0.3395080957859695, -1.5798352853394655], [0.34202014332566816, 0.11368155005063765, 0.9327908268939901, -0.29559109662872685], [-0.0, -0.9926552643500103, 0.12097737870449646, 1.6], [0.0, 0.0, 0.0, 1.0]]}, "target_region": {"type": "circle", "params": {"center": [-1.8534514, 0.45616300000000004], "radius": 1.8941254544025128, "object_center": [-1.8534514, 0.45616300000000004, 1.6974980000000002], "object_height": 0.5999999999999999, "occupancy_ratio": 0.2, "fov_vertical": 90.0, "sample_distance": 1.8941254544025128, "min_distance": 0.7796766898000003}, "sample_point": [-3.5836002228693244, -0.3147431471667074, 1.5], "sample_forward": [0.9085035857078892, 0.40480390454717863, 0.1037064781933437], "height": 1.5}, "sample_target": [-3.5836002228693244, -0.3147431471667074, 1.5], "camera_params": {"forward": [0.9085035857078892, 0.40480390454717863, 0.1037064781933437]}, "task_type": "screen_occupancy", "task_description": "Position where display cabinet occupies 20% of vertical FOV", "target_object": {"label": "display cabinet", "id": "146", "bbox_min": [-2.2432897449, 0.306163, 1.3974980000000001], "bbox_max": [-1.4636130551, 0.606163, 1.997498], "center": [-1.8534514, 0.456163, 1.697498]}}
{"scene_id": "0228_840300", "object_label": "display cabinet", "preset": "occupancy_30", "distance": 1.249589931027125, "init_camera": {"intrinsics": [[320.0, 0.0, 320.0], [0.0, 320.0, 240.0], [0.0, 0.0, 1.0]], "extrinsics": [[0.9396926207859086, -0.04137670040367551, -0.3395080957859695, -1.5798352853394655], [0.34202014332566816, 0.11368155005063765, 0.9327908268939901, -0.29559109662872685], [-0.0, -0.9926552643500103, 0.12097737870449646, 1.6], [0.0, 0.0, 0.0, 1.0]]}, "target_region": {"type": "circle", "params": {"center": [-1.8534514, 0.45616300000000004], "radius": 1.249589931027125, "object_center": [-1.8534514, 0.45616300000000004, 1.6974980000000002], "object_height": 0.5999999999999999, "occupancy_ratio": 0.3, "fov_vertical": 90.0, "sample_distance": 1.249589931027125, "min_distance": 0.7796766898000003}, "sample_point": [-0.9388706643865113, 1.3076423442997105, 1.5], "sample_forward": [-0.7229310227002148, -0.6730524810035365, 0.15611244099240068], "height": 1.5}, "sample_target": [-0.9388706643865113, 1.3076423442997105, 1.5], "camera_params": {"forward": [-0.7229310227002148, -0.6730524810035365, 0.15611244099240068]}, "task_type": "screen_occupancy", "task_description": "Position where display cabinet occupies 30% of vertical FOV", "target_object": {"label": "display cabinet", "id": "146", "bbox_min": [-2.2432897449, 0.306163, 1.3974980000000001], "bbox_max": [-1.4636130551, 0.606163, 1.997498], "center": [-1.8534514, 0.456163, 1.697498]}}
{"scene_id": "0228_840300", "object_label": "display cabinet", "preset": "front", "distance": 1.5, "init_camera": {"intrinsics": [[320.0, 0.0, 320.0], [0.0, 320.0, 240.0], [0.0, 0.0, 1.0]], "extrinsics": [[0.0, -0.12097737870449644, -0.9926552643500103, -1.0534514], [1.0, 0.0, 0.0, 0.456163], [-0.0, -0.9926552643500103, 0.12097737870449644, 1.6], [0.0, 0.0, 0.0, 1.0]]}, "target_region": {"type": "circle", "params": {"center": [-1.8534514, 0.45616300000000004], "radius": 1.5, "object_center": [-1.8534514, 0.45616300000000004, 1.6974980000000002], "sample_distance": 1.5, "min_distance": 0.7796766898000003, "requested_distance": 1.5}, "sample_point": [-0.6136685426138764, -0.38819383601869334, 1.5], "sample_forward": [-0.8194495342234537, 0.558087903758147, 0.13053870131038578], "height": 1.5}, "sample_target": [-0.6136685426138764, -0.38819383601869334, 1.5], "camera_params": {"forward": [-0.8194495342234537, 0.558087903758147, 0.13053870131038578]}, "task_type": "absolute_positioning", "task_description": "Move to any position 1.5m from display cabinet", "target_object": {"label": "display cabinet", "id": "146", "bbox_min": [-2.2432897449, 0.306163, 1.3974980000000001], "bbox_max": [-1.4636130551, 0.606163, 1.997498], "center": [-1.8534514, 0.456163, 1.697498]}}
{"scene_id": "0228_840300", "object_label": "display cabinet", "preset": "occupancy_20", "distance": 1.8941254544025128, "init_camera": {"intrinsics": [[320.0, 0.0, 320.0], [0.0, 320.0, 240.0], [0.0, 0.0, 1.0]], "extrinsics": [[0.0, -0.12097737870449644, -0.9926552643500103, -1.0534514], [1.0, 0.0, 0.0, 0.456163], [-0.0, -0.9926552643500103, 0.12097737870449644, 1.6], [0.0, 0.0, 0.0, 1.0]]}, "target_region": {"type": "circle", "params": {"center": [-1.8534514, 0.45616300000000004], "radius": 1.8941254544025128, "object_center": [-1.8534514, 0.45616300000000004, 1.6974980000000002], "object_height": 0.5999999999999999, "occupancy_ratio": 0.2, "fov_vertical": 90.0, "sample_distance": 1.8941254544025128, "min_distance": 0.7796766898000003}, "sample_point": [-0.2767454999171881, -0.593460619046168, 1.5], "sample_forward": [-0.8279304906594211, 0.5511588419114616, 0.1037064781933437], "height": 1.5}, "sample_target": [-0.2767454999171881, -0.593460619046168, 1.5], "camera_params": {"forward": [-0.8279304906594211, 0.5511588419114616, 0.1037064781933437]}, "task_type": "screen_occupancy", "task_description": "Position where display cabinet occupies 20% of vertical FOV", "target_object": {"label": "display cabinet", "id": "146", "bbox_min": [-2.2432897449, 0.306163, 1.3974980000000001], "bbox_max": [-1.4636130551, 0.606163, 1.997498], "center": [-1.8534514, 0.456163, 1.697498]}}
{"scene_id": "0228_840300", "object_label": "display cabinet", "preset": "occupancy_50", "distance": 0.7796766898000003, "init_camera": {"intrinsics": [[320.0, 0.0, 320.0], [0.0, 320.0, 240.0], [0.0, 0.0, 1.0]], "extrinsics": [[0.0, -0.12097737870449644, -0.9926552643500103, -1.0534514], [1.0, 0.0, 0.0, 0.456163], [-0.0, -0.9926552643500103, 0.12097737870449644, 1.6], [0.0, 0.0, 0.0, 1.0]]}, "target_region": {"type": "circle", "params": {"center": [-1.8534514, 0.45616300000000004], "radius": 0.7796766898000003, "object_center": [-1.8534514, 0.45616300000000004, 1.6974980000000002], "object_height": 0.5999999999999999, "occupancy_ratio": 0.5, "fov_vertical": 90.0, "sample_distance": 0.7796766898000003, "min_distance": 0.7796766898000003}, "sample_point": [-2.3300515294971156, -0.16088485647534517, 1.5], "sample_forward": [0.5925638828545962, 0.7671845874778533, 0.2455521400287941], "height": 1.5}, "sample_target": [-2.3300515294971156, -0.16088485647534517, 1.5], "camera_params": {"forward": [0.5925638828545962, 0.7671845874778533, 0.2455521400287941]}, "task_type": "screen_occupancy", "task_description": "Position where display cabinet occupies 50% of vertical FOV", "target_object": {"label": "display cabinet", "id": "146", "bbox_min": [-2.2432897449, 0.306163, 1.3974980000000001], "bbox_max": [-1.4636130551, 0.606163, 1.997498], "center": [-1.8534514, 0.456163, 1.697498]}}
{"scene_id": "0228_840300", "object_label": "display cabinet", "preset": "occupancy_20", "distance": 1.8941254544025128, "init_camera": {"intrinsics": [[320.0, 0.0, 320.0], [0.0, 320.0, 240.0], [0.0, 0.0, 1.0]], "extrinsics": [[-0.1736481776669303, -0.09556365325633169, -0.9801601392472853, -0.868643646987792], [0.984807753012208, -0.016850450444159632, -0.17282867796426238, 0.6298111776669303], [0.0, -0.995280689301331, 0.09703787664550102, 1.6], [0.0, 0.0, 0.0, 1.0]]}, "target_region": {"type": "circle", "params": {"center": [-1.8534514, 0.45616300000000004], "radius": 1.8941254544025128, "object_center": [-1.8534514, 0.45616300000000004, 1.6974980000000002], "object_height": 0.5999999999999999, "occupancy_ratio": 0.2, "fov_vertical": 90.0, "sample_distance": 1.8941254544025128, "min_distance": 0.7796766898000003}, "sample_point": [-3.4696896320942514, 1.4438295500726315, 1.5], "sample_forward": [0.848688973923436, -0.518625097658722, 0.10370647819334372], "height": 1.5}, "sample_target": [-3.4696896320942514, 1.4438295500726315, 1.5], "camera_params": {"forward": [0.848688973923436, -0.518625097658722, 0.10370647819334372]}, "task_type": "screen_occupancy", "task_description": "Position where display cabinet occupies 20% of vertical FOV", "target_object": {"label": "display cabinet", "id": "146", "bbox_min": [-2.2432897449, 0.306163, 1.3974980000000001], "bbox_max": [-1.4636130551, 0.606163, 1.997498], "center": [-1.8534514, 0.456163, 1.697498]}}
{"scene_id": "0228_840300", "object_label": "display cabinet", "preset": "occupancy_50", "distance": 0.7796766898000003, "init_camera": {"intrinsics": [[320.0, 0.0, 320.0], [0.0, 320.0, 240.0], [0.0, 0.0, 1.0]], "extrinsics": [[-0.1736481776669303, -0.09556365325633169, -0.9801601392472853, -0.868643646987792], [0.984807753012208, -0.016850450444159632, -0.17282867796426238, 0.6298111776669303], [0.0, -0.995280689301331, 0.09703787664550102, 1.6], [0.0, 0.0, 0.0, 1.0]]}, "target_region": {"type": "circle", "params": {"center": [-1.8534514, 0.45616300000000004], "radius": 0.7796766898000003, "object_center": [-1.8534514, 0.45616300000000004, 1.6974980000000002], "object_height": 0.5999999999999999, "occupancy_ratio": 0.5, "fov_vertical": 90.0, "sample_distance": 0.7796766898000003, "min_distance": 0.7796766898000003}, "sample_point": [-2.079690165908807, 1.2022941958479862, 1.5], "sample_forward": [0.2812859529027174, -0.9276757834647241, 0.24555214002879405], "height": 1.5}, "sample_target": [-2.079690165908807, 1.2022941958479862, 1.5], "camera_params": {"forward": [0.2812859529027174, -0.9276757834647241, 0.24555214002879405]}, "task_type": "screen_occupancy", "task_description": "Position where display cabinet occupies 50% of vertical FOV", "target_object": {"label": "display cabinet", "id": "146", "bbox_min": [-2.2432897449, 0.306163, 1.3974980000000001], "bbox_max": [-1.4636130551, 0.606163, 1.997498], "center": [-1.8534514, 0.456163, 1.697498]}}
