{"scene_id": "0357_840336", "object_label": "wardrobe", "preset": "occupancy_20", "distance": 8.302583244419521, "init_camera": {"intrinsics": [[320.0, 0.0, 320.0], [0.0, 320.0, 240.0], [0.0, 0.0, 1.0]], "extrinsics": [[0.6427876096865395, 0.11421611979067929, -0.7574818590655661, -0.7906771960555743], [0.7660444431189779, -0.09583870399085907, 0.6356027485653972, 0.25743769673321637], [-0.0, -0.9888223403611559, -0.1490985553340015, 1.6], [0.0, 0.0, 0.0, 1.0]]}, "target_region": {"type": "circle", "params": {"center": [-2.238594175308895, 1.4723842999999999], "radius": 8.302583244419521, "object_center": [-2.238594175308895, 1.4723842999999999, 1.3149999999781445], "object_height": 2.630000000830517, "occupancy_ratio": 0.2, "fov_vertical": 90.0, "sample_distance": 8.302583244419521, "min_distance": 2.630000000830517}, "sample_point": [-5.62296930133807, 9.053867897346286, 1.5], "sample_forward": [0.40752801536824923, -0.9129209525891168, -0.022276692164585686], "height": 1.5}, "sample_target": [-5.62296930133807, 9.053867897346286, 1.5], "camera_params": {"forward": [0.40752801536824923, -0.9129209525891168, -0.022276692164585686]}, "task_type": "screen_occupancy", "task_description": "Position where wardrobe occupies 20% of vertical FOV", "target_object": {"label": "wardrobe", "id": "102", "bbox_min": [-3.269570657480478, 1.2973842355256997, -4.371140676084906e-10], "bbox_max": [-1.207617693137312, 1.6473843644743003, 2.630000000393403], "center": [-2.238594175308895, 1.4723842999999999, 1.3149999999781445]}}
{"scene_id": "0357_840336", "object_label": "wardrobe", "preset": "occupancy_50", "distance": 3.1746908355231427, "init_camera": {"intrinsics": [[320.0, 0.0, 320.0], [0.0, 320.0, 240.0], [0.0, 0.0, 1.0]], "extrinsics": [[0.6427876096865395, 0.11421611979067929, -0.7574818590655661, -0.7906771960555743], [0.7660444431189779, -0.09583870399085907, 0.6356027485653972, 0.25743769673321637], [-0.0, -0.9888223403611559, -0.1490985553340015, 1.6], [0.0, 0.0, 0.0, 1.0]]}, "target_region": {"type": "circle", "params": {"center": [-2.238594175308895, 1.4723842999999999], "radius": 3.1746908355231427, "object_center": [-2.238594175308895, 1.4723842999999999, 1.3149999999781445], "object_height": 2.630000000830517, "occupancy_ratio": 0.5, "fov_vertical": 90.0, "sample_distance": 3.1746908355231427, "min_distance": 2.630000000830517}, "sample_point": [-5.33544383749652, 2.1710860038500948, 1.5], "sample_forward": [0.9738286509096897, -0.21971222754416547, -0.05817470012810103], "height": 1.5}, "sample_target": [-5.33544383749652, 2.1710860038500948, 1.5], "camera_params": {"forward": [0.9738286509096897, -0.21971222754416547, -0.05817470012810103]}, "task_type": "screen_occupancy", "task_description": "Position where wardrobe occupies 50% of vertical FOV", "target_object": {"label": "wardrobe", "id": "102", "bbox_min": [-3.269570657480478, 1.2973842355256997, -4.371140676084906e-10], "bbox_max": [-1.207617693137312, 1.6473843644743003, 2.630000000393403], "center": [-2.238594175308895, 1.4723842999999999, 1.3149999999781445]}}
{"scene_id": "0357_840336", "object_label": "wardrobe", "preset": "occupancy_20", "distance": 8.302583244419521, "init_camera": {"intrinsics": [[320.0, 0.0, 320.0], [0.0, 320.0, 240.0], [0.0, 0.0, 1.0]], "extrinsics": [[0.17364817766693044, 0.1468334132558444, -0.9737999071393427, -0.3771879870713015], [0.984807753012208, -0.025890692426521353, 0.17170719744006396, 1.1441681669560122], [-0.0, -0.9888223403611559, -0.1490985553340015, 1.6], [0.0, 0.0, 0.0, 1.0]]}, "target_region": {"type": "circle", "params": {"center": [-2.238594175308895, 1.4723842999999999], "radius": 8.302583244419521, "object_center": [-2.238594175308895, 1.4723842999999999, 1.3149999999781445], "object_height": 2.630000000830517, "occupancy_ratio": 0.2, "fov_vertical": 90.0, "sample_distance": 8.302583244419521, "min_distance": 2.630000000830517}, "sample_point": [4.453946682105643, 6.3859151488247905, 1.5], "sample_forward": [-0.8058793106049901, -0.5916606170136987, -0.022276692164585686], "height": 1.5}, "sample_target": [4.453946682105643, 6.3859151488247905, 1.5], "camera_params": {"forward": [-0.8058793106049901, -0.5916606170136987, -0.022276692164585686]}, "task_type": "screen_occupancy", "task_description": "Position where wardrobe occupies 20% of vertical FOV", "target_object": {"label": "wardrobe", "id": "102", "bbox_min": [-3.269570657480478, 1.2973842355256997, -4.371140676084906e-10], "bbox_max": [-1.207617693137312, 1.6473843644743003, 2.630000000393403], "center": [-2.238594175308895, 1.4723842999999999, 1.3149999999781445]}}
{"scene_id": "0357_840336", "object_label": "wardrobe", "preset": "occupancy_30", "distance": 5.4773691993985745, "init_camera": {"intrinsics": [[320.0, 0.0, 320.0], [0.0, 320.0, 240.0], [0.0, 0.0, 1.0]], "extrinsics": [[0.17364817766693044, 0.1468334132558444, -0.9737999071393427, -0.3771879870713015], [0.984807753012208, -0.025890692426521353, 0.17170719744006396, 1.1441681669560122], [-0.0, -0.9888223403611559, -0.1490985553340015, 1.6], [0.0, 0.0, 0.0, 1.0]]}, "target_region": {"type": "circle", "params": {"center": [-2.238594175308895, 1.4723842999999999], "radius": 5.4773691993985745, "object_center": [-2.238594175308895, 1.4723842999999999, 1.3149999999781445], "object_height": 2.630000000830517, "occupancy_ratio": 0.3, "fov_vertical": 90.0, "sample_distance": 5.4773691993985745, "min_distance": 2.630000000830517}, "sample_point": [3.230749027112919, 1.17597532469312, 1.5], "sample_forward": [-0.9979656344290319, 0.05408436811235531, -0.03375609018454554], "height": 1.5}, "sample_target": [3.230749027112919, 1.17597532469312, 1.5], "camera_params": {"forward": [-0.9979656344290319, 0.05408436811235531, -0.03375609018454554]}, "task_type": "screen_occupancy", "task_description": "Position where wardrobe occupies 30% of vertical FOV", "target_object": {"label": "wardrobe", "id": "102", "bbox_min": [-3.269570657480478, 1.2973842355256997, -4.371140676084906e-10], "bbox_max": [-1.207617693137312, 1.6473843644743003, 2.630000000393403], "center": [-2.238594175308895, 1.4723842999999999, 1.3149999999781445]}}
{"scene_id": "0357_840336", "object_label": "wardrobe", "preset": "occupancy_50", "distance": 3.1746908355231427, "init_camera": {"intrinsics": [[320.0, 0.0, 320.0], [0.0, 320.0, 240.0], [0.0, 0.0, 1.0]], "extrinsics": [[0.17364817766693044, 0.1468334132558444, -0.9737999071393427, -0.3771879870713015], [0.984807753012208, -0.025890692426521353, 0.17170719744006396, 1.1441681669560122], [-0.0, -0.9888223403611559, -0.1490985553340015, 1.6], [0.0, 0.0, 0.0, 1.0]]}, "target_region": {"type": "circle", "params": {"center": [-2.238594175308895, 1.4723842999999999], "radius": 3.1746908355231427, "object_center": [-2.238594175308895, 1.4723842999999999, 1.3149999999781445], "object_height": 2.630000000830517, "occupancy_ratio": 0.5, "fov_vertical": 90.0, "sample_distance": 3.1746908355231427, "min_distance": 2.630000000830517}, "sample_point": [-3.356039058745557, 4.443912330094257, 1.5], "sample_forward": [0.3513893026806965, -0.9344202813651785, -0.05817470012810104], "height": 1.5}, "sample_target": [-3.356039058745557, 4.443912330094257, 1.5], "camera_params": {"forward": [0.3513893026806965, -0.9344202813651785, -0.05817470012810104]}, "task_type": "screen_occupancy", "task_description": "Position where wardrobe occupies 50% of vertical FOV", "target_object": {"label": "wardrobe", "id": "102", "bbox_min": [-3.269570657480478, 1.2973842355256997, -4.371140676084906e-10], "bbox_max": [-1.207617693137312, 1.6473843644743003, 2.630000000393403], "center": [-2.238594175308895, 1.4723842999999999, 1.3149999999781445]}}
{"scene_id": "0357_840336", "object_label": "wardrobe", "preset": "occupancy_20", "distance": 8.302583244419521, "init_camera": {"intrinsics": [[320.0, 0.0, 320.0], [0.0, 320.0, 240.0], [0.0, 0.0, 1.0]], "extrinsics": [[0.5000000000000004, 0.12912313658680508, -0.8563452665823434, -0.6017010448023046], [0.8660254037844384, -0.07454927766700081, 0.49441117018057845, 0.5273236104673695], [-0.0, -0.9888223403611559, -0.1490985553340015, 1.6], [0.0, 0.0, 0.0, 1.0]]}, "target_region": {"type": "circle", "params": {"center": [-2.238594175308895, 1.4723842999999999], "radius": 8.302583244419521, "object_center": [-2.238594175308895, 1.4723842999999999, 1.3149999999781445], "object_height": 2.630000000830517, "occupancy_ratio": 0.2, "fov_vertical": 90.0, "sample_distance": 8.302583244419521, "min_distance": 2.630000000830517}, "sample_point": [-7.28310967957472, -5.1219884417956525, 1.5], "sample_forward": [0.6074330756472095, 0.7940584409197953, -0.022276692164585686], "height": 1.5}, "sample_target": [-7.28310967957472, -5.1219884417956525, 1.5], "camera_params": {"forward": [0.6074330756472095, 0.7940584409197953, -0.022276692164585686]}, "task_type": "screen_occupancy", "task_description": "Position where wardrobe occupies 20% of vertical FOV", "target_object": {"label": "wardrobe", "id": "102", "bbox_min": [-3.269570657480478, 1.2973842355256997, -4.371140676084906e-10], "bbox_max": [-1.207617693137312, 1.6473843644743003, 2.630000000393403], "center": [-2.238594175308895, 1.4723842999999999, 1.3149999999781445]}}
{"scene_id": "0357_840336", "object_label": "wardrobe", "preset": "occupancy_30", "distance": 5.4773691993985745, "init_camera": {"intrinsics": [[320.0, 0.0, 320.0], [0.0, 320.0, 240.0], [0.0, 0.0, 1.0]], "extrinsics": [[0.5000000000000004, 0.12912313658680508, -0.8563452665823434, -0.6017010448023046], [0.8660254037844384, -0.07454927766700081, 0.49441117018057845, 0.5273236104673695], [-0.0, -0.9888223403611559, -0.1490985553340015, 1.6], [0.0, 0.0, 0.0, 1.0]]}, "target_region": {"type": "circle", "params": {"center": [-2.238594175308895, 1.4723842999999999], "radius": 5.4773691993985745, "object_center": [-2.238594175308895, 1.4723842999999999, 1.3149999999781445], "object_height": 2.630000000830517, "occupancy_ratio": 0.3, "fov_vertical": 90.0, "sample_distance": 5.4773691993985745, "min_distance": 2.630000000830517}, "sample_point": [-6.39125369832418, -2.0993088884514735, 1.5], "sample_forward": [0.7577164829624626, 0.6517102560359542, -0.03375609018454554], "height": 1.5}, "sample_target": [-6.39125369832418, -2.0993088884514735, 1.5], "camera_params": {"forward": [0.7577164829624626, 0.6517102560359542, -0.03375609018454554]}, "task_type": "screen_occupancy", "task_description": "Position where wardrobe occupies 30% of vertical FOV", "target_object": {"label": "wardrobe", "id": "102", "bbox_min": [-3.269570657480478, 1.2973842355256997, -4.371140676084906e-10], "bbox_max": [-1.207617693137312, 1.6473843644743003, 2.630000000393403], "center": [-2.238594175308895, 1.4723842999999999, 1.3149999999781445]}}
{"scene_id": "0357_840336", "object_label": "wardrobe", "preset": "occupancy_50", "distance": 3.1746908355231427, "init_camera": {"intrinsics": [[320.0, 0.0, 320.0], [0.0, 320.0, 240.0], [0.0, 0.0, 1.0]], "extrinsics": [[0.5000000000000004, 0.12912313658680508, -0.8563452665823434, -0.6017010448023046], [0.8660254037844384, -0.07454927766700081, 0.49441117018057845, 0.5273236104673695], [-0.0, -0.9888223403611559, -0.1490985553340015, 1.6], [0.0, 0.0, 0.0, 1.0]]}, "target_region": {"type": "circle", "params": {"center": [-2.238594175308895, 1.4723842999999999], "radius": 3.1746908355231427, "object_center": [-2.238594175308895, 1.4723842999999999, 1.3149999999781445], "object_height": 2.630000000830517, "occupancy_ratio": 0.5, "fov_vertical": 90.0, "sample_distance": 3.1746908355231427, "min_distance": 2.630000000830517}, "sample_point": [-0.35911608229664327, 4.03094326923281, 1.5], "sample_forward": [-0.5910166186238162, -0.8045589231221515, -0.05817470012810104], "height": 1.5}, "sample_target": [-0.35911608229664327, 4.03094326923281, 1.5], "camera_params": {"forward": [-0.5910166186238162, -0.8045589231221515, -0.05817470012810104]}, "task_type": "screen_occupancy", "task_description": "Position where wardrobe occupies 50% of vertical FOV", "target_object": {"label": "wardrobe", "id": "102", "bbox_min": [-3.269570657480478, 1.2973842355256997, -4.371140676084906e-10], "bbox_max": [-1.207617693137312, 1.6473843644743003, 2.630000000393403], "center": [-2.238594175308895, 1.4723842999999999, 1.3149999999781445]}}
{"scene_id": "0357_840336", "object_label": "wardrobe", "preset": "occupancy_20", "distance": 8.302583244419521, "init_camera": {"intrinsics": [[320.0, 0.0, 320.0], [0.0, 320.0, 240.0], [0.0, 0.0, 1.0]], "extrinsics": [[-0.49999999999999994, 0.1291231365868051, -0.8563452665823437, -0.6017010448023039], [0.8660254037844386, 0.07454927766700073, -0.4944111701805779, 2.4174449895326293], [0.0, -0.988822340361156, -0.14909855533400146, 1.6], [0.0, 0.0, 0.0, 1.0]]}, "target_region": {"type": "circle", "params": {"center": [-2.238594175308895, 1.4723842999999999], "radius": 8.302583244419521, "object_center": [-2.238594175308895, 1.4723842999999999, 1.3149999999781445], "object_height": 2.630000000830517, "occupancy_ratio": 0.2, "fov_vertical": 90.0, "sample_distance": 8.302583244419521, "min_distance": 2.630000000830517}, "sample_point": [3.114436957722742, -4.874106558680079, 1.5], "sample_forward": [-0.6445828469400078, 0.7642098549593029, -0.022276692164585686], "height": 1.5}, "sample_target": [3.114436957722742, -4.874106558680079, 1.5], "camera_params": {"forward": [-0.6445828469400078, 0.7642098549593029, -0.022276692164585686]}, "task_type": "screen_occupancy", "task_description": "Position where wardrobe occupies 20% of vertical FOV", "target_object": {"label": "wardrobe", "id": "102", "bbox_min": [-3.269570657480478, 1.2973842355256997, -4.371140676084906e-10], "bbox_max": [-1.207617693137312, 1.6473843644743003, 2.630000000393403], "center": [-2.238594175308895, 1.4723842999999999, 1.3149999999781445]}}
{"scene_id": "0357_840336", "object_label": "wardrobe", "preset": "occupancy_30", "distance": 5.4773691993985745, "init_camera": {"intrinsics": [[320.0, 0.0, 320.0], [0.0, 320.0, 240.0], [0.0, 0.0, 1.0]], "extrinsics": [[-0.49999999999999994, 0.1291231365868051, -0.8563452665823437, -0.6017010448023039], [0.8660254037844386, 0.07454927766700073, -0.4944111701805779, 2.4174449895326293], [0.0, -0.988822340361156, -0.14909855533400146, 1.6], [0.0, 0.0, 0.0, 1.0]]}, "target_region": {"type": "circle", "params": {"center": [-2.238594175308895, 1.4723842999999999], "radius": 5.4773691993985745, "object_center": [-2.238594175308895, 1.4723842999999999, 1.3149999999781445], "object_height": 2.630000000830517, "occupancy_ratio": 0.3, "fov_vertical": 90.0, "sample_distance": 5.4773691993985745, "min_distance": 2.630000000830517}, "sample_point": [2.164410496018038, 4.730470120047315, 1.5], "sample_forward": [-0.8033957986525876, -0.59448777706764, -0.03375609018454555], "height": 1.5}, "sample_target": [2.164410496018038, 4.730470120047315, 1.5], "camera_params": {"forward": [-0.8033957986525876, -0.59448777706764, -0.03375609018454555]}, "task_type": "screen_occupancy", "task_description": "Position where wardrobe occupies 30% of vertical FOV", "target_object": {"label": "wardrobe", "id": "102", "bbox_min": [-3.269570657480478, 1.2973842355256997, -4.371140676084906e-10], "bbox_max": [-1.207617693137312, 1.6473843644743003, 2.630000000393403], "center": [-2.238594175308895, 1.4723842999999999, 1.3149999999781445]}}
{"scene_id": "0357_840336", "object_label": "wardrobe", "preset": "occupancy_50", "distance": 3.1746908355231427, "init_camera": {"intrinsics": [[320.0, 0.0, 320.0], [0.0, 320.0, 240.0], [0.0, 0.0, 1.0]], "extrinsics": [[-0.49999999999999994, 0.1291231365868051, -0.8563452665823437, -0.6017010448023039], [0.8660254037844386, 0.07454927766700073, -0.4944111701805779, 2.4174449895326293], [0.0, -0.988822340361156, -0.14909855533400146, 1.6], [0.0, 0.0, 0.0, 1.0]]}, "target_region": {"type": "circle", "params": {"center": [-2.238594175308895, 1.4723842999999999], "radius": 3.1746908355231427, "object_center": [-2.238594175308895, 1.4723842999999999, 1.3149999999781445], "object_height": 2.630000000830517, "occupancy_ratio": 0.5, "fov_vertical": 90.0, "sample_distance": 3.1746908355231427, "min_distance": 2.630000000830517}, "sample_point": [0.7004220520132627, 0.27203205307759704, 1.5], "sample_forward": [-0.9241966901399493, 0.37746017299758655, -0.05817470012810104], "height": 1.5}, "sample_target": [0.7004220520132627, 0.27203205307759704, 1.5], "camera_params": {"forward": [-0.9241966901399493, 0.37746017299758655, -0.05817470012810104]}, "task_type": "screen_occupancy", "task_description": "Position where wardrobe occupies 50% of vertical FOV", "target_object": {"label": "wardrobe", "id": "102", "bbox_min": [-3.269570657480478, 1.2973842355256997, -4.371140676084906e-10], "bbox_max": [-1.207617693137312, 1.6473843644743003, 2.630000000393403], "center": [-2.238594175308895, 1.4723842999999999, 1.3149999999781445]}}
{"scene_id": "0357_840336", "object_label": "wardrobe", "preset": "occupancy_20", "distance": 8.302583244419521, "init_camera": {"intrinsics": [[320.0, 0.0, 320.0], [0.0, 320.0, 240.0], [0.0, 0.0, 1.0]], "extrinsics": [[-0.34202014332566866, 0.11253666624910315, -0.9329296438151309, -0.018427784937259162], [0.9396926207859084, 0.04095999677822349, -0.33955862101327783, 2.280458781213513], [0.0, -0.9928029902319322, -0.11975901881083573, 1.6], [0.0, 0.0, 0.0, 1.0]]}, "target_region": {"type": "circle", "params": {"center": [-2.238594175308895, 1.4723842999999999], "radius": 8.302583244419521, "object_center": [-2.238594175308895, 1.4723842999999999, 1.3149999999781445], "object_height": 2.630000000830517, "occupancy_ratio": 0.2, "fov_vertical": 90.0, "sample_distance": 8.302583244419521, "min_distance": 2.630000000830517}, "sample_point": [-5.050089418787572, -6.339682201663472, 1.5], "sample_forward": [0.3385449408312016, 0.9406864897636208, -0.022276692164585686], "height": 1.5}, "sample_target": [-5.050089418787572, -6.339682201663472, 1.5], "camera_params": {"forward": [0.3385449408312016, 0.9406864897636208, -0.022276692164585686]}, "task_type": "screen_occupancy", "task_description": "Position where wardrobe occupies 20% of vertical FOV", "target_object": {"label": "wardrobe", "id": "102", "bbox_min": [-3.269570657480478, 1.2973842355256997, -4.371140676084906e-10], "bbox_max": [-1.207617693137312, 1.6473843644743003, 2.630000000393403], "center": [-2.238594175308895, 1.4723842999999999, 1.3149999999781445]}}
{"scene_id": "0357_840336", "object_label": "wardrobe", "preset": "occupancy_30", "distance": 5.4773691993985745, "init_camera": {"intrinsics": [[320.0, 0.0, 320.0], [0.0, 320.0, 240.0], [0.0, 0.0, 1.0]], "extrinsics": [[-0.34202014332566866, 0.11253666624910315, -0.9329296438151309, -0.018427784937259162], [0.9396926207859084, 0.04095999677822349, -0.33955862101327783, 2.280458781213513], [0.0, -0.9928029902319322, -0.11975901881083573, 1.6], [0.0, 0.0, 0.0, 1.0]]}, "target_region": {"type": "circle", "params": {"center": [-2.238594175308895, 1.4723842999999999], "radius": 5.4773691993985745, "object_center": [-2.238594175308895, 1.4723842999999999, 1.3149999999781445], "object_height": 2.630000000830517, "occupancy_ratio": 0.3, "fov_vertical": 90.0, "sample_distance": 5.4773691993985745, "min_distance": 2.630000000830517}, "sample_point": [-5.800186403890686, 5.6337103078760915, 1.5], "sample_forward": [0.6498671808344884, -0.7592978161760293, -0.03375609018454554], "height": 1.5}, "sample_target": [-5.800186403890686, 5.6337103078760915, 1.5], "camera_params": {"forward": [0.6498671808344884, -0.7592978161760293, -0.03375609018454554]}, "task_type": "screen_occupancy", "task_description": "Position where wardrobe occupies 30% of vertical FOV", "target_object": {"label": "wardrobe", "id": "102", "bbox_min": [-3.269570657480478, 1.2973842355256997, -4.371140676084906e-10], "bbox_max": [-1.207617693137312, 1.6473843644743003, 2.630000000393403], "center": [-2.238594175308895, 1.4723842999999999, 1.3149999999781445]}}
{"scene_id": "0357_840336", "object_label": "wardrobe", "preset": "occupancy_50", "distance": 3.1746908355231427, "init_camera": {"intrinsics": [[320.0, 0.0, 320.0], [0.0, 320.0, 240.0], [0.0, 0.0, 1.0]], "extrinsics": [[-0.34202014332566866, 0.11253666624910315, -0.9329296438151309, -0.018427784937259162], [0.9396926207859084, 0.04095999677822349, -0.33955862101327783, 2.280458781213513], [0.0, -0.9928029902319322, -0.11975901881083573, 1.6], [0.0, 0.0, 0.0, 1.0]]}, "target_region": {"type": "circle", "params": {"center": [-2.238594175308895, 1.4723842999999999], "radius": 3.1746908355231427, "object_center": [-2.238594175308895, 1.4723842999999999, 1.3149999999781445], "object_height": 2.630000000830517, "occupancy_ratio": 0.5, "fov_vertical": 90.0, "sample_distance": 3.1746908355231427, "min_distance": 2.630000000830517}, "sample_point": [-3.6443122692381653, 4.3188941878371185, 1.5], "sample_forward": [0.44203907334767634, -0.8951073465785727, -0.05817470012810105], "height": 1.5}, "sample_target": [-3.6443122692381653, 4.3188941878371185, 1.5], "camera_params": {"forward": [0.44203907334767634, -0.8951073465785727, -0.05817470012810105]}, "task_type": "screen_occupancy", "task_description": "Position where wardrobe occupies 50% of vertical FOV", "target_object": {"label": "wardrobe", "id": "102", "bbox_min": [-3.269570657480478, 1.2973842355256997, -4.371140676084906e-10], "bbox_max": [-1.207617693137312, 1.6473843644743003, 2.630000000393403], "center": [-2.238594175308895, 1.4723842999999999, 1.3149999999781445]}}
{"scene_id": "0357_840336", "object_label": "shower head", "preset": "front", "distance": 1.5, "init_camera": {"intrinsics": [[320.0, 0.0, 320.0], [0.0, 320.0, 240.0], [0.0, 0.0, 1.0]], "extrinsics": [[0.0, 0.40905623191805995, -0.9125091775587786, 2.879538460204043], [1.0, -0.0, 0.0, -2.5285356], [-0.0, -0.9125091775587786, -0.40905623191805995, 1.6], [0.0, 0.0, 0.0, 1.0]]}, "target_region": {"type": "circle", "params": {"center": [2.0789223999999997, -2.5285355999999997], "radius": 1.5, "object_center": [2.0789223999999997, -2.5285355999999997, 1.2411028], "sample_distance": 1.5, "min_distance": 1.3048699951171874, "requested_distance": 1.5}, "sample_point": [3.2021407796510353, -3.522708860359632, 1.5], "sample_forward": [-0.7379018222406575, 0.6531252281236939, -0.17008332405703422], "height": 1.5}, "sample_target": [3.2021407796510353, -3.522708860359632, 1.5], "camera_params": {"forward": [-0.7379018222406575, 0.6531252281236939, -0.17008332405703422]}, "task_type": "absolute_positioning", "task_description": "Move to any position 1.5m from shower head", "target_object": {"label": "shower head", "id": "170", "bbox_min": [1.822382386106203, -2.650903607429541, 0.5886678024414062], "bbox_max": [2.335462413893797, -2.4061675925704593, 1.8935377975585936], "center": [2.0789224, -2.5285356, 1.2411028]}}
{"scene_id": "0357_840336", "object_label": "shower head", "preset": "occupancy_20", "distance": 4.119312454062579, "init_camera": {"intrinsics": [[320.0, 0.0, 320.0], [0.0, 320.0, 240.0], [0.0, 0.0, 1.0]], "extrinsics": [[0.0, 0.40905623191805995, -0.9125091775587786, 2.879538460204043], [1.0, -0.0, 0.0, -2.5285356], [-0.0, -0.9125091775587786, -0.40905623191805995, 1.6], [0.0, 0.0, 0.0, 1.0]]}, "target_region": {"type": "circle", "params": {"center": [2.0789223999999997, -2.5285355999999997], "radius": 4.119312454062579, "object_center": [2.0789223999999997, -2.5285355999999997, 1.2411028], "object_height": 1.3048699951171874, "occupancy_ratio": 0.2, "fov_vertical": 90.0, "sample_distance": 4.119312454062579, "min_distance": 1.3048699951171874}, "sample_point": [-1.3506042547727963, -4.810438757103295, 1.5], "sample_forward": [0.8309088595953683, 0.5528615872797122, -0.06272585078324332], "height": 1.5}, "sample_target": [-1.3506042547727963, -4.810438757103295, 1.5], "camera_params": {"forward": [0.8309088595953683, 0.5528615872797122, -0.06272585078324332]}, "task_type": "screen_occupancy", "task_description": "Position where shower head occupies 20% of vertical FOV", "target_object": {"label": "shower head", "id": "170", "bbox_min": [1.822382386106203, -2.650903607429541, 0.5886678024414062], "bbox_max": [2.335462413893797, -2.4061675925704593, 1.8935377975585936], "center": [2.0789224, -2.5285356, 1.2411028]}}
{"scene_id": "0357_840336", "object_label": "shower head", "preset": "occupancy_30", "distance": 2.7175873453297523, "init_camera": {"intrinsics": [[320.0, 0.0, 320.0], [0.0, 320.0, 240.0], [0.0, 0.0, 1.0]], "extrinsics": [[0.0, 0.40905623191805995, -0.9125091775587786, 2.879538460204043], [1.0, -0.0, 0.0, -2.5285356], [-0.0, -0.9125091775587786, -0.40905623191805995, 1.6], [0.0, 0.0, 0.0, 1.0]]}, "target_region": {"type": "circle", "params": {"center": [2.0789223999999997, -2.5285355999999997], "radius": 2.7175873453297523, "object_center": [2.0789223999999997, -2.5285355999999997, 1.2411028], "object_height": 1.3048699951171874, "occupancy_ratio": 0.3, "fov_vertical": 90.0, "sample_distance": 2.7175873453297523, "min_distance": 1.3048699951171874}, "sample_point": [4.054880500337212, -4.394244731994632, 1.5], "sample_forward": [-0.7238228880095862, 0.6834370485263574, -0.09483790115266863], "height": 1.5}, "sample_target": [4.054880500337212, -4.394244731994632, 1.5], "camera_params": {"forward": [-0.7238228880095862, 0.6834370485263574, -0.09483790115266863]}, "task_type": "screen_occupancy", "task_description": "Position where shower head occupies 30% of vertical FOV", "target_object": {"label": "shower head", "id": "170", "bbox_min": [1.822382386106203, -2.650903607429541, 0.5886678024414062], "bbox_max": [2.335462413893797, -2.4061675925704593, 1.8935377975585936], "center": [2.0789224, -2.5285356, 1.2411028]}}
{"scene_id": "0357_840336", "object_label": "shower head", "preset": "occupancy_50", "distance": 1.5751174196728142, "init_camera": {"intrinsics": [[320.0, 0.0, 320.0], [0.0, 320.0, 240.0], [0.0, 0.0, 1.0]], "extrinsics": [[0.0, 0.40905623191805995, -0.9125091775587786, 2.879538460204043], [1.0, -0.0, 0.0, -2.5285356], [-0.0, -0.9125091775587786, -0.40905623191805995, 1.6], [0.0, 0.0, 0.0, 1.0]]}, "target_region": {"type": "circle", "params": {"center": [2.0789223999999997, -2.5285355999999997], "radius": 1.5751174196728142, "object_center": [2.0789223999999997, -2.5285355999999997, 1.2411028], "object_height": 1.3048699951171874, "occupancy_ratio": 0.5, "fov_vertical": 90.0, "sample_distance": 1.5751174196728142, "min_distance": 1.3048699951171874}, "sample_point": [0.9120036199416477, -1.47056799817853, 1.5], "sample_forward": [0.7310363756177218, -0.6627820327974031, -0.16219061170316612], "height": 1.5}, "sample_target": [0.9120036199416477, -1.47056799817853, 1.5], "camera_params": {"forward": [0.7310363756177218, -0.6627820327974031, -0.16219061170316612]}, "task_type": "screen_occupancy", "task_description": "Position where shower head occupies 50% of vertical FOV", "target_object": {"label": "shower head", "id": "170", "bbox_min": [1.822382386106203, -2.650903607429541, 0.5886678024414062], "bbox_max": [2.335462413893797, -2.4061675925704593, 1.8935377975585936], "center": [2.0789224, -2.5285356, 1.2411028]}}
{"scene_id": "0357_840336", "object_label": "shower head", "preset": "front", "distance": 1.5, "init_camera": {"intrinsics": [[320.0, 0.0, 320.0], [0.0, 320.0, 240.0], [0.0, 0.0, 1.0]], "extrinsics": [[0.17364817766693055, 0.40284174861086536, -0.8986461127546785, 2.86737530327503], [0.984807753012208, -0.07103186923587244, 0.15845555578743145, -2.6675611198653097], [-0.0, -0.9125091775587785, -0.40905623191806006, 1.6], [0.0, 0.0, 0.0, 1.0]]}, "target_region": {"type": "circle", "params": {"center": [2.0789223999999997, -2.5285355999999997], "radius": 1.5, "object_center": [2.0789223999999997, -2.5285355999999997, 1.2411028], "sample_distance": 1.5, "min_distance": 1.3048699951171874, "requested_distance": 1.5}, "sample_point": [3.379171220821922, -1.7806365399984507, 1.5], "sample_forward": [-0.854202523421001, -0.49133462310212195, -0.17008332405703422], "height": 1.5}, "sample_target": [3.379171220821922, -1.7806365399984507, 1.5], "camera_params": {"forward": [-0.854202523421001, -0.49133462310212195, -0.17008332405703422]}, "task_type": "absolute_positioning", "task_description": "Move to any position 1.5m from shower head", "target_object": {"label": "shower head", "id": "170", "bbox_min": [1.822382386106203, -2.650903607429541, 0.5886678024414062], "bbox_max": [2.335462413893797, -2.4061675925704593, 1.8935377975585936], "center": [2.0789224, -2.5285356, 1.2411028]}}
{"scene_id": "0357_840336", "object_label": "shower head", "preset": "occupancy_20", "distance": 4.119312454062579, "init_camera": {"intrinsics": [[320.0, 0.0, 320.0], [0.0, 320.0, 240.0], [0.0, 0.0, 1.0]], "extrinsics": [[0.17364817766693055, 0.40284174861086536, -0.8986461127546785, 2.86737530327503], [0.984807753012208, -0.07103186923587244, 0.15845555578743145, -2.6675611198653097], [-0.0, -0.9125091775587785, -0.40905623191806006, 1.6], [0.0, 0.0, 0.0, 1.0]]}, "target_region": {"type": "circle", "params": {"center": [2.0789223999999997, -2.5285355999999997], "radius": 4.119312454062579, "object_center": [2.0789223999999997, -2.5285355999999997, 1.2411028], "object_height": 1.3048699951171874, "occupancy_ratio": 0.2, "fov_vertical": 90.0, "sample_distance": 4.119312454062579, "min_distance": 1.3048699951171874}, "sample_point": [0.09367028226347651, -6.137899688481199, 1.5], "sample_forward": [0.480988701709632, 0.8744800377774218, -0.06272585078324332], "height": 1.5}, "sample_target": [0.09367028226347651, -6.137899688481199, 1.5], "camera_params": {"forward": [0.480988701709632, 0.8744800377774218, -0.06272585078324332]}, "task_type": "screen_occupancy", "task_description": "Position where shower head occupies 20% of vertical FOV", "target_object": {"label": "shower head", "id": "170", "bbox_min": [1.822382386106203, -2.650903607429541, 0.5886678024414062], "bbox_max": [2.335462413893797, -2.4061675925704593, 1.8935377975585936], "center": [2.0789224, -2.5285356, 1.2411028]}}
{"scene_id": "0357_840336", "object_label": "shower head", "preset": "occupancy_30", "distance": 2.7175873453297523, "init_camera": {"intrinsics": [[320.0, 0.0, 320.0], [0.0, 320.0, 240.0], [0.0, 0.0, 1.0]], "extrinsics": [[0.17364817766693055, 0.40284174861086536, -0.8986461127546785, 2.86737530327503], [0.984807753012208, -0.07103186923587244, 0.15845555578743145, -2.6675611198653097], [-0.0, -0.9125091775587785, -0.40905623191806006, 1.6], [0.0, 0.0, 0.0, 1.0]]}, "target_region": {"type": "circle", "params": {"center": [2.0789223999999997, -2.5285355999999997], "radius": 2.7175873453297523, "object_center": [2.0789223999999997, -2.5285355999999997, 1.2411028], "object_height": 1.3048699951171874, "occupancy_ratio": 0.3, "fov_vertical": 90.0, "sample_distance": 2.7175873453297523, "min_distance": 1.3048699951171874}, "sample_point": [4.79590152059928, -2.586028536296344, 1.5], "sample_forward": [-0.995269926724812, 0.021060519037862813, -0.09483790115266862], "height": 1.5}, "sample_target": [4.79590152059928, -2.586028536296344, 1.5], "camera_params": {"forward": [-0.995269926724812, 0.021060519037862813, -0.09483790115266862]}, "task_type": "screen_occupancy", "task_description": "Position where shower head occupies 30% of vertical FOV", "target_object": {"label": "shower head", "id": "170", "bbox_min": [1.822382386106203, -2.650903607429541, 0.5886678024414062], "bbox_max": [2.335462413893797, -2.4061675925704593, 1.8935377975585936], "center": [2.0789224, -2.5285356, 1.2411028]}}
{"scene_id": "0357_840336", "object_label": "shower head", "preset": "occupancy_50", "distance": 1.5751174196728142, "init_camera": {"intrinsics": [[320.0, 0.0, 320.0], [0.0, 320.0, 240.0], [0.0, 0.0, 1.0]], "extrinsics": [[0.17364817766693055, 0.40284174861086536, -0.8986461127546785, 2.86737530327503], [0.984807753012208, -0.07103186923587244, 0.15845555578743145, -2.6675611198653097], [-0.0, -0.9125091775587785, -0.40905623191806006, 1.6], [0.0, 0.0, 0.0, 1.0]]}, "target_region": {"type": "circle", "params": {"center": [2.0789223999999997, -2.5285355999999997], "radius": 1.5751174196728142, "object_center": [2.0789223999999997, -2.5285355999999997, 1.2411028], "object_height": 1.3048699951171874, "occupancy_ratio": 0.5, "fov_vertical": 90.0, "sample_distance": 1.5751174196728142, "min_distance": 1.3048699951171874}, "sample_point": [0.8807293179988254, -1.5061226579842644, 1.5], "sample_forward": [0.7506287009217262, -0.6405082035602, -0.16219061170316612], "height": 1.5}, "sample_target": [0.8807293179988254, -1.5061226579842644, 1.5], "camera_params": {"forward": [0.7506287009217262, -0.6405082035602, -0.16219061170316612]}, "task_type": "screen_occupancy", "task_description": "Position where shower head occupies 50% of vertical FOV", "target_object": {"label": "shower head", "id": "170", "bbox_min": [1.822382386106203, -2.650903607429541, 0.5886678024414062], "bbox_max": [2.335462413893797, -2.4061675925704593, 1.8935377975585936], "center": [2.0789224, -2.5285356, 1.2411028]}}
{"scene_id": "0357_840336", "object_label": "shower head", "preset": "occupancy_20", "distance": 4.119312454062579, "init_camera": {"intrinsics": [[320.0, 0.0, 320.0], [0.0, 320.0, 240.0], [0.0, 0.0, 1.0]], "extrinsics": [[0.0, 0.33757011823130084, -0.9413003852529255, 3.0796924752550536], [1.0, -0.0, 0.0, -2.5285356], [-0.0, -0.9413003852529255, -0.33757011823130084, 1.6], [0.0, 0.0, 0.0, 1.0]]}, "target_region": {"type": "circle", "params": {"center": [2.0789223999999997, -2.5285355999999997], "radius": 4.119312454062579, "object_center": [2.0789223999999997, -2.5285355999999997, 1.2411028], "object_height": 1.3048699951171874, "occupancy_ratio": 0.2, "fov_vertical": 90.0, "sample_distance": 4.119312454062579, "min_distance": 1.3048699951171874}, "sample_point": [6.103113160523542, -1.6484084403736037, 1.5], "sample_forward": [-0.9749846238889648, -0.2132380144899407, -0.06272585078324332], "height": 1.5}, "sample_target": [6.103113160523542, -1.6484084403736037, 1.5], "camera_params": {"forward": [-0.9749846238889648, -0.2132380144899407, -0.06272585078324332]}, "task_type": "screen_occupancy", "task_description": "Position where shower head occupies 20% of vertical FOV", "target_object": {"label": "shower head", "id": "170", "bbox_min": [1.822382386106203, -2.650903607429541, 0.5886678024414062], "bbox_max": [2.335462413893797, -2.4061675925704593, 1.8935377975585936], "center": [2.0789224, -2.5285356, 1.2411028]}}
{"scene_id": "0357_840336", "object_label": "shower head", "preset": "occupancy_30", "distance": 2.7175873453297523, "init_camera": {"intrinsics": [[320.0, 0.0, 320.0], [0.0, 320.0, 240.0], [0.0, 0.0, 1.0]], "extrinsics": [[0.0, 0.33757011823130084, -0.9413003852529255, 3.0796924752550536], [1.0, -0.0, 0.0, -2.5285356], [-0.0, -0.9413003852529255, -0.33757011823130084, 1.6], [0.0, 0.0, 0.0, 1.0]]}, "target_region": {"type": "circle", "params": {"center": [2.0789223999999997, -2.5285355999999997], "radius": 2.7175873453297523, "object_center": [2.0789223999999997, -2.5285355999999997, 1.2411028], "object_height": 1.3048699951171874, "occupancy_ratio": 0.3, "fov_vertical": 90.0, "sample_distance": 2.7175873453297523, "min_distance": 1.3048699951171874}, "sample_point": [4.516297974421478, -3.730401353197908, 1.5], "sample_forward": [-0.8928469825046895, 0.4402613295955339, -0.09483790115266864], "height": 1.5}, "sample_target": [4.516297974421478, -3.730401353197908, 1.5], "camera_params": {"forward": [-0.8928469825046895, 0.4402613295955339, -0.09483790115266864]}, "task_type": "screen_occupancy", "task_description": "Position where shower head occupies 30% of vertical FOV", "target_object": {"label": "shower head", "id": "170", "bbox_min": [1.822382386106203, -2.650903607429541, 0.5886678024414062], "bbox_max": [2.335462413893797, -2.4061675925704593, 1.8935377975585936], "center": [2.0789224, -2.5285356, 1.2411028]}}
{"scene_id": "0357_840336", "object_label": "shower head", "preset": "occupancy_30", "distance": 2.7175873453297523, "init_camera": {"intrinsics": [[320.0, 0.0, 320.0], [0.0, 320.0, 240.0], [0.0, 0.0, 1.0]], "extrinsics": [[0.17364817766693022, 0.3324416696194327, -0.9269999173104592, 3.0644885290937878], [0.9848077530122081, -0.05861843586567555, 0.16345509653634982, -2.702317499831637], [-0.0, -0.9413003852529254, -0.33757011823130073, 1.6], [0.0, 0.0, 0.0, 1.0]]}, "target_region": {"type": "circle", "params": {"center": [2.0789223999999997, -2.5285355999999997], "radius": 2.7175873453297523, "object_center": [2.0789223999999997, -2.5285355999999997, 1.2411028], "object_height": 1.3048699951171874, "occupancy_ratio": 0.3, "fov_vertical": 90.0, "sample_distance": 2.7175873453297523, "min_distance": 1.3048699951171874}, "sample_point": [2.6338680551411433, -5.188858193095878, 1.5], "sample_forward": [-0.20328486050594097, 0.9745157966877893, -0.09483790115266863], "height": 1.5}, "sample_target": [2.6338680551411433, -5.188858193095878, 1.5], "camera_params": {"forward": [-0.20328486050594097, 0.9745157966877893, -0.09483790115266863]}, "task_type": "screen_occupancy", "task_description": "Position where shower head occupies 30% of vertical FOV", "target_object": {"label": "shower head", "id": "170", "bbox_min": [1.822382386106203, -2.650903607429541, 0.5886678024414062], "bbox_max": [2.335462413893797, -2.4061675925704593, 1.8935377975585936], "center": [2.0789224, -2.5285356, 1.2411028]}}
{"scene_id": "0357_840336", "object_label": "shower head", "preset": "occupancy_50", "distance": 1.5751174196728142, "init_camera": {"intrinsics": [[320.0, 0.0, 320.0], [0.0, 320.0, 240.0], [0.0, 0.0, 1.0]], "extrinsics": [[0.17364817766693022, 0.3324416696194327, -0.9269999173104592, 3.0644885290937878], [0.9848077530122081, -0.05861843586567555, 0.16345509653634982, -2.702317499831637], [-0.0, -0.9413003852529254, -0.33757011823130073, 1.6], [0.0, 0.0, 0.0, 1.0]]}, "target_region": {"type": "circle", "params": {"center": [2.0789223999999997, -2.5285355999999997], "radius": 1.5751174196728142, "object_center": [2.0789223999999997, -2.5285355999999997, 1.2411028], "object_height": 1.3048699951171874, "occupancy_ratio": 0.5, "fov_vertical": 90.0, "sample_distance": 1.5751174196728142, "min_distance": 1.3048699951171874}, "sample_point": [2.2220876841073545, -0.959937950128241, 1.5], "sample_forward": [-0.08968835894721701, -0.9826750244840398, -0.16219061170316615], "height": 1.5}, "sample_target": [2.2220876841073545, -0.959937950128241, 1.5], "camera_params": {"forward": [-0.08968835894721701, -0.9826750244840398, -0.16219061170316615]}, "task_type": "screen_occupancy", "task_description": "Position where shower head occupies 50% of vertical FOV", "target_object": {"label": "shower head", "id": "170", "bbox_min": [1.822382386106203, -2.650903607429541, 0.5886678024414062], "bbox_max": [2.335462413893797, -2.4061675925704593, 1.8935377975585936], "center": [2.0789224, -2.5285356, 1.2411028]}}
