{"scene_id": "0299_840574", "object_label": "wardrobe", "preset": "occupancy_20", "distance": 2.9990321789416168, "init_camera": {"intrinsics": [[320.0, 0.0, 320.0], [0.0, 320.0, 240.0], [0.0, 0.0, 1.0]], "extrinsics": [[-0.8660254037844387, -0.2421759112623043, 0.4374366559906386, -2.539331442827857], [-0.49999999999999967, 0.4194609826756033, -0.7576625132688153, -0.7959574360026231], [0.0, -0.8748733119812776, -0.4843518225246089, 1.05000006556708], [0.0, 0.0, 0.0, 1.0]]}, "target_region": {"type": "circle", "params": {"center": [-2.02002692076291, -1.6954192528193845], "radius": 2.9990321789416168, "object_center": [-2.02002692076291, -1.6954192528193845, 0.4750000323901375], "object_height": 0.950000066353885, "occupancy_ratio": 0.2, "fov_vertical": 90.0, "sample_distance": 2.9990321789416168, "min_distance": 1.53600004152582}, "sample_point": [-3.9948695734782063, 0.5616120955104773, 1.5], "sample_forward": [0.6231052953109237, -0.7121418928710167, -0.3234095165167098], "height": 1.5}, "sample_target": [-3.9948695734782063, 0.5616120955104773, 1.5], "camera_params": {"forward": [0.6231052953109237, -0.7121418928710167, -0.3234095165167098]}, "task_type": "screen_occupancy", "task_description": "Position where wardrobe occupies 20% of vertical FOV", "target_object": {"label": "wardrobe", "id": "71", "bbox_min": [-2.78802694152582, -1.8874193056387694, -7.868050033721375e-10], "bbox_max": [-1.2520269, -1.5034192000000004, 0.95000006556708], "center": [-2.02002692076291, -1.6954192528193848, 0.47500003239013755]}}
{"scene_id": "0299_840574", "object_label": "wardrobe", "preset": "occupancy_30", "distance": 1.9785175289848593, "init_camera": {"intrinsics": [[320.0, 0.0, 320.0], [0.0, 320.0, 240.0], [0.0, 0.0, 1.0]], "extrinsics": [[-0.8660254037844387, -0.2421759112623043, 0.4374366559906386, -2.539331442827857], [-0.49999999999999967, 0.4194609826756033, -0.7576625132688153, -0.7959574360026231], [0.0, -0.8748733119812776, -0.4843518225246089, 1.05000006556708], [0.0, 0.0, 0.0, 1.0]]}, "target_region": {"type": "circle", "params": {"center": [-2.02002692076291, -1.6954192528193845], "radius": 1.9785175289848593, "object_center": [-2.02002692076291, -1.6954192528193845, 0.4750000323901375], "object_height": 0.950000066353885, "occupancy_ratio": 0.3, "fov_vertical": 90.0, "sample_distance": 1.9785175289848593, "min_distance": 1.53600004152582}, "sample_point": [-0.042306428658754225, -1.75157321627388, 1.5], "sample_forward": [-0.8875614695298434, 0.02520077762382424, -0.45999952023146645], "height": 1.5}, "sample_target": [-0.042306428658754225, -1.75157321627388, 1.5], "camera_params": {"forward": [-0.8875614695298434, 0.02520077762382424, -0.45999952023146645]}, "task_type": "screen_occupancy", "task_description": "Position where wardrobe occupies 30% of vertical FOV", "target_object": {"label": "wardrobe", "id": "71", "bbox_min": [-2.78802694152582, -1.8874193056387694, -7.868050033721375e-10], "bbox_max": [-1.2520269, -1.5034192000000004, 0.95000006556708], "center": [-2.02002692076291, -1.6954192528193848, 0.47500003239013755]}}
{"scene_id": "0299_840574", "object_label": "wardrobe", "preset": "occupancy_20", "distance": 2.9990321789416168, "init_camera": {"intrinsics": [[320.0, 0.0, 320.0], [0.0, 320.0, 240.0], [0.0, 0.0, 1.0]], "extrinsics": [[-1.0, -0.0, 0.0, -2.02002692076291], [-0.0, 0.48435182252460884, -0.8748733119812775, -0.6568102086894905], [0.0, -0.8748733119812776, -0.4843518225246088, 1.05000006556708], [0.0, 0.0, 0.0, 1.0]]}, "target_region": {"type": "circle", "params": {"center": [-2.02002692076291, -1.6954192528193845], "radius": 2.9990321789416168, "object_center": [-2.02002692076291, -1.6954192528193845, 0.4750000323901375], "object_height": 0.950000066353885, "occupancy_ratio": 0.2, "fov_vertical": 90.0, "sample_distance": 2.9990321789416168, "min_distance": 1.53600004152582}, "sample_point": [-1.1842175578560354, 1.1847919754075498, 1.5], "sample_forward": [-0.263715815121603, -0.9087685368019607, -0.3234095165167098], "height": 1.5}, "sample_target": [-1.1842175578560354, 1.1847919754075498, 1.5], "camera_params": {"forward": [-0.263715815121603, -0.9087685368019607, -0.3234095165167098]}, "task_type": "screen_occupancy", "task_description": "Position where wardrobe occupies 20% of vertical FOV", "target_object": {"label": "wardrobe", "id": "71", "bbox_min": [-2.78802694152582, -1.8874193056387694, -7.868050033721375e-10], "bbox_max": [-1.2520269, -1.5034192000000004, 0.95000006556708], "center": [-2.02002692076291, -1.6954192528193848, 0.47500003239013755]}}
{"scene_id": "0299_840574", "object_label": "wardrobe", "preset": "occupancy_30", "distance": 1.9785175289848593, "init_camera": {"intrinsics": [[320.0, 0.0, 320.0], [0.0, 320.0, 240.0], [0.0, 0.0, 1.0]], "extrinsics": [[-1.0, -0.0, 0.0, -2.02002692076291], [-0.0, 0.48435182252460884, -0.8748733119812775, -0.6568102086894905], [0.0, -0.8748733119812776, -0.4843518225246088, 1.05000006556708], [0.0, 0.0, 0.0, 1.0]]}, "target_region": {"type": "circle", "params": {"center": [-2.02002692076291, -1.6954192528193845], "radius": 1.9785175289848593, "object_center": [-2.02002692076291, -1.6954192528193845, 0.4750000323901375], "object_height": 0.950000066353885, "occupancy_ratio": 0.3, "fov_vertical": 90.0, "sample_distance": 1.9785175289848593, "min_distance": 1.53600004152582}, "sample_point": [-3.807385899749466, -2.5438763776857436, 1.5], "sample_forward": [0.8021310232159549, 0.38077061727678757, -0.45999952023146645], "height": 1.5}, "sample_target": [-3.807385899749466, -2.5438763776857436, 1.5], "camera_params": {"forward": [0.8021310232159549, 0.38077061727678757, -0.45999952023146645]}, "task_type": "screen_occupancy", "task_description": "Position where wardrobe occupies 30% of vertical FOV", "target_object": {"label": "wardrobe", "id": "71", "bbox_min": [-2.78802694152582, -1.8874193056387694, -7.868050033721375e-10], "bbox_max": [-1.2520269, -1.5034192000000004, 0.95000006556708], "center": [-2.02002692076291, -1.6954192528193848, 0.47500003239013755]}}
{"scene_id": "0299_840574", "object_label": "wardrobe", "preset": "occupancy_20", "distance": 2.9990321789416168, "init_camera": {"intrinsics": [[320.0, 0.0, 320.0], [0.0, 320.0, 240.0], [0.0, 0.0, 1.0]], "extrinsics": [[-0.766044443118978, 0.3113353502479122, -0.5623577249869914, -1.3524218958878338], [0.6427876096865394, 0.371035022159526, -0.6701918390763537, -0.8997985659905658], [0.0, -0.8748733119812777, -0.4843518225246088, 1.05000006556708], [0.0, 0.0, 0.0, 1.0]]}, "target_region": {"type": "circle", "params": {"center": [-2.02002692076291, -1.6954192528193845], "radius": 2.9990321789416168, "object_center": [-2.02002692076291, -1.6954192528193845, 0.4750000323901375], "object_height": 0.950000066353885, "occupancy_ratio": 0.2, "fov_vertical": 90.0, "sample_distance": 2.9990321789416168, "min_distance": 1.53600004152582}, "sample_point": [-0.6418126167139675, -4.3590106896659195, 1.5], "sample_forward": [-0.4348562300623759, 0.8404203375706504, -0.3234095165167098], "height": 1.5}, "sample_target": [-0.6418126167139675, -4.3590106896659195, 1.5], "camera_params": {"forward": [-0.4348562300623759, 0.8404203375706504, -0.3234095165167098]}, "task_type": "screen_occupancy", "task_description": "Position where wardrobe occupies 20% of vertical FOV", "target_object": {"label": "wardrobe", "id": "71", "bbox_min": [-2.78802694152582, -1.8874193056387694, -7.868050033721375e-10], "bbox_max": [-1.2520269, -1.5034192000000004, 0.95000006556708], "center": [-2.02002692076291, -1.6954192528193848, 0.47500003239013755]}}
{"scene_id": "0299_840574", "object_label": "wardrobe", "preset": "occupancy_30", "distance": 1.9785175289848593, "init_camera": {"intrinsics": [[320.0, 0.0, 320.0], [0.0, 320.0, 240.0], [0.0, 0.0, 1.0]], "extrinsics": [[-0.766044443118978, 0.3113353502479122, -0.5623577249869914, -1.3524218958878338], [0.6427876096865394, 0.371035022159526, -0.6701918390763537, -0.8997985659905658], [0.0, -0.8748733119812777, -0.4843518225246088, 1.05000006556708], [0.0, 0.0, 0.0, 1.0]]}, "target_region": {"type": "circle", "params": {"center": [-2.02002692076291, -1.6954192528193845], "radius": 1.9785175289848593, "object_center": [-2.02002692076291, -1.6954192528193845, 0.4750000323901375], "object_height": 0.950000066353885, "occupancy_ratio": 0.3, "fov_vertical": 90.0, "sample_distance": 1.9785175289848593, "min_distance": 1.53600004152582}, "sample_point": [-2.1871447944273035, -3.6668662414047346, 1.5], "sample_forward": [0.07499916501166545, 0.8847460464078795, -0.45999952023146645], "height": 1.5}, "sample_target": [-2.1871447944273035, -3.6668662414047346, 1.5], "camera_params": {"forward": [0.07499916501166545, 0.8847460464078795, -0.45999952023146645]}, "task_type": "screen_occupancy", "task_description": "Position where wardrobe occupies 30% of vertical FOV", "target_object": {"label": "wardrobe", "id": "71", "bbox_min": [-2.78802694152582, -1.8874193056387694, -7.868050033721375e-10], "bbox_max": [-1.2520269, -1.5034192000000004, 0.95000006556708], "center": [-2.02002692076291, -1.6954192528193848, 0.47500003239013755]}}
{"scene_id": "0299_840574", "object_label": "wardrobe", "preset": "occupancy_20", "distance": 2.9990321789416168, "init_camera": {"intrinsics": [[320.0, 0.0, 320.0], [0.0, 320.0, 240.0], [0.0, 0.0, 1.0]], "extrinsics": [[-0.984807753012208, -0.08410681133105477, 0.15192015631498063, -2.2003794885844585], [-0.17364817766693028, 0.47699343000782785, -0.8615820205426306, -0.6725890138116664], [0.0, -0.8748733119812776, -0.4843518225246089, 1.05000006556708], [0.0, 0.0, 0.0, 1.0]]}, "target_region": {"type": "circle", "params": {"center": [-2.02002692076291, -1.6954192528193845], "radius": 2.9990321789416168, "object_center": [-2.02002692076291, -1.6954192528193845, 0.4750000323901375], "object_height": 0.950000066353885, "occupancy_ratio": 0.2, "fov_vertical": 90.0, "sample_distance": 2.9990321789416168, "min_distance": 1.53600004152582}, "sample_point": [-3.772658341953483, 0.7381947493968284, 1.5], "sample_forward": [0.5529928765568318, -0.7678575148449279, -0.3234095165167098], "height": 1.5}, "sample_target": [-3.772658341953483, 0.7381947493968284, 1.5], "camera_params": {"forward": [0.5529928765568318, -0.7678575148449279, -0.3234095165167098]}, "task_type": "screen_occupancy", "task_description": "Position where wardrobe occupies 20% of vertical FOV", "target_object": {"label": "wardrobe", "id": "71", "bbox_min": [-2.78802694152582, -1.8874193056387694, -7.868050033721375e-10], "bbox_max": [-1.2520269, -1.5034192000000004, 0.95000006556708], "center": [-2.02002692076291, -1.6954192528193848, 0.47500003239013755]}}
{"scene_id": "0299_840574", "object_label": "wardrobe", "preset": "occupancy_30", "distance": 1.9785175289848593, "init_camera": {"intrinsics": [[320.0, 0.0, 320.0], [0.0, 320.0, 240.0], [0.0, 0.0, 1.0]], "extrinsics": [[-0.984807753012208, -0.08410681133105477, 0.15192015631498063, -2.2003794885844585], [-0.17364817766693028, 0.47699343000782785, -0.8615820205426306, -0.6725890138116664], [0.0, -0.8748733119812776, -0.4843518225246089, 1.05000006556708], [0.0, 0.0, 0.0, 1.0]]}, "target_region": {"type": "circle", "params": {"center": [-2.02002692076291, -1.6954192528193845], "radius": 1.9785175289848593, "object_center": [-2.02002692076291, -1.6954192528193845, 0.4750000323901375], "object_height": 0.950000066353885, "occupancy_ratio": 0.3, "fov_vertical": 90.0, "sample_distance": 1.9785175289848593, "min_distance": 1.53600004152582}, "sample_point": [-3.8559551114858306, -2.432914534844441, 1.5], "sample_forward": [0.8239279157064451, 0.33097315768269475, -0.45999952023146645], "height": 1.5}, "sample_target": [-3.8559551114858306, -2.432914534844441, 1.5], "camera_params": {"forward": [0.8239279157064451, 0.33097315768269475, -0.45999952023146645]}, "task_type": "screen_occupancy", "task_description": "Position where wardrobe occupies 30% of vertical FOV", "target_object": {"label": "wardrobe", "id": "71", "bbox_min": [-2.78802694152582, -1.8874193056387694, -7.868050033721375e-10], "bbox_max": [-1.2520269, -1.5034192000000004, 0.95000006556708], "center": [-2.02002692076291, -1.6954192528193848, 0.47500003239013755]}}
{"scene_id": "0299_840574", "object_label": "wardrobe", "preset": "occupancy_20", "distance": 8.64983957883058, "init_camera": {"intrinsics": [[320.0, 0.0, 320.0], [0.0, 320.0, 240.0], [0.0, 0.0, 1.0]], "extrinsics": [[0.17364817766692986, -0.10510798193274885, 0.9791826298127327, -2.1483822827622263], [-0.9848077530122081, -0.01853337310256144, 0.17265631667705322, 5.655056784828832], [0.0, -0.9942881002081169, -0.10672944197611925, 1.6], [0.0, 0.0, 0.0, 1.0]]}, "target_region": {"type": "circle", "params": {"center": [-0.03826158054843143, 6.027127997180616], "radius": 8.64983957883058, "object_center": [-0.03826158054843143, 6.027127997180616, 1.3699999998032988], "object_height": 2.7400000011802077, "occupancy_ratio": 0.2, "fov_vertical": 90.0, "sample_distance": 8.64983957883058, "min_distance": 2.7400000011802077}, "sample_point": [7.441632879797126, 10.37119332836474, 1.5], "sample_forward": [-0.8646460746412484, -0.5021566890423695, -0.015027483404925792], "height": 1.5}, "sample_target": [7.441632879797126, 10.37119332836474, 1.5], "camera_params": {"forward": [-0.8646460746412484, -0.5021566890423695, -0.015027483404925792]}, "task_type": "screen_occupancy", "task_description": "Position where wardrobe occupies 20% of vertical FOV", "target_object": {"label": "wardrobe", "id": "76", "bbox_min": [-0.6382739039340252, 5.736127994361231, -7.868052307458129e-10], "bbox_max": [0.5617507428371623, 6.318128, 2.7400000003934024], "center": [-0.03826158054843143, 6.0271279971806155, 1.3699999998032986]}}
{"scene_id": "0299_840574", "object_label": "wardrobe", "preset": "occupancy_30", "distance": 5.706460687481831, "init_camera": {"intrinsics": [[320.0, 0.0, 320.0], [0.0, 320.0, 240.0], [0.0, 0.0, 1.0]], "extrinsics": [[0.17364817766692986, -0.10510798193274885, 0.9791826298127327, -2.1483822827622263], [-0.9848077530122081, -0.01853337310256144, 0.17265631667705322, 5.655056784828832], [0.0, -0.9942881002081169, -0.10672944197611925, 1.6], [0.0, 0.0, 0.0, 1.0]]}, "target_region": {"type": "circle", "params": {"center": [-0.03826158054843143, 6.027127997180616], "radius": 5.706460687481831, "object_center": [-0.03826158054843143, 6.027127997180616, 1.3699999998032988], "object_height": 2.7400000011802077, "occupancy_ratio": 0.3, "fov_vertical": 90.0, "sample_distance": 5.706460687481831, "min_distance": 2.7400000011802077}, "sample_point": [-4.570959738600335, 2.560380099543913, 1.5], "sample_forward": [0.7941038530593874, 0.607355214731974, -0.02277528691614665], "height": 1.5}, "sample_target": [-4.570959738600335, 2.560380099543913, 1.5], "camera_params": {"forward": [0.7941038530593874, 0.607355214731974, -0.02277528691614665]}, "task_type": "screen_occupancy", "task_description": "Position where wardrobe occupies 30% of vertical FOV", "target_object": {"label": "wardrobe", "id": "76", "bbox_min": [-0.6382739039340252, 5.736127994361231, -7.868052307458129e-10], "bbox_max": [0.5617507428371623, 6.318128, 2.7400000003934024], "center": [-0.03826158054843143, 6.0271279971806155, 1.3699999998032986]}}
{"scene_id": "0299_840574", "object_label": "wardrobe", "preset": "front", "distance": 2.7400000011802077, "init_camera": {"intrinsics": [[320.0, 0.0, 320.0], [0.0, 320.0, 240.0], [0.0, 0.0, 1.0]], "extrinsics": [[0.7660444431189778, -0.08548202636431304, 0.6370782795977162, -1.1400883589647652], [-0.6427876096865396, -0.10187351202190296, 0.7592403284743164, 4.714021975586446], [0.0, -0.9911178591454066, -0.13298642518327167, 1.6], [0.0, 0.0, 0.0, 1.0]]}, "target_region": {"type": "circle", "params": {"center": [-0.03826158054843143, 6.027127997180616], "radius": 2.7400000011802077, "object_center": [-0.03826158054843143, 6.027127997180616, 1.3699999998032988], "sample_distance": 2.7400000011802077, "min_distance": 2.7400000011802077, "requested_distance": 0.8}, "sample_point": [2.6962502925197054, 6.2004624211042225, 1.5], "sample_forward": [-0.9968756546488784, -0.0631896570001565, -0.04739194463801537], "height": 1.5}, "sample_target": [2.6962502925197054, 6.2004624211042225, 1.5], "camera_params": {"forward": [-0.9968756546488784, -0.0631896570001565, -0.04739194463801537]}, "task_type": "absolute_positioning", "task_description": "Move to any position 2.7m from wardrobe", "target_object": {"label": "wardrobe", "id": "76", "bbox_min": [-0.6382739039340252, 5.736127994361231, -7.868052307458129e-10], "bbox_max": [0.5617507428371623, 6.318128, 2.7400000003934024], "center": [-0.03826158054843143, 6.0271279971806155, 1.3699999998032986]}}
{"scene_id": "0299_840574", "object_label": "wardrobe", "preset": "front", "distance": 2.7400000011802077, "init_camera": {"intrinsics": [[320.0, 0.0, 320.0], [0.0, 320.0, 240.0], [0.0, 0.0, 1.0]], "extrinsics": [[0.7660444431189778, -0.08548202636431304, 0.6370782795977162, -1.1400883589647652], [-0.6427876096865396, -0.10187351202190296, 0.7592403284743164, 4.714021975586446], [0.0, -0.9911178591454066, -0.13298642518327167, 1.6], [0.0, 0.0, 0.0, 1.0]]}, "target_region": {"type": "circle", "params": {"center": [-0.03826158054843143, 6.027127997180616], "radius": 2.7400000011802077, "object_center": [-0.03826158054843143, 6.027127997180616, 1.3699999998032988], "sample_distance": 2.7400000011802077, "min_distance": 2.7400000011802077, "requested_distance": 1.0}, "sample_point": [2.6610110270372687, 5.556461027439766, 1.5], "sample_forward": [-0.9840290599081012, 0.1715832533780786, -0.04739194463801536], "height": 1.5}, "sample_target": [2.6610110270372687, 5.556461027439766, 1.5], "camera_params": {"forward": [-0.9840290599081012, 0.1715832533780786, -0.04739194463801536]}, "task_type": "absolute_positioning", "task_description": "Move to any position 2.7m from wardrobe", "target_object": {"label": "wardrobe", "id": "76", "bbox_min": [-0.6382739039340252, 5.736127994361231, -7.868052307458129e-10], "bbox_max": [0.5617507428371623, 6.318128, 2.7400000003934024], "center": [-0.03826158054843143, 6.0271279971806155, 1.3699999998032986]}}
{"scene_id": "0299_840574", "object_label": "wardrobe", "preset": "front", "distance": 2.7400000011802077, "init_camera": {"intrinsics": [[320.0, 0.0, 320.0], [0.0, 320.0, 240.0], [0.0, 0.0, 1.0]], "extrinsics": [[0.7660444431189778, -0.08548202636431304, 0.6370782795977162, -1.1400883589647652], [-0.6427876096865396, -0.10187351202190296, 0.7592403284743164, 4.714021975586446], [0.0, -0.9911178591454066, -0.13298642518327167, 1.6], [0.0, 0.0, 0.0, 1.0]]}, "target_region": {"type": "circle", "params": {"center": [-0.03826158054843143, 6.027127997180616], "radius": 2.7400000011802077, "object_center": [-0.03826158054843143, 6.027127997180616, 1.3699999998032988], "sample_distance": 2.7400000011802077, "min_distance": 2.7400000011802077, "requested_distance": 1.2}, "sample_point": [2.6493073088000183, 6.560582279639647, 1.5], "sample_forward": [-0.9797624294010286, -0.19447258294582756, -0.04739194463801537], "height": 1.5}, "sample_target": [2.6493073088000183, 6.560582279639647, 1.5], "camera_params": {"forward": [-0.9797624294010286, -0.19447258294582756, -0.04739194463801537]}, "task_type": "absolute_positioning", "task_description": "Move to any position 2.7m from wardrobe", "target_object": {"label": "wardrobe", "id": "76", "bbox_min": [-0.6382739039340252, 5.736127994361231, -7.868052307458129e-10], "bbox_max": [0.5617507428371623, 6.318128, 2.7400000003934024], "center": [-0.03826158054843143, 6.0271279971806155, 1.3699999998032986]}}
{"scene_id": "0299_840574", "object_label": "wardrobe", "preset": "back", "distance": 2.7400000011802077, "init_camera": {"intrinsics": [[320.0, 0.0, 320.0], [0.0, 320.0, 240.0], [0.0, 0.0, 1.0]], "extrinsics": [[0.7660444431189778, -0.08548202636431304, 0.6370782795977162, -1.1400883589647652], [-0.6427876096865396, -0.10187351202190296, 0.7592403284743164, 4.714021975586446], [0.0, -0.9911178591454066, -0.13298642518327167, 1.6], [0.0, 0.0, 0.0, 1.0]]}, "target_region": {"type": "circle", "params": {"center": [-0.03826158054843143, 6.027127997180616], "radius": 2.7400000011802077, "object_center": [-0.03826158054843143, 6.027127997180616, 1.3699999998032988], "sample_distance": 2.7400000011802077, "min_distance": 2.7400000011802077, "requested_distance": 1.5}, "sample_point": [-2.0878342120914595, 7.845603192089067, 1.5], "sample_forward": [0.7471787118362129, -0.662931351017739, -0.04739194463801536], "height": 1.5}, "sample_target": [-2.0878342120914595, 7.845603192089067, 1.5], "camera_params": {"forward": [0.7471787118362129, -0.662931351017739, -0.04739194463801536]}, "task_type": "absolute_positioning", "task_description": "Move to any position 2.7m from wardrobe", "target_object": {"label": "wardrobe", "id": "76", "bbox_min": [-0.6382739039340252, 5.736127994361231, -7.868052307458129e-10], "bbox_max": [0.5617507428371623, 6.318128, 2.7400000003934024], "center": [-0.03826158054843143, 6.0271279971806155, 1.3699999998032986]}}
{"scene_id": "0299_840574", "object_label": "wardrobe", "preset": "occupancy_20", "distance": 8.64983957883058, "init_camera": {"intrinsics": [[320.0, 0.0, 320.0], [0.0, 320.0, 240.0], [0.0, 0.0, 1.0]], "extrinsics": [[0.7660444431189778, -0.08548202636431304, 0.6370782795977162, -1.1400883589647652], [-0.6427876096865396, -0.10187351202190296, 0.7592403284743164, 4.714021975586446], [0.0, -0.9911178591454066, -0.13298642518327167, 1.6], [0.0, 0.0, 0.0, 1.0]]}, "target_region": {"type": "circle", "params": {"center": [-0.03826158054843143, 6.027127997180616], "radius": 8.64983957883058, "object_center": [-0.03826158054843143, 6.027127997180616, 1.3699999998032988], "object_height": 2.7400000011802077, "occupancy_ratio": 0.2, "fov_vertical": 90.0, "sample_distance": 8.64983957883058, "min_distance": 2.7400000011802077}, "sample_point": [8.392157693168992, 4.091215910117316, 1.5], "sample_forward": [-0.9745229656974254, 0.2237837439824652, -0.015027483404925795], "height": 1.5}, "sample_target": [8.392157693168992, 4.091215910117316, 1.5], "camera_params": {"forward": [-0.9745229656974254, 0.2237837439824652, -0.015027483404925795]}, "task_type": "screen_occupancy", "task_description": "Position where wardrobe occupies 20% of vertical FOV", "target_object": {"label": "wardrobe", "id": "76", "bbox_min": [-0.6382739039340252, 5.736127994361231, -7.868052307458129e-10], "bbox_max": [0.5617507428371623, 6.318128, 2.7400000003934024], "center": [-0.03826158054843143, 6.0271279971806155, 1.3699999998032986]}}
{"scene_id": "0299_840574", "object_label": "wardrobe", "preset": "occupancy_30", "distance": 5.706460687481831, "init_camera": {"intrinsics": [[320.0, 0.0, 320.0], [0.0, 320.0, 240.0], [0.0, 0.0, 1.0]], "extrinsics": [[0.7660444431189778, -0.08548202636431304, 0.6370782795977162, -1.1400883589647652], [-0.6427876096865396, -0.10187351202190296, 0.7592403284743164, 4.714021975586446], [0.0, -0.9911178591454066, -0.13298642518327167, 1.6], [0.0, 0.0, 0.0, 1.0]]}, "target_region": {"type": "circle", "params": {"center": [-0.03826158054843143, 6.027127997180616], "radius": 5.706460687481831, "object_center": [-0.03826158054843143, 6.027127997180616, 1.3699999998032988], "object_height": 2.7400000011802077, "occupancy_ratio": 0.3, "fov_vertical": 90.0, "sample_distance": 5.706460687481831, "min_distance": 2.7400000011802077}, "sample_point": [-3.3995235931488343, 10.63859319388601, 1.5], "sample_forward": [0.5888746663191259, -0.8079034061528801, -0.022775286916146654], "height": 1.5}, "sample_target": [-3.3995235931488343, 10.63859319388601, 1.5], "camera_params": {"forward": [0.5888746663191259, -0.8079034061528801, -0.022775286916146654]}, "task_type": "screen_occupancy", "task_description": "Position where wardrobe occupies 30% of vertical FOV", "target_object": {"label": "wardrobe", "id": "76", "bbox_min": [-0.6382739039340252, 5.736127994361231, -7.868052307458129e-10], "bbox_max": [0.5617507428371623, 6.318128, 2.7400000003934024], "center": [-0.03826158054843143, 6.0271279971806155, 1.3699999998032986]}}
{"scene_id": "0299_840574", "object_label": "wardrobe", "preset": "occupancy_50", "distance": 3.307472581875777, "init_camera": {"intrinsics": [[320.0, 0.0, 320.0], [0.0, 320.0, 240.0], [0.0, 0.0, 1.0]], "extrinsics": [[0.7660444431189778, -0.08548202636431304, 0.6370782795977162, -1.1400883589647652], [-0.6427876096865396, -0.10187351202190296, 0.7592403284743164, 4.714021975586446], [0.0, -0.9911178591454066, -0.13298642518327167, 1.6], [0.0, 0.0, 0.0, 1.0]]}, "target_region": {"type": "circle", "params": {"center": [-0.03826158054843143, 6.027127997180616], "radius": 3.307472581875777, "object_center": [-0.03826158054843143, 6.027127997180616, 1.3699999998032988], "object_height": 2.7400000011802077, "occupancy_ratio": 0.5, "fov_vertical": 90.0, "sample_distance": 3.307472581875777, "min_distance": 2.7400000011802077}, "sample_point": [2.84016483896815, 4.398006691909284, 1.5], "sample_forward": [-0.869608292220121, 0.4921777351996184, -0.03927461108373748], "height": 1.5}, "sample_target": [2.84016483896815, 4.398006691909284, 1.5], "camera_params": {"forward": [-0.869608292220121, 0.4921777351996184, -0.03927461108373748]}, "task_type": "screen_occupancy", "task_description": "Position where wardrobe occupies 50% of vertical FOV", "target_object": {"label": "wardrobe", "id": "76", "bbox_min": [-0.6382739039340252, 5.736127994361231, -7.868052307458129e-10], "bbox_max": [0.5617507428371623, 6.318128, 2.7400000003934024], "center": [-0.03826158054843143, 6.0271279971806155, 1.3699999998032986]}}
{"scene_id": "0299_840574", "object_label": "wardrobe", "preset": "occupancy_20", "distance": 8.64983957883058, "init_camera": {"intrinsics": [[320.0, 0.0, 320.0], [0.0, 320.0, 240.0], [0.0, 0.0, 1.0]], "extrinsics": [[0.49999999999999983, -0.09243040808305653, 0.8610787534607968, -1.893870584010401], [-0.8660254037844388, -0.05336472098805961, 0.49714405010405815, 4.955791639521155], [0.0, -0.9942881002081169, -0.10672944197611925, 1.6], [0.0, 0.0, 0.0, 1.0]]}, "target_region": {"type": "circle", "params": {"center": [-0.03826158054843143, 6.027127997180616], "radius": 8.64983957883058, "object_center": [-0.03826158054843143, 6.027127997180616, 1.3699999998032988], "object_height": 2.7400000011802077, "occupancy_ratio": 0.2, "fov_vertical": 90.0, "sample_distance": 8.64983957883058, "min_distance": 2.7400000011802077}, "sample_point": [-0.8827052500439767, -2.5813933409211183, 1.5], "sample_forward": [0.09761433238875453, 0.9951108565656452, -0.015027483404925792], "height": 1.5}, "sample_target": [-0.8827052500439767, -2.5813933409211183, 1.5], "camera_params": {"forward": [0.09761433238875453, 0.9951108565656452, -0.015027483404925792]}, "task_type": "screen_occupancy", "task_description": "Position where wardrobe occupies 20% of vertical FOV", "target_object": {"label": "wardrobe", "id": "76", "bbox_min": [-0.6382739039340252, 5.736127994361231, -7.868052307458129e-10], "bbox_max": [0.5617507428371623, 6.318128, 2.7400000003934024], "center": [-0.03826158054843143, 6.0271279971806155, 1.3699999998032986]}}
{"scene_id": "0299_840574", "object_label": "wardrobe", "preset": "occupancy_30", "distance": 5.706460687481831, "init_camera": {"intrinsics": [[320.0, 0.0, 320.0], [0.0, 320.0, 240.0], [0.0, 0.0, 1.0]], "extrinsics": [[0.49999999999999983, -0.09243040808305653, 0.8610787534607968, -1.893870584010401], [-0.8660254037844388, -0.05336472098805961, 0.49714405010405815, 4.955791639521155], [0.0, -0.9942881002081169, -0.10672944197611925, 1.6], [0.0, 0.0, 0.0, 1.0]]}, "target_region": {"type": "circle", "params": {"center": [-0.03826158054843143, 6.027127997180616], "radius": 5.706460687481831, "object_center": [-0.03826158054843143, 6.027127997180616, 1.3699999998032988], "object_height": 2.7400000011802077, "occupancy_ratio": 0.3, "fov_vertical": 90.0, "sample_distance": 5.706460687481831, "min_distance": 2.7400000011802077}, "sample_point": [-4.858713525193014, 2.9731246201117787, 1.5], "sample_forward": [0.8445167379896925, 0.5350446388490744, -0.022775286916146657], "height": 1.5}, "sample_target": [-4.858713525193014, 2.9731246201117787, 1.5], "camera_params": {"forward": [0.8445167379896925, 0.5350446388490744, -0.022775286916146657]}, "task_type": "screen_occupancy", "task_description": "Position where wardrobe occupies 30% of vertical FOV", "target_object": {"label": "wardrobe", "id": "76", "bbox_min": [-0.6382739039340252, 5.736127994361231, -7.868052307458129e-10], "bbox_max": [0.5617507428371623, 6.318128, 2.7400000003934024], "center": [-0.03826158054843143, 6.0271279971806155, 1.3699999998032986]}}
{"scene_id": "0299_840574", "object_label": "wardrobe", "preset": "occupancy_20", "distance": 8.64983957883058, "init_camera": {"intrinsics": [[320.0, 0.0, 320.0], [0.0, 320.0, 240.0], [0.0, 0.0, 1.0]], "extrinsics": [[0.6427876096865394, -0.08175949594299557, 0.7616688740237535, -1.679644107541144], [-0.766044443118978, -0.06860436289100791, 0.6391160712725458, 4.649844524160199], [0.0, -0.994288100208117, -0.10672944197611928, 1.6], [0.0, 0.0, 0.0, 1.0]]}, "target_region": {"type": "circle", "params": {"center": [-0.03826158054843143, 6.027127997180616], "radius": 8.64983957883058, "object_center": [-0.03826158054843143, 6.027127997180616, 1.3699999998032988], "object_height": 2.7400000011802077, "occupancy_ratio": 0.2, "fov_vertical": 90.0, "sample_distance": 8.64983957883058, "min_distance": 2.7400000011802077}, "sample_point": [-5.246866633677049, 12.932934115225564, 1.5], "sample_forward": [0.6020940452328485, -0.7982837436887082, -0.015027483404925792], "height": 1.5}, "sample_target": [-5.246866633677049, 12.932934115225564, 1.5], "camera_params": {"forward": [0.6020940452328485, -0.7982837436887082, -0.015027483404925792]}, "task_type": "screen_occupancy", "task_description": "Position where wardrobe occupies 20% of vertical FOV", "target_object": {"label": "wardrobe", "id": "76", "bbox_min": [-0.6382739039340252, 5.736127994361231, -7.868052307458129e-10], "bbox_max": [0.5617507428371623, 6.318128, 2.7400000003934024], "center": [-0.03826158054843143, 6.0271279971806155, 1.3699999998032986]}}
{"scene_id": "0299_840574", "object_label": "wardrobe", "preset": "occupancy_30", "distance": 5.706460687481831, "init_camera": {"intrinsics": [[320.0, 0.0, 320.0], [0.0, 320.0, 240.0], [0.0, 0.0, 1.0]], "extrinsics": [[0.6427876096865394, -0.08175949594299557, 0.7616688740237535, -1.679644107541144], [-0.766044443118978, -0.06860436289100791, 0.6391160712725458, 4.649844524160199], [0.0, -0.994288100208117, -0.10672944197611928, 1.6], [0.0, 0.0, 0.0, 1.0]]}, "target_region": {"type": "circle", "params": {"center": [-0.03826158054843143, 6.027127997180616], "radius": 5.706460687481831, "object_center": [-0.03826158054843143, 6.027127997180616, 1.3699999998032988], "object_height": 2.7400000011802077, "occupancy_ratio": 0.3, "fov_vertical": 90.0, "sample_distance": 5.706460687481831, "min_distance": 2.7400000011802077}, "sample_point": [-2.734950229224203, 0.9980561235762178, 1.5], "sample_forward": [0.4724450584936615, 0.881065805153513, -0.022775286916146654], "height": 1.5}, "sample_target": [-2.734950229224203, 0.9980561235762178, 1.5], "camera_params": {"forward": [0.4724450584936615, 0.881065805153513, -0.022775286916146654]}, "task_type": "screen_occupancy", "task_description": "Position where wardrobe occupies 30% of vertical FOV", "target_object": {"label": "wardrobe", "id": "76", "bbox_min": [-0.6382739039340252, 5.736127994361231, -7.868052307458129e-10], "bbox_max": [0.5617507428371623, 6.318128, 2.7400000003934024], "center": [-0.03826158054843143, 6.0271279971806155, 1.3699999998032986]}}
{"scene_id": "0299_840574", "object_label": "wardrobe", "preset": "occupancy_50", "distance": 3.307472581875777, "init_camera": {"intrinsics": [[320.0, 0.0, 320.0], [0.0, 320.0, 240.0], [0.0, 0.0, 1.0]], "extrinsics": [[0.6427876096865394, -0.08175949594299557, 0.7616688740237535, -1.679644107541144], [-0.766044443118978, -0.06860436289100791, 0.6391160712725458, 4.649844524160199], [0.0, -0.994288100208117, -0.10672944197611928, 1.6], [0.0, 0.0, 0.0, 1.0]]}, "target_region": {"type": "circle", "params": {"center": [-0.03826158054843143, 6.027127997180616], "radius": 3.307472581875777, "object_center": [-0.03826158054843143, 6.027127997180616, 1.3699999998032988], "object_height": 2.7400000011802077, "occupancy_ratio": 0.5, "fov_vertical": 90.0, "sample_distance": 3.307472581875777, "min_distance": 2.7400000011802077}, "sample_point": [2.413404470328343, 3.807058526457166, 1.5], "sample_forward": [-0.7406786962284267, 0.6707104993047144, -0.03927461108373748], "height": 1.5}, "sample_target": [2.413404470328343, 3.807058526457166, 1.5], "camera_params": {"forward": [-0.7406786962284267, 0.6707104993047144, -0.03927461108373748]}, "task_type": "screen_occupancy", "task_description": "Position where wardrobe occupies 50% of vertical FOV", "target_object": {"label": "wardrobe", "id": "76", "bbox_min": [-0.6382739039340252, 5.736127994361231, -7.868052307458129e-10], "bbox_max": [0.5617507428371623, 6.318128, 2.7400000003934024], "center": [-0.03826158054843143, 6.0271279971806155, 1.3699999998032986]}}
{"scene_id": "0299_840574", "object_label": "wardrobe", "preset": "occupancy_20", "distance": 8.64983957883058, "init_camera": {"intrinsics": [[320.0, 0.0, 320.0], [0.0, 320.0, 240.0], [0.0, 0.0, 1.0]], "extrinsics": [[0.0, -0.10672944197611928, 0.9942881002081169, -2.180934295867354], [-1.0, -0.0, 0.0, 6.0271279971806155], [0.0, -0.9942881002081169, -0.10672944197611928, 1.6], [0.0, 0.0, 0.0, 1.0]]}, "target_region": {"type": "circle", "params": {"center": [-0.03826158054843143, 6.027127997180616], "radius": 8.64983957883058, "object_center": [-0.03826158054843143, 6.027127997180616, 1.3699999998032988], "object_height": 2.7400000011802077, "occupancy_ratio": 0.2, "fov_vertical": 90.0, "sample_distance": 8.64983957883058, "min_distance": 2.7400000011802077}, "sample_point": [-6.713691699946878, 0.5263682805112886, 1.5], "sample_forward": [0.7716531937555142, 0.6358659633204387, -0.015027483404925792], "height": 1.5}, "sample_target": [-6.713691699946878, 0.5263682805112886, 1.5], "camera_params": {"forward": [0.7716531937555142, 0.6358659633204387, -0.015027483404925792]}, "task_type": "screen_occupancy", "task_description": "Position where wardrobe occupies 20% of vertical FOV", "target_object": {"label": "wardrobe", "id": "76", "bbox_min": [-0.6382739039340252, 5.736127994361231, -7.868052307458129e-10], "bbox_max": [0.5617507428371623, 6.318128, 2.7400000003934024], "center": [-0.03826158054843143, 6.0271279971806155, 1.3699999998032986]}}
{"scene_id": "0299_840574", "object_label": "wardrobe", "preset": "occupancy_30", "distance": 5.706460687481831, "init_camera": {"intrinsics": [[320.0, 0.0, 320.0], [0.0, 320.0, 240.0], [0.0, 0.0, 1.0]], "extrinsics": [[0.0, -0.10672944197611928, 0.9942881002081169, -2.180934295867354], [-1.0, -0.0, 0.0, 6.0271279971806155], [0.0, -0.9942881002081169, -0.10672944197611928, 1.6], [0.0, 0.0, 0.0, 1.0]]}, "target_region": {"type": "circle", "params": {"center": [-0.03826158054843143, 6.027127997180616], "radius": 5.706460687481831, "object_center": [-0.03826158054843143, 6.027127997180616, 1.3699999998032988], "object_height": 2.7400000011802077, "occupancy_ratio": 0.3, "fov_vertical": 90.0, "sample_distance": 5.706460687481831, "min_distance": 2.7400000011802077}, "sample_point": [-1.1299229576339536, 11.628196557335487, 1.5], "sample_forward": [0.1912530849290678, -0.9812764869347487, -0.022775286916146654], "height": 1.5}, "sample_target": [-1.1299229576339536, 11.628196557335487, 1.5], "camera_params": {"forward": [0.1912530849290678, -0.9812764869347487, -0.022775286916146654]}, "task_type": "screen_occupancy", "task_description": "Position where wardrobe occupies 30% of vertical FOV", "target_object": {"label": "wardrobe", "id": "76", "bbox_min": [-0.6382739039340252, 5.736127994361231, -7.868052307458129e-10], "bbox_max": [0.5617507428371623, 6.318128, 2.7400000003934024], "center": [-0.03826158054843143, 6.0271279971806155, 1.3699999998032986]}}
{"scene_id": "0299_840574", "object_label": "wardrobe", "preset": "occupancy_50", "distance": 3.307472581875777, "init_camera": {"intrinsics": [[320.0, 0.0, 320.0], [0.0, 320.0, 240.0], [0.0, 0.0, 1.0]], "extrinsics": [[0.0, -0.10672944197611928, 0.9942881002081169, -2.180934295867354], [-1.0, -0.0, 0.0, 6.0271279971806155], [0.0, -0.9942881002081169, -0.10672944197611928, 1.6], [0.0, 0.0, 0.0, 1.0]]}, "target_region": {"type": "circle", "params": {"center": [-0.03826158054843143, 6.027127997180616], "radius": 3.307472581875777, "object_center": [-0.03826158054843143, 6.027127997180616, 1.3699999998032988], "object_height": 2.7400000011802077, "occupancy_ratio": 0.5, "fov_vertical": 90.0, "sample_distance": 3.307472581875777, "min_distance": 2.7400000011802077}, "sample_point": [0.9065521848230452, 2.857474730871415, 1.5], "sample_forward": [-0.2854399471183074, 0.9575915316633283, -0.03927461108373748], "height": 1.5}, "sample_target": [0.9065521848230452, 2.857474730871415, 1.5], "camera_params": {"forward": [-0.2854399471183074, 0.9575915316633283, -0.03927461108373748]}, "task_type": "screen_occupancy", "task_description": "Position where wardrobe occupies 50% of vertical FOV", "target_object": {"label": "wardrobe", "id": "76", "bbox_min": [-0.6382739039340252, 5.736127994361231, -7.868052307458129e-10], "bbox_max": [0.5617507428371623, 6.318128, 2.7400000003934024], "center": [-0.03826158054843143, 6.0271279971806155, 1.3699999998032986]}}
{"scene_id": "0299_840574", "object_label": "shower head", "preset": "left", "distance": 1.5, "init_camera": {"intrinsics": [[320.0, 0.0, 320.0], [0.0, 320.0, 240.0], [0.0, 0.0, 1.0]], "extrinsics": [[1.0, 0.0, 0.0, 3.1785115], [-0.0, -0.14463349964376693, 0.9894852958891286, -2.809028155865656], [0.0, -0.9894852958891287, -0.1446334996437669, 1.6], [0.0, 0.0, 0.0, 1.0]]}, "target_region": {"type": "circle", "params": {"center": [3.1785115, -2.0084121], "radius": 1.5, "object_center": [3.1785115, -2.0084121, 1.4829736000000004], "sample_distance": 1.5, "min_distance": 1.3048699951171878, "requested_distance": 1.5}, "sample_point": [2.3000276156570334, -3.2242517542923306, 1.5], "sample_forward": [0.5856181975064134, 0.8105075568187867, -0.011350202155934139], "height": 1.5}, "sample_target": [2.3000276156570334, -3.2242517542923306, 1.5], "camera_params": {"forward": [0.5856181975064134, 0.8105075568187867, -0.011350202155934139]}, "task_type": "absolute_positioning", "task_description": "Move to any position 1.5m from shower head", "target_object": {"label": "shower head", "id": "104", "bbox_min": [3.0561435037841798, -2.264952108544922, 0.8305386024414063], "bbox_max": [3.3008794962158206, -1.7518720914550783, 2.135408597558594], "center": [3.1785115, -2.0084121, 1.4829736000000002]}}
