{"scene_id": "0293_840751", "object_label": "wardrobe", "preset": "front", "distance": 2.600000004, "init_camera": {"intrinsics": [[320.0, 0.0, 320.0], [0.0, 320.0, 240.0], [0.0, 0.0, 1.0]], "extrinsics": [[-0.766044443118978, -0.1085637615519904, 0.6335533291240899, 1.3395534660681714], [-0.6427876096865393, 0.12938125285512575, -0.7550394560836561, 2.551658372067682], [0.0, -0.9856340097050835, -0.16889523058002381, 1.6], [0.0, 0.0, 0.0, 1.0]]}, "target_region": {"type": "circle", "params": {"center": [2.464901999307415, 1.2105202146591891], "radius": 2.600000004, "object_center": [2.464901999307415, 1.2105202146591891, 1.2999999979999999], "sample_distance": 2.600000004, "min_distance": 2.600000004, "requested_distance": 0.8}, "sample_point": [5.054036118638237, 0.973065939235465, 1.5], "sample_forward": [-0.9928876089015162, 0.09105955770643451, -0.07669649952989001], "height": 1.5}, "sample_target": [5.054036118638237, 0.973065939235465, 1.5], "camera_params": {"forward": [-0.9928876089015162, 0.09105955770643451, -0.07669649952989001]}, "task_type": "absolute_positioning", "task_description": "Move to any position 2.6m from wardrobe", "target_object": {"label": "wardrobe", "id": "129", "bbox_min": [1.6613517999999998, 0.9171202, -3.999999989900971e-09], "bbox_max": [3.2684521986148294, 1.5039202293183782, 2.6], "center": [2.464901999307415, 1.2105202146591891, 1.299999998]}}
{"scene_id": "0293_840751", "object_label": "wardrobe", "preset": "front", "distance": 2.600000004, "init_camera": {"intrinsics": [[320.0, 0.0, 320.0], [0.0, 320.0, 240.0], [0.0, 0.0, 1.0]], "extrinsics": [[-0.766044443118978, -0.1085637615519904, 0.6335533291240899, 1.3395534660681714], [-0.6427876096865393, 0.12938125285512575, -0.7550394560836561, 2.551658372067682], [0.0, -0.9856340097050835, -0.16889523058002381, 1.6], [0.0, 0.0, 0.0, 1.0]]}, "target_region": {"type": "circle", "params": {"center": [2.464901999307415, 1.2105202146591891], "radius": 2.600000004, "object_center": [2.464901999307415, 1.2105202146591891, 1.2999999979999999], "sample_distance": 2.600000004, "min_distance": 2.600000004, "requested_distance": 1.0}, "sample_point": [4.77257868129902, 2.408279936887406, 1.5], "sample_forward": [-0.8849536089279996, -0.45931988527078893, -0.07669649952989], "height": 1.5}, "sample_target": [4.77257868129902, 2.408279936887406, 1.5], "camera_params": {"forward": [-0.8849536089279996, -0.45931988527078893, -0.07669649952989]}, "task_type": "absolute_positioning", "task_description": "Move to any position 2.6m from wardrobe", "target_object": {"label": "wardrobe", "id": "129", "bbox_min": [1.6613517999999998, 0.9171202, -3.999999989900971e-09], "bbox_max": [3.2684521986148294, 1.5039202293183782, 2.6], "center": [2.464901999307415, 1.2105202146591891, 1.299999998]}}
{"scene_id": "0293_840751", "object_label": "wardrobe", "preset": "front", "distance": 2.600000004, "init_camera": {"intrinsics": [[320.0, 0.0, 320.0], [0.0, 320.0, 240.0], [0.0, 0.0, 1.0]], "extrinsics": [[-0.766044443118978, -0.1085637615519904, 0.6335533291240899, 1.3395534660681714], [-0.6427876096865393, 0.12938125285512575, -0.7550394560836561, 2.551658372067682], [0.0, -0.9856340097050835, -0.16889523058002381, 1.6], [0.0, 0.0, 0.0, 1.0]]}, "target_region": {"type": "circle", "params": {"center": [2.464901999307415, 1.2105202146591891], "radius": 2.600000004, "object_center": [2.464901999307415, 1.2105202146591891, 1.2999999979999999], "sample_distance": 2.600000004, "min_distance": 2.600000004, "requested_distance": 1.2}, "sample_point": [5.045990702322555, 1.5235395878098346, 1.5], "sample_forward": [-0.9898023325890014, -0.12003744982810009, -0.07669649952988998], "height": 1.5}, "sample_target": [5.045990702322555, 1.5235395878098346, 1.5], "camera_params": {"forward": [-0.9898023325890014, -0.12003744982810009, -0.07669649952988998]}, "task_type": "absolute_positioning", "task_description": "Move to any position 2.6m from wardrobe", "target_object": {"label": "wardrobe", "id": "129", "bbox_min": [1.6613517999999998, 0.9171202, -3.999999989900971e-09], "bbox_max": [3.2684521986148294, 1.5039202293183782, 2.6], "center": [2.464901999307415, 1.2105202146591891, 1.299999998]}}
{"scene_id": "0293_840751", "object_label": "wardrobe", "preset": "left", "distance": 2.600000004, "init_camera": {"intrinsics": [[320.0, 0.0, 320.0], [0.0, 320.0, 240.0], [0.0, 0.0, 1.0]], "extrinsics": [[-0.766044443118978, -0.1085637615519904, 0.6335533291240899, 1.3395534660681714], [-0.6427876096865393, 0.12938125285512575, -0.7550394560836561, 2.551658372067682], [0.0, -0.9856340097050835, -0.16889523058002381, 1.6], [0.0, 0.0, 0.0, 1.0]]}, "target_region": {"type": "circle", "params": {"center": [2.464901999307415, 1.2105202146591891], "radius": 2.600000004, "object_center": [2.464901999307415, 1.2105202146591891, 1.2999999979999999], "sample_distance": 2.600000004, "min_distance": 2.600000004, "requested_distance": 1.5}, "sample_point": [1.3227940689019353, -1.1252001230749566, 1.5], "sample_forward": [0.4379783973573533, 0.895707859967828, -0.07669649952989001], "height": 1.5}, "sample_target": [1.3227940689019353, -1.1252001230749566, 1.5], "camera_params": {"forward": [0.4379783973573533, 0.895707859967828, -0.07669649952989001]}, "task_type": "absolute_positioning", "task_description": "Move to any position 2.6m from wardrobe", "target_object": {"label": "wardrobe", "id": "129", "bbox_min": [1.6613517999999998, 0.9171202, -3.999999989900971e-09], "bbox_max": [3.2684521986148294, 1.5039202293183782, 2.6], "center": [2.464901999307415, 1.2105202146591891, 1.299999998]}}
{"scene_id": "0293_840751", "object_label": "wardrobe", "preset": "occupancy_50", "distance": 3.1384776359134507, "init_camera": {"intrinsics": [[320.0, 0.0, 320.0], [0.0, 320.0, 240.0], [0.0, 0.0, 1.0]], "extrinsics": [[-0.766044443118978, -0.1085637615519904, 0.6335533291240899, 1.3395534660681714], [-0.6427876096865393, 0.12938125285512575, -0.7550394560836561, 2.551658372067682], [0.0, -0.9856340097050835, -0.16889523058002381, 1.6], [0.0, 0.0, 0.0, 1.0]]}, "target_region": {"type": "circle", "params": {"center": [2.464901999307415, 1.2105202146591891], "radius": 3.1384776359134507, "object_center": [2.464901999307415, 1.2105202146591891, 1.2999999979999999], "object_height": 2.600000004, "occupancy_ratio": 0.5, "fov_vertical": 90.0, "sample_distance": 3.1384776359134507, "min_distance": 2.600000004}, "sample_point": [1.1103394093330647, 4.041633434043194, 1.5], "sample_forward": [0.4307249329181842, -0.9002397235302735, -0.0635961660854062], "height": 1.5}, "sample_target": [1.1103394093330647, 4.041633434043194, 1.5], "camera_params": {"forward": [0.4307249329181842, -0.9002397235302735, -0.0635961660854062]}, "task_type": "screen_occupancy", "task_description": "Position where wardrobe occupies 50% of vertical FOV", "target_object": {"label": "wardrobe", "id": "129", "bbox_min": [1.6613517999999998, 0.9171202, -3.999999989900971e-09], "bbox_max": [3.2684521986148294, 1.5039202293183782, 2.6], "center": [2.464901999307415, 1.2105202146591891, 1.299999998]}}
{"scene_id": "0293_840751", "object_label": "wardrobe", "preset": "left", "distance": 2.600000004, "init_camera": {"intrinsics": [[320.0, 0.0, 320.0], [0.0, 320.0, 240.0], [0.0, 0.0, 1.0]], "extrinsics": [[-0.6427876096865395, -0.12938125285512575, 0.7550394560836559, 1.1237638418989222], [-0.7660444431189779, 0.10856376155199046, -0.63355332912409, 2.3358687478984326], [0.0, -0.9856340097050835, -0.16889523058002384, 1.6], [0.0, 0.0, 0.0, 1.0]]}, "target_region": {"type": "circle", "params": {"center": [2.464901999307415, 1.2105202146591891], "radius": 2.600000004, "object_center": [2.464901999307415, 1.2105202146591891, 1.2999999979999999], "sample_distance": 2.600000004, "min_distance": 2.600000004, "requested_distance": 0.8}, "sample_point": [3.332339057159368, -1.240510787075621, 1.5], "sample_forward": [-0.332646926172288, 0.939927480962223, -0.07669649952989001], "height": 1.5}, "sample_target": [3.332339057159368, -1.240510787075621, 1.5], "camera_params": {"forward": [-0.332646926172288, 0.939927480962223, -0.07669649952989001]}, "task_type": "absolute_positioning", "task_description": "Move to any position 2.6m from wardrobe", "target_object": {"label": "wardrobe", "id": "129", "bbox_min": [1.6613517999999998, 0.9171202, -3.999999989900971e-09], "bbox_max": [3.2684521986148294, 1.5039202293183782, 2.6], "center": [2.464901999307415, 1.2105202146591891, 1.299999998]}}
{"scene_id": "0293_840751", "object_label": "wardrobe", "preset": "right", "distance": 2.600000004, "init_camera": {"intrinsics": [[320.0, 0.0, 320.0], [0.0, 320.0, 240.0], [0.0, 0.0, 1.0]], "extrinsics": [[-0.6427876096865395, -0.12938125285512575, 0.7550394560836559, 1.1237638418989222], [-0.7660444431189779, 0.10856376155199046, -0.63355332912409, 2.3358687478984326], [0.0, -0.9856340097050835, -0.16889523058002384, 1.6], [0.0, 0.0, 0.0, 1.0]]}, "target_region": {"type": "circle", "params": {"center": [2.464901999307415, 1.2105202146591891], "radius": 2.600000004, "object_center": [2.464901999307415, 1.2105202146591891, 1.2999999979999999], "sample_distance": 2.600000004, "min_distance": 2.600000004, "requested_distance": 1.0}, "sample_point": [2.6048804449238028, 3.8067494140102056, 1.5], "sample_forward": [-0.05367928340526728, -0.9956084478814745, -0.07669649952989], "height": 1.5}, "sample_target": [2.6048804449238028, 3.8067494140102056, 1.5], "camera_params": {"forward": [-0.05367928340526728, -0.9956084478814745, -0.07669649952989]}, "task_type": "absolute_positioning", "task_description": "Move to any position 2.6m from wardrobe", "target_object": {"label": "wardrobe", "id": "129", "bbox_min": [1.6613517999999998, 0.9171202, -3.999999989900971e-09], "bbox_max": [3.2684521986148294, 1.5039202293183782, 2.6], "center": [2.464901999307415, 1.2105202146591891, 1.299999998]}}
{"scene_id": "0293_840751", "object_label": "wardrobe", "preset": "left", "distance": 2.600000004, "init_camera": {"intrinsics": [[320.0, 0.0, 320.0], [0.0, 320.0, 240.0], [0.0, 0.0, 1.0]], "extrinsics": [[-0.6427876096865395, -0.12938125285512575, 0.7550394560836559, 1.1237638418989222], [-0.7660444431189779, 0.10856376155199046, -0.63355332912409, 2.3358687478984326], [0.0, -0.9856340097050835, -0.16889523058002384, 1.6], [0.0, 0.0, 0.0, 1.0]]}, "target_region": {"type": "circle", "params": {"center": [2.464901999307415, 1.2105202146591891], "radius": 2.600000004, "object_center": [2.464901999307415, 1.2105202146591891, 1.2999999979999999], "sample_distance": 2.600000004, "min_distance": 2.600000004, "requested_distance": 1.2}, "sample_point": [2.0781467376185025, -1.3605535665372865, 1.5], "sample_forward": [0.14831387224839188, 0.9859617853946214, -0.07669649952989], "height": 1.5}, "sample_target": [2.0781467376185025, -1.3605535665372865, 1.5], "camera_params": {"forward": [0.14831387224839188, 0.9859617853946214, -0.07669649952989]}, "task_type": "absolute_positioning", "task_description": "Move to any position 2.6m from wardrobe", "target_object": {"label": "wardrobe", "id": "129", "bbox_min": [1.6613517999999998, 0.9171202, -3.999999989900971e-09], "bbox_max": [3.2684521986148294, 1.5039202293183782, 2.6], "center": [2.464901999307415, 1.2105202146591891, 1.299999998]}}
{"scene_id": "0293_840751", "object_label": "wardrobe", "preset": "occupancy_30", "distance": 5.4148897094481425, "init_camera": {"intrinsics": [[320.0, 0.0, 320.0], [0.0, 320.0, 240.0], [0.0, 0.0, 1.0]], "extrinsics": [[-0.6427876096865395, -0.12938125285512575, 0.7550394560836559, 1.1237638418989222], [-0.7660444431189779, 0.10856376155199046, -0.63355332912409, 2.3358687478984326], [0.0, -0.9856340097050835, -0.16889523058002384, 1.6], [0.0, 0.0, 0.0, 1.0]]}, "target_region": {"type": "circle", "params": {"center": [2.464901999307415, 1.2105202146591891], "radius": 5.4148897094481425, "object_center": [2.464901999307415, 1.2105202146591891, 1.2999999979999999], "object_height": 2.600000004, "occupancy_ratio": 0.3, "fov_vertical": 90.0, "sample_distance": 5.4148897094481425, "min_distance": 2.600000004}, "sample_point": [-0.30681092217034456, 5.862255164804201, 1.5], "sample_forward": [0.5115199764055138, -0.858478283773435, -0.036910026111073094], "height": 1.5}, "sample_target": [-0.30681092217034456, 5.862255164804201, 1.5], "camera_params": {"forward": [0.5115199764055138, -0.858478283773435, -0.036910026111073094]}, "task_type": "screen_occupancy", "task_description": "Position where wardrobe occupies 30% of vertical FOV", "target_object": {"label": "wardrobe", "id": "129", "bbox_min": [1.6613517999999998, 0.9171202, -3.999999989900971e-09], "bbox_max": [3.2684521986148294, 1.5039202293183782, 2.6], "center": [2.464901999307415, 1.2105202146591891, 1.299999998]}}
{"scene_id": "0293_840751", "object_label": "wardrobe", "preset": "occupancy_50", "distance": 3.1384776359134507, "init_camera": {"intrinsics": [[320.0, 0.0, 320.0], [0.0, 320.0, 240.0], [0.0, 0.0, 1.0]], "extrinsics": [[-0.6427876096865395, -0.12938125285512575, 0.7550394560836559, 1.1237638418989222], [-0.7660444431189779, 0.10856376155199046, -0.63355332912409, 2.3358687478984326], [0.0, -0.9856340097050835, -0.16889523058002384, 1.6], [0.0, 0.0, 0.0, 1.0]]}, "target_region": {"type": "circle", "params": {"center": [2.464901999307415, 1.2105202146591891], "radius": 3.1384776359134507, "object_center": [2.464901999307415, 1.2105202146591891, 1.2999999979999999], "object_height": 2.600000004, "occupancy_ratio": 0.5, "fov_vertical": 90.0, "sample_distance": 3.1384776359134507, "min_distance": 2.600000004}, "sample_point": [2.1704119148336116, -1.9141105573321984, 1.5], "sample_forward": [0.09364220067708441, 0.9935726777199492, -0.06359616608540622], "height": 1.5}, "sample_target": [2.1704119148336116, -1.9141105573321984, 1.5], "camera_params": {"forward": [0.09364220067708441, 0.9935726777199492, -0.06359616608540622]}, "task_type": "screen_occupancy", "task_description": "Position where wardrobe occupies 50% of vertical FOV", "target_object": {"label": "wardrobe", "id": "129", "bbox_min": [1.6613517999999998, 0.9171202, -3.999999989900971e-09], "bbox_max": [3.2684521986148294, 1.5039202293183782, 2.6], "center": [2.464901999307415, 1.2105202146591891, 1.299999998]}}
{"scene_id": "0293_840751", "object_label": "wardrobe", "preset": "back", "distance": 2.600000004, "init_camera": {"intrinsics": [[320.0, 0.0, 320.0], [0.0, 320.0, 240.0], [0.0, 0.0, 1.0]], "extrinsics": [[-0.9848077530122081, 0.029328349006857157, -0.17115354963183732, 2.76891333849991], [0.1736481776669304, 0.16632933252199208, -0.9706600143900761, 2.9346541955792187], [0.0, -0.9856340097050835, -0.16889523058002387, 1.6], [0.0, 0.0, 0.0, 1.0]]}, "target_region": {"type": "circle", "params": {"center": [2.464901999307415, 1.2105202146591891], "radius": 2.600000004, "object_center": [2.464901999307415, 1.2105202146591891, 1.2999999979999999], "sample_distance": 2.600000004, "min_distance": 2.600000004, "requested_distance": 0.8}, "sample_point": [0.29222456212791803, 2.6386213226943083, 1.5], "sample_forward": [0.8331837618643612, -0.5476517743287364, -0.07669649952989], "height": 1.5}, "sample_target": [0.29222456212791803, 2.6386213226943083, 1.5], "camera_params": {"forward": [0.8331837618643612, -0.5476517743287364, -0.07669649952989]}, "task_type": "absolute_positioning", "task_description": "Move to any position 2.6m from wardrobe", "target_object": {"label": "wardrobe", "id": "129", "bbox_min": [1.6613517999999998, 0.9171202, -3.999999989900971e-09], "bbox_max": [3.2684521986148294, 1.5039202293183782, 2.6], "center": [2.464901999307415, 1.2105202146591891, 1.299999998]}}
{"scene_id": "0293_840751", "object_label": "wardrobe", "preset": "front", "distance": 2.600000004, "init_camera": {"intrinsics": [[320.0, 0.0, 320.0], [0.0, 320.0, 240.0], [0.0, 0.0, 1.0]], "extrinsics": [[-0.9848077530122081, 0.029328349006857157, -0.17115354963183732, 2.76891333849991], [0.1736481776669304, 0.16632933252199208, -0.9706600143900761, 2.9346541955792187], [0.0, -0.9856340097050835, -0.16889523058002387, 1.6], [0.0, 0.0, 0.0, 1.0]]}, "target_region": {"type": "circle", "params": {"center": [2.464901999307415, 1.2105202146591891], "radius": 2.600000004, "object_center": [2.464901999307415, 1.2105202146591891, 1.2999999979999999], "sample_distance": 2.600000004, "min_distance": 2.600000004, "requested_distance": 1.0}, "sample_point": [4.665484252668623, -0.17419555653420127, 1.5], "sample_forward": [-0.8438847703631628, 0.5310142571616828, -0.07669649952989001], "height": 1.5}, "sample_target": [4.665484252668623, -0.17419555653420127, 1.5], "camera_params": {"forward": [-0.8438847703631628, 0.5310142571616828, -0.07669649952989001]}, "task_type": "absolute_positioning", "task_description": "Move to any position 2.6m from wardrobe", "target_object": {"label": "wardrobe", "id": "129", "bbox_min": [1.6613517999999998, 0.9171202, -3.999999989900971e-09], "bbox_max": [3.2684521986148294, 1.5039202293183782, 2.6], "center": [2.464901999307415, 1.2105202146591891, 1.299999998]}}
{"scene_id": "0293_840751", "object_label": "wardrobe", "preset": "left", "distance": 2.600000004, "init_camera": {"intrinsics": [[320.0, 0.0, 320.0], [0.0, 320.0, 240.0], [0.0, 0.0, 1.0]], "extrinsics": [[-0.9848077530122081, 0.029328349006857157, -0.17115354963183732, 2.76891333849991], [0.1736481776669304, 0.16632933252199208, -0.9706600143900761, 2.9346541955792187], [0.0, -0.9856340097050835, -0.16889523058002387, 1.6], [0.0, 0.0, 0.0, 1.0]]}, "target_region": {"type": "circle", "params": {"center": [2.464901999307415, 1.2105202146591891], "radius": 2.600000004, "object_center": [2.464901999307415, 1.2105202146591891, 1.2999999979999999], "sample_distance": 2.600000004, "min_distance": 2.600000004, "requested_distance": 1.2}, "sample_point": [0.8226413909721162, -0.8051633207972511, 1.5], "sample_forward": [0.6297781935779432, 0.7729793489179154, -0.07669649952989001], "height": 1.5}, "sample_target": [0.8226413909721162, -0.8051633207972511, 1.5], "camera_params": {"forward": [0.6297781935779432, 0.7729793489179154, -0.07669649952989001]}, "task_type": "absolute_positioning", "task_description": "Move to any position 2.6m from wardrobe", "target_object": {"label": "wardrobe", "id": "129", "bbox_min": [1.6613517999999998, 0.9171202, -3.999999989900971e-09], "bbox_max": [3.2684521986148294, 1.5039202293183782, 2.6], "center": [2.464901999307415, 1.2105202146591891, 1.299999998]}}
{"scene_id": "0293_840751", "object_label": "wardrobe", "preset": "right", "distance": 2.600000004, "init_camera": {"intrinsics": [[320.0, 0.0, 320.0], [0.0, 320.0, 240.0], [0.0, 0.0, 1.0]], "extrinsics": [[-0.9848077530122081, 0.029328349006857157, -0.17115354963183732, 2.76891333849991], [0.1736481776669304, 0.16632933252199208, -0.9706600143900761, 2.9346541955792187], [0.0, -0.9856340097050835, -0.16889523058002387, 1.6], [0.0, 0.0, 0.0, 1.0]]}, "target_region": {"type": "circle", "params": {"center": [2.464901999307415, 1.2105202146591891], "radius": 2.600000004, "object_center": [2.464901999307415, 1.2105202146591891, 1.2999999979999999], "sample_distance": 2.600000004, "min_distance": 2.600000004, "requested_distance": 1.5}, "sample_point": [1.6464122118385618, 3.6783278426174935, 1.5], "sample_forward": [0.31387650486035795, -0.9463610234242044, -0.07669649952989], "height": 1.5}, "sample_target": [1.6464122118385618, 3.6783278426174935, 1.5], "camera_params": {"forward": [0.31387650486035795, -0.9463610234242044, -0.07669649952989]}, "task_type": "absolute_positioning", "task_description": "Move to any position 2.6m from wardrobe", "target_object": {"label": "wardrobe", "id": "129", "bbox_min": [1.6613517999999998, 0.9171202, -3.999999989900971e-09], "bbox_max": [3.2684521986148294, 1.5039202293183782, 2.6], "center": [2.464901999307415, 1.2105202146591891, 1.299999998]}}
{"scene_id": "0293_840751", "object_label": "wardrobe", "preset": "occupancy_30", "distance": 5.4148897094481425, "init_camera": {"intrinsics": [[320.0, 0.0, 320.0], [0.0, 320.0, 240.0], [0.0, 0.0, 1.0]], "extrinsics": [[-0.9848077530122081, 0.029328349006857157, -0.17115354963183732, 2.76891333849991], [0.1736481776669304, 0.16632933252199208, -0.9706600143900761, 2.9346541955792187], [0.0, -0.9856340097050835, -0.16889523058002387, 1.6], [0.0, 0.0, 0.0, 1.0]]}, "target_region": {"type": "circle", "params": {"center": [2.464901999307415, 1.2105202146591891], "radius": 5.4148897094481425, "object_center": [2.464901999307415, 1.2105202146591891, 1.2999999979999999], "object_height": 2.600000004, "occupancy_ratio": 0.3, "fov_vertical": 90.0, "sample_distance": 5.4148897094481425, "min_distance": 2.600000004}, "sample_point": [-2.20583362930332, 3.9500930377675063, 1.5], "sample_forward": [0.861984861429859, -0.5055885171146857, -0.036910026111073094], "height": 1.5}, "sample_target": [-2.20583362930332, 3.9500930377675063, 1.5], "camera_params": {"forward": [0.861984861429859, -0.5055885171146857, -0.036910026111073094]}, "task_type": "screen_occupancy", "task_description": "Position where wardrobe occupies 30% of vertical FOV", "target_object": {"label": "wardrobe", "id": "129", "bbox_min": [1.6613517999999998, 0.9171202, -3.999999989900971e-09], "bbox_max": [3.2684521986148294, 1.5039202293183782, 2.6], "center": [2.464901999307415, 1.2105202146591891, 1.299999998]}}
{"scene_id": "0293_840751", "object_label": "wardrobe", "preset": "occupancy_50", "distance": 3.1384776359134507, "init_camera": {"intrinsics": [[320.0, 0.0, 320.0], [0.0, 320.0, 240.0], [0.0, 0.0, 1.0]], "extrinsics": [[-0.9848077530122081, 0.029328349006857157, -0.17115354963183732, 2.76891333849991], [0.1736481776669304, 0.16632933252199208, -0.9706600143900761, 2.9346541955792187], [0.0, -0.9856340097050835, -0.16889523058002387, 1.6], [0.0, 0.0, 0.0, 1.0]]}, "target_region": {"type": "circle", "params": {"center": [2.464901999307415, 1.2105202146591891], "radius": 3.1384776359134507, "object_center": [2.464901999307415, 1.2105202146591891, 1.2999999979999999], "object_height": 2.600000004, "occupancy_ratio": 0.5, "fov_vertical": 90.0, "sample_distance": 3.1384776359134507, "min_distance": 2.600000004}, "sample_point": [-0.10218991970558378, -0.5950492108869576, 1.5], "sample_forward": [0.8162860120274135, 0.5741364595874563, -0.06359616608540622], "height": 1.5}, "sample_target": [-0.10218991970558378, -0.5950492108869576, 1.5], "camera_params": {"forward": [0.8162860120274135, 0.5741364595874563, -0.06359616608540622]}, "task_type": "screen_occupancy", "task_description": "Position where wardrobe occupies 50% of vertical FOV", "target_object": {"label": "wardrobe", "id": "129", "bbox_min": [1.6613517999999998, 0.9171202, -3.999999989900971e-09], "bbox_max": [3.2684521986148294, 1.5039202293183782, 2.6], "center": [2.464901999307415, 1.2105202146591891, 1.299999998]}}
{"scene_id": "0293_840751", "object_label": "wardrobe", "preset": "occupancy_30", "distance": 5.4148897094481425, "init_camera": {"intrinsics": [[320.0, 0.0, 320.0], [0.0, 320.0, 240.0], [0.0, 0.0, 1.0]], "extrinsics": [[-0.8660254037844388, -0.06790767128260841, 0.49536708427283804, 1.3706947951307231], [-0.4999999999999999, 0.1176195368851638, -0.8580009583578095, 3.105742686301112], [0.0, -0.9907341685456764, -0.13581534256521685, 1.6], [0.0, 0.0, 0.0, 1.0]]}, "target_region": {"type": "circle", "params": {"center": [2.464901999307415, 1.2105202146591891], "radius": 5.4148897094481425, "object_center": [2.464901999307415, 1.2105202146591891, 1.2999999979999999], "object_height": 2.600000004, "occupancy_ratio": 0.3, "fov_vertical": 90.0, "sample_distance": 5.4148897094481425, "min_distance": 2.600000004}, "sample_point": [7.258629739230758, -1.307654704002504, 1.5], "sample_forward": [-0.8846830714028989, 0.464729505352967, -0.036910026111073094], "height": 1.5}, "sample_target": [7.258629739230758, -1.307654704002504, 1.5], "camera_params": {"forward": [-0.8846830714028989, 0.464729505352967, -0.036910026111073094]}, "task_type": "screen_occupancy", "task_description": "Position where wardrobe occupies 30% of vertical FOV", "target_object": {"label": "wardrobe", "id": "129", "bbox_min": [1.6613517999999998, 0.9171202, -3.999999989900971e-09], "bbox_max": [3.2684521986148294, 1.5039202293183782, 2.6], "center": [2.464901999307415, 1.2105202146591891, 1.299999998]}}
{"scene_id": "0293_840751", "object_label": "wardrobe", "preset": "left", "distance": 2.600000004, "init_camera": {"intrinsics": [[320.0, 0.0, 320.0], [0.0, 320.0, 240.0], [0.0, 0.0, 1.0]], "extrinsics": [[-0.5, -0.146267560260331, 0.8535840912385202, 0.9487240219938762], [-0.8660254037844387, 0.08444761529001191, -0.4928170048525417, 2.085885978000543], [0.0, -0.9856340097050835, -0.16889523058002381, 1.6], [0.0, 0.0, 0.0, 1.0]]}, "target_region": {"type": "circle", "params": {"center": [2.464901999307415, 1.2105202146591891], "radius": 2.600000004, "object_center": [2.464901999307415, 1.2105202146591891, 1.2999999979999999], "sample_distance": 2.600000004, "min_distance": 2.600000004, "requested_distance": 0.8}, "sample_point": [1.2690462324323275, -1.0981436858754028, 1.5], "sample_forward": [0.458589751723859, 0.8853321899568042, -0.07669649952989], "height": 1.5}, "sample_target": [1.2690462324323275, -1.0981436858754028, 1.5], "camera_params": {"forward": [0.458589751723859, 0.8853321899568042, -0.07669649952989]}, "task_type": "absolute_positioning", "task_description": "Move to any position 2.6m from wardrobe", "target_object": {"label": "wardrobe", "id": "129", "bbox_min": [1.6613517999999998, 0.9171202, -3.999999989900971e-09], "bbox_max": [3.2684521986148294, 1.5039202293183782, 2.6], "center": [2.464901999307415, 1.2105202146591891, 1.299999998]}}
{"scene_id": "0293_840751", "object_label": "wardrobe", "preset": "right", "distance": 2.600000004, "init_camera": {"intrinsics": [[320.0, 0.0, 320.0], [0.0, 320.0, 240.0], [0.0, 0.0, 1.0]], "extrinsics": [[-0.5, -0.146267560260331, 0.8535840912385202, 0.9487240219938762], [-0.8660254037844387, 0.08444761529001191, -0.4928170048525417, 2.085885978000543], [0.0, -0.9856340097050835, -0.16889523058002381, 1.6], [0.0, 0.0, 0.0, 1.0]]}, "target_region": {"type": "circle", "params": {"center": [2.464901999307415, 1.2105202146591891], "radius": 2.600000004, "object_center": [2.464901999307415, 1.2105202146591891, 1.2999999979999999], "sample_distance": 2.600000004, "min_distance": 2.600000004, "requested_distance": 1.0}, "sample_point": [2.275793677922944, 3.803633799441612, 1.5], "sample_forward": [0.07251973068561433, -0.9944136642369451, -0.07669649952989], "height": 1.5}, "sample_target": [2.275793677922944, 3.803633799441612, 1.5], "camera_params": {"forward": [0.07251973068561433, -0.9944136642369451, -0.07669649952989]}, "task_type": "absolute_positioning", "task_description": "Move to any position 2.6m from wardrobe", "target_object": {"label": "wardrobe", "id": "129", "bbox_min": [1.6613517999999998, 0.9171202, -3.999999989900971e-09], "bbox_max": [3.2684521986148294, 1.5039202293183782, 2.6], "center": [2.464901999307415, 1.2105202146591891, 1.299999998]}}
{"scene_id": "0293_840751", "object_label": "wardrobe", "preset": "left", "distance": 2.600000004, "init_camera": {"intrinsics": [[320.0, 0.0, 320.0], [0.0, 320.0, 240.0], [0.0, 0.0, 1.0]], "extrinsics": [[-0.5, -0.146267560260331, 0.8535840912385202, 0.9487240219938762], [-0.8660254037844387, 0.08444761529001191, -0.4928170048525417, 2.085885978000543], [0.0, -0.9856340097050835, -0.16889523058002381, 1.6], [0.0, 0.0, 0.0, 1.0]]}, "target_region": {"type": "circle", "params": {"center": [2.464901999307415, 1.2105202146591891], "radius": 2.600000004, "object_center": [2.464901999307415, 1.2105202146591891, 1.2999999979999999], "sample_distance": 2.600000004, "min_distance": 2.600000004, "requested_distance": 1.2}, "sample_point": [3.6225171268267524, -1.117553503533254, 1.5], "sample_forward": [-0.44392513597865046, 0.892775515236724, -0.07669649952989], "height": 1.5}, "sample_target": [3.6225171268267524, -1.117553503533254, 1.5], "camera_params": {"forward": [-0.44392513597865046, 0.892775515236724, -0.07669649952989]}, "task_type": "absolute_positioning", "task_description": "Move to any position 2.6m from wardrobe", "target_object": {"label": "wardrobe", "id": "129", "bbox_min": [1.6613517999999998, 0.9171202, -3.999999989900971e-09], "bbox_max": [3.2684521986148294, 1.5039202293183782, 2.6], "center": [2.464901999307415, 1.2105202146591891, 1.299999998]}}
{"scene_id": "0293_840751", "object_label": "wardrobe", "preset": "left", "distance": 2.600000004, "init_camera": {"intrinsics": [[320.0, 0.0, 320.0], [0.0, 320.0, 240.0], [0.0, 0.0, 1.0]], "extrinsics": [[-0.5, -0.146267560260331, 0.8535840912385202, 0.9487240219938762], [-0.8660254037844387, 0.08444761529001191, -0.4928170048525417, 2.085885978000543], [0.0, -0.9856340097050835, -0.16889523058002381, 1.6], [0.0, 0.0, 0.0, 1.0]]}, "target_region": {"type": "circle", "params": {"center": [2.464901999307415, 1.2105202146591891], "radius": 2.600000004, "object_center": [2.464901999307415, 1.2105202146591891, 1.2999999979999999], "sample_distance": 2.600000004, "min_distance": 2.600000004, "requested_distance": 1.5}, "sample_point": [0.9445342878773726, -0.8986222752738586, 1.5], "sample_forward": [0.5830344014944264, 0.8088192218499123, -0.07669649952989], "height": 1.5}, "sample_target": [0.9445342878773726, -0.8986222752738586, 1.5], "camera_params": {"forward": [0.5830344014944264, 0.8088192218499123, -0.07669649952989]}, "task_type": "absolute_positioning", "task_description": "Move to any position 2.6m from wardrobe", "target_object": {"label": "wardrobe", "id": "129", "bbox_min": [1.6613517999999998, 0.9171202, -3.999999989900971e-09], "bbox_max": [3.2684521986148294, 1.5039202293183782, 2.6], "center": [2.464901999307415, 1.2105202146591891, 1.299999998]}}
{"scene_id": "0293_840751", "object_label": "wardrobe", "preset": "occupancy_30", "distance": 5.4148897094481425, "init_camera": {"intrinsics": [[320.0, 0.0, 320.0], [0.0, 320.0, 240.0], [0.0, 0.0, 1.0]], "extrinsics": [[-0.5, -0.146267560260331, 0.8535840912385202, 0.9487240219938762], [-0.8660254037844387, 0.08444761529001191, -0.4928170048525417, 2.085885978000543], [0.0, -0.9856340097050835, -0.16889523058002381, 1.6], [0.0, 0.0, 0.0, 1.0]]}, "target_region": {"type": "circle", "params": {"center": [2.464901999307415, 1.2105202146591891], "radius": 5.4148897094481425, "object_center": [2.464901999307415, 1.2105202146591891, 1.2999999979999999], "object_height": 2.600000004, "occupancy_ratio": 0.3, "fov_vertical": 90.0, "sample_distance": 5.4148897094481425, "min_distance": 2.600000004}, "sample_point": [7.86904841837756, 0.8695920011908518, 1.5], "sample_forward": [-0.9973359172063464, 0.06291834567640567, -0.036910026111073094], "height": 1.5}, "sample_target": [7.86904841837756, 0.8695920011908518, 1.5], "camera_params": {"forward": [-0.9973359172063464, 0.06291834567640567, -0.036910026111073094]}, "task_type": "screen_occupancy", "task_description": "Position where wardrobe occupies 30% of vertical FOV", "target_object": {"label": "wardrobe", "id": "129", "bbox_min": [1.6613517999999998, 0.9171202, -3.999999989900971e-09], "bbox_max": [3.2684521986148294, 1.5039202293183782, 2.6], "center": [2.464901999307415, 1.2105202146591891, 1.299999998]}}
{"scene_id": "0293_840751", "object_label": "side table", "preset": "front", "distance": 1.5, "init_camera": {"intrinsics": [[320.0, 0.0, 320.0], [0.0, 320.0, 240.0], [0.0, 0.0, 1.0]], "extrinsics": [[-0.7660444431189781, 0.26278409189777246, -0.586617790568951, -2.580541112250768], [0.6427876096865391, 0.31317388559577747, -0.6991038593902256, -2.1788998455048176], [0.0, -0.9126152740483287, -0.40881947308524097, 0.6167456000000001], [0.0, 0.0, 0.0, 1.0]]}, "target_region": {"type": "circle", "params": {"center": [-3.0947712, -2.7917354000000003], "radius": 1.5, "object_center": [-3.0947712, -2.7917354000000003, 0.2583738000000001], "sample_distance": 1.5, "min_distance": 0.630665, "requested_distance": 1.5}, "sample_point": [-1.6979847775871102, -3.3385330683957246, 1.5], "sample_forward": [-0.7173262230591193, 0.28081050900414173, -0.6376429625931532], "height": 1.5}, "sample_target": [-1.6979847775871102, -3.3385330683957246, 1.5], "camera_params": {"forward": [-0.7173262230591193, 0.28081050900414173, -0.6376429625931532]}, "task_type": "absolute_positioning", "task_description": "Move to any position 1.5m from side table", "target_object": {"label": "side table", "id": "169", "bbox_min": [-3.4101036999999996, -3.1070679, 2.0000000000663933e-06], "bbox_max": [-2.7794386999999996, -2.4764029, 0.5167456000000001], "center": [-3.0947711999999994, -2.7917354000000003, 0.2583738000000001]}}
{"scene_id": "0293_840751", "object_label": "side table", "preset": "closer", "distance": 0.6999999999999998, "init_camera": {"intrinsics": [[320.0, 0.0, 320.0], [0.0, 320.0, 240.0], [0.0, 0.0, 1.0]], "extrinsics": [[-0.7660444431189781, 0.26278409189777246, -0.586617790568951, -2.580541112250768], [0.6427876096865391, 0.31317388559577747, -0.6991038593902256, -2.1788998455048176], [0.0, -0.9126152740483287, -0.40881947308524097, 0.6167456000000001], [0.0, 0.0, 0.0, 1.0]]}, "target_region": {"type": "point", "params": {"delta": 1.5, "start_position": [-2.580541112250768, -2.1788998455048176, 0.6167456000000001], "sample_distance": 0.6999999999999998, "min_distance": 0.630665, "min_distance_enforced": true}, "sample_point": [-3.544722526780577, -3.327966510183285, 0.6167456000000001], "sample_forward": [0.5721634881153009, 0.6818778925126449, -0.4557098666588711], "height": 0.6167456000000001}, "sample_target": [-3.544722526780577, -3.327966510183285, 0.6167456000000001], "camera_params": {"forward": [0.5721634881153009, 0.6818778925126449, -0.4557098666588711]}, "task_type": "delta_control", "task_description": "Move 1.5m toward side table", "target_object": {"label": "side table", "id": "169", "bbox_min": [-3.4101036999999996, -3.1070679, 2.0000000000663933e-06], "bbox_max": [-2.7794386999999996, -2.4764029, 0.5167456000000001], "center": [-3.0947711999999994, -2.7917354000000003, 0.2583738000000001]}}
{"scene_id": "0293_840751", "object_label": "side table", "preset": "occupancy_20", "distance": 1.6312953435993178, "init_camera": {"intrinsics": [[320.0, 0.0, 320.0], [0.0, 320.0, 240.0], [0.0, 0.0, 1.0]], "extrinsics": [[-0.7660444431189781, 0.26278409189777246, -0.586617790568951, -2.580541112250768], [0.6427876096865391, 0.31317388559577747, -0.6991038593902256, -2.1788998455048176], [0.0, -0.9126152740483287, -0.40881947308524097, 0.6167456000000001], [0.0, 0.0, 0.0, 1.0]]}, "target_region": {"type": "circle", "params": {"center": [-3.0947712, -2.7917354000000003], "radius": 1.6312953435993178, "object_center": [-3.0947712, -2.7917354000000003, 0.2583738000000001], "object_height": 0.5167436000000001, "occupancy_ratio": 0.2, "fov_vertical": 90.0, "sample_distance": 1.6312953435993178, "min_distance": 0.630665}, "sample_point": [-4.722079629438989, -2.6777539386756866, 1.5], "sample_forward": [0.7937844242500072, -0.05559899218594135, -0.6056525735815809], "height": 1.5}, "sample_target": [-4.722079629438989, -2.6777539386756866, 1.5], "camera_params": {"forward": [0.7937844242500072, -0.05559899218594135, -0.6056525735815809]}, "task_type": "screen_occupancy", "task_description": "Position where side table occupies 20% of vertical FOV", "target_object": {"label": "side table", "id": "169", "bbox_min": [-3.4101036999999996, -3.1070679, 2.0000000000663933e-06], "bbox_max": [-2.7794386999999996, -2.4764029, 0.5167456000000001], "center": [-3.0947711999999994, -2.7917354000000003, 0.2583738000000001]}}
{"scene_id": "0293_840751", "object_label": "side table", "preset": "occupancy_30", "distance": 1.0761959991378476, "init_camera": {"intrinsics": [[320.0, 0.0, 320.0], [0.0, 320.0, 240.0], [0.0, 0.0, 1.0]], "extrinsics": [[-0.7660444431189781, 0.26278409189777246, -0.586617790568951, -2.580541112250768], [0.6427876096865391, 0.31317388559577747, -0.6991038593902256, -2.1788998455048176], [0.0, -0.9126152740483287, -0.40881947308524097, 0.6167456000000001], [0.0, 0.0, 0.0, 1.0]]}, "target_region": {"type": "circle", "params": {"center": [-3.0947712, -2.7917354000000003], "radius": 1.0761959991378476, "object_center": [-3.0947712, -2.7917354000000003, 0.2583738000000001], "object_height": 0.5167436000000001, "occupancy_ratio": 0.3, "fov_vertical": 90.0, "sample_distance": 1.0761959991378476, "min_distance": 0.630665}, "sample_point": [-2.281691006259742, -3.4967874740396523, 1.5], "sample_forward": [-0.49484011044010656, 0.42909426261988304, -0.7556529487048416], "height": 1.5}, "sample_target": [-2.281691006259742, -3.4967874740396523, 1.5], "camera_params": {"forward": [-0.49484011044010656, 0.42909426261988304, -0.7556529487048416]}, "task_type": "screen_occupancy", "task_description": "Position where side table occupies 30% of vertical FOV", "target_object": {"label": "side table", "id": "169", "bbox_min": [-3.4101036999999996, -3.1070679, 2.0000000000663933e-06], "bbox_max": [-2.7794386999999996, -2.4764029, 0.5167456000000001], "center": [-3.0947711999999994, -2.7917354000000003, 0.2583738000000001]}}
{"scene_id": "0293_840751", "object_label": "side table", "preset": "occupancy_50", "distance": 0.630665, "init_camera": {"intrinsics": [[320.0, 0.0, 320.0], [0.0, 320.0, 240.0], [0.0, 0.0, 1.0]], "extrinsics": [[-0.7660444431189781, 0.26278409189777246, -0.586617790568951, -2.580541112250768], [0.6427876096865391, 0.31317388559577747, -0.6991038593902256, -2.1788998455048176], [0.0, -0.9126152740483287, -0.40881947308524097, 0.6167456000000001], [0.0, 0.0, 0.0, 1.0]]}, "target_region": {"type": "circle", "params": {"center": [-3.0947712, -2.7917354000000003], "radius": 0.630665, "object_center": [-3.0947712, -2.7917354000000003, 0.2583738000000001], "object_height": 0.5167436000000001, "occupancy_ratio": 0.5, "fov_vertical": 90.0, "sample_distance": 0.630665, "min_distance": 0.630665}, "sample_point": [-3.633991471707486, -2.4646576710047277, 1.5], "sample_forward": [0.38720007306221293, -0.23486602267930654, -0.8915795280351722], "height": 1.5}, "sample_target": [-3.633991471707486, -2.4646576710047277, 1.5], "camera_params": {"forward": [0.38720007306221293, -0.23486602267930654, -0.8915795280351722]}, "task_type": "screen_occupancy", "task_description": "Position where side table occupies 50% of vertical FOV", "target_object": {"label": "side table", "id": "169", "bbox_min": [-3.4101036999999996, -3.1070679, 2.0000000000663933e-06], "bbox_max": [-2.7794386999999996, -2.4764029, 0.5167456000000001], "center": [-3.0947711999999994, -2.7917354000000003, 0.2583738000000001]}}
