{"scene_id": "0057_839904", "object_label": "wardrobe", "preset": "occupancy_20", "distance": 7.576501821335824, "init_camera": {"intrinsics": [[320.0, 0.0, 320.0], [0.0, 320.0, 240.0], [0.0, 0.0, 1.0]], "extrinsics": [[-0.8660254037844386, 0.10521337847289189, -0.48880481277327886, -0.5988271972772281], [0.5000000000000002, 0.18223491715102225, -0.8466347707075111, -5.964943624717806], [0.0, -0.9776096255465575, -0.2104267569457837, 1.6], [0.0, 0.0, 0.0, 1.0]]}, "target_region": {"type": "circle", "params": {"center": [-1.5279957499999988, -7.5743107668288845], "radius": 7.576501821335824, "object_center": [-1.5279957499999988, -7.5743107668288845, 1.1999999998032989], "object_height": 2.4000000011802083, "occupancy_ratio": 0.2, "fov_vertical": 90.0, "sample_distance": 7.576501821335824, "min_distance": 2.4000000011802083}, "sample_point": [-7.520150933015442, -12.210845691895901, 1.5], "sample_forward": [0.7902675185174319, 0.6114833207487502, -0.03956510612119524], "height": 1.5}, "sample_target": [-7.520150933015442, -12.210845691895901, 1.5], "camera_params": {"forward": [0.7902675185174319, 0.6114833207487502, -0.03956510612119524]}, "task_type": "screen_occupancy", "task_description": "Position where wardrobe occupies 20% of vertical FOV", "target_object": {"label": "wardrobe", "id": "41", "bbox_min": [-1.7129958003934025, -8.69431103365777, -7.868052307458129e-10], "bbox_max": [-1.3429956996065948, -6.4543105, 2.400000000393403], "center": [-1.5279957499999988, -7.574310766828885, 1.1999999998032989]}}
{"scene_id": "0057_839904", "object_label": "wardrobe", "preset": "occupancy_30", "distance": 4.998359726566462, "init_camera": {"intrinsics": [[320.0, 0.0, 320.0], [0.0, 320.0, 240.0], [0.0, 0.0, 1.0]], "extrinsics": [[-0.8660254037844386, 0.10521337847289189, -0.48880481277327886, -0.5988271972772281], [0.5000000000000002, 0.18223491715102225, -0.8466347707075111, -5.964943624717806], [0.0, -0.9776096255465575, -0.2104267569457837, 1.6], [0.0, 0.0, 0.0, 1.0]]}, "target_region": {"type": "circle", "params": {"center": [-1.5279957499999988, -7.5743107668288845], "radius": 4.998359726566462, "object_center": [-1.5279957499999988, -7.5743107668288845, 1.1999999998032989], "object_height": 2.4000000011802083, "occupancy_ratio": 0.3, "fov_vertical": 90.0, "sample_distance": 4.998359726566462, "min_distance": 2.4000000011802083}, "sample_point": [-5.915151129013742, -5.179218360145515, 1.5], "sample_forward": [0.8761423428499946, -0.4783149196337653, -0.05991187462487939], "height": 1.5}, "sample_target": [-5.915151129013742, -5.179218360145515, 1.5], "camera_params": {"forward": [0.8761423428499946, -0.4783149196337653, -0.05991187462487939]}, "task_type": "screen_occupancy", "task_description": "Position where wardrobe occupies 30% of vertical FOV", "target_object": {"label": "wardrobe", "id": "41", "bbox_min": [-1.7129958003934025, -8.69431103365777, -7.868052307458129e-10], "bbox_max": [-1.3429956996065948, -6.4543105, 2.400000000393403], "center": [-1.5279957499999988, -7.574310766828885, 1.1999999998032989]}}
{"scene_id": "0057_839904", "object_label": "wardrobe", "preset": "occupancy_50", "distance": 2.8970562762723517, "init_camera": {"intrinsics": [[320.0, 0.0, 320.0], [0.0, 320.0, 240.0], [0.0, 0.0, 1.0]], "extrinsics": [[-0.8660254037844386, 0.10521337847289189, -0.48880481277327886, -0.5988271972772281], [0.5000000000000002, 0.18223491715102225, -0.8466347707075111, -5.964943624717806], [0.0, -0.9776096255465575, -0.2104267569457837, 1.6], [0.0, 0.0, 0.0, 1.0]]}, "target_region": {"type": "circle", "params": {"center": [-1.5279957499999988, -7.5743107668288845], "radius": 2.8970562762723517, "object_center": [-1.5279957499999988, -7.5743107668288845, 1.1999999998032989], "object_height": 2.4000000011802083, "occupancy_ratio": 0.5, "fov_vertical": 90.0, "sample_distance": 2.8970562762723517, "min_distance": 2.4000000011802083}, "sample_point": [0.36005184372900323, -9.771629895153932, 1.5], "sample_forward": [-0.6482460309699689, 0.7544319372256002, -0.10300259912114], "height": 1.5}, "sample_target": [0.36005184372900323, -9.771629895153932, 1.5], "camera_params": {"forward": [-0.6482460309699689, 0.7544319372256002, -0.10300259912114]}, "task_type": "screen_occupancy", "task_description": "Position where wardrobe occupies 50% of vertical FOV", "target_object": {"label": "wardrobe", "id": "41", "bbox_min": [-1.7129958003934025, -8.69431103365777, -7.868052307458129e-10], "bbox_max": [-1.3429956996065948, -6.4543105, 2.400000000393403], "center": [-1.5279957499999988, -7.574310766828885, 1.1999999998032989]}}
{"scene_id": "0057_839904", "object_label": "wardrobe", "preset": "occupancy_20", "distance": 7.576501821335824, "init_camera": {"intrinsics": [[320.0, 0.0, 320.0], [0.0, 320.0, 240.0], [0.0, 0.0, 1.0]], "extrinsics": [[-0.766044443118978, 0.10908066745469497, -0.6334645366191964, -0.034850667498571575], [0.6427876096865395, 0.12999727732170702, -0.7549336372969536, -5.794849750493432], [0.0, -0.985495873089574, -0.16969939340910606, 1.6], [0.0, 0.0, 0.0, 1.0]]}, "target_region": {"type": "circle", "params": {"center": [-1.5279957499999988, -7.5743107668288845], "radius": 7.576501821335824, "object_center": [-1.5279957499999988, -7.5743107668288845, 1.1999999998032989], "object_height": 2.4000000011802083, "occupancy_ratio": 0.2, "fov_vertical": 90.0, "sample_distance": 7.576501821335824, "min_distance": 2.4000000011802083}, "sample_point": [-4.035828319912934, -0.42489431162158287, 1.5], "sample_forward": [0.33074220565912565, -0.9428914018980952, -0.03956510612119524], "height": 1.5}, "sample_target": [-4.035828319912934, -0.42489431162158287, 1.5], "camera_params": {"forward": [0.33074220565912565, -0.9428914018980952, -0.03956510612119524]}, "task_type": "screen_occupancy", "task_description": "Position where wardrobe occupies 20% of vertical FOV", "target_object": {"label": "wardrobe", "id": "41", "bbox_min": [-1.7129958003934025, -8.69431103365777, -7.868052307458129e-10], "bbox_max": [-1.3429956996065948, -6.4543105, 2.400000000393403], "center": [-1.5279957499999988, -7.574310766828885, 1.1999999998032989]}}
{"scene_id": "0057_839904", "object_label": "wardrobe", "preset": "occupancy_30", "distance": 4.998359726566462, "init_camera": {"intrinsics": [[320.0, 0.0, 320.0], [0.0, 320.0, 240.0], [0.0, 0.0, 1.0]], "extrinsics": [[-0.766044443118978, 0.10908066745469497, -0.6334645366191964, -0.034850667498571575], [0.6427876096865395, 0.12999727732170702, -0.7549336372969536, -5.794849750493432], [0.0, -0.985495873089574, -0.16969939340910606, 1.6], [0.0, 0.0, 0.0, 1.0]]}, "target_region": {"type": "circle", "params": {"center": [-1.5279957499999988, -7.5743107668288845], "radius": 4.998359726566462, "object_center": [-1.5279957499999988, -7.5743107668288845, 1.1999999998032989], "object_height": 2.4000000011802083, "occupancy_ratio": 0.3, "fov_vertical": 90.0, "sample_distance": 4.998359726566462, "min_distance": 2.4000000011802083}, "sample_point": [3.357725999204032, -8.62945196378608, 1.5], "sample_forward": [-0.9757091623281172, 0.21071829020732039, -0.05991187462487938], "height": 1.5}, "sample_target": [3.357725999204032, -8.62945196378608, 1.5], "camera_params": {"forward": [-0.9757091623281172, 0.21071829020732039, -0.05991187462487938]}, "task_type": "screen_occupancy", "task_description": "Position where wardrobe occupies 30% of vertical FOV", "target_object": {"label": "wardrobe", "id": "41", "bbox_min": [-1.7129958003934025, -8.69431103365777, -7.868052307458129e-10], "bbox_max": [-1.3429956996065948, -6.4543105, 2.400000000393403], "center": [-1.5279957499999988, -7.574310766828885, 1.1999999998032989]}}
{"scene_id": "0057_839904", "object_label": "wardrobe", "preset": "occupancy_20", "distance": 7.576501821335824, "init_camera": {"intrinsics": [[320.0, 0.0, 320.0], [0.0, 320.0, 240.0], [0.0, 0.0, 1.0]], "extrinsics": [[-0.9848077530122081, -0.029467990416674746, 0.1711295624602849, -1.931366814814319], [-0.17364817766693028, 0.16712127831075646, -0.9705239763801474, -5.286679780387593], [0.0, -0.9854958730895739, -0.16969939340910606, 1.6], [0.0, 0.0, 0.0, 1.0]]}, "target_region": {"type": "circle", "params": {"center": [-1.5279957499999988, -7.5743107668288845], "radius": 7.576501821335824, "object_center": [-1.5279957499999988, -7.5743107668288845, 1.1999999998032989], "object_height": 2.4000000011802083, "occupancy_ratio": 0.2, "fov_vertical": 90.0, "sample_distance": 7.576501821335824, "min_distance": 2.4000000011802083}, "sample_point": [0.21234270611154638, -0.20039715824325555, 1.5], "sample_forward": [-0.2295222521923436, -0.9724989142030817, -0.03956510612119524], "height": 1.5}, "sample_target": [0.21234270611154638, -0.20039715824325555, 1.5], "camera_params": {"forward": [-0.2295222521923436, -0.9724989142030817, -0.03956510612119524]}, "task_type": "screen_occupancy", "task_description": "Position where wardrobe occupies 20% of vertical FOV", "target_object": {"label": "wardrobe", "id": "41", "bbox_min": [-1.7129958003934025, -8.69431103365777, -7.868052307458129e-10], "bbox_max": [-1.3429956996065948, -6.4543105, 2.400000000393403], "center": [-1.5279957499999988, -7.574310766828885, 1.1999999998032989]}}
{"scene_id": "0057_839904", "object_label": "wardrobe", "preset": "occupancy_30", "distance": 4.998359726566462, "init_camera": {"intrinsics": [[320.0, 0.0, 320.0], [0.0, 320.0, 240.0], [0.0, 0.0, 1.0]], "extrinsics": [[-0.9848077530122081, -0.029467990416674746, 0.1711295624602849, -1.931366814814319], [-0.17364817766693028, 0.16712127831075646, -0.9705239763801474, -5.286679780387593], [0.0, -0.9854958730895739, -0.16969939340910606, 1.6], [0.0, 0.0, 0.0, 1.0]]}, "target_region": {"type": "circle", "params": {"center": [-1.5279957499999988, -7.5743107668288845], "radius": 4.998359726566462, "object_center": [-1.5279957499999988, -7.5743107668288845, 1.1999999998032989], "object_height": 2.4000000011802083, "occupancy_ratio": 0.3, "fov_vertical": 90.0, "sample_distance": 4.998359726566462, "min_distance": 2.4000000011802083}, "sample_point": [-3.529848870027589, -12.154287190567041, 1.5], "sample_forward": [0.399782576886263, 0.9146499103466373, -0.05991187462487938], "height": 1.5}, "sample_target": [-3.529848870027589, -12.154287190567041, 1.5], "camera_params": {"forward": [0.399782576886263, 0.9146499103466373, -0.05991187462487938]}, "task_type": "screen_occupancy", "task_description": "Position where wardrobe occupies 30% of vertical FOV", "target_object": {"label": "wardrobe", "id": "41", "bbox_min": [-1.7129958003934025, -8.69431103365777, -7.868052307458129e-10], "bbox_max": [-1.3429956996065948, -6.4543105, 2.400000000393403], "center": [-1.5279957499999988, -7.574310766828885, 1.1999999998032989]}}
{"scene_id": "0057_839904", "object_label": "wardrobe", "preset": "occupancy_50", "distance": 2.8970562762723517, "init_camera": {"intrinsics": [[320.0, 0.0, 320.0], [0.0, 320.0, 240.0], [0.0, 0.0, 1.0]], "extrinsics": [[-0.9848077530122081, -0.029467990416674746, 0.1711295624602849, -1.931366814814319], [-0.17364817766693028, 0.16712127831075646, -0.9705239763801474, -5.286679780387593], [0.0, -0.9854958730895739, -0.16969939340910606, 1.6], [0.0, 0.0, 0.0, 1.0]]}, "target_region": {"type": "circle", "params": {"center": [-1.5279957499999988, -7.5743107668288845], "radius": 2.8970562762723517, "object_center": [-1.5279957499999988, -7.5743107668288845, 1.1999999998032989], "object_height": 2.4000000011802083, "occupancy_ratio": 0.5, "fov_vertical": 90.0, "sample_distance": 2.8970562762723517, "min_distance": 2.4000000011802083}, "sample_point": [0.6322090007515082, -5.643909123978453, 1.5], "sample_forward": [-0.7416890127178284, -0.6627879547698062, -0.10300259912113999], "height": 1.5}, "sample_target": [0.6322090007515082, -5.643909123978453, 1.5], "camera_params": {"forward": [-0.7416890127178284, -0.6627879547698062, -0.10300259912113999]}, "task_type": "screen_occupancy", "task_description": "Position where wardrobe occupies 50% of vertical FOV", "target_object": {"label": "wardrobe", "id": "41", "bbox_min": [-1.7129958003934025, -8.69431103365777, -7.868052307458129e-10], "bbox_max": [-1.3429956996065948, -6.4543105, 2.400000000393403], "center": [-1.5279957499999988, -7.574310766828885, 1.1999999998032989]}}
{"scene_id": "0057_839904", "object_label": "wardrobe", "preset": "occupancy_20", "distance": 7.576501821335824, "init_camera": {"intrinsics": [[320.0, 0.0, 320.0], [0.0, 320.0, 240.0], [0.0, 0.0, 1.0]], "extrinsics": [[-0.9396926207859083, 0.0580406108560615, -0.33705943976095115, -0.7335098460601333], [0.34202014332566877, 0.15946526773838177, -0.9260631997572386, -5.391478685679111], [0.0, -0.9854958730895739, -0.16969939340910603, 1.6], [0.0, 0.0, 0.0, 1.0]]}, "target_region": {"type": "circle", "params": {"center": [-1.5279957499999988, -7.5743107668288845], "radius": 7.576501821335824, "object_center": [-1.5279957499999988, -7.5743107668288845, 1.1999999998032989], "object_height": 2.4000000011802083, "occupancy_ratio": 0.2, "fov_vertical": 90.0, "sample_distance": 7.576501821335824, "min_distance": 2.4000000011802083}, "sample_point": [5.5000679260015595, -10.404452250001153, 1.5], "sample_forward": [-0.9268869499506647, 0.3732494934876303, -0.03956510612119524], "height": 1.5}, "sample_target": [5.5000679260015595, -10.404452250001153, 1.5], "camera_params": {"forward": [-0.9268869499506647, 0.3732494934876303, -0.03956510612119524]}, "task_type": "screen_occupancy", "task_description": "Position where wardrobe occupies 20% of vertical FOV", "target_object": {"label": "wardrobe", "id": "41", "bbox_min": [-1.7129958003934025, -8.69431103365777, -7.868052307458129e-10], "bbox_max": [-1.3429956996065948, -6.4543105, 2.400000000393403], "center": [-1.5279957499999988, -7.574310766828885, 1.1999999998032989]}}
{"scene_id": "0057_839904", "object_label": "wardrobe", "preset": "occupancy_30", "distance": 4.998359726566462, "init_camera": {"intrinsics": [[320.0, 0.0, 320.0], [0.0, 320.0, 240.0], [0.0, 0.0, 1.0]], "extrinsics": [[-0.9396926207859083, 0.0580406108560615, -0.33705943976095115, -0.7335098460601333], [0.34202014332566877, 0.15946526773838177, -0.9260631997572386, -5.391478685679111], [0.0, -0.9854958730895739, -0.16969939340910603, 1.6], [0.0, 0.0, 0.0, 1.0]]}, "target_region": {"type": "circle", "params": {"center": [-1.5279957499999988, -7.5743107668288845], "radius": 4.998359726566462, "object_center": [-1.5279957499999988, -7.5743107668288845, 1.1999999998032989], "object_height": 2.4000000011802083, "occupancy_ratio": 0.3, "fov_vertical": 90.0, "sample_distance": 4.998359726566462, "min_distance": 2.4000000011802083}, "sample_point": [1.1641877017042814, -3.3629275951700555, 1.5], "sample_forward": [-0.5376458577330877, -0.8410395347077242, -0.05991187462487939], "height": 1.5}, "sample_target": [1.1641877017042814, -3.3629275951700555, 1.5], "camera_params": {"forward": [-0.5376458577330877, -0.8410395347077242, -0.05991187462487939]}, "task_type": "screen_occupancy", "task_description": "Position where wardrobe occupies 30% of vertical FOV", "target_object": {"label": "wardrobe", "id": "41", "bbox_min": [-1.7129958003934025, -8.69431103365777, -7.868052307458129e-10], "bbox_max": [-1.3429956996065948, -6.4543105, 2.400000000393403], "center": [-1.5279957499999988, -7.574310766828885, 1.1999999998032989]}}
{"scene_id": "0057_839904", "object_label": "wardrobe", "preset": "occupancy_50", "distance": 2.8970562762723517, "init_camera": {"intrinsics": [[320.0, 0.0, 320.0], [0.0, 320.0, 240.0], [0.0, 0.0, 1.0]], "extrinsics": [[-0.9396926207859083, 0.0580406108560615, -0.33705943976095115, -0.7335098460601333], [0.34202014332566877, 0.15946526773838177, -0.9260631997572386, -5.391478685679111], [0.0, -0.9854958730895739, -0.16969939340910603, 1.6], [0.0, 0.0, 0.0, 1.0]]}, "target_region": {"type": "circle", "params": {"center": [-1.5279957499999988, -7.5743107668288845], "radius": 2.8970562762723517, "object_center": [-1.5279957499999988, -7.5743107668288845, 1.1999999998032989], "object_height": 2.4000000011802083, "occupancy_ratio": 0.5, "fov_vertical": 90.0, "sample_distance": 2.8970562762723517, "min_distance": 2.4000000011802083}, "sample_point": [-0.5252254550246285, -10.292285528191476, 1.5], "sample_forward": [-0.3442931554540416, 0.9331948819414886, -0.10300259912113997], "height": 1.5}, "sample_target": [-0.5252254550246285, -10.292285528191476, 1.5], "camera_params": {"forward": [-0.3442931554540416, 0.9331948819414886, -0.10300259912113997]}, "task_type": "screen_occupancy", "task_description": "Position where wardrobe occupies 50% of vertical FOV", "target_object": {"label": "wardrobe", "id": "41", "bbox_min": [-1.7129958003934025, -8.69431103365777, -7.868052307458129e-10], "bbox_max": [-1.3429956996065948, -6.4543105, 2.400000000393403], "center": [-1.5279957499999988, -7.574310766828885, 1.1999999998032989]}}
{"scene_id": "0057_839904", "object_label": "wardrobe", "preset": "closer", "distance": 2.519797796349003, "init_camera": {"intrinsics": [[320.0, 0.0, 320.0], [0.0, 320.0, 240.0], [0.0, 0.0, 1.0]], "extrinsics": [[-0.6427876096865391, 0.10059101447873127, -0.7594113092650154, 0.7853035712360912], [0.7660444431189781, 0.08440588314885179, -0.6372217495161295, -5.633222159577031], [0.0, -0.9913410587159205, -0.13131224354186452, 1.6], [0.0, 0.0, 0.0, 1.0]]}, "target_region": {"type": "point", "params": {"delta": 0.5, "start_position": [0.7853035712360912, -5.633222159577031, 1.6], "sample_distance": 2.519797796349003, "min_distance": 2.4000000011802083, "min_distance_enforced": false}, "sample_point": [0.40228134967660206, -5.9546159644203005, 1.6], "sample_forward": [-0.756571216282499, -0.6348386285419905, -0.15677981503926072], "height": 1.6}, "sample_target": [0.40228134967660206, -5.9546159644203005, 1.6], "camera_params": {"forward": [-0.756571216282499, -0.6348386285419905, -0.15677981503926072]}, "task_type": "delta_control", "task_description": "Move 0.5m toward wardrobe", "target_object": {"label": "wardrobe", "id": "41", "bbox_min": [-1.7129958003934025, -8.69431103365777, -7.868052307458129e-10], "bbox_max": [-1.3429956996065948, -6.4543105, 2.400000000393403], "center": [-1.5279957499999988, -7.574310766828885, 1.1999999998032989]}}
{"scene_id": "0057_839904", "object_label": "wardrobe", "preset": "closer", "distance": 2.4000000011802083, "init_camera": {"intrinsics": [[320.0, 0.0, 320.0], [0.0, 320.0, 240.0], [0.0, 0.0, 1.0]], "extrinsics": [[-0.6427876096865391, 0.10059101447873127, -0.7594113092650154, 0.7853035712360912], [0.7660444431189781, 0.08440588314885179, -0.6372217495161295, -5.633222159577031], [0.0, -0.9913410587159205, -0.13131224354186452, 1.6], [0.0, 0.0, 0.0, 1.0]]}, "target_region": {"type": "point", "params": {"delta": 0.7, "start_position": [0.7853035712360912, -5.633222159577031, 1.6], "sample_distance": 2.4000000011802083, "min_distance": 2.4000000011802083, "min_distance_enforced": true}, "sample_point": [0.3105109143896411, -6.031620502822568, 1.6], "sample_forward": [-0.7556215840779386, -0.6340417925093896, -0.16439898730535724], "height": 1.6}, "sample_target": [0.3105109143896411, -6.031620502822568, 1.6], "camera_params": {"forward": [-0.7556215840779386, -0.6340417925093896, -0.16439898730535724]}, "task_type": "delta_control", "task_description": "Move 0.7m toward wardrobe", "target_object": {"label": "wardrobe", "id": "41", "bbox_min": [-1.7129958003934025, -8.69431103365777, -7.868052307458129e-10], "bbox_max": [-1.3429956996065948, -6.4543105, 2.400000000393403], "center": [-1.5279957499999988, -7.574310766828885, 1.1999999998032989]}}
{"scene_id": "0057_839904", "object_label": "wardrobe", "preset": "closer", "distance": 2.4000000011802083, "init_camera": {"intrinsics": [[320.0, 0.0, 320.0], [0.0, 320.0, 240.0], [0.0, 0.0, 1.0]], "extrinsics": [[-0.6427876096865391, 0.10059101447873127, -0.7594113092650154, 0.7853035712360912], [0.7660444431189781, 0.08440588314885179, -0.6372217495161295, -5.633222159577031], [0.0, -0.9913410587159205, -0.13131224354186452, 1.6], [0.0, 0.0, 0.0, 1.0]]}, "target_region": {"type": "point", "params": {"delta": 1.0, "start_position": [0.7853035712360912, -5.633222159577031, 1.6], "sample_distance": 2.4000000011802083, "min_distance": 2.4000000011802083, "min_distance_enforced": true}, "sample_point": [0.3105109143896411, -6.031620502822568, 1.6], "sample_forward": [-0.7556215840779386, -0.6340417925093896, -0.16439898730535724], "height": 1.6}, "sample_target": [0.3105109143896411, -6.031620502822568, 1.6], "camera_params": {"forward": [-0.7556215840779386, -0.6340417925093896, -0.16439898730535724]}, "task_type": "delta_control", "task_description": "Move 1.0m toward wardrobe", "target_object": {"label": "wardrobe", "id": "41", "bbox_min": [-1.7129958003934025, -8.69431103365777, -7.868052307458129e-10], "bbox_max": [-1.3429956996065948, -6.4543105, 2.400000000393403], "center": [-1.5279957499999988, -7.574310766828885, 1.1999999998032989]}}
{"scene_id": "0057_839904", "object_label": "wardrobe", "preset": "closer", "distance": 2.4000000011802083, "init_camera": {"intrinsics": [[320.0, 0.0, 320.0], [0.0, 320.0, 240.0], [0.0, 0.0, 1.0]], "extrinsics": [[-0.6427876096865391, 0.10059101447873127, -0.7594113092650154, 0.7853035712360912], [0.7660444431189781, 0.08440588314885179, -0.6372217495161295, -5.633222159577031], [0.0, -0.9913410587159205, -0.13131224354186452, 1.6], [0.0, 0.0, 0.0, 1.0]]}, "target_region": {"type": "point", "params": {"delta": 1.5, "start_position": [0.7853035712360912, -5.633222159577031, 1.6], "sample_distance": 2.4000000011802083, "min_distance": 2.4000000011802083, "min_distance_enforced": true}, "sample_point": [0.3105109143896411, -6.031620502822568, 1.6], "sample_forward": [-0.7556215840779386, -0.6340417925093896, -0.16439898730535724], "height": 1.6}, "sample_target": [0.3105109143896411, -6.031620502822568, 1.6], "camera_params": {"forward": [-0.7556215840779386, -0.6340417925093896, -0.16439898730535724]}, "task_type": "delta_control", "task_description": "Move 1.5m toward wardrobe", "target_object": {"label": "wardrobe", "id": "41", "bbox_min": [-1.7129958003934025, -8.69431103365777, -7.868052307458129e-10], "bbox_max": [-1.3429956996065948, -6.4543105, 2.400000000393403], "center": [-1.5279957499999988, -7.574310766828885, 1.1999999998032989]}}
{"scene_id": "0057_839904", "object_label": "wardrobe", "preset": "occupancy_20", "distance": 7.576501821335824, "init_camera": {"intrinsics": [[320.0, 0.0, 320.0], [0.0, 320.0, 240.0], [0.0, 0.0, 1.0]], "extrinsics": [[-0.6427876096865391, 0.10059101447873127, -0.7594113092650154, 0.7853035712360912], [0.7660444431189781, 0.08440588314885179, -0.6372217495161295, -5.633222159577031], [0.0, -0.9913410587159205, -0.13131224354186452, 1.6], [0.0, 0.0, 0.0, 1.0]]}, "target_region": {"type": "circle", "params": {"center": [-1.5279957499999988, -7.5743107668288845], "radius": 7.576501821335824, "object_center": [-1.5279957499999988, -7.5743107668288845, 1.1999999998032989], "object_height": 2.4000000011802083, "occupancy_ratio": 0.2, "fov_vertical": 90.0, "sample_distance": 7.576501821335824, "min_distance": 2.4000000011802083}, "sample_point": [3.670510941984764, -2.0626043140055224, 1.5], "sample_forward": [-0.685598229350876, -0.7269041685728335, -0.03956510612119524], "height": 1.5}, "sample_target": [3.670510941984764, -2.0626043140055224, 1.5], "camera_params": {"forward": [-0.685598229350876, -0.7269041685728335, -0.03956510612119524]}, "task_type": "screen_occupancy", "task_description": "Position where wardrobe occupies 20% of vertical FOV", "target_object": {"label": "wardrobe", "id": "41", "bbox_min": [-1.7129958003934025, -8.69431103365777, -7.868052307458129e-10], "bbox_max": [-1.3429956996065948, -6.4543105, 2.400000000393403], "center": [-1.5279957499999988, -7.574310766828885, 1.1999999998032989]}}
{"scene_id": "0057_839904", "object_label": "wardrobe", "preset": "occupancy_30", "distance": 4.998359726566462, "init_camera": {"intrinsics": [[320.0, 0.0, 320.0], [0.0, 320.0, 240.0], [0.0, 0.0, 1.0]], "extrinsics": [[-0.6427876096865391, 0.10059101447873127, -0.7594113092650154, 0.7853035712360912], [0.7660444431189781, 0.08440588314885179, -0.6372217495161295, -5.633222159577031], [0.0, -0.9913410587159205, -0.13131224354186452, 1.6], [0.0, 0.0, 0.0, 1.0]]}, "target_region": {"type": "circle", "params": {"center": [-1.5279957499999988, -7.5743107668288845], "radius": 4.998359726566462, "object_center": [-1.5279957499999988, -7.5743107668288845, 1.1999999998032989], "object_height": 2.4000000011802083, "occupancy_ratio": 0.3, "fov_vertical": 90.0, "sample_distance": 4.998359726566462, "min_distance": 2.4000000011802083}, "sample_point": [3.381869833715305, -6.6379241447493404, 1.5], "sample_forward": [-0.9805308369456331, -0.18700225955220132, -0.05991187462487938], "height": 1.5}, "sample_target": [3.381869833715305, -6.6379241447493404, 1.5], "camera_params": {"forward": [-0.9805308369456331, -0.18700225955220132, -0.05991187462487938]}, "task_type": "screen_occupancy", "task_description": "Position where wardrobe occupies 30% of vertical FOV", "target_object": {"label": "wardrobe", "id": "41", "bbox_min": [-1.7129958003934025, -8.69431103365777, -7.868052307458129e-10], "bbox_max": [-1.3429956996065948, -6.4543105, 2.400000000393403], "center": [-1.5279957499999988, -7.574310766828885, 1.1999999998032989]}}
{"scene_id": "0057_839904", "object_label": "storage cabinet", "preset": "right", "distance": 1.9999999805658448, "init_camera": {"intrinsics": [[320.0, 0.0, 320.0], [0.0, 320.0, 240.0], [0.0, 0.0, 1.0]], "extrinsics": [[-0.766044443118978, 0.25436224952303305, -0.5903183524032749, -1.230483525018765], [0.6427876096865393, 0.30313712468941956, -0.7035140172508978, 1.465921390311005], [0.0, -0.9183723262667564, -0.39571741223679613, 1.0027349926757814], [0.0, 0.0, 0.0, 1.0]]}, "target_region": {"type": "circle", "params": {"center": [-2.0529956, 0.48568966999999996], "radius": 1.9999999805658448, "object_center": [-2.0529956, 0.48568966999999996, 0.45136750000000003], "sample_distance": 1.9999999805658448, "min_distance": 1.9999999805658448, "requested_distance": 0.8}, "sample_point": [-3.3783560047191106, 1.9834946372324416, 1.5], "sample_forward": [0.5869007390499754, -0.6632632445419612, -0.464359118508793], "height": 1.5}, "sample_target": [-3.3783560047191106, 1.9834946372324416, 1.5], "camera_params": {"forward": [0.5869007390499754, -0.6632632445419612, -0.464359118508793]}, "task_type": "absolute_positioning", "task_description": "Move to any position 2.0m from storage cabinet", "target_object": {"label": "storage cabinet", "id": "73", "bbox_min": [-2.3529956325261754, -0.5143103202829225, 7.32421875682121e-09], "bbox_max": [-1.7529955674738245, 1.4856896602829224, 0.9027349926757813], "center": [-2.0529956, 0.48568966999999996, 0.45136750000000003]}}
{"scene_id": "0057_839904", "object_label": "storage cabinet", "preset": "back", "distance": 1.9999999805658448, "init_camera": {"intrinsics": [[320.0, 0.0, 320.0], [0.0, 320.0, 240.0], [0.0, 0.0, 1.0]], "extrinsics": [[-0.766044443118978, 0.25436224952303305, -0.5903183524032749, -1.230483525018765], [0.6427876096865393, 0.30313712468941956, -0.7035140172508978, 1.465921390311005], [0.0, -0.9183723262667564, -0.39571741223679613, 1.0027349926757814], [0.0, 0.0, 0.0, 1.0]]}, "target_region": {"type": "circle", "params": {"center": [-2.0529956, 0.48568966999999996], "radius": 1.9999999805658448, "object_center": [-2.0529956, 0.48568966999999996, 0.45136750000000003], "sample_distance": 1.9999999805658448, "min_distance": 1.9999999805658448, "requested_distance": 1.0}, "sample_point": [-4.049823338114321, 0.5982903208001737, 1.5], "sample_forward": [0.8842422567340544, -0.04986221478838881, -0.46435911850879313], "height": 1.5}, "sample_target": [-4.049823338114321, 0.5982903208001737, 1.5], "camera_params": {"forward": [0.8842422567340544, -0.04986221478838881, -0.46435911850879313]}, "task_type": "absolute_positioning", "task_description": "Move to any position 2.0m from storage cabinet", "target_object": {"label": "storage cabinet", "id": "73", "bbox_min": [-2.3529956325261754, -0.5143103202829225, 7.32421875682121e-09], "bbox_max": [-1.7529955674738245, 1.4856896602829224, 0.9027349926757813], "center": [-2.0529956, 0.48568966999999996, 0.45136750000000003]}}
{"scene_id": "0057_839904", "object_label": "storage cabinet", "preset": "back", "distance": 1.9999999805658448, "init_camera": {"intrinsics": [[320.0, 0.0, 320.0], [0.0, 320.0, 240.0], [0.0, 0.0, 1.0]], "extrinsics": [[-0.766044443118978, 0.25436224952303305, -0.5903183524032749, -1.230483525018765], [0.6427876096865393, 0.30313712468941956, -0.7035140172508978, 1.465921390311005], [0.0, -0.9183723262667564, -0.39571741223679613, 1.0027349926757814], [0.0, 0.0, 0.0, 1.0]]}, "target_region": {"type": "circle", "params": {"center": [-2.0529956, 0.48568966999999996], "radius": 1.9999999805658448, "object_center": [-2.0529956, 0.48568966999999996, 0.45136750000000003], "sample_distance": 1.9999999805658448, "min_distance": 1.9999999805658448, "requested_distance": 1.2}, "sample_point": [-4.0140999369995445, 0.878206805504879, 1.5], "sample_forward": [0.868423095062264, -0.1738158134929464, -0.46435911850879313], "height": 1.5}, "sample_target": [-4.0140999369995445, 0.878206805504879, 1.5], "camera_params": {"forward": [0.868423095062264, -0.1738158134929464, -0.46435911850879313]}, "task_type": "absolute_positioning", "task_description": "Move to any position 2.0m from storage cabinet", "target_object": {"label": "storage cabinet", "id": "73", "bbox_min": [-2.3529956325261754, -0.5143103202829225, 7.32421875682121e-09], "bbox_max": [-1.7529955674738245, 1.4856896602829224, 0.9027349926757813], "center": [-2.0529956, 0.48568966999999996, 0.45136750000000003]}}
{"scene_id": "0057_839904", "object_label": "storage cabinet", "preset": "front", "distance": 1.9999999805658448, "init_camera": {"intrinsics": [[320.0, 0.0, 320.0], [0.0, 320.0, 240.0], [0.0, 0.0, 1.0]], "extrinsics": [[-0.766044443118978, 0.25436224952303305, -0.5903183524032749, -1.230483525018765], [0.6427876096865393, 0.30313712468941956, -0.7035140172508978, 1.465921390311005], [0.0, -0.9183723262667564, -0.39571741223679613, 1.0027349926757814], [0.0, 0.0, 0.0, 1.0]]}, "target_region": {"type": "circle", "params": {"center": [-2.0529956, 0.48568966999999996], "radius": 1.9999999805658448, "object_center": [-2.0529956, 0.48568966999999996, 0.45136750000000003], "sample_distance": 1.9999999805658448, "min_distance": 1.9999999805658448, "requested_distance": 1.5}, "sample_point": [-0.49813430614593224, -0.7722476412909218, 1.5], "sample_forward": [-0.6885291270464308, 0.5570442085386191, -0.464359118508793], "height": 1.5}, "sample_target": [-0.49813430614593224, -0.7722476412909218, 1.5], "camera_params": {"forward": [-0.6885291270464308, 0.5570442085386191, -0.464359118508793]}, "task_type": "absolute_positioning", "task_description": "Move to any position 2.0m from storage cabinet", "target_object": {"label": "storage cabinet", "id": "73", "bbox_min": [-2.3529956325261754, -0.5143103202829225, 7.32421875682121e-09], "bbox_max": [-1.7529955674738245, 1.4856896602829224, 0.9027349926757813], "center": [-2.0529956, 0.48568966999999996, 0.45136750000000003]}}
{"scene_id": "0057_839904", "object_label": "storage cabinet", "preset": "occupancy_20", "distance": 2.8498221905567904, "init_camera": {"intrinsics": [[320.0, 0.0, 320.0], [0.0, 320.0, 240.0], [0.0, 0.0, 1.0]], "extrinsics": [[-0.766044443118978, 0.25436224952303305, -0.5903183524032749, -1.230483525018765], [0.6427876096865393, 0.30313712468941956, -0.7035140172508978, 1.465921390311005], [0.0, -0.9183723262667564, -0.39571741223679613, 1.0027349926757814], [0.0, 0.0, 0.0, 1.0]]}, "target_region": {"type": "circle", "params": {"center": [-2.0529956, 0.48568966999999996], "radius": 2.8498221905567904, "object_center": [-2.0529956, 0.48568966999999996, 0.45136750000000003], "object_height": 0.9027349853515625, "occupancy_ratio": 0.2, "fov_vertical": 90.0, "sample_distance": 2.8498221905567904, "min_distance": 1.9999999805658448}, "sample_point": [-4.516292439557683, 1.9187476583644048, 1.5], "sample_forward": [0.8111944897141422, -0.4719239374377546, -0.3453278111167105], "height": 1.5}, "sample_target": [-4.516292439557683, 1.9187476583644048, 1.5], "camera_params": {"forward": [0.8111944897141422, -0.4719239374377546, -0.3453278111167105]}, "task_type": "screen_occupancy", "task_description": "Position where storage cabinet occupies 20% of vertical FOV", "target_object": {"label": "storage cabinet", "id": "73", "bbox_min": [-2.3529956325261754, -0.5143103202829225, 7.32421875682121e-09], "bbox_max": [-1.7529955674738245, 1.4856896602829224, 0.9027349926757813], "center": [-2.0529956, 0.48568966999999996, 0.45136750000000003]}}
{"scene_id": "0057_839904", "object_label": "storage cabinet", "preset": "occupancy_30", "distance": 1.9999999805658448, "init_camera": {"intrinsics": [[320.0, 0.0, 320.0], [0.0, 320.0, 240.0], [0.0, 0.0, 1.0]], "extrinsics": [[-0.766044443118978, 0.25436224952303305, -0.5903183524032749, -1.230483525018765], [0.6427876096865393, 0.30313712468941956, -0.7035140172508978, 1.465921390311005], [0.0, -0.9183723262667564, -0.39571741223679613, 1.0027349926757814], [0.0, 0.0, 0.0, 1.0]]}, "target_region": {"type": "circle", "params": {"center": [-2.0529956, 0.48568966999999996], "radius": 1.9999999805658448, "object_center": [-2.0529956, 0.48568966999999996, 0.45136750000000003], "object_height": 0.9027349853515625, "occupancy_ratio": 0.3, "fov_vertical": 90.0, "sample_distance": 1.9999999805658448, "min_distance": 1.9999999805658448}, "sample_point": [-0.30628467296104955, -0.4884770814476719, 1.5], "sample_forward": [-0.7734846539368977, 0.43138393477487624, -0.46435911850879313], "height": 1.5}, "sample_target": [-0.30628467296104955, -0.4884770814476719, 1.5], "camera_params": {"forward": [-0.7734846539368977, 0.43138393477487624, -0.46435911850879313]}, "task_type": "screen_occupancy", "task_description": "Position where storage cabinet occupies 30% of vertical FOV", "target_object": {"label": "storage cabinet", "id": "73", "bbox_min": [-2.3529956325261754, -0.5143103202829225, 7.32421875682121e-09], "bbox_max": [-1.7529955674738245, 1.4856896602829224, 0.9027349926757813], "center": [-2.0529956, 0.48568966999999996, 0.45136750000000003]}}
{"scene_id": "0057_839904", "object_label": "storage cabinet", "preset": "back", "distance": 1.9999999805658448, "init_camera": {"intrinsics": [[320.0, 0.0, 320.0], [0.0, 320.0, 240.0], [0.0, 0.0, 1.0]], "extrinsics": [[-0.8660254037844387, 0.19785870611839815, -0.45918616313337823, -1.4131947835356473], [0.5000000000000001, 0.3427013317169046, -0.7953337646796219, 1.593857190840309], [0.0, -0.9183723262667565, -0.3957174122367962, 1.0027349926757814], [0.0, 0.0, 0.0, 1.0]]}, "target_region": {"type": "circle", "params": {"center": [-2.0529956, 0.48568966999999996], "radius": 1.9999999805658448, "object_center": [-2.0529956, 0.48568966999999996, 0.45136750000000003], "sample_distance": 1.9999999805658448, "min_distance": 1.9999999805658448, "requested_distance": 0.8}, "sample_point": [-4.025856705131613, 0.15733166092720258, 1.5], "sample_forward": [0.873629268327273, 0.14540464428514896, -0.46435911850879313], "height": 1.5}, "sample_target": [-4.025856705131613, 0.15733166092720258, 1.5], "camera_params": {"forward": [0.873629268327273, 0.14540464428514896, -0.46435911850879313]}, "task_type": "absolute_positioning", "task_description": "Move to any position 2.0m from storage cabinet", "target_object": {"label": "storage cabinet", "id": "73", "bbox_min": [-2.3529956325261754, -0.5143103202829225, 7.32421875682121e-09], "bbox_max": [-1.7529955674738245, 1.4856896602829224, 0.9027349926757813], "center": [-2.0529956, 0.48568966999999996, 0.45136750000000003]}}
{"scene_id": "0057_839904", "object_label": "storage cabinet", "preset": "occupancy_20", "distance": 2.8498221905567904, "init_camera": {"intrinsics": [[320.0, 0.0, 320.0], [0.0, 320.0, 240.0], [0.0, 0.0, 1.0]], "extrinsics": [[-0.8660254037844387, 0.19785870611839815, -0.45918616313337823, -1.4131947835356473], [0.5000000000000001, 0.3427013317169046, -0.7953337646796219, 1.593857190840309], [0.0, -0.9183723262667565, -0.3957174122367962, 1.0027349926757814], [0.0, 0.0, 0.0, 1.0]]}, "target_region": {"type": "circle", "params": {"center": [-2.0529956, 0.48568966999999996], "radius": 2.8498221905567904, "object_center": [-2.0529956, 0.48568966999999996, 0.45136750000000003], "object_height": 0.9027349853515625, "occupancy_ratio": 0.2, "fov_vertical": 90.0, "sample_distance": 2.8498221905567904, "min_distance": 1.9999999805658448}, "sample_point": [-0.25856026156435297, -1.7282408469682375, 1.5], "sample_forward": [-0.5909300232564368, 0.7290750376219779, -0.3453278111167105], "height": 1.5}, "sample_target": [-0.25856026156435297, -1.7282408469682375, 1.5], "camera_params": {"forward": [-0.5909300232564368, 0.7290750376219779, -0.3453278111167105]}, "task_type": "screen_occupancy", "task_description": "Position where storage cabinet occupies 20% of vertical FOV", "target_object": {"label": "storage cabinet", "id": "73", "bbox_min": [-2.3529956325261754, -0.5143103202829225, 7.32421875682121e-09], "bbox_max": [-1.7529955674738245, 1.4856896602829224, 0.9027349926757813], "center": [-2.0529956, 0.48568966999999996, 0.45136750000000003]}}
{"scene_id": "0057_839904", "object_label": "storage cabinet", "preset": "occupancy_30", "distance": 1.9999999805658448, "init_camera": {"intrinsics": [[320.0, 0.0, 320.0], [0.0, 320.0, 240.0], [0.0, 0.0, 1.0]], "extrinsics": [[-0.8660254037844387, 0.19785870611839815, -0.45918616313337823, -1.4131947835356473], [0.5000000000000001, 0.3427013317169046, -0.7953337646796219, 1.593857190840309], [0.0, -0.9183723262667565, -0.3957174122367962, 1.0027349926757814], [0.0, 0.0, 0.0, 1.0]]}, "target_region": {"type": "circle", "params": {"center": [-2.0529956, 0.48568966999999996], "radius": 1.9999999805658448, "object_center": [-2.0529956, 0.48568966999999996, 0.45136750000000003], "object_height": 0.9027349853515625, "occupancy_ratio": 0.3, "fov_vertical": 90.0, "sample_distance": 1.9999999805658448, "min_distance": 1.9999999805658448}, "sample_point": [-3.2841330073703663, 2.0618560972648217, 1.5], "sample_forward": [0.5451765811661416, -0.6979635408857213, -0.464359118508793], "height": 1.5}, "sample_target": [-3.2841330073703663, 2.0618560972648217, 1.5], "camera_params": {"forward": [0.5451765811661416, -0.6979635408857213, -0.464359118508793]}, "task_type": "screen_occupancy", "task_description": "Position where storage cabinet occupies 30% of vertical FOV", "target_object": {"label": "storage cabinet", "id": "73", "bbox_min": [-2.3529956325261754, -0.5143103202829225, 7.32421875682121e-09], "bbox_max": [-1.7529955674738245, 1.4856896602829224, 0.9027349926757813], "center": [-2.0529956, 0.48568966999999996, 0.45136750000000003]}}
