{"scene_id": "0345_840388", "object_label": "window", "preset": "occupancy_20", "distance": 5.09519750075491, "init_camera": {"intrinsics": [[320.0, 0.0, 320.0], [0.0, 320.0, 240.0], [0.0, 0.0, 1.0]], "extrinsics": [[-0.1736481776669302, 0.016917588441685096, -0.9846624323057481, -3.7415189134366713], [0.9848077530122081, 0.002983027290790755, -0.17362255370552568, 3.6360608276192607], [0.0, -0.9998524374874026, -0.017178569512617734, 1.6], [0.0, 0.0, 0.0, 1.0]]}, "target_region": {"type": "circle", "params": {"center": [-5.174500000929732, 3.383387599049277], "radius": 5.09519750075491, "object_center": [-5.174500000929732, 3.383387599049277, 1.5749999955171212], "object_height": 1.614000009000085, "occupancy_ratio": 0.2, "fov_vertical": 90.0, "sample_distance": 5.09519750075491, "min_distance": 1.9320002019014466}, "sample_point": [-0.09520640739794395, 3.7856489101469477, 1.5], "sample_forward": [-0.9967706678350632, -0.0789405590213642, 0.014718148152417843], "height": 1.5}, "sample_target": [-0.09520640739794395, 3.7856489101469477, 1.5], "camera_params": {"forward": [-0.9967706678350632, -0.0789405590213642, 0.014718148152417843]}, "task_type": "screen_occupancy", "task_description": "Position where window occupies 20% of vertical FOV", "target_object": {"label": "window", "id": "80", "bbox_min": [-5.472000001901446, 2.4173874980985537, 0.7679999910170786], "bbox_max": [-4.876999999958019, 4.3493877, 2.3820000000171637], "center": [-5.174500000929733, 3.3833875990492768, 1.5749999955171212]}}
{"scene_id": "0345_840388", "object_label": "window", "preset": "occupancy_30", "distance": 3.3613969332069926, "init_camera": {"intrinsics": [[320.0, 0.0, 320.0], [0.0, 320.0, 240.0], [0.0, 0.0, 1.0]], "extrinsics": [[-0.1736481776669302, 0.016917588441685096, -0.9846624323057481, -3.7415189134366713], [0.9848077530122081, 0.002983027290790755, -0.17362255370552568, 3.6360608276192607], [0.0, -0.9998524374874026, -0.017178569512617734, 1.6], [0.0, 0.0, 0.0, 1.0]]}, "target_region": {"type": "circle", "params": {"center": [-5.174500000929732, 3.383387599049277], "radius": 3.3613969332069926, "object_center": [-5.174500000929732, 3.383387599049277, 1.5749999955171212], "object_height": 1.614000009000085, "occupancy_ratio": 0.3, "fov_vertical": 90.0, "sample_distance": 3.3613969332069926, "min_distance": 1.9320002019014466}, "sample_point": [-1.813119653244629, 3.372828206559589, 1.5], "sample_forward": [-0.999746243973837, 0.003140588653551607, 0.02230659909341531], "height": 1.5}, "sample_target": [-1.813119653244629, 3.372828206559589, 1.5], "camera_params": {"forward": [-0.999746243973837, 0.003140588653551607, 0.02230659909341531]}, "task_type": "screen_occupancy", "task_description": "Position where window occupies 30% of vertical FOV", "target_object": {"label": "window", "id": "80", "bbox_min": [-5.472000001901446, 2.4173874980985537, 0.7679999910170786], "bbox_max": [-4.876999999958019, 4.3493877, 2.3820000000171637], "center": [-5.174500000929733, 3.3833875990492768, 1.5749999955171212]}}
{"scene_id": "0345_840388", "object_label": "window", "preset": "occupancy_50", "distance": 1.9482703556991514, "init_camera": {"intrinsics": [[320.0, 0.0, 320.0], [0.0, 320.0, 240.0], [0.0, 0.0, 1.0]], "extrinsics": [[-0.1736481776669302, 0.016917588441685096, -0.9846624323057481, -3.7415189134366713], [0.9848077530122081, 0.002983027290790755, -0.17362255370552568, 3.6360608276192607], [0.0, -0.9998524374874026, -0.017178569512617734, 1.6], [0.0, 0.0, 0.0, 1.0]]}, "target_region": {"type": "circle", "params": {"center": [-5.174500000929732, 3.383387599049277], "radius": 1.9482703556991514, "object_center": [-5.174500000929732, 3.383387599049277, 1.5749999955171212], "object_height": 1.614000009000085, "occupancy_ratio": 0.5, "fov_vertical": 90.0, "sample_distance": 1.9482703556991514, "min_distance": 1.9320002019014466}, "sample_point": [-4.116937305854304, 5.019638962648677, 1.5], "sample_forward": [-0.5424195628219219, -0.8392266041939562, 0.038467189670624194], "height": 1.5}, "sample_target": [-4.116937305854304, 5.019638962648677, 1.5], "camera_params": {"forward": [-0.5424195628219219, -0.8392266041939562, 0.038467189670624194]}, "task_type": "screen_occupancy", "task_description": "Position where window occupies 50% of vertical FOV", "target_object": {"label": "window", "id": "80", "bbox_min": [-5.472000001901446, 2.4173874980985537, 0.7679999910170786], "bbox_max": [-4.876999999958019, 4.3493877, 2.3820000000171637], "center": [-5.174500000929733, 3.3833875990492768, 1.5749999955171212]}}
{"scene_id": "0345_840388", "object_label": "window", "preset": "occupancy_20", "distance": 5.09519750075491, "init_camera": {"intrinsics": [[320.0, 0.0, 320.0], [0.0, 320.0, 240.0], [0.0, 0.0, 1.0]], "extrinsics": [[0.3420201433256695, 0.01291474603658898, -0.9396038691354451, -3.4653317019339402], [0.9396926207859081, -0.004700583140425811, 0.34198784036665897, 2.76130121286341], [-0.0, -0.999905552466307, -0.013743585669309376, 1.6], [0.0, 0.0, 0.0, 1.0]]}, "target_region": {"type": "circle", "params": {"center": [-5.174500000929732, 3.383387599049277], "radius": 5.09519750075491, "object_center": [-5.174500000929732, 3.383387599049277, 1.5749999955171212], "object_height": 1.614000009000085, "occupancy_ratio": 0.2, "fov_vertical": 90.0, "sample_distance": 5.09519750075491, "min_distance": 1.9320002019014466}, "sample_point": [-1.2587278320161954, 6.643413042640364, 1.5], "sample_forward": [-0.7684389114400328, -0.6397538710315248, 0.014718148152417843], "height": 1.5}, "sample_target": [-1.2587278320161954, 6.643413042640364, 1.5], "camera_params": {"forward": [-0.7684389114400328, -0.6397538710315248, 0.014718148152417843]}, "task_type": "screen_occupancy", "task_description": "Position where window occupies 20% of vertical FOV", "target_object": {"label": "window", "id": "80", "bbox_min": [-5.472000001901446, 2.4173874980985537, 0.7679999910170786], "bbox_max": [-4.876999999958019, 4.3493877, 2.3820000000171637], "center": [-5.174500000929733, 3.3833875990492768, 1.5749999955171212]}}
{"scene_id": "0345_840388", "object_label": "window", "preset": "occupancy_30", "distance": 3.3613969332069926, "init_camera": {"intrinsics": [[320.0, 0.0, 320.0], [0.0, 320.0, 240.0], [0.0, 0.0, 1.0]], "extrinsics": [[0.3420201433256695, 0.01291474603658898, -0.9396038691354451, -3.4653317019339402], [0.9396926207859081, -0.004700583140425811, 0.34198784036665897, 2.76130121286341], [-0.0, -0.999905552466307, -0.013743585669309376, 1.6], [0.0, 0.0, 0.0, 1.0]]}, "target_region": {"type": "circle", "params": {"center": [-5.174500000929732, 3.383387599049277], "radius": 3.3613969332069926, "object_center": [-5.174500000929732, 3.383387599049277, 1.5749999955171212], "object_height": 1.614000009000085, "occupancy_ratio": 0.3, "fov_vertical": 90.0, "sample_distance": 3.3613969332069926, "min_distance": 1.9320002019014466}, "sample_point": [-7.833671966436665, 1.327227634349212, 1.5], "sample_forward": [0.790894486673286, 0.6115458499464165, 0.022306599093415307], "height": 1.5}, "sample_target": [-7.833671966436665, 1.327227634349212, 1.5], "camera_params": {"forward": [0.790894486673286, 0.6115458499464165, 0.022306599093415307]}, "task_type": "screen_occupancy", "task_description": "Position where window occupies 30% of vertical FOV", "target_object": {"label": "window", "id": "80", "bbox_min": [-5.472000001901446, 2.4173874980985537, 0.7679999910170786], "bbox_max": [-4.876999999958019, 4.3493877, 2.3820000000171637], "center": [-5.174500000929733, 3.3833875990492768, 1.5749999955171212]}}
{"scene_id": "0345_840388", "object_label": "window", "preset": "occupancy_20", "distance": 5.09519750075491, "init_camera": {"intrinsics": [[320.0, 0.0, 320.0], [0.0, 320.0, 240.0], [0.0, 0.0, 1.0]], "extrinsics": [[-0.34202014332566844, 0.012914746036588983, -0.9396038691354456, -3.4653317019339394], [0.9396926207859084, 0.0047005831404257955, -0.34198784036665797, 4.005473985235142], [0.0, -0.999905552466307, -0.013743585669309374, 1.6], [0.0, 0.0, 0.0, 1.0]]}, "target_region": {"type": "circle", "params": {"center": [-5.174500000929732, 3.383387599049277], "radius": 5.09519750075491, "object_center": [-5.174500000929732, 3.383387599049277, 1.5749999955171212], "object_height": 1.614000009000085, "occupancy_ratio": 0.2, "fov_vertical": 90.0, "sample_distance": 5.09519750075491, "min_distance": 1.9320002019014466}, "sample_point": [-7.323437832277537, 8.003247312146772, 1.5], "sample_forward": [0.42171183016794017, -0.906610450199737, 0.014718148152417843], "height": 1.5}, "sample_target": [-7.323437832277537, 8.003247312146772, 1.5], "camera_params": {"forward": [0.42171183016794017, -0.906610450199737, 0.014718148152417843]}, "task_type": "screen_occupancy", "task_description": "Position where window occupies 20% of vertical FOV", "target_object": {"label": "window", "id": "80", "bbox_min": [-5.472000001901446, 2.4173874980985537, 0.7679999910170786], "bbox_max": [-4.876999999958019, 4.3493877, 2.3820000000171637], "center": [-5.174500000929733, 3.3833875990492768, 1.5749999955171212]}}
{"scene_id": "0345_840388", "object_label": "window", "preset": "occupancy_30", "distance": 3.3613969332069926, "init_camera": {"intrinsics": [[320.0, 0.0, 320.0], [0.0, 320.0, 240.0], [0.0, 0.0, 1.0]], "extrinsics": [[-0.34202014332566844, 0.012914746036588983, -0.9396038691354456, -3.4653317019339394], [0.9396926207859084, 0.0047005831404257955, -0.34198784036665797, 4.005473985235142], [0.0, -0.999905552466307, -0.013743585669309374, 1.6], [0.0, 0.0, 0.0, 1.0]]}, "target_region": {"type": "circle", "params": {"center": [-5.174500000929732, 3.383387599049277], "radius": 3.3613969332069926, "object_center": [-5.174500000929732, 3.383387599049277, 1.5749999955171212], "object_height": 1.614000009000085, "occupancy_ratio": 0.3, "fov_vertical": 90.0, "sample_distance": 3.3613969332069926, "min_distance": 1.9320002019014466}, "sample_point": [-6.619311314902687, 6.418434486593046, 1.5], "sample_forward": [0.429717715637303, -0.9026877092906183, 0.022306599093415307], "height": 1.5}, "sample_target": [-6.619311314902687, 6.418434486593046, 1.5], "camera_params": {"forward": [0.429717715637303, -0.9026877092906183, 0.022306599093415307]}, "task_type": "screen_occupancy", "task_description": "Position where window occupies 30% of vertical FOV", "target_object": {"label": "window", "id": "80", "bbox_min": [-5.472000001901446, 2.4173874980985537, 0.7679999910170786], "bbox_max": [-4.876999999958019, 4.3493877, 2.3820000000171637], "center": [-5.174500000929733, 3.3833875990492768, 1.5749999955171212]}}
{"scene_id": "0345_840388", "object_label": "window", "preset": "occupancy_50", "distance": 1.9482703556991514, "init_camera": {"intrinsics": [[320.0, 0.0, 320.0], [0.0, 320.0, 240.0], [0.0, 0.0, 1.0]], "extrinsics": [[-0.34202014332566844, 0.012914746036588983, -0.9396038691354456, -3.4653317019339394], [0.9396926207859084, 0.0047005831404257955, -0.34198784036665797, 4.005473985235142], [0.0, -0.999905552466307, -0.013743585669309374, 1.6], [0.0, 0.0, 0.0, 1.0]]}, "target_region": {"type": "circle", "params": {"center": [-5.174500000929732, 3.383387599049277], "radius": 1.9482703556991514, "object_center": [-5.174500000929732, 3.383387599049277, 1.5749999955171212], "object_height": 1.614000009000085, "occupancy_ratio": 0.5, "fov_vertical": 90.0, "sample_distance": 1.9482703556991514, "min_distance": 1.9320002019014466}, "sample_point": [-4.289169372122515, 1.6478914000929337, 1.5], "sample_forward": [-0.4540824434018232, 0.8901288726432113, 0.038467189670624194], "height": 1.5}, "sample_target": [-4.289169372122515, 1.6478914000929337, 1.5], "camera_params": {"forward": [-0.4540824434018232, 0.8901288726432113, 0.038467189670624194]}, "task_type": "screen_occupancy", "task_description": "Position where window occupies 50% of vertical FOV", "target_object": {"label": "window", "id": "80", "bbox_min": [-5.472000001901446, 2.4173874980985537, 0.7679999910170786], "bbox_max": [-4.876999999958019, 4.3493877, 2.3820000000171637], "center": [-5.174500000929733, 3.3833875990492768, 1.5749999955171212]}}
{"scene_id": "0345_840388", "object_label": "window", "preset": "occupancy_20", "distance": 5.09519750075491, "init_camera": {"intrinsics": [[320.0, 0.0, 320.0], [0.0, 320.0, 240.0], [0.0, 0.0, 1.0]], "extrinsics": [[-0.17364817766693041, 0.013534789721323348, -0.9847147403487742, -3.383273641563406], [0.984807753012208, 0.002386548606084913, -0.17363177702481947, 3.699229134761757], [0.0, -0.9999055524663069, -0.013743585669309374, 1.6], [0.0, 0.0, 0.0, 1.0]]}, "target_region": {"type": "circle", "params": {"center": [-5.174500000929732, 3.383387599049277], "radius": 5.09519750075491, "object_center": [-5.174500000929732, 3.383387599049277, 1.5749999955171212], "object_height": 1.614000009000085, "occupancy_ratio": 0.2, "fov_vertical": 90.0, "sample_distance": 5.09519750075491, "min_distance": 1.9320002019014466}, "sample_point": [-4.406160753814324, -1.6535452348329858, 1.5], "sample_forward": [-0.15078042061722816, 0.9884577081865745, 0.014718148152417844], "height": 1.5}, "sample_target": [-4.406160753814324, -1.6535452348329858, 1.5], "camera_params": {"forward": [-0.15078042061722816, 0.9884577081865745, 0.014718148152417844]}, "task_type": "screen_occupancy", "task_description": "Position where window occupies 20% of vertical FOV", "target_object": {"label": "window", "id": "80", "bbox_min": [-5.472000001901446, 2.4173874980985537, 0.7679999910170786], "bbox_max": [-4.876999999958019, 4.3493877, 2.3820000000171637], "center": [-5.174500000929733, 3.3833875990492768, 1.5749999955171212]}}
{"scene_id": "0345_840388", "object_label": "window", "preset": "occupancy_30", "distance": 3.3613969332069926, "init_camera": {"intrinsics": [[320.0, 0.0, 320.0], [0.0, 320.0, 240.0], [0.0, 0.0, 1.0]], "extrinsics": [[-0.17364817766693041, 0.013534789721323348, -0.9847147403487742, -3.383273641563406], [0.984807753012208, 0.002386548606084913, -0.17363177702481947, 3.699229134761757], [0.0, -0.9999055524663069, -0.013743585669309374, 1.6], [0.0, 0.0, 0.0, 1.0]]}, "target_region": {"type": "circle", "params": {"center": [-5.174500000929732, 3.383387599049277], "radius": 3.3613969332069926, "object_center": [-5.174500000929732, 3.383387599049277, 1.5749999955171212], "object_height": 1.614000009000085, "occupancy_ratio": 0.3, "fov_vertical": 90.0, "sample_distance": 3.3613969332069926, "min_distance": 1.9320002019014466}, "sample_point": [-3.0357364430892035, 5.976586354684237, 1.5], "sample_forward": [-0.6361139212263577, -0.7712726462535235, 0.022306599093415307], "height": 1.5}, "sample_target": [-3.0357364430892035, 5.976586354684237, 1.5], "camera_params": {"forward": [-0.6361139212263577, -0.7712726462535235, 0.022306599093415307]}, "task_type": "screen_occupancy", "task_description": "Position where window occupies 30% of vertical FOV", "target_object": {"label": "window", "id": "80", "bbox_min": [-5.472000001901446, 2.4173874980985537, 0.7679999910170786], "bbox_max": [-4.876999999958019, 4.3493877, 2.3820000000171637], "center": [-5.174500000929733, 3.3833875990492768, 1.5749999955171212]}}
{"scene_id": "0345_840388", "object_label": "window", "preset": "occupancy_50", "distance": 1.9482703556991514, "init_camera": {"intrinsics": [[320.0, 0.0, 320.0], [0.0, 320.0, 240.0], [0.0, 0.0, 1.0]], "extrinsics": [[-0.17364817766693041, 0.013534789721323348, -0.9847147403487742, -3.383273641563406], [0.984807753012208, 0.002386548606084913, -0.17363177702481947, 3.699229134761757], [0.0, -0.9999055524663069, -0.013743585669309374, 1.6], [0.0, 0.0, 0.0, 1.0]]}, "target_region": {"type": "circle", "params": {"center": [-5.174500000929732, 3.383387599049277], "radius": 1.9482703556991514, "object_center": [-5.174500000929732, 3.383387599049277, 1.5749999955171212], "object_height": 1.614000009000085, "occupancy_ratio": 0.5, "fov_vertical": 90.0, "sample_distance": 1.9482703556991514, "min_distance": 1.9320002019014466}, "sample_point": [-6.979784417598594, 4.115989505836766, 1.5], "sample_forward": [0.9259229628829824, -0.37574850914520397, 0.03846718967062419], "height": 1.5}, "sample_target": [-6.979784417598594, 4.115989505836766, 1.5], "camera_params": {"forward": [0.9259229628829824, -0.37574850914520397, 0.03846718967062419]}, "task_type": "screen_occupancy", "task_description": "Position where window occupies 50% of vertical FOV", "target_object": {"label": "window", "id": "80", "bbox_min": [-5.472000001901446, 2.4173874980985537, 0.7679999910170786], "bbox_max": [-4.876999999958019, 4.3493877, 2.3820000000171637], "center": [-5.174500000929733, 3.3833875990492768, 1.5749999955171212]}}
{"scene_id": "0345_840388", "object_label": "window", "preset": "occupancy_20", "distance": 5.09519750075491, "init_camera": {"intrinsics": [[320.0, 0.0, 320.0], [0.0, 320.0, 240.0], [0.0, 0.0, 1.0]], "extrinsics": [[0.17364817766693047, 0.016917588441685092, -0.9846624323057481, -3.7415189134366713], [0.984807753012208, -0.0029830272907907596, 0.17362255370552598, 3.1307143704792924], [-0.0, -0.9998524374874026, -0.017178569512617734, 1.6], [0.0, 0.0, 0.0, 1.0]]}, "target_region": {"type": "circle", "params": {"center": [-5.174500000929732, 3.383387599049277], "radius": 5.09519750075491, "object_center": [-5.174500000929732, 3.383387599049277, 1.5749999955171212], "object_height": 1.614000009000085, "occupancy_ratio": 0.2, "fov_vertical": 90.0, "sample_distance": 5.09519750075491, "min_distance": 1.9320002019014466}, "sample_point": [-6.017458014165527, 8.408371117392461, 1.5], "sample_forward": [0.16542375555529165, -0.9861127507607569, 0.014718148152417843], "height": 1.5}, "sample_target": [-6.017458014165527, 8.408371117392461, 1.5], "camera_params": {"forward": [0.16542375555529165, -0.9861127507607569, 0.014718148152417843]}, "task_type": "screen_occupancy", "task_description": "Position where window occupies 20% of vertical FOV", "target_object": {"label": "window", "id": "80", "bbox_min": [-5.472000001901446, 2.4173874980985537, 0.7679999910170786], "bbox_max": [-4.876999999958019, 4.3493877, 2.3820000000171637], "center": [-5.174500000929733, 3.3833875990492768, 1.5749999955171212]}}
{"scene_id": "0345_840388", "object_label": "window", "preset": "occupancy_30", "distance": 3.3613969332069926, "init_camera": {"intrinsics": [[320.0, 0.0, 320.0], [0.0, 320.0, 240.0], [0.0, 0.0, 1.0]], "extrinsics": [[0.17364817766693047, 0.016917588441685092, -0.9846624323057481, -3.7415189134366713], [0.984807753012208, -0.0029830272907907596, 0.17362255370552598, 3.1307143704792924], [-0.0, -0.9998524374874026, -0.017178569512617734, 1.6], [0.0, 0.0, 0.0, 1.0]]}, "target_region": {"type": "circle", "params": {"center": [-5.174500000929732, 3.383387599049277], "radius": 3.3613969332069926, "object_center": [-5.174500000929732, 3.383387599049277, 1.5749999955171212], "object_height": 1.614000009000085, "occupancy_ratio": 0.3, "fov_vertical": 90.0, "sample_distance": 3.3613969332069926, "min_distance": 1.9320002019014466}, "sample_point": [-7.851592967933508, 5.416159742845108, 1.5], "sample_forward": [0.796224574935109, -0.6045898129362507, 0.022306599093415307], "height": 1.5}, "sample_target": [-7.851592967933508, 5.416159742845108, 1.5], "camera_params": {"forward": [0.796224574935109, -0.6045898129362507, 0.022306599093415307]}, "task_type": "screen_occupancy", "task_description": "Position where window occupies 30% of vertical FOV", "target_object": {"label": "window", "id": "80", "bbox_min": [-5.472000001901446, 2.4173874980985537, 0.7679999910170786], "bbox_max": [-4.876999999958019, 4.3493877, 2.3820000000171637], "center": [-5.174500000929733, 3.3833875990492768, 1.5749999955171212]}}
{"scene_id": "0345_840388", "object_label": "window", "preset": "occupancy_50", "distance": 1.9482703556991514, "init_camera": {"intrinsics": [[320.0, 0.0, 320.0], [0.0, 320.0, 240.0], [0.0, 0.0, 1.0]], "extrinsics": [[0.17364817766693047, 0.016917588441685092, -0.9846624323057481, -3.7415189134366713], [0.984807753012208, -0.0029830272907907596, 0.17362255370552598, 3.1307143704792924], [-0.0, -0.9998524374874026, -0.017178569512617734, 1.6], [0.0, 0.0, 0.0, 1.0]]}, "target_region": {"type": "circle", "params": {"center": [-5.174500000929732, 3.383387599049277], "radius": 1.9482703556991514, "object_center": [-5.174500000929732, 3.383387599049277, 1.5749999955171212], "object_height": 1.614000009000085, "occupancy_ratio": 0.5, "fov_vertical": 90.0, "sample_distance": 1.9482703556991514, "min_distance": 1.9320002019014466}, "sample_point": [-5.854289582599871, 5.209214399035748, 1.5], "sample_forward": [0.3486612844963439, -0.9364590669176116, 0.038467189670624194], "height": 1.5}, "sample_target": [-5.854289582599871, 5.209214399035748, 1.5], "camera_params": {"forward": [0.3486612844963439, -0.9364590669176116, 0.038467189670624194]}, "task_type": "screen_occupancy", "task_description": "Position where window occupies 50% of vertical FOV", "target_object": {"label": "window", "id": "80", "bbox_min": [-5.472000001901446, 2.4173874980985537, 0.7679999910170786], "bbox_max": [-4.876999999958019, 4.3493877, 2.3820000000171637], "center": [-5.174500000929733, 3.3833875990492768, 1.5749999955171212]}}
{"scene_id": "0345_840388", "object_label": "shower head", "preset": "front", "distance": 1.5, "init_camera": {"intrinsics": [[320.0, 0.0, 320.0], [0.0, 320.0, 240.0], [0.0, 0.0, 1.0]], "extrinsics": [[-1.0, -0.0, 0.0, 1.38246], [-0.0, 0.5049757968445174, -0.863133503347683, 4.4238472602040435], [0.0, -0.863133503347683, -0.5049757968445174, 1.6], [0.0, 0.0, 0.0, 1.0]]}, "target_region": {"type": "circle", "params": {"center": [1.38246, 3.6232312], "radius": 1.5, "object_center": [1.38246, 3.6232312, 1.1316], "sample_distance": 1.5, "min_distance": 1.3048699951171874, "requested_distance": 1.5}, "sample_point": [2.795741803177581, 4.125858840313509, 1.5], "sample_forward": [-0.9149959306477008, -0.3254143968201429, -0.23851188071106713], "height": 1.5}, "sample_target": [2.795741803177581, 4.125858840313509, 1.5], "camera_params": {"forward": [-0.9149959306477008, -0.3254143968201429, -0.23851188071106713]}, "task_type": "absolute_positioning", "task_description": "Move to any position 1.5m from shower head", "target_object": {"label": "shower head", "id": "89", "bbox_min": [1.125919986106203, 3.5008631925704594, 0.4791650024414062], "bbox_max": [1.6390000138937972, 3.745599207429541, 1.7840349975585936], "center": [1.38246, 3.6232312, 1.1316]}}
{"scene_id": "0345_840388", "object_label": "shower head", "preset": "occupancy_20", "distance": 4.119312454062579, "init_camera": {"intrinsics": [[320.0, 0.0, 320.0], [0.0, 320.0, 240.0], [0.0, 0.0, 1.0]], "extrinsics": [[-1.0, -0.0, 0.0, 1.38246], [-0.0, 0.5049757968445174, -0.863133503347683, 4.4238472602040435], [0.0, -0.863133503347683, -0.5049757968445174, 1.6], [0.0, 0.0, 0.0, 1.0]]}, "target_region": {"type": "circle", "params": {"center": [1.38246, 3.6232312], "radius": 4.119312454062579, "object_center": [1.38246, 3.6232312, 1.1316], "object_height": 1.3048699951171874, "occupancy_ratio": 0.2, "fov_vertical": 90.0, "sample_distance": 4.119312454062579, "min_distance": 1.3048699951171874}, "sample_point": [-2.357011216543525, 5.35097253331282, 1.5], "sample_forward": [0.9041814469063176, -0.4177573694707039, -0.08907688433772182], "height": 1.5}, "sample_target": [-2.357011216543525, 5.35097253331282, 1.5], "camera_params": {"forward": [0.9041814469063176, -0.4177573694707039, -0.08907688433772182]}, "task_type": "screen_occupancy", "task_description": "Position where shower head occupies 20% of vertical FOV", "target_object": {"label": "shower head", "id": "89", "bbox_min": [1.125919986106203, 3.5008631925704594, 0.4791650024414062], "bbox_max": [1.6390000138937972, 3.745599207429541, 1.7840349975585936], "center": [1.38246, 3.6232312, 1.1316]}}
{"scene_id": "0345_840388", "object_label": "shower head", "preset": "occupancy_30", "distance": 2.7175873453297523, "init_camera": {"intrinsics": [[320.0, 0.0, 320.0], [0.0, 320.0, 240.0], [0.0, 0.0, 1.0]], "extrinsics": [[-1.0, -0.0, 0.0, 1.38246], [-0.0, 0.5049757968445174, -0.863133503347683, 4.4238472602040435], [0.0, -0.863133503347683, -0.5049757968445174, 1.6], [0.0, 0.0, 0.0, 1.0]]}, "target_region": {"type": "circle", "params": {"center": [1.38246, 3.6232312], "radius": 2.7175873453297523, "object_center": [1.38246, 3.6232312, 1.1316], "object_height": 1.3048699951171874, "occupancy_ratio": 0.3, "fov_vertical": 90.0, "sample_distance": 2.7175873453297523, "min_distance": 1.3048699951171874}, "sample_point": [0.2246325158957978, 1.16463068414767, 1.5], "sample_forward": [0.4221881831485022, 0.896499780084896, -0.1343327298818124], "height": 1.5}, "sample_target": [0.2246325158957978, 1.16463068414767, 1.5], "camera_params": {"forward": [0.4221881831485022, 0.896499780084896, -0.1343327298818124]}, "task_type": "screen_occupancy", "task_description": "Position where shower head occupies 30% of vertical FOV", "target_object": {"label": "shower head", "id": "89", "bbox_min": [1.125919986106203, 3.5008631925704594, 0.4791650024414062], "bbox_max": [1.6390000138937972, 3.745599207429541, 1.7840349975585936], "center": [1.38246, 3.6232312, 1.1316]}}
{"scene_id": "0345_840388", "object_label": "shower head", "preset": "occupancy_50", "distance": 1.5751174196728142, "init_camera": {"intrinsics": [[320.0, 0.0, 320.0], [0.0, 320.0, 240.0], [0.0, 0.0, 1.0]], "extrinsics": [[-1.0, -0.0, 0.0, 1.38246], [-0.0, 0.5049757968445174, -0.863133503347683, 4.4238472602040435], [0.0, -0.863133503347683, -0.5049757968445174, 1.6], [0.0, 0.0, 0.0, 1.0]]}, "target_region": {"type": "circle", "params": {"center": [1.38246, 3.6232312], "radius": 1.5751174196728142, "object_center": [1.38246, 3.6232312, 1.1316], "object_height": 1.3048699951171874, "occupancy_ratio": 0.5, "fov_vertical": 90.0, "sample_distance": 1.5751174196728142, "min_distance": 1.3048699951171874}, "sample_point": [0.13739940175004506, 2.6584415895448457, 1.5], "sample_forward": [0.769683907514871, 0.5964232089174142, -0.2277411653111791], "height": 1.5}, "sample_target": [0.13739940175004506, 2.6584415895448457, 1.5], "camera_params": {"forward": [0.769683907514871, 0.5964232089174142, -0.2277411653111791]}, "task_type": "screen_occupancy", "task_description": "Position where shower head occupies 50% of vertical FOV", "target_object": {"label": "shower head", "id": "89", "bbox_min": [1.125919986106203, 3.5008631925704594, 0.4791650024414062], "bbox_max": [1.6390000138937972, 3.745599207429541, 1.7840349975585936], "center": [1.38246, 3.6232312, 1.1316]}}
{"scene_id": "0345_840388", "object_label": "shower head", "preset": "occupancy_30", "distance": 2.7175873453297523, "init_camera": {"intrinsics": [[320.0, 0.0, 320.0], [0.0, 320.0, 240.0], [0.0, 0.0, 1.0]], "extrinsics": [[-0.34202014332566893, -0.39834160200362034, 0.851085301055469, 0.44204374517946776], [-0.9396926207859084, 0.14498448619923213, -0.3097697164056806, 3.965514724574774], [0.0, -0.9057060598642002, -0.42390627870469905, 1.6], [0.0, 0.0, 0.0, 1.0]]}, "target_region": {"type": "circle", "params": {"center": [1.38246, 3.6232312], "radius": 2.7175873453297523, "object_center": [1.38246, 3.6232312, 1.1316], "object_height": 1.3048699951171874, "occupancy_ratio": 0.3, "fov_vertical": 90.0, "sample_distance": 2.7175873453297523, "min_distance": 1.3048699951171874}, "sample_point": [1.474733456847991, 6.3392515586603935, 1.5], "sample_forward": [-0.03364643147128733, -0.9903649000907434, -0.13433272988181244], "height": 1.5}, "sample_target": [1.474733456847991, 6.3392515586603935, 1.5], "camera_params": {"forward": [-0.03364643147128733, -0.9903649000907434, -0.13433272988181244]}, "task_type": "screen_occupancy", "task_description": "Position where shower head occupies 30% of vertical FOV", "target_object": {"label": "shower head", "id": "89", "bbox_min": [1.125919986106203, 3.5008631925704594, 0.4791650024414062], "bbox_max": [1.6390000138937972, 3.745599207429541, 1.7840349975585936], "center": [1.38246, 3.6232312, 1.1316]}}
{"scene_id": "0345_840388", "object_label": "shower head", "preset": "occupancy_50", "distance": 1.5751174196728142, "init_camera": {"intrinsics": [[320.0, 0.0, 320.0], [0.0, 320.0, 240.0], [0.0, 0.0, 1.0]], "extrinsics": [[-0.34202014332566893, -0.39834160200362034, 0.851085301055469, 0.44204374517946776], [-0.9396926207859084, 0.14498448619923213, -0.3097697164056806, 3.965514724574774], [0.0, -0.9057060598642002, -0.42390627870469905, 1.6], [0.0, 0.0, 0.0, 1.0]]}, "target_region": {"type": "circle", "params": {"center": [1.38246, 3.6232312], "radius": 1.5751174196728142, "object_center": [1.38246, 3.6232312, 1.1316], "object_height": 1.3048699951171874, "occupancy_ratio": 0.5, "fov_vertical": 90.0, "sample_distance": 1.5751174196728142, "min_distance": 1.3048699951171874}, "sample_point": [1.4474787158015943, 5.197006105236532, 1.5], "sample_forward": [-0.040193914505134216, -0.9728917775680193, -0.22774116531117913], "height": 1.5}, "sample_target": [1.4474787158015943, 5.197006105236532, 1.5], "camera_params": {"forward": [-0.040193914505134216, -0.9728917775680193, -0.22774116531117913]}, "task_type": "screen_occupancy", "task_description": "Position where shower head occupies 50% of vertical FOV", "target_object": {"label": "shower head", "id": "89", "bbox_min": [1.125919986106203, 3.5008631925704594, 0.4791650024414062], "bbox_max": [1.6390000138937972, 3.745599207429541, 1.7840349975585936], "center": [1.38246, 3.6232312, 1.1316]}}
{"scene_id": "0345_840388", "object_label": "shower head", "preset": "occupancy_20", "distance": 4.119312454062579, "init_camera": {"intrinsics": [[320.0, 0.0, 320.0], [0.0, 320.0, 240.0], [0.0, 0.0, 1.0]], "extrinsics": [[-0.17364817766693066, -0.4174661898189414, 0.8919463497044031, 0.3968938709062121], [-0.9848077530122079, 0.073610552798641, -0.15727420679731435, 3.7970130998316374], [0.0, -0.9057060598642002, -0.42390627870469894, 1.6], [0.0, 0.0, 0.0, 1.0]]}, "target_region": {"type": "circle", "params": {"center": [1.38246, 3.6232312], "radius": 4.119312454062579, "object_center": [1.38246, 3.6232312, 1.1316], "object_height": 1.3048699951171874, "occupancy_ratio": 0.2, "fov_vertical": 90.0, "sample_distance": 4.119312454062579, "min_distance": 1.3048699951171874}, "sample_point": [5.437739811742016, 4.346723247414971, 1.5], "sample_forward": [-0.9805420487178117, -0.17493598650066475, -0.08907688433772182], "height": 1.5}, "sample_target": [5.437739811742016, 4.346723247414971, 1.5], "camera_params": {"forward": [-0.9805420487178117, -0.17493598650066475, -0.08907688433772182]}, "task_type": "screen_occupancy", "task_description": "Position where shower head occupies 20% of vertical FOV", "target_object": {"label": "shower head", "id": "89", "bbox_min": [1.125919986106203, 3.5008631925704594, 0.4791650024414062], "bbox_max": [1.6390000138937972, 3.745599207429541, 1.7840349975585936], "center": [1.38246, 3.6232312, 1.1316]}}
{"scene_id": "0345_840388", "object_label": "shower head", "preset": "occupancy_30", "distance": 2.7175873453297523, "init_camera": {"intrinsics": [[320.0, 0.0, 320.0], [0.0, 320.0, 240.0], [0.0, 0.0, 1.0]], "extrinsics": [[-0.17364817766693066, -0.4174661898189414, 0.8919463497044031, 0.3968938709062121], [-0.9848077530122079, 0.073610552798641, -0.15727420679731435, 3.7970130998316374], [0.0, -0.9057060598642002, -0.42390627870469894, 1.6], [0.0, 0.0, 0.0, 1.0]]}, "target_region": {"type": "circle", "params": {"center": [1.38246, 3.6232312], "radius": 2.7175873453297523, "object_center": [1.38246, 3.6232312, 1.1316], "object_height": 1.3048699951171874, "occupancy_ratio": 0.3, "fov_vertical": 90.0, "sample_distance": 2.7175873453297523, "min_distance": 1.3048699951171874}, "sample_point": [3.6069069247638135, 5.184357991264958, 1.5], "sample_forward": [-0.811118425300558, -0.5692465351852772, -0.1343327298818124], "height": 1.5}, "sample_target": [3.6069069247638135, 5.184357991264958, 1.5], "camera_params": {"forward": [-0.811118425300558, -0.5692465351852772, -0.1343327298818124]}, "task_type": "screen_occupancy", "task_description": "Position where shower head occupies 30% of vertical FOV", "target_object": {"label": "shower head", "id": "89", "bbox_min": [1.125919986106203, 3.5008631925704594, 0.4791650024414062], "bbox_max": [1.6390000138937972, 3.745599207429541, 1.7840349975585936], "center": [1.38246, 3.6232312, 1.1316]}}
{"scene_id": "0345_840388", "object_label": "shower head", "preset": "occupancy_50", "distance": 1.5751174196728142, "init_camera": {"intrinsics": [[320.0, 0.0, 320.0], [0.0, 320.0, 240.0], [0.0, 0.0, 1.0]], "extrinsics": [[-0.17364817766693066, -0.4174661898189414, 0.8919463497044031, 0.3968938709062121], [-0.9848077530122079, 0.073610552798641, -0.15727420679731435, 3.7970130998316374], [0.0, -0.9057060598642002, -0.42390627870469894, 1.6], [0.0, 0.0, 0.0, 1.0]]}, "target_region": {"type": "circle", "params": {"center": [1.38246, 3.6232312], "radius": 1.5751174196728142, "object_center": [1.38246, 3.6232312, 1.1316], "object_height": 1.3048699951171874, "occupancy_ratio": 0.5, "fov_vertical": 90.0, "sample_distance": 1.5751174196728142, "min_distance": 1.3048699951171874}, "sample_point": [2.426707356724288, 2.4440186052016397, 1.5], "sample_forward": [-0.6455431864644621, 0.7289773357464654, -0.22774116531117913], "height": 1.5}, "sample_target": [2.426707356724288, 2.4440186052016397, 1.5], "camera_params": {"forward": [-0.6455431864644621, 0.7289773357464654, -0.22774116531117913]}, "task_type": "screen_occupancy", "task_description": "Position where shower head occupies 50% of vertical FOV", "target_object": {"label": "shower head", "id": "89", "bbox_min": [1.125919986106203, 3.5008631925704594, 0.4791650024414062], "bbox_max": [1.6390000138937972, 3.745599207429541, 1.7840349975585936], "center": [1.38246, 3.6232312, 1.1316]}}
{"scene_id": "0345_840388", "object_label": "shower head", "preset": "occupancy_20", "distance": 4.119312454062579, "init_camera": {"intrinsics": [[320.0, 0.0, 320.0], [0.0, 320.0, 240.0], [0.0, 0.0, 1.0]], "extrinsics": [[0.0, -0.42390627870469905, 0.9057060598642002, 0.3816899247449461], [-1.0, -0.0, 0.0, 3.6232312], [0.0, -0.9057060598642002, -0.42390627870469905, 1.6], [0.0, 0.0, 0.0, 1.0]]}, "target_region": {"type": "circle", "params": {"center": [1.38246, 3.6232312], "radius": 4.119312454062579, "object_center": [1.38246, 3.6232312, 1.1316], "object_height": 1.3048699951171874, "occupancy_ratio": 0.2, "fov_vertical": 90.0, "sample_distance": 4.119312454062579, "min_distance": 1.3048699951171874}, "sample_point": [-1.303446047810961, 6.746473713242859, 1.5], "sample_forward": [0.6494357827438775, -0.7551810860770622, -0.08907688433772182], "height": 1.5}, "sample_target": [-1.303446047810961, 6.746473713242859, 1.5], "camera_params": {"forward": [0.6494357827438775, -0.7551810860770622, -0.08907688433772182]}, "task_type": "screen_occupancy", "task_description": "Position where shower head occupies 20% of vertical FOV", "target_object": {"label": "shower head", "id": "89", "bbox_min": [1.125919986106203, 3.5008631925704594, 0.4791650024414062], "bbox_max": [1.6390000138937972, 3.745599207429541, 1.7840349975585936], "center": [1.38246, 3.6232312, 1.1316]}}
{"scene_id": "0345_840388", "object_label": "shower head", "preset": "occupancy_30", "distance": 2.7175873453297523, "init_camera": {"intrinsics": [[320.0, 0.0, 320.0], [0.0, 320.0, 240.0], [0.0, 0.0, 1.0]], "extrinsics": [[0.0, -0.42390627870469905, 0.9057060598642002, 0.3816899247449461], [-1.0, -0.0, 0.0, 3.6232312], [0.0, -0.9057060598642002, -0.42390627870469905, 1.6], [0.0, 0.0, 0.0, 1.0]]}, "target_region": {"type": "circle", "params": {"center": [1.38246, 3.6232312], "radius": 2.7175873453297523, "object_center": [1.38246, 3.6232312, 1.1316], "object_height": 1.3048699951171874, "occupancy_ratio": 0.3, "fov_vertical": 90.0, "sample_distance": 2.7175873453297523, "min_distance": 1.3048699951171874}, "sample_point": [1.4565111943059272, 0.9066529478382339, 1.5], "sample_forward": [-0.027001897617056795, 0.9905683293986226, -0.1343327298818124], "height": 1.5}, "sample_target": [1.4565111943059272, 0.9066529478382339, 1.5], "camera_params": {"forward": [-0.027001897617056795, 0.9905683293986226, -0.1343327298818124]}, "task_type": "screen_occupancy", "task_description": "Position where shower head occupies 30% of vertical FOV", "target_object": {"label": "shower head", "id": "89", "bbox_min": [1.125919986106203, 3.5008631925704594, 0.4791650024414062], "bbox_max": [1.6390000138937972, 3.745599207429541, 1.7840349975585936], "center": [1.38246, 3.6232312, 1.1316]}}
{"scene_id": "0345_840388", "object_label": "shower head", "preset": "occupancy_50", "distance": 1.5751174196728142, "init_camera": {"intrinsics": [[320.0, 0.0, 320.0], [0.0, 320.0, 240.0], [0.0, 0.0, 1.0]], "extrinsics": [[0.0, -0.42390627870469905, 0.9057060598642002, 0.3816899247449461], [-1.0, -0.0, 0.0, 3.6232312], [0.0, -0.9057060598642002, -0.42390627870469905, 1.6], [0.0, 0.0, 0.0, 1.0]]}, "target_region": {"type": "circle", "params": {"center": [1.38246, 3.6232312], "radius": 1.5751174196728142, "object_center": [1.38246, 3.6232312, 1.1316], "object_height": 1.3048699951171874, "occupancy_ratio": 0.5, "fov_vertical": 90.0, "sample_distance": 1.5751174196728142, "min_distance": 1.3048699951171874}, "sample_point": [1.0474428029760463, 2.084154085799754, 1.5], "sample_forward": [0.20710425312030425, 0.9514419530177273, -0.2277411653111791], "height": 1.5}, "sample_target": [1.0474428029760463, 2.084154085799754, 1.5], "camera_params": {"forward": [0.20710425312030425, 0.9514419530177273, -0.2277411653111791]}, "task_type": "screen_occupancy", "task_description": "Position where shower head occupies 50% of vertical FOV", "target_object": {"label": "shower head", "id": "89", "bbox_min": [1.125919986106203, 3.5008631925704594, 0.4791650024414062], "bbox_max": [1.6390000138937972, 3.745599207429541, 1.7840349975585936], "center": [1.38246, 3.6232312, 1.1316]}}
{"scene_id": "0345_840388", "object_label": "shower head", "preset": "occupancy_30", "distance": 2.7175873453297523, "init_camera": {"intrinsics": [[320.0, 0.0, 320.0], [0.0, 320.0, 240.0], [0.0, 0.0, 1.0]], "extrinsics": [[-0.49999999999999994, -0.2933616230113744, 0.8148244953019836, 0.25575999892641654], [-0.8660254037844387, 0.1693724120155225, -0.47043914170490114, 4.273731748915785], [0.0, -0.9408782834098024, -0.33874482403104506, 1.6], [0.0, 0.0, 0.0, 1.0]]}, "target_region": {"type": "circle", "params": {"center": [1.38246, 3.6232312], "radius": 2.7175873453297523, "object_center": [1.38246, 3.6232312, 1.1316], "object_height": 1.3048699951171874, "occupancy_ratio": 0.3, "fov_vertical": 90.0, "sample_distance": 2.7175873453297523, "min_distance": 1.3048699951171874}, "sample_point": [2.0479403537476237, 0.9883845482435176, 1.5], "sample_forward": [-0.2426595890380904, 0.9607658619717736, -0.13433272988181244], "height": 1.5}, "sample_target": [2.0479403537476237, 0.9883845482435176, 1.5], "camera_params": {"forward": [-0.2426595890380904, 0.9607658619717736, -0.13433272988181244]}, "task_type": "screen_occupancy", "task_description": "Position where shower head occupies 30% of vertical FOV", "target_object": {"label": "shower head", "id": "89", "bbox_min": [1.125919986106203, 3.5008631925704594, 0.4791650024414062], "bbox_max": [1.6390000138937972, 3.745599207429541, 1.7840349975585936], "center": [1.38246, 3.6232312, 1.1316]}}
