{"scene_id": "0317_840530", "object_label": "wardrobe", "preset": "occupancy_20", "distance": 7.8921893958276526, "init_camera": {"intrinsics": [[320.0, 0.0, 320.0], [0.0, 320.0, 240.0], [0.0, 0.0, 1.0]], "extrinsics": [[0.9396926207859086, 0.06475780770431384, -0.3358335968628534, 4.639800039743202], [0.34202014332566794, -0.17792061440098733, 0.9226952240749188, 0.37936592451157525], [-0.0, -0.9819117482302094, -0.1893391631107883, 1.6], [0.0, 0.0, 0.0, 1.0]]}, "target_region": {"type": "circle", "params": {"center": [4.019000005715265, 2.085], "radius": 7.8921893958276526, "object_center": [4.019000005715265, 2.085, 1.25], "object_height": 2.5000000007868057, "occupancy_ratio": 0.2, "fov_vertical": 90.0, "sample_distance": 7.8921893958276526, "min_distance": 2.5000000007868057}, "sample_point": [-0.31717033255854865, -4.509261160819218, 1.5], "sample_forward": [0.5491500831246086, 0.8351238032892477, -0.03166100731084401], "height": 1.5}, "sample_target": [-0.31717033255854865, -4.509261160819218, 1.5], "camera_params": {"forward": [0.5491500831246086, 0.8351238032892477, -0.03166100731084401]}, "task_type": "screen_occupancy", "task_description": "Position where wardrobe occupies 20% of vertical FOV", "target_object": {"label": "wardrobe", "id": "106", "bbox_min": [3.7189999581681996, 1.109999932640748, -3.9340284274658187e-10], "bbox_max": [4.319000053262329, 3.0600000673592525, 2.500000000393403], "center": [4.019000005715264, 2.085, 1.2500000000000002]}}
{"scene_id": "0317_840530", "object_label": "wardrobe", "preset": "occupancy_30", "distance": 5.206624714251663, "init_camera": {"intrinsics": [[320.0, 0.0, 320.0], [0.0, 320.0, 240.0], [0.0, 0.0, 1.0]], "extrinsics": [[0.9396926207859086, 0.06475780770431384, -0.3358335968628534, 4.639800039743202], [0.34202014332566794, -0.17792061440098733, 0.9226952240749188, 0.37936592451157525], [-0.0, -0.9819117482302094, -0.1893391631107883, 1.6], [0.0, 0.0, 0.0, 1.0]]}, "target_region": {"type": "circle", "params": {"center": [4.019000005715265, 2.085], "radius": 5.206624714251663, "object_center": [4.019000005715265, 2.085, 1.25], "object_height": 2.5000000007868057, "occupancy_ratio": 0.3, "fov_vertical": 90.0, "sample_distance": 5.206624714251663, "min_distance": 2.5000000007868057}, "sample_point": [8.377399486141012, 4.933384609577993, 1.5], "sample_forward": [-0.8361240185511586, -0.5464397646052809, -0.04796049686968359], "height": 1.5}, "sample_target": [8.377399486141012, 4.933384609577993, 1.5], "camera_params": {"forward": [-0.8361240185511586, -0.5464397646052809, -0.04796049686968359]}, "task_type": "screen_occupancy", "task_description": "Position where wardrobe occupies 30% of vertical FOV", "target_object": {"label": "wardrobe", "id": "106", "bbox_min": [3.7189999581681996, 1.109999932640748, -3.9340284274658187e-10], "bbox_max": [4.319000053262329, 3.0600000673592525, 2.500000000393403], "center": [4.019000005715264, 2.085, 1.2500000000000002]}}
{"scene_id": "0317_840530", "object_label": "wardrobe", "preset": "occupancy_50", "distance": 3.0177669539161274, "init_camera": {"intrinsics": [[320.0, 0.0, 320.0], [0.0, 320.0, 240.0], [0.0, 0.0, 1.0]], "extrinsics": [[0.9396926207859086, 0.06475780770431384, -0.3358335968628534, 4.639800039743202], [0.34202014332566794, -0.17792061440098733, 0.9226952240749188, 0.37936592451157525], [-0.0, -0.9819117482302094, -0.1893391631107883, 1.6], [0.0, 0.0, 0.0, 1.0]]}, "target_region": {"type": "circle", "params": {"center": [4.019000005715265, 2.085], "radius": 3.0177669539161274, "object_center": [4.019000005715265, 2.085, 1.25], "object_height": 2.5000000007868057, "occupancy_ratio": 0.5, "fov_vertical": 90.0, "sample_distance": 3.0177669539161274, "min_distance": 2.5000000007868057}, "sample_point": [2.1441780384860873, -0.2797325386485334, 1.5], "sample_forward": [0.6191404271331762, 0.7809282905930458, -0.08255989608018774], "height": 1.5}, "sample_target": [2.1441780384860873, -0.2797325386485334, 1.5], "camera_params": {"forward": [0.6191404271331762, 0.7809282905930458, -0.08255989608018774]}, "task_type": "screen_occupancy", "task_description": "Position where wardrobe occupies 50% of vertical FOV", "target_object": {"label": "wardrobe", "id": "106", "bbox_min": [3.7189999581681996, 1.109999932640748, -3.9340284274658187e-10], "bbox_max": [4.319000053262329, 3.0600000673592525, 2.500000000393403], "center": [4.019000005715264, 2.085, 1.2500000000000002]}}
{"scene_id": "0317_840530", "object_label": "wardrobe", "preset": "occupancy_20", "distance": 7.8921893958276526, "init_camera": {"intrinsics": [[320.0, 0.0, 320.0], [0.0, 320.0, 240.0], [0.0, 0.0, 1.0]], "extrinsics": [[0.0, 0.1524583201344226, -0.9883099011048053, 6.287872344605618], [1.0, -0.0, 0.0, 2.085], [-0.0, -0.9883099011048053, -0.1524583201344226, 1.6], [0.0, 0.0, 0.0, 1.0]]}, "target_region": {"type": "circle", "params": {"center": [4.019000005715265, 2.085], "radius": 7.8921893958276526, "object_center": [4.019000005715265, 2.085, 1.25], "object_height": 2.5000000007868057, "occupancy_ratio": 0.2, "fov_vertical": 90.0, "sample_distance": 7.8921893958276526, "min_distance": 2.5000000007868057}, "sample_point": [0.6210876193169663, -5.038260831527613, 1.5], "sample_forward": [0.43032531562945575, 0.9021184530561781, -0.03166100731084401], "height": 1.5}, "sample_target": [0.6210876193169663, -5.038260831527613, 1.5], "camera_params": {"forward": [0.43032531562945575, 0.9021184530561781, -0.03166100731084401]}, "task_type": "screen_occupancy", "task_description": "Position where wardrobe occupies 20% of vertical FOV", "target_object": {"label": "wardrobe", "id": "106", "bbox_min": [3.7189999581681996, 1.109999932640748, -3.9340284274658187e-10], "bbox_max": [4.319000053262329, 3.0600000673592525, 2.500000000393403], "center": [4.019000005715264, 2.085, 1.2500000000000002]}}
{"scene_id": "0317_840530", "object_label": "wardrobe", "preset": "occupancy_30", "distance": 5.206624714251663, "init_camera": {"intrinsics": [[320.0, 0.0, 320.0], [0.0, 320.0, 240.0], [0.0, 0.0, 1.0]], "extrinsics": [[0.0, 0.1524583201344226, -0.9883099011048053, 6.287872344605618], [1.0, -0.0, 0.0, 2.085], [-0.0, -0.9883099011048053, -0.1524583201344226, 1.6], [0.0, 0.0, 0.0, 1.0]]}, "target_region": {"type": "circle", "params": {"center": [4.019000005715265, 2.085], "radius": 5.206624714251663, "object_center": [4.019000005715265, 2.085, 1.25], "object_height": 2.5000000007868057, "occupancy_ratio": 0.3, "fov_vertical": 90.0, "sample_distance": 5.206624714251663, "min_distance": 2.5000000007868057}, "sample_point": [0.24181242553366467, -1.4985450184388744, 1.5], "sample_forward": [0.7246231724620295, 0.6874743985568315, -0.04796049686968359], "height": 1.5}, "sample_target": [0.24181242553366467, -1.4985450184388744, 1.5], "camera_params": {"forward": [0.7246231724620295, 0.6874743985568315, -0.04796049686968359]}, "task_type": "screen_occupancy", "task_description": "Position where wardrobe occupies 30% of vertical FOV", "target_object": {"label": "wardrobe", "id": "106", "bbox_min": [3.7189999581681996, 1.109999932640748, -3.9340284274658187e-10], "bbox_max": [4.319000053262329, 3.0600000673592525, 2.500000000393403], "center": [4.019000005715264, 2.085, 1.2500000000000002]}}
{"scene_id": "0317_840530", "object_label": "wardrobe", "preset": "occupancy_50", "distance": 3.0177669539161274, "init_camera": {"intrinsics": [[320.0, 0.0, 320.0], [0.0, 320.0, 240.0], [0.0, 0.0, 1.0]], "extrinsics": [[0.0, 0.1524583201344226, -0.9883099011048053, 6.287872344605618], [1.0, -0.0, 0.0, 2.085], [-0.0, -0.9883099011048053, -0.1524583201344226, 1.6], [0.0, 0.0, 0.0, 1.0]]}, "target_region": {"type": "circle", "params": {"center": [4.019000005715265, 2.085], "radius": 3.0177669539161274, "object_center": [4.019000005715265, 2.085, 1.25], "object_height": 2.5000000007868057, "occupancy_ratio": 0.5, "fov_vertical": 90.0, "sample_distance": 3.0177669539161274, "min_distance": 2.5000000007868057}, "sample_point": [3.3895127598056267, 5.036383268127899, 1.5], "sample_forward": [0.20788160642441325, -0.9746635836377769, -0.08255989608018774], "height": 1.5}, "sample_target": [3.3895127598056267, 5.036383268127899, 1.5], "camera_params": {"forward": [0.20788160642441325, -0.9746635836377769, -0.08255989608018774]}, "task_type": "screen_occupancy", "task_description": "Position where wardrobe occupies 50% of vertical FOV", "target_object": {"label": "wardrobe", "id": "106", "bbox_min": [3.7189999581681996, 1.109999932640748, -3.9340284274658187e-10], "bbox_max": [4.319000053262329, 3.0600000673592525, 2.500000000393403], "center": [4.019000005715264, 2.085, 1.2500000000000002]}}
{"scene_id": "0317_840530", "object_label": "wardrobe", "preset": "occupancy_20", "distance": 7.8921893958276526, "init_camera": {"intrinsics": [[320.0, 0.0, 320.0], [0.0, 320.0, 240.0], [0.0, 0.0, 1.0]], "extrinsics": [[0.17364817766693044, 0.15014213567959658, -0.9732952529867408, 6.253403075649427], [0.9848077530122081, -0.02647410946150397, 0.17161821329703367, 1.6910144529927837], [-0.0, -0.9883099011048053, -0.15245832013442256, 1.6], [0.0, 0.0, 0.0, 1.0]]}, "target_region": {"type": "circle", "params": {"center": [4.019000005715265, 2.085], "radius": 7.8921893958276526, "object_center": [4.019000005715265, 2.085, 1.25], "object_height": 2.5000000007868057, "occupancy_ratio": 0.2, "fov_vertical": 90.0, "sample_distance": 7.8921893958276526, "min_distance": 2.5000000007868057}, "sample_point": [-2.5037476368324745, 6.528018866857573, 1.5], "sample_forward": [0.826067043189978, -0.5626818113031818, -0.03166100731084401], "height": 1.5}, "sample_target": [-2.5037476368324745, 6.528018866857573, 1.5], "camera_params": {"forward": [0.826067043189978, -0.5626818113031818, -0.03166100731084401]}, "task_type": "screen_occupancy", "task_description": "Position where wardrobe occupies 20% of vertical FOV", "target_object": {"label": "wardrobe", "id": "106", "bbox_min": [3.7189999581681996, 1.109999932640748, -3.9340284274658187e-10], "bbox_max": [4.319000053262329, 3.0600000673592525, 2.500000000393403], "center": [4.019000005715264, 2.085, 1.2500000000000002]}}
{"scene_id": "0317_840530", "object_label": "wardrobe", "preset": "occupancy_30", "distance": 5.206624714251663, "init_camera": {"intrinsics": [[320.0, 0.0, 320.0], [0.0, 320.0, 240.0], [0.0, 0.0, 1.0]], "extrinsics": [[0.17364817766693044, 0.15014213567959658, -0.9732952529867408, 6.253403075649427], [0.9848077530122081, -0.02647410946150397, 0.17161821329703367, 1.6910144529927837], [-0.0, -0.9883099011048053, -0.15245832013442256, 1.6], [0.0, 0.0, 0.0, 1.0]]}, "target_region": {"type": "circle", "params": {"center": [4.019000005715265, 2.085], "radius": 5.206624714251663, "object_center": [4.019000005715265, 2.085, 1.25], "object_height": 2.5000000007868057, "occupancy_ratio": 0.3, "fov_vertical": 90.0, "sample_distance": 5.206624714251663, "min_distance": 2.5000000007868057}, "sample_point": [9.115963329162033, 3.1479702698075265, 1.5], "sample_forward": [-0.9778115740762431, -0.20392232919068234, -0.04796049686968358], "height": 1.5}, "sample_target": [9.115963329162033, 3.1479702698075265, 1.5], "camera_params": {"forward": [-0.9778115740762431, -0.20392232919068234, -0.04796049686968358]}, "task_type": "screen_occupancy", "task_description": "Position where wardrobe occupies 30% of vertical FOV", "target_object": {"label": "wardrobe", "id": "106", "bbox_min": [3.7189999581681996, 1.109999932640748, -3.9340284274658187e-10], "bbox_max": [4.319000053262329, 3.0600000673592525, 2.500000000393403], "center": [4.019000005715264, 2.085, 1.2500000000000002]}}
{"scene_id": "0317_840530", "object_label": "wardrobe", "preset": "occupancy_50", "distance": 3.0177669539161274, "init_camera": {"intrinsics": [[320.0, 0.0, 320.0], [0.0, 320.0, 240.0], [0.0, 0.0, 1.0]], "extrinsics": [[0.17364817766693044, 0.15014213567959658, -0.9732952529867408, 6.253403075649427], [0.9848077530122081, -0.02647410946150397, 0.17161821329703367, 1.6910144529927837], [-0.0, -0.9883099011048053, -0.15245832013442256, 1.6], [0.0, 0.0, 0.0, 1.0]]}, "target_region": {"type": "circle", "params": {"center": [4.019000005715265, 2.085], "radius": 3.0177669539161274, "object_center": [4.019000005715265, 2.085, 1.25], "object_height": 2.5000000007868057, "occupancy_ratio": 0.5, "fov_vertical": 90.0, "sample_distance": 3.0177669539161274, "min_distance": 2.5000000007868057}, "sample_point": [4.048293179720297, 5.102624777553521, 1.5], "sample_forward": [-0.009673765606857104, -0.996539152175273, -0.08255989608018773], "height": 1.5}, "sample_target": [4.048293179720297, 5.102624777553521, 1.5], "camera_params": {"forward": [-0.009673765606857104, -0.996539152175273, -0.08255989608018773]}, "task_type": "screen_occupancy", "task_description": "Position where wardrobe occupies 50% of vertical FOV", "target_object": {"label": "wardrobe", "id": "106", "bbox_min": [3.7189999581681996, 1.109999932640748, -3.9340284274658187e-10], "bbox_max": [4.319000053262329, 3.0600000673592525, 2.500000000393403], "center": [4.019000005715264, 2.085, 1.2500000000000002]}}
{"scene_id": "0317_840530", "object_label": "wardrobe", "preset": "closer", "distance": 2.5000000007868057, "init_camera": {"intrinsics": [[320.0, 0.0, 320.0], [0.0, 320.0, 240.0], [0.0, 0.0, 1.0]], "extrinsics": [[0.3420201433256695, 0.11072970798107284, -0.9331458371176046, 6.790655378383953], [0.9396926207859081, -0.040302317754099364, 0.33963730894022687, 1.0761999447045965], [-0.0, -0.993033058338983, -0.11783609398620637, 1.6], [0.0, 0.0, 0.0, 1.0]]}, "target_region": {"type": "point", "params": {"delta": 0.5, "start_position": [6.790655378383953, 1.0761999447045965, 1.6], "sample_distance": 2.5000000007868057, "min_distance": 2.5000000007868057, "min_distance_enforced": true}, "sample_point": [6.3682315584193905, 1.2299496414167228, 1.6], "sample_forward": [-0.9306168314117252, 0.33871682614099746, -0.1386478444916095], "height": 1.6}, "sample_target": [6.3682315584193905, 1.2299496414167228, 1.6], "camera_params": {"forward": [-0.9306168314117252, 0.33871682614099746, -0.1386478444916095]}, "task_type": "delta_control", "task_description": "Move 0.5m toward wardrobe", "target_object": {"label": "wardrobe", "id": "106", "bbox_min": [3.7189999581681996, 1.109999932640748, -3.9340284274658187e-10], "bbox_max": [4.319000053262329, 3.0600000673592525, 2.500000000393403], "center": [4.019000005715264, 2.085, 1.2500000000000002]}}
{"scene_id": "0317_840530", "object_label": "wardrobe", "preset": "closer", "distance": 2.5000000007868057, "init_camera": {"intrinsics": [[320.0, 0.0, 320.0], [0.0, 320.0, 240.0], [0.0, 0.0, 1.0]], "extrinsics": [[0.3420201433256695, 0.11072970798107284, -0.9331458371176046, 6.790655378383953], [0.9396926207859081, -0.040302317754099364, 0.33963730894022687, 1.0761999447045965], [-0.0, -0.993033058338983, -0.11783609398620637, 1.6], [0.0, 0.0, 0.0, 1.0]]}, "target_region": {"type": "point", "params": {"delta": 0.7, "start_position": [6.790655378383953, 1.0761999447045965, 1.6], "sample_distance": 2.5000000007868057, "min_distance": 2.5000000007868057, "min_distance_enforced": true}, "sample_point": [6.3682315584193905, 1.2299496414167228, 1.6], "sample_forward": [-0.9306168314117252, 0.33871682614099746, -0.1386478444916095], "height": 1.6}, "sample_target": [6.3682315584193905, 1.2299496414167228, 1.6], "camera_params": {"forward": [-0.9306168314117252, 0.33871682614099746, -0.1386478444916095]}, "task_type": "delta_control", "task_description": "Move 0.7m toward wardrobe", "target_object": {"label": "wardrobe", "id": "106", "bbox_min": [3.7189999581681996, 1.109999932640748, -3.9340284274658187e-10], "bbox_max": [4.319000053262329, 3.0600000673592525, 2.500000000393403], "center": [4.019000005715264, 2.085, 1.2500000000000002]}}
{"scene_id": "0317_840530", "object_label": "wardrobe", "preset": "closer", "distance": 2.5000000007868057, "init_camera": {"intrinsics": [[320.0, 0.0, 320.0], [0.0, 320.0, 240.0], [0.0, 0.0, 1.0]], "extrinsics": [[0.3420201433256695, 0.11072970798107284, -0.9331458371176046, 6.790655378383953], [0.9396926207859081, -0.040302317754099364, 0.33963730894022687, 1.0761999447045965], [-0.0, -0.993033058338983, -0.11783609398620637, 1.6], [0.0, 0.0, 0.0, 1.0]]}, "target_region": {"type": "point", "params": {"delta": 1.0, "start_position": [6.790655378383953, 1.0761999447045965, 1.6], "sample_distance": 2.5000000007868057, "min_distance": 2.5000000007868057, "min_distance_enforced": true}, "sample_point": [6.3682315584193905, 1.2299496414167228, 1.6], "sample_forward": [-0.9306168314117252, 0.33871682614099746, -0.1386478444916095], "height": 1.6}, "sample_target": [6.3682315584193905, 1.2299496414167228, 1.6], "camera_params": {"forward": [-0.9306168314117252, 0.33871682614099746, -0.1386478444916095]}, "task_type": "delta_control", "task_description": "Move 1.0m toward wardrobe", "target_object": {"label": "wardrobe", "id": "106", "bbox_min": [3.7189999581681996, 1.109999932640748, -3.9340284274658187e-10], "bbox_max": [4.319000053262329, 3.0600000673592525, 2.500000000393403], "center": [4.019000005715264, 2.085, 1.2500000000000002]}}
{"scene_id": "0317_840530", "object_label": "wardrobe", "preset": "closer", "distance": 2.5000000007868057, "init_camera": {"intrinsics": [[320.0, 0.0, 320.0], [0.0, 320.0, 240.0], [0.0, 0.0, 1.0]], "extrinsics": [[0.3420201433256695, 0.11072970798107284, -0.9331458371176046, 6.790655378383953], [0.9396926207859081, -0.040302317754099364, 0.33963730894022687, 1.0761999447045965], [-0.0, -0.993033058338983, -0.11783609398620637, 1.6], [0.0, 0.0, 0.0, 1.0]]}, "target_region": {"type": "point", "params": {"delta": 1.5, "start_position": [6.790655378383953, 1.0761999447045965, 1.6], "sample_distance": 2.5000000007868057, "min_distance": 2.5000000007868057, "min_distance_enforced": true}, "sample_point": [6.3682315584193905, 1.2299496414167228, 1.6], "sample_forward": [-0.9306168314117252, 0.33871682614099746, -0.1386478444916095], "height": 1.6}, "sample_target": [6.3682315584193905, 1.2299496414167228, 1.6], "camera_params": {"forward": [-0.9306168314117252, 0.33871682614099746, -0.1386478444916095]}, "task_type": "delta_control", "task_description": "Move 1.5m toward wardrobe", "target_object": {"label": "wardrobe", "id": "106", "bbox_min": [3.7189999581681996, 1.109999932640748, -3.9340284274658187e-10], "bbox_max": [4.319000053262329, 3.0600000673592525, 2.500000000393403], "center": [4.019000005715264, 2.085, 1.2500000000000002]}}
{"scene_id": "0317_840530", "object_label": "wardrobe", "preset": "occupancy_20", "distance": 7.8921893958276526, "init_camera": {"intrinsics": [[320.0, 0.0, 320.0], [0.0, 320.0, 240.0], [0.0, 0.0, 1.0]], "extrinsics": [[0.3420201433256695, 0.11072970798107284, -0.9331458371176046, 6.790655378383953], [0.9396926207859081, -0.040302317754099364, 0.33963730894022687, 1.0761999447045965], [-0.0, -0.993033058338983, -0.11783609398620637, 1.6], [0.0, 0.0, 0.0, 1.0]]}, "target_region": {"type": "circle", "params": {"center": [4.019000005715265, 2.085], "radius": 7.8921893958276526, "object_center": [4.019000005715265, 2.085, 1.25], "object_height": 2.5000000007868057, "occupancy_ratio": 0.2, "fov_vertical": 90.0, "sample_distance": 7.8921893958276526, "min_distance": 2.5000000007868057}, "sample_point": [11.47746345929692, -0.4953054802099013, 1.5], "sample_forward": [-0.9445698637260467, 0.32678028269254616, -0.03166100731084401], "height": 1.5}, "sample_target": [11.47746345929692, -0.4953054802099013, 1.5], "camera_params": {"forward": [-0.9445698637260467, 0.32678028269254616, -0.03166100731084401]}, "task_type": "screen_occupancy", "task_description": "Position where wardrobe occupies 20% of vertical FOV", "target_object": {"label": "wardrobe", "id": "106", "bbox_min": [3.7189999581681996, 1.109999932640748, -3.9340284274658187e-10], "bbox_max": [4.319000053262329, 3.0600000673592525, 2.500000000393403], "center": [4.019000005715264, 2.085, 1.2500000000000002]}}
{"scene_id": "0317_840530", "object_label": "wardrobe", "preset": "occupancy_50", "distance": 3.0177669539161274, "init_camera": {"intrinsics": [[320.0, 0.0, 320.0], [0.0, 320.0, 240.0], [0.0, 0.0, 1.0]], "extrinsics": [[0.3420201433256695, 0.11072970798107284, -0.9331458371176046, 6.790655378383953], [0.9396926207859081, -0.040302317754099364, 0.33963730894022687, 1.0761999447045965], [-0.0, -0.993033058338983, -0.11783609398620637, 1.6], [0.0, 0.0, 0.0, 1.0]]}, "target_region": {"type": "circle", "params": {"center": [4.019000005715265, 2.085], "radius": 3.0177669539161274, "object_center": [4.019000005715265, 2.085, 1.25], "object_height": 2.5000000007868057, "occupancy_ratio": 0.5, "fov_vertical": 90.0, "sample_distance": 3.0177669539161274, "min_distance": 2.5000000007868057}, "sample_point": [3.6815925469831443, 5.0838453769643, 1.5], "sample_forward": [0.11142529891841642, -0.9903374507308962, -0.08255989608018774], "height": 1.5}, "sample_target": [3.6815925469831443, 5.0838453769643, 1.5], "camera_params": {"forward": [0.11142529891841642, -0.9903374507308962, -0.08255989608018774]}, "task_type": "screen_occupancy", "task_description": "Position where wardrobe occupies 50% of vertical FOV", "target_object": {"label": "wardrobe", "id": "106", "bbox_min": [3.7189999581681996, 1.109999932640748, -3.9340284274658187e-10], "bbox_max": [4.319000053262329, 3.0600000673592525, 2.500000000393403], "center": [4.019000005715264, 2.085, 1.2500000000000002]}}
{"scene_id": "0317_840530", "object_label": "wardrobe", "preset": "occupancy_20", "distance": 7.8921893958276526, "init_camera": {"intrinsics": [[320.0, 0.0, 320.0], [0.0, 320.0, 240.0], [0.0, 0.0, 1.0]], "extrinsics": [[-0.34202014332566866, 0.17792061440098725, -0.9226952240749186, 5.724634081203688], [0.9396926207859084, 0.06475780770431397, -0.33583359686285413, 2.705800034027939], [0.0, -0.9819117482302095, -0.1893391631107883, 1.6], [0.0, 0.0, 0.0, 1.0]]}, "target_region": {"type": "circle", "params": {"center": [4.019000005715265, 2.085], "radius": 7.8921893958276526, "object_center": [4.019000005715265, 2.085, 1.25], "object_height": 2.5000000007868057, "occupancy_ratio": 0.2, "fov_vertical": 90.0, "sample_distance": 7.8921893958276526, "min_distance": 2.5000000007868057}, "sample_point": [6.318560432073619, -5.464746704700829, 1.5], "sample_forward": [-0.2912255978826377, 0.9561303424502137, -0.03166100731084401], "height": 1.5}, "sample_target": [6.318560432073619, -5.464746704700829, 1.5], "camera_params": {"forward": [-0.2912255978826377, 0.9561303424502137, -0.03166100731084401]}, "task_type": "screen_occupancy", "task_description": "Position where wardrobe occupies 20% of vertical FOV", "target_object": {"label": "wardrobe", "id": "106", "bbox_min": [3.7189999581681996, 1.109999932640748, -3.9340284274658187e-10], "bbox_max": [4.319000053262329, 3.0600000673592525, 2.500000000393403], "center": [4.019000005715264, 2.085, 1.2500000000000002]}}
{"scene_id": "0317_840530", "object_label": "wardrobe", "preset": "occupancy_30", "distance": 5.206624714251663, "init_camera": {"intrinsics": [[320.0, 0.0, 320.0], [0.0, 320.0, 240.0], [0.0, 0.0, 1.0]], "extrinsics": [[-0.34202014332566866, 0.17792061440098725, -0.9226952240749186, 5.724634081203688], [0.9396926207859084, 0.06475780770431397, -0.33583359686285413, 2.705800034027939], [0.0, -0.9819117482302095, -0.1893391631107883, 1.6], [0.0, 0.0, 0.0, 1.0]]}, "target_region": {"type": "circle", "params": {"center": [4.019000005715265, 2.085], "radius": 5.206624714251663, "object_center": [4.019000005715265, 2.085, 1.25], "object_height": 2.5000000007868057, "occupancy_ratio": 0.3, "fov_vertical": 90.0, "sample_distance": 5.206624714251663, "min_distance": 2.5000000007868057}, "sample_point": [1.1319106455115748, -2.2478577107095106, 1.5], "sample_forward": [0.5538649608901833, 0.8312240346850713, -0.04796049686968358], "height": 1.5}, "sample_target": [1.1319106455115748, -2.2478577107095106, 1.5], "camera_params": {"forward": [0.5538649608901833, 0.8312240346850713, -0.04796049686968358]}, "task_type": "screen_occupancy", "task_description": "Position where wardrobe occupies 30% of vertical FOV", "target_object": {"label": "wardrobe", "id": "106", "bbox_min": [3.7189999581681996, 1.109999932640748, -3.9340284274658187e-10], "bbox_max": [4.319000053262329, 3.0600000673592525, 2.500000000393403], "center": [4.019000005715264, 2.085, 1.2500000000000002]}}
{"scene_id": "0317_840530", "object_label": "wardrobe", "preset": "occupancy_50", "distance": 3.0177669539161274, "init_camera": {"intrinsics": [[320.0, 0.0, 320.0], [0.0, 320.0, 240.0], [0.0, 0.0, 1.0]], "extrinsics": [[-0.34202014332566866, 0.17792061440098725, -0.9226952240749186, 5.724634081203688], [0.9396926207859084, 0.06475780770431397, -0.33583359686285413, 2.705800034027939], [0.0, -0.9819117482302095, -0.1893391631107883, 1.6], [0.0, 0.0, 0.0, 1.0]]}, "target_region": {"type": "circle", "params": {"center": [4.019000005715265, 2.085], "radius": 3.0177669539161274, "object_center": [4.019000005715265, 2.085, 1.25], "object_height": 2.5000000007868057, "occupancy_ratio": 0.5, "fov_vertical": 90.0, "sample_distance": 3.0177669539161274, "min_distance": 2.5000000007868057}, "sample_point": [3.9853681191990367, 5.102579540684484, 1.5], "sample_forward": [0.011106580223041859, -0.9965242131704466, -0.08255989608018773], "height": 1.5}, "sample_target": [3.9853681191990367, 5.102579540684484, 1.5], "camera_params": {"forward": [0.011106580223041859, -0.9965242131704466, -0.08255989608018773]}, "task_type": "screen_occupancy", "task_description": "Position where wardrobe occupies 50% of vertical FOV", "target_object": {"label": "wardrobe", "id": "106", "bbox_min": [3.7189999581681996, 1.109999932640748, -3.9340284274658187e-10], "bbox_max": [4.319000053262329, 3.0600000673592525, 2.500000000393403], "center": [4.019000005715264, 2.085, 1.2500000000000002]}}
{"scene_id": "0317_840530", "object_label": "wardrobe", "preset": "back", "distance": 2.5000000007868057, "init_camera": {"intrinsics": [[320.0, 0.0, 320.0], [0.0, 320.0, 240.0], [0.0, 0.0, 1.0]], "extrinsics": [[-0.1736481776669307, -0.21389493578594052, 0.9612987396424081, -2.481092607850422], [-0.984807753012208, 0.03771544821596596, -0.16950290431999893, 0.6431468176264685], [0.0, -0.9761283222051276, -0.21719460994463652, 1.6], [0.0, 0.0, 0.0, 1.0]]}, "target_region": {"type": "circle", "params": {"center": [-0.9320000269589999, 0.37], "radius": 2.5000000007868057, "object_center": [-0.9320000269589999, 0.37, 1.25], "sample_distance": 2.5000000007868057, "min_distance": 2.5000000007868057, "requested_distance": 0.8}, "sample_point": [-3.275681096683792, 1.2401488650499304, 1.5], "sample_forward": [0.9328199302562471, -0.3463321925895583, -0.09950371898999294], "height": 1.5}, "sample_target": [-3.275681096683792, 1.2401488650499304, 1.5], "camera_params": {"forward": [0.9328199302562471, -0.3463321925895583, -0.09950371898999294]}, "task_type": "absolute_positioning", "task_description": "Move to any position 2.5m from wardrobe", "target_object": {"label": "wardrobe", "id": "114", "bbox_min": [-1.232000077172459, -0.18000006735925195, -3.9340284274658187e-10], "bbox_max": [-0.6319999767455406, 0.920000067359252, 2.500000000393403], "center": [-0.9320000269589999, 0.37, 1.2500000000000002]}}
{"scene_id": "0317_840530", "object_label": "wardrobe", "preset": "right", "distance": 2.5000000007868057, "init_camera": {"intrinsics": [[320.0, 0.0, 320.0], [0.0, 320.0, 240.0], [0.0, 0.0, 1.0]], "extrinsics": [[-0.1736481776669307, -0.21389493578594052, 0.9612987396424081, -2.481092607850422], [-0.984807753012208, 0.03771544821596596, -0.16950290431999893, 0.6431468176264685], [0.0, -0.9761283222051276, -0.21719460994463652, 1.6], [0.0, 0.0, 0.0, 1.0]]}, "target_region": {"type": "circle", "params": {"center": [-0.9320000269589999, 0.37], "radius": 2.5000000007868057, "object_center": [-0.9320000269589999, 0.37, 1.25], "sample_distance": 2.5000000007868057, "min_distance": 2.5000000007868057, "requested_distance": 1.0}, "sample_point": [0.056667763156356465, 2.666200340719957, 1.5], "sample_forward": [-0.39350448784838293, -0.9139218937908986, -0.09950371898999294], "height": 1.5}, "sample_target": [0.056667763156356465, 2.666200340719957, 1.5], "camera_params": {"forward": [-0.39350448784838293, -0.9139218937908986, -0.09950371898999294]}, "task_type": "absolute_positioning", "task_description": "Move to any position 2.5m from wardrobe", "target_object": {"label": "wardrobe", "id": "114", "bbox_min": [-1.232000077172459, -0.18000006735925195, -3.9340284274658187e-10], "bbox_max": [-0.6319999767455406, 0.920000067359252, 2.500000000393403], "center": [-0.9320000269589999, 0.37, 1.2500000000000002]}}
{"scene_id": "0317_840530", "object_label": "wardrobe", "preset": "left", "distance": 2.5000000007868057, "init_camera": {"intrinsics": [[320.0, 0.0, 320.0], [0.0, 320.0, 240.0], [0.0, 0.0, 1.0]], "extrinsics": [[-0.1736481776669307, -0.21389493578594052, 0.9612987396424081, -2.481092607850422], [-0.984807753012208, 0.03771544821596596, -0.16950290431999893, 0.6431468176264685], [0.0, -0.9761283222051276, -0.21719460994463652, 1.6], [0.0, 0.0, 0.0, 1.0]]}, "target_region": {"type": "circle", "params": {"center": [-0.9320000269589999, 0.37], "radius": 2.5000000007868057, "object_center": [-0.9320000269589999, 0.37, 1.25], "sample_distance": 2.5000000007868057, "min_distance": 2.5000000007868057, "requested_distance": 1.2}, "sample_point": [0.15473889913642092, -1.881443650292629, 1.5], "sample_forward": [-0.4325382588707418, 0.8961080652020869, -0.09950371898999294], "height": 1.5}, "sample_target": [0.15473889913642092, -1.881443650292629, 1.5], "camera_params": {"forward": [-0.4325382588707418, 0.8961080652020869, -0.09950371898999294]}, "task_type": "absolute_positioning", "task_description": "Move to any position 2.5m from wardrobe", "target_object": {"label": "wardrobe", "id": "114", "bbox_min": [-1.232000077172459, -0.18000006735925195, -3.9340284274658187e-10], "bbox_max": [-0.6319999767455406, 0.920000067359252, 2.500000000393403], "center": [-0.9320000269589999, 0.37, 1.2500000000000002]}}
{"scene_id": "0317_840530", "object_label": "wardrobe", "preset": "occupancy_20", "distance": 7.8921893958276526, "init_camera": {"intrinsics": [[320.0, 0.0, 320.0], [0.0, 320.0, 240.0], [0.0, 0.0, 1.0]], "extrinsics": [[-0.1736481776669307, -0.21389493578594052, 0.9612987396424081, -2.481092607850422], [-0.984807753012208, 0.03771544821596596, -0.16950290431999893, 0.6431468176264685], [0.0, -0.9761283222051276, -0.21719460994463652, 1.6], [0.0, 0.0, 0.0, 1.0]]}, "target_region": {"type": "circle", "params": {"center": [-0.9320000269589999, 0.37], "radius": 7.8921893958276526, "object_center": [-0.9320000269589999, 0.37, 1.25], "object_height": 2.5000000007868057, "occupancy_ratio": 0.2, "fov_vertical": 90.0, "sample_distance": 7.8921893958276526, "min_distance": 2.5000000007868057}, "sample_point": [1.5825965409106995, -7.110872780663522, 1.5], "sample_forward": [-0.3184586412765832, 0.9474078712003269, -0.03166100731084401], "height": 1.5}, "sample_target": [1.5825965409106995, -7.110872780663522, 1.5], "camera_params": {"forward": [-0.3184586412765832, 0.9474078712003269, -0.03166100731084401]}, "task_type": "screen_occupancy", "task_description": "Position where wardrobe occupies 20% of vertical FOV", "target_object": {"label": "wardrobe", "id": "114", "bbox_min": [-1.232000077172459, -0.18000006735925195, -3.9340284274658187e-10], "bbox_max": [-0.6319999767455406, 0.920000067359252, 2.500000000393403], "center": [-0.9320000269589999, 0.37, 1.2500000000000002]}}
{"scene_id": "0317_840530", "object_label": "wardrobe", "preset": "occupancy_30", "distance": 5.206624714251663, "init_camera": {"intrinsics": [[320.0, 0.0, 320.0], [0.0, 320.0, 240.0], [0.0, 0.0, 1.0]], "extrinsics": [[-0.1736481776669307, -0.21389493578594052, 0.9612987396424081, -2.481092607850422], [-0.984807753012208, 0.03771544821596596, -0.16950290431999893, 0.6431468176264685], [0.0, -0.9761283222051276, -0.21719460994463652, 1.6], [0.0, 0.0, 0.0, 1.0]]}, "target_region": {"type": "circle", "params": {"center": [-0.9320000269589999, 0.37], "radius": 5.206624714251663, "object_center": [-0.9320000269589999, 0.37, 1.25], "object_height": 2.5000000007868057, "occupancy_ratio": 0.3, "fov_vertical": 90.0, "sample_distance": 5.206624714251663, "min_distance": 2.5000000007868057}, "sample_point": [0.5409940730032223, 5.363919232079419, 1.5], "sample_forward": [-0.2825821156812022, -0.9580433907903904, -0.04796049686968358], "height": 1.5}, "sample_target": [0.5409940730032223, 5.363919232079419, 1.5], "camera_params": {"forward": [-0.2825821156812022, -0.9580433907903904, -0.04796049686968358]}, "task_type": "screen_occupancy", "task_description": "Position where wardrobe occupies 30% of vertical FOV", "target_object": {"label": "wardrobe", "id": "114", "bbox_min": [-1.232000077172459, -0.18000006735925195, -3.9340284274658187e-10], "bbox_max": [-0.6319999767455406, 0.920000067359252, 2.500000000393403], "center": [-0.9320000269589999, 0.37, 1.2500000000000002]}}
{"scene_id": "0317_840530", "object_label": "wardrobe", "preset": "occupancy_20", "distance": 7.8921893958276526, "init_camera": {"intrinsics": [[320.0, 0.0, 320.0], [0.0, 320.0, 240.0], [0.0, 0.0, 1.0]], "extrinsics": [[-1.3030233678065388e-16, -0.13566104922880662, 0.9907553076931455, -3.4881085021908715], [-1.0, 1.7676951724628824e-17, -1.290977317702526e-16, 0.37000000000000033], [0.0, -0.9907553076931455, -0.13566104922880662, 1.6], [0.0, 0.0, 0.0, 1.0]]}, "target_region": {"type": "circle", "params": {"center": [-0.9320000269589999, 0.37], "radius": 7.8921893958276526, "object_center": [-0.9320000269589999, 0.37, 1.25], "object_height": 2.5000000007868057, "occupancy_ratio": 0.2, "fov_vertical": 90.0, "sample_distance": 7.8921893958276526, "min_distance": 2.5000000007868057}, "sample_point": [-8.740284654950603, -0.7777563451728283, 1.5], "sample_forward": [0.988872626767972, 0.14535648814233806, -0.03166100731084401], "height": 1.5}, "sample_target": [-8.740284654950603, -0.7777563451728283, 1.5], "camera_params": {"forward": [0.988872626767972, 0.14535648814233806, -0.03166100731084401]}, "task_type": "screen_occupancy", "task_description": "Position where wardrobe occupies 20% of vertical FOV", "target_object": {"label": "wardrobe", "id": "114", "bbox_min": [-1.232000077172459, -0.18000006735925195, -3.9340284274658187e-10], "bbox_max": [-0.6319999767455406, 0.920000067359252, 2.500000000393403], "center": [-0.9320000269589999, 0.37, 1.2500000000000002]}}
{"scene_id": "0317_840530", "object_label": "wardrobe", "preset": "occupancy_50", "distance": 3.0177669539161274, "init_camera": {"intrinsics": [[320.0, 0.0, 320.0], [0.0, 320.0, 240.0], [0.0, 0.0, 1.0]], "extrinsics": [[-1.3030233678065388e-16, -0.13566104922880662, 0.9907553076931455, -3.4881085021908715], [-1.0, 1.7676951724628824e-17, -1.290977317702526e-16, 0.37000000000000033], [0.0, -0.9907553076931455, -0.13566104922880662, 1.6], [0.0, 0.0, 0.0, 1.0]]}, "target_region": {"type": "circle", "params": {"center": [-0.9320000269589999, 0.37], "radius": 3.0177669539161274, "object_center": [-0.9320000269589999, 0.37, 1.25], "object_height": 2.5000000007868057, "occupancy_ratio": 0.5, "fov_vertical": 90.0, "sample_distance": 3.0177669539161274, "min_distance": 2.5000000007868057}, "sample_point": [-0.3109277173550973, -2.583165517608435, 1.5], "sample_forward": [-0.20510266135672153, 0.9752521529653849, -0.08255989608018774], "height": 1.5}, "sample_target": [-0.3109277173550973, -2.583165517608435, 1.5], "camera_params": {"forward": [-0.20510266135672153, 0.9752521529653849, -0.08255989608018774]}, "task_type": "screen_occupancy", "task_description": "Position where wardrobe occupies 50% of vertical FOV", "target_object": {"label": "wardrobe", "id": "114", "bbox_min": [-1.232000077172459, -0.18000006735925195, -3.9340284274658187e-10], "bbox_max": [-0.6319999767455406, 0.920000067359252, 2.500000000393403], "center": [-0.9320000269589999, 0.37, 1.2500000000000002]}}
{"scene_id": "0317_840530", "object_label": "wardrobe", "preset": "occupancy_20", "distance": 7.8921893958276526, "init_camera": {"intrinsics": [[320.0, 0.0, 320.0], [0.0, 320.0, 240.0], [0.0, 0.0, 1.0]], "extrinsics": [[-1.1292869187656668e-16, -0.175250149313145, 0.9845239383406177, -2.898237315598901], [-1.0, 1.9790770113106458e-17, -1.1118100047797154e-16, 0.3700000000000002], [0.0, -0.9845239383406178, -0.17525014931314498, 1.6], [0.0, 0.0, 0.0, 1.0]]}, "target_region": {"type": "circle", "params": {"center": [-0.9320000269589999, 0.37], "radius": 7.8921893958276526, "object_center": [-0.9320000269589999, 0.37, 1.25], "object_height": 2.5000000007868057, "occupancy_ratio": 0.2, "fov_vertical": 90.0, "sample_distance": 7.8921893958276526, "min_distance": 2.5000000007868057}, "sample_point": [-8.606696308969703, -1.4700245755167352, 1.5], "sample_forward": [0.9719544603729928, 0.233028126150272, -0.03166100731084401], "height": 1.5}, "sample_target": [-8.606696308969703, -1.4700245755167352, 1.5], "camera_params": {"forward": [0.9719544603729928, 0.233028126150272, -0.03166100731084401]}, "task_type": "screen_occupancy", "task_description": "Position where wardrobe occupies 20% of vertical FOV", "target_object": {"label": "wardrobe", "id": "114", "bbox_min": [-1.232000077172459, -0.18000006735925195, -3.9340284274658187e-10], "bbox_max": [-0.6319999767455406, 0.920000067359252, 2.500000000393403], "center": [-0.9320000269589999, 0.37, 1.2500000000000002]}}
{"scene_id": "0317_840530", "object_label": "wardrobe", "preset": "occupancy_30", "distance": 5.206624714251663, "init_camera": {"intrinsics": [[320.0, 0.0, 320.0], [0.0, 320.0, 240.0], [0.0, 0.0, 1.0]], "extrinsics": [[-1.1292869187656668e-16, -0.175250149313145, 0.9845239383406177, -2.898237315598901], [-1.0, 1.9790770113106458e-17, -1.1118100047797154e-16, 0.3700000000000002], [0.0, -0.9845239383406178, -0.17525014931314498, 1.6], [0.0, 0.0, 0.0, 1.0]]}, "target_region": {"type": "circle", "params": {"center": [-0.9320000269589999, 0.37], "radius": 5.206624714251663, "object_center": [-0.9320000269589999, 0.37, 1.25], "object_height": 2.5000000007868057, "occupancy_ratio": 0.3, "fov_vertical": 90.0, "sample_distance": 5.206624714251663, "min_distance": 2.5000000007868057}, "sample_point": [2.0675952501519927, -3.88574542102669, 1.5], "sample_forward": [-0.5754483195927976, 0.8164306597732832, -0.04796049686968358], "height": 1.5}, "sample_target": [2.0675952501519927, -3.88574542102669, 1.5], "camera_params": {"forward": [-0.5754483195927976, 0.8164306597732832, -0.04796049686968358]}, "task_type": "screen_occupancy", "task_description": "Position where wardrobe occupies 30% of vertical FOV", "target_object": {"label": "wardrobe", "id": "114", "bbox_min": [-1.232000077172459, -0.18000006735925195, -3.9340284274658187e-10], "bbox_max": [-0.6319999767455406, 0.920000067359252, 2.500000000393403], "center": [-0.9320000269589999, 0.37, 1.2500000000000002]}}
